/*--------------------------------*- C++ -*----------------------------------*\
| =========                 |                                                 |
| \\      /  F ield         | OpenFOAM: The Open Source CFD Toolbox           |
|  \\    /   O peration     | Version:  5.x                                   |
|   \\  /    A nd           | Web:      www.OpenFOAM.org                      |
|    \\/     M anipulation  |                                                 |
\*---------------------------------------------------------------------------*/
FoamFile
{
    version     2.0;
    format      ascii;
    class       volScalarField;
    location    "9.2";
    object      p;
}
// * * * * * * * * * * * * * * * * * * * * * * * * * * * * * * * * * * * * * //

dimensions      [0 2 -2 0 0 0 0];

internalField   nonuniform List<scalar> 
400
(
3.90050289e-07
2.45245933
3.49432294
3.89887909
4.10664703
4.2247065
4.29429116
4.34027803
4.37633853
4.41011064
4.44675956
4.49091445
4.54765412
4.62448921
4.7347974
4.90459586
5.18237951
5.68420089
6.84131549
9.41172452
1.88670505
2.86728912
3.41988333
3.74774362
3.96518058
4.10974703
4.20767405
4.27899201
4.33674458
4.38961292
4.4442451
4.50657159
4.58333318
4.68329748
4.81972601
5.01367878
5.294022
5.69846872
6.33841525
7.42837098
2.98207749
3.26252989
3.5423308
3.77067929
3.94570543
4.07571551
4.17322537
4.25000301
4.31527533
4.37623567
4.43892482
4.50902131
4.59257479
4.69678241
4.83084985
5.00663791
5.23632141
5.52393894
5.86049042
6.19823722
3.52778389
3.58534247
3.7217851
3.86537645
3.9890638
4.09083208
4.17460996
4.24571368
4.30952659
4.37102286
4.43477432
4.50520408
4.58678814
4.68425424
4.80245088
4.94569242
5.11574914
5.30514765
5.47833663
5.5596386
3.8442168
3.82688017
3.88517951
3.96938261
4.05221943
4.12779069
4.19566831
4.25747746
4.31592253
4.37409191
4.43506475
4.50185728
4.57733081
4.66400568
4.76350366
4.87551072
4.99635878
5.11480157
5.19584561
5.18371546
4.04550075
4.00365846
4.02142573
4.06784945
4.12138197
4.17574057
4.22885448
4.28053738
4.33185975
4.38449127
4.44027059
4.50096774
4.56804846
4.64232598
4.72332592
4.80836598
4.89180643
4.96267765
4.99308029
4.94680757
4.18058529
4.13383047
4.13183842
4.15536814
4.18883302
4.2270662
4.26772656
4.3098714
4.35363693
4.39973084
4.44903786
4.50233647
4.56001857
4.6217214
4.68578494
4.74862552
4.80455936
4.84466535
4.84862425
4.79367963
4.27565803
4.230842
4.21965961
4.22967385
4.24984523
4.27635412
4.30712179
4.34098225
4.37757805
4.41699852
4.45945089
4.50499576
4.55328484
4.60324881
4.65270455
4.69801072
4.7342581
4.75484631
4.74556006
4.69204176
4.34467351
4.30373041
4.28862841
4.290827
4.30237567
4.320571
4.34372935
4.37070119
4.40089248
4.43401496
4.46982767
4.50791711
4.54748294
4.58710855
4.62451289
4.65641271
4.67889299
4.68733256
4.67187872
4.62321605
4.39525854
4.3585037
4.34215648
4.3399575
4.34598847
4.35836053
4.37576019
4.39714421
4.42182459
4.449298
4.47905008
4.51038615
4.54227346
4.57319182
4.60099968
4.62292551
4.63599503
4.63709162
4.61932403
4.576377
4.43196281
4.39925677
4.38305351
4.37850968
4.38106502
4.38939526
4.40248648
4.41942346
4.43950111
4.46210796
4.48658151
4.512086
4.53750707
4.56136795
4.58177531
4.59648046
4.60329373
4.60017276
4.58220495
4.54489305
4.45777571
4.42889484
4.41357936
4.40794388
4.40837865
4.41394641
4.42386327
4.4373375
4.4536871
4.47226011
4.49233002
4.51301295
4.53320568
4.55155049
4.5664321
4.57606955
4.57888479
4.57357379
4.55655435
4.52447709
4.4748267
4.44957256
4.4355604
4.42961953
4.42885202
4.43259277
4.44023465
4.45109758
4.46454191
4.47991469
4.49647636
4.51334949
4.52949029
4.54368768
4.55459095
4.56080985
4.56122632
4.55503507
4.53957239
4.51225853
4.48472964
4.46295852
4.45049223
4.4447505
4.44341565
4.44602788
4.45212166
4.46111663
4.47242195
4.4854023
4.4993298
4.51335805
4.52651895
4.53774544
4.54591722
4.54995827
4.54909269
4.54285612
4.52925451
4.50627103
4.48877316
4.47040187
4.45961994
4.45439265
4.45292641
4.45493589
4.46007782
4.4678611
4.477741
4.48910197
4.5012316
4.51331571
4.52445509
4.53370534
4.54013387
4.5429121
4.54152221
4.5357477
4.52413366
4.50513485
4.48806045
4.47305614
4.46400859
4.45945449
4.45813038
4.45992323
4.4646044
4.47176199
4.48088635
4.49136979
4.50250165
4.51348237
4.52345726
4.53157013
4.53702974
4.53919875
4.53776155
4.53270695
4.52308272
4.50782036
4.4836676
4.47200956
4.46464005
4.46076201
4.45970122
4.46153636
4.46615268
4.47320519
4.48219998
4.49251342
4.50340894
4.51406932
4.52364652
4.53132817
4.5364149
4.53841175
4.53716961
4.53287749
4.52512564
4.51341537
4.47685482
4.46838703
4.46242861
4.45901507
4.45816159
4.46016949
4.46503438
4.47245669
4.48192714
4.49276962
4.50418062
4.51527965
4.52517383
4.53303819
4.53820724
4.54027747
4.53923827
4.53549774
4.52928695
4.52085543
4.46928544
4.46319379
4.45767368
4.45396741
4.45292145
4.45508873
4.46054244
4.46896777
4.47977038
4.4921483
4.50515345
4.51775778
4.52893053
4.53773366
4.54343378
4.54563021
4.54440366
4.54041543
4.53469836
4.52866532
4.46344836
4.45752255
4.45036997
4.44492642
4.44290283
4.44509492
4.45156696
4.46187229
4.47521417
4.49055044
4.50667164
4.52227537
4.53605281
4.54679883
4.55355145
4.55576475
4.55351959
4.54774873
4.54035086
4.53446147
)
;

boundaryField
{
    walls
    {
        type            zeroGradient;
    }
    mov_wall
    {
        type            zeroGradient;
    }
    empty
    {
        type            empty;
    }
}


// ************************************************************************* //
