/*--------------------------------*- C++ -*----------------------------------*\
| =========                 |                                                 |
| \\      /  F ield         | OpenFOAM: The Open Source CFD Toolbox           |
|  \\    /   O peration     | Version:  5.x                                   |
|   \\  /    A nd           | Web:      www.OpenFOAM.org                      |
|    \\/     M anipulation  |                                                 |
\*---------------------------------------------------------------------------*/
FoamFile
{
    version     2.0;
    format      ascii;
    class       surfaceScalarField;
    location    "9.2";
    object      phi;
}
// * * * * * * * * * * * * * * * * * * * * * * * * * * * * * * * * * * * * * //

dimensions      [0 3 -1 0 0 0 0];

internalField   nonuniform List<scalar> 
760
(
0.00134817683
-0.00134817702
0.00245763988
-0.00110946304
0.00313513475
-0.000677494864
0.00355971576
-0.000424581022
0.00383225134
-0.000272535587
0.00400945217
-0.000177200838
0.00412521451
-0.000115762336
0.00419921709
-7.40025601e-05
0.00424243238
-4.32152781e-05
0.0042605536
-1.81212371e-05
0.00425562236
4.93122887e-06
0.00422675777
2.88645818e-05
0.0041693894
5.73683928e-05
0.00407358506
9.58043547e-05
0.00391995095
0.000153634095
0.0036720193
0.000247931632
0.00326316022
0.000408859074
0.00257264075
0.000690519486
0.00140850172
0.00116413906
0.00140850174
-5.46951582e-05
-0.00129348186
0.000412592757
-0.00157675096
0.0010300299
-0.001294932
0.00157871395
-0.000973265059
0.00201483276
-0.000708654395
0.0023447773
-0.000507145392
0.00258511633
-0.000356101384
0.00275126943
-0.000240155648
0.00285456782
-0.000146513649
0.00290179535
-6.5348756e-05
0.00289536662
1.13599477e-05
0.00283293036
9.13008141e-05
0.00270712573
0.00018317302
0.00250436375
0.000298566361
0.0022041099
0.000453887964
0.00178090174
0.000671139788
0.00121756799
0.00097219279
0.000552812544
0.0013552749
1.3066463e-05
0.00170388513
0.00142156822
-0.000271734602
-0.00102174726
-0.00022102653
-0.00162745904
7.13678644e-05
-0.00158732639
0.000446285713
-0.00134818289
0.000812489748
-0.00107485841
0.00112929932
-0.000823954969
0.00138207834
-0.000608880426
0.00156800789
-0.000426085207
0.00168837697
-0.000266882721
0.00174468456
-0.00012165632
0.00173678979
1.92547289e-05
0.00166213443
0.000165956151
0.00151571287
0.000329594551
0.00129125423
0.000523025012
0.000985011701
0.000760130525
0.000605009675
0.00105114184
0.000189850723
0.00138735173
-0.000160045084
0.00170517068
-0.000261640648
0.00180548068
0.00115992759
-0.000227941553
-0.0007938057
-0.000361197283
-0.00149420333
-0.000308328187
-0.0016401955
-0.000134821173
-0.0015216899
8.92094307e-05
-0.001298889
0.000314971921
-0.00104971745
0.000513263039
-0.000807171558
0.000668300032
-0.000581122225
0.000771990329
-0.000370573023
0.000820036132
-0.000169702098
0.000809727685
2.95632017e-05
0.000739201052
0.000236482778
0.00060793567
0.0004608599
0.000419110857
0.000711849806
0.000184524321
0.000994717081
-6.71911608e-05
0.00130285735
-0.000280617523
0.0016007781
-0.000369418472
0.00179397161
-0.000246993644
0.00168305582
0.000912933959
-0.000168965198
-0.000624840487
-0.00035201616
-0.00131115237
-0.000431557666
-0.00156065401
-0.000408908968
-0.00154433861
-0.000319435158
-0.00138836279
-0.000200095142
-0.00116905743
-7.98100381e-05
-0.000927456655
2.15782746e-05
-0.000682510563
9.14286951e-05
-0.000440423471
0.000122135384
-0.00020040878
0.000109757217
4.19414047e-05
5.36457507e-05
0.000292594265
-4.27489877e-05
0.000557254617
-0.000169694044
0.000838794823
-0.000307652451
0.00113267548
-0.000423468629
0.00141867356
-0.000470024854
0.00164733436
-0.000397824806
0.00172177157
-0.000196431026
0.00148166202
0.000716502921
-0.000124192129
-0.000500648346
-0.000308335618
-0.00112700887
-0.000450494084
-0.00141849556
-0.000523204014
-0.0014716287
-0.000535391059
-0.00137617575
-0.000508160801
-0.00119628766
-0.000463156847
-0.000972460578
-0.000418060901
-0.000727606515
-0.000385619002
-0.000472865407
-0.00037391208
-0.000212115726
-0.000386727928
5.47572764e-05
-0.000423459471
0.000329325853
-0.000478356337
0.000612151494
-0.00053917826
0.00089961671
-0.000585818896
0.00117931607
-0.000590512352
0.00142336702
-0.000523085127
0.00157990718
-0.000366699064
0.00156538553
-0.000150585972
0.00126554892
0.000565916926
-9.45729391e-05
-0.000406075409
-0.000264649729
-0.000956932059
-0.000430738363
-0.00125240692
-0.000556976931
-0.00134539016
-0.000636793224
-0.00129635949
-0.000678141767
-0.00115493912
-0.000693943901
-0.000956658404
-0.000696929195
-0.000724621191
-0.000697274025
-0.000472520598
-0.00070166176
-0.000207728039
-0.000712860729
6.59562307e-05
-0.000729336356
0.00034580152
-0.000744753772
0.000627568957
-0.000747580268
0.000902443206
-0.000721469897
0.00115320566
-0.000647843409
0.0013497405
-0.000512876934
0.00144494071
-0.000321206272
0.00137371491
-0.000116485687
0.00106082836
0.000449431225
-7.53437522e-05
-0.000330731675
-0.000228206815
-0.000804068973
-0.000398353638
-0.00108226007
-0.000550539498
-0.0011932043
-0.000670626448
-0.00117627258
-0.000757578357
-0.00106798724
-0.000816784815
-0.000897451928
-0.000855587414
-0.00068581854
-0.000880624252
-0.000447483738
-0.000896360303
-0.000191992027
-0.000904270101
7.38659756e-05
-0.00090236033
0.000343891747
-0.000884972196
0.000610180875
-0.000843104124
0.00086057518
-0.000765820164
0.00107592169
-0.000643664741
0.00122758503
-0.000475103959
0.0012763799
-0.000276309856
0.00117492082
-9.21328573e-05
0.000876651392
0.000357298375
-6.22883239e-05
-0.000268443376
-0.000198541336
-0.000667815958
-0.000362893645
-0.000917907724
-0.000523850694
-0.00103224722
-0.000664415201
-0.00103570809
-0.000778128924
-0.000954273565
-0.000864812195
-0.000810768683
-0.000927165474
-0.000623465226
-0.000968399647
-0.000406249506
-0.000990721169
-0.000169670494
-0.000994436358
7.75811108e-05
-0.000977525762
0.000326981099
-0.000935695021
0.000568350144
-0.000863101224
0.000787981442
-0.000754123125
0.000966943628
-0.000606626288
0.00108008817
-0.000426950415
0.00109670398
-0.000236038306
0.000984008682
-7.43490305e-05
0.000714962126
0.000282949367
-5.27689735e-05
-0.000215674416
-0.00017381281
-0.000546772146
-0.000327557418
-0.000764163104
-0.000486865965
-0.000872938628
-0.000634380151
-0.000888193872
-0.000760757834
-0.000827895911
-0.000862116676
-0.0007094099
-0.000937654786
-0.000547927132
-0.000987783223
-0.000356121017
-0.00101282392
-0.000144629736
-0.00101222272
7.69799109e-05
-0.000984240699
0.000298999012
-0.000926163094
0.00051027249
-0.000835158831
0.000696977198
-0.000709976075
0.000841760929
-0.0005535973
0.000923709433
-0.000376676966
0.00091978363
-0.000200960055
0.000808291735
-6.08626394e-05
0.000574864693
0.000222086742
-4.52979122e-05
-0.000170376492
-0.000152453983
-0.000439616115
-0.00029329964
-0.000623317471
-0.000444763117
-0.000721475126
-0.00059034582
-0.000742611113
-0.000719473316
-0.000698768392
-0.000826046332
-0.00060283693
-0.000906878236
-0.000467095291
-0.000960347606
-0.000302651651
-0.000985403142
-0.000119574136
-0.000980963116
7.25399426e-05
-0.00094573208
0.000263767962
-0.000878480038
0.000443020384
-0.000778855089
0.000597352206
-0.000648784067
0.000711689928
-0.000494403536
0.000769328953
-0.000328204131
0.000753584254
-0.000170678357
0.000650765949
-5.02806609e-05
0.00045446697
0.000171806076
-3.90621551e-05
-0.000131314302
-0.000133403785
-0.000345274507
-0.000260349986
-0.00049637132
-0.000400389001
-0.000581436132
-0.000538431203
-0.000604568871
-0.000663692752
-0.000573506781
-0.000768938008
-0.000497591662
-0.000849523075
-0.000386510283
-0.000902500967
-0.00024967382
-0.000925934124
-9.6140972e-05
-0.000918488863
6.50947502e-05
-0.000879356154
0.000224635304
-0.000808535309
0.000372199519
-0.000707505281
0.000496322117
-0.000580261718
0.00058444633
-0.00043458835
0.000623655603
-0.000283248282
0.000602244228
-0.000144573347
0.000512091037
-4.17551774e-05
0.000351648793
0.000130050881
-3.36093925e-05
-9.77048772e-05
-0.000115973474
-0.000262910408
-0.000228685877
-0.000383658952
-0.000355331167
-0.000454790897
-0.000482448524
-0.000477451528
-0.000599656649
-0.000456298603
-0.000699324694
-0.000397923551
-0.000776050442
-0.000309784535
-0.00082612763
-0.000199596698
-0.000847124171
-7.51444884e-05
-0.000837646111
5.56167065e-05
-0.000797332188
0.000184321448
-0.000727102492
0.000301969866
-0.000629656411
0.000398876017
-0.000510163482
0.000464953349
-0.000377005163
0.000490497254
-0.000242314875
0.000467553954
-0.000121978226
0.00039175442
-3.47332047e-05
0.000264403788
9.53176646e-05
-2.86575014e-05
-6.90473726e-05
-9.96602064e-05
-0.000191907654
-0.000198116976
-0.000285202171
-0.000310357556
-0.000342550362
-0.000424616095
-0.000363193049
-0.000531265922
-0.00034964878
-0.000622765447
-0.000306423965
-0.00069344659
-0.00023910333
-0.000739258779
-0.000153784518
-0.000757558042
-5.68452922e-05
-0.000747003483
4.50620988e-05
-0.000707597956
0.00014491594
-0.000640884382
0.000235256353
-0.000550277033
0.000308268704
-0.000441462331
0.000356138632
-0.000322745865
0.000371780747
-0.000205166601
0.000349974667
-0.000102185448
0.000288773276
-2.88024139e-05
0.000191020774
6.65152549e-05
-2.39812399e-05
-4.50661655e-05
-8.39974422e-05
-0.000131891409
-0.00016825707
-0.00020094249
-0.000265595458
-0.000245211968
-0.000365935592
-0.000262852969
-0.000460594529
-0.000254989901
-0.000542423561
-0.00022459493
-0.000605821307
-0.000175705521
-0.00064668169
-0.000112924081
-0.000662339355
-4.11876404e-05
-0.00065156134
3.42840232e-05
-0.000614612972
0.000107967531
-0.000553400651
0.00017404405
-0.000471663881
0.000226531984
-0.000375153978
0.000259628759
-0.00027170194
0.000268328697
-0.000171058863
0.00024933156
-8.44170808e-05
0.000202131477
-2.35998717e-05
0.00013020357
4.29153953e-05
-1.9349253e-05
-2.5716957e-05
-6.84700644e-05
-8.27705984e-05
-0.000138506752
-0.00013090575
-0.000220638044
-0.000163080622
-0.000306428382
-0.000177062631
-0.00038822876
-0.00017318958
-0.000459474207
-0.000153349536
-0.000514859831
-0.000120319889
-0.000550429778
-7.73540747e-05
-0.000563627528
-2.79898457e-05
-0.000553348404
2.40048854e-05
-0.000520016441
7.46355166e-05
-0.000465682638
0.000119710214
-0.000394114924
0.000154964284
-0.000310822974
0.000176336847
-0.000222941245
0.000180446991
-0.000138894613
0.00016528492
-6.78135219e-05
0.000131050367
-1.87621211e-05
8.11521591e-05
2.41532814e-05
-1.45055326e-05
-1.12114443e-05
-5.25211397e-05
-4.47550369e-05
-0.000108122839
-7.53040447e-05
-0.000174687789
-9.65156187e-05
-0.000245343209
-0.000106407161
-0.000313520792
-0.000105012001
-0.000373387908
-9.34824727e-05
-0.000420129455
-7.35783864e-05
-0.000450116092
-4.73674276e-05
-0.00046100907
-1.70968167e-05
-0.000451841605
1.48374558e-05
-0.00042309689
4.58907898e-05
-0.000376775978
7.33892626e-05
-0.00031642647
9.46147516e-05
-0.000247079558
0.000106989944
-0.000175030345
0.000108397805
-0.000107403048
9.76576392e-05
-5.14858408e-05
7.51331556e-05
-1.39146246e-05
4.35809319e-05
1.02386554e-05
-9.20277529e-06
-2.00864682e-06
-3.5684748e-05
-1.82731185e-05
-7.64355571e-05
-3.45532765e-05
-0.000126811046
-4.61401233e-05
-0.000181408062
-5.18100958e-05
-0.00023481712
-5.16029004e-05
-0.000282132209
-4.61673896e-05
-0.000319263548
-3.64470915e-05
-0.000343116536
-2.35144742e-05
-0.000351700057
-8.51328456e-06
-0.000344207006
7.34444477e-06
-0.000321084409
2.2768219e-05
-0.000284086148
3.63909931e-05
-0.00023627954
4.68081154e-05
-0.000181958587
5.26689727e-05
-0.000126403752
5.28429751e-05
-7.54285362e-05
4.66824402e-05
-3.46816206e-05
3.43862501e-05
-8.7139059e-06
1.76132158e-05
1.52474512e-06
-3.43749131e-06
1.42888711e-06
-1.80438592e-05
-3.66677404e-06
-4.34060457e-05
-9.19113763e-06
-7.64336929e-05
-1.31125137e-05
-0.000113187175
-1.50566102e-05
-0.00014966511
-1.51249289e-05
-0.000182251525
-1.35809428e-05
-0.000207952833
-1.07457883e-05
-0.0002245141
-6.95323897e-06
-0.000230484777
-2.54263143e-06
-0.000225272654
2.13232993e-06
-0.000209197075
6.69266647e-06
-0.000183535343
1.07292799e-05
-0.000150536803
1.38095703e-05
-0.000113368296
1.55004491e-05
-7.59397662e-05
1.5414434e-05
-4.25472246e-05
1.32899012e-05
-1.72767345e-05
9.115769e-06
-3.1038544e-06
3.44034056e-06
-1.57911127e-06
1.42892118e-06
-2.23781816e-06
-1.14289439e-05
-2.45414781e-05
-3.95981181e-05
-5.47230561e-05
-6.83039801e-05
-7.9049743e-05
-8.6002976e-05
-8.85456243e-05
-8.64133146e-05
-7.97206524e-05
-6.899136e-05
-5.5181775e-05
-3.96813215e-05
-2.42668933e-05
-1.09769993e-05
-1.86123213e-06
1.57911052e-06
)
;

boundaryField
{
    walls
    {
        type            calculated;
        value           uniform 0;
    }
    mov_wall
    {
        type            calculated;
        value           uniform 0;
    }
    empty
    {
        type            empty;
        value           nonuniform 0();
    }
}


// ************************************************************************* //
