/*--------------------------------*- C++ -*----------------------------------*\
| =========                 |                                                 |
| \\      /  F ield         | OpenFOAM: The Open Source CFD Toolbox           |
|  \\    /   O peration     | Version:  5.x                                   |
|   \\  /    A nd           | Web:      www.OpenFOAM.org                      |
|    \\/     M anipulation  |                                                 |
\*---------------------------------------------------------------------------*/
FoamFile
{
    version     2.0;
    format      ascii;
    class       volVectorField;
    location    "9.2";
    object      U;
}
// * * * * * * * * * * * * * * * * * * * * * * * * * * * * * * * * * * * * * //

dimensions      [0 1 -1 0 0 0 0];

internalField   nonuniform List<vector> 
400
(
(0.291698425 0.149643816 0)
(0.388187171 0.128007692 0)
(0.557616071 0.0757318259 0)
(0.674785704 0.0433044388 0)
(0.743766597 0.0251591056 0)
(0.787075022 0.0148802972 0)
(0.815462957 0.00893092057 0)
(0.83393956 0.00530992716 0)
(0.845365464 0.00289956164 0)
(0.851349266 0.00108485396 2.66526743e-34)
(0.852640749 -0.000502852369 -2.66526743e-34)
(0.84935429 -0.00216072108 0)
(0.840973369 -0.0042171069 0)
(0.826113775 -0.00722098599 0)
(0.802020428 -0.0122364998 0)
(0.763538947 -0.021389209 0)
(0.699488889 -0.0388386159 0)
(0.584557332 -0.072273277 0)
(0.407900532 -0.12843631 0)
(0.300688067 -0.152947537 0)
(0.00120418371 0.287432398 0)
(0.0133209623 0.293872118 0)
(0.140044445 0.209904851 0)
(0.264971591 0.142986162 0)
(0.364177744 0.0968019858 0)
(0.440120067 0.0654411223 0)
(0.496541039 0.0439762503 0)
(0.536691066 0.0287011543 0)
(0.563274466 0.0170798536 0)
(0.578137345 0.0074230882 0)
(0.582210289 -0.00150101066 0)
(0.575515252 -0.0107977554 0)
(0.557109246 -0.0217346548 0)
(0.524912993 -0.036139693 0)
(0.47551841 -0.0569634954 0)
(0.404326007 -0.0889771492 0)
(0.305687295 -0.139150755 0)
(0.174497788 -0.215275205 0)
(0.03410658 -0.310801159 0)
(0.0108691541 -0.305909065 0)
(-0.0321467621 0.241773919 0)
(-0.0634303643 0.333547154 0)
(-0.0219362028 0.299502485 0)
(0.0505996279 0.240051662 0)
(0.127397386 0.183020807 0)
(0.196818614 0.135454525 0)
(0.254167105 0.0974523421 0)
(0.2980883 0.0668891685 0)
(0.328665674 0.0413758216 0)
(0.346307827 0.0187814605 -2.35796966e-33)
(0.351211318 -0.00280948983 2.35796966e-33)
(0.343126752 -0.0252950454 0)
(0.321277578 -0.0508299489 0)
(0.284432897 -0.0820948334 0)
(0.231328817 -0.122479775 0)
(0.161916765 -0.175658038 0)
(0.0798350235 -0.243208454 0)
(-0.00333734201 -0.317981961 0)
(-0.0578531372 -0.366363504 0)
(-0.0313893227 -0.270690677 0)
(-0.0261204138 0.182361573 0)
(-0.0666192758 0.316884131 0)
(-0.0735377822 0.330901735 0)
(-0.0481307202 0.295352905 0)
(-0.00567217348 0.244253504 0)
(0.0411124805 0.192431742 0)
(0.0845451124 0.14509504 0)
(0.120424332 0.103006628 0)
(0.146585243 0.0651543599 0)
(0.161925478 0.0298884044 2.35546507e-33)
(0.165812821 -0.00469432151 -2.35546507e-33)
(0.157798806 -0.0406696165 0)
(0.1375865 -0.080302738 0)
(0.105285208 -0.125979583 0)
(0.0620900234 -0.179774811 0)
(0.0116092693 -0.242029717 0)
(-0.038028375 -0.307764351 0)
(-0.0720490916 -0.359579367 0)
(-0.0711639188 -0.355585637 0)
(-0.0287210579 -0.209178583 0)
(-0.0176296815 0.140767914 0)
(-0.0549165425 0.281827202 0)
(-0.0828629941 0.324484357 0)
(-0.0880762261 0.312396795 0)
(-0.0751196914 0.274441977 0)
(-0.0526276243 0.226778428 0)
(-0.0275118441 0.17730282 0)
(-0.00458008915 0.129145425 0)
(0.0130234876 0.0829123586 0)
(0.0233567922 0.0379330278 -2.94545462e-34)
(0.0253097459 -0.00710139647 2.94545462e-34)
(0.018415211 -0.0537995201 0)
(0.0028869887 -0.103801258 0)
(-0.020087202 -0.158367938 0)
(-0.047770798 -0.217530726 0)
(-0.075061461 -0.278347557 0)
(-0.0936267066 -0.331694802 0)
(-0.0922270519 -0.357398866 0)
(-0.0635074653 -0.318879888 0)
(-0.0207312595 -0.162076725 0)
(-0.0116542788 0.11159225 0)
(-0.0431521971 0.243765267 0)
(-0.0782839935 0.299859403 0)
(-0.100579261 0.305000827 0)
(-0.108310593 0.280421261 0)
(-0.105716507 0.24036918 0)
(-0.0975361696 0.193277769 0)
(-0.0877934423 0.143545373 0)
(-0.0795351894 0.0930260746 0)
(-0.0748272212 0.0420752281 0)
(-0.0748481372 -0.00975926203 0)
(-0.0799345776 -0.0632506193 0)
(-0.0895000169 -0.119033271 0)
(-0.101812872 -0.176993441 0)
(-0.113690951 -0.235297922 0)
(-0.120284786 -0.288849077 0)
(-0.115237025 -0.327084785 0)
(-0.0922711112 -0.33156655 0)
(-0.0521876238 -0.275119688 0)
(-0.0142847841 -0.127260097 0)
(-0.00803185669 0.0899680171 0)
(-0.0343052817 0.207876697 0)
(-0.0703686556 0.267741358 0)
(-0.100959314 0.283509146 0)
(-0.121509111 0.269753777 0)
(-0.133061967 0.237807843 0)
(-0.138135837 0.195384123 0)
(-0.139450237 0.147216493 0)
(-0.13936566 0.095890685 0)
(-0.139599231 0.0425957573 0)
(-0.141114118 -0.0122625725 0)
(-0.144054668 -0.06854017 0)
(-0.147657206 -0.125824594 0)
(-0.150140595 -0.182787202 0)
(-0.148667738 -0.236314554 0)
(-0.139565531 -0.28039017 0)
(-0.119015758 -0.304900551 0)
(-0.0848747413 -0.294957287 0)
(-0.0422046432 -0.232154475 0)
(-0.010006589 -0.100709813 0)
(-0.00589819198 0.0731569023 0)
(-0.0280514415 0.175459926 0)
(-0.0624620743 0.23345497 0)
(-0.0961931056 0.254650694 0)
(-0.123784287 0.248662375 0)
(-0.14433645 0.223978317 0)
(-0.158622043 0.187072453 0)
(-0.168069545 0.142434105 0)
(-0.174171003 0.0929433425 0)
(-0.178091646 0.0403533037 0)
(-0.180456262 -0.0142245268 0)
(-0.181230013 -0.0698446834 0)
(-0.179647306 -0.125225758 0)
(-0.174205192 -0.17817756 0)
(-0.162809064 -0.224940949 0)
(-0.143212556 -0.259512834 0)
(-0.113841641 -0.273201306 0)
(-0.0753166214 -0.254896367 0)
(-0.0343188981 -0.192925779 0)
(-0.00728498458 -0.0799917698 0)
(-0.00459312472 0.059516014 0)
(-0.0235441729 0.146542614 0)
(-0.0553429919 0.199662154 0)
(-0.0893196686 0.222701636 0)
(-0.120051812 0.221819418 0)
(-0.14560909 0.203131829 0)
(-0.165570655 0.171796544 0)
(-0.180317103 0.131775624 0)
(-0.190531072 0.0859405099 0)
(-0.196813726 0.0363510124 2.97711409e-34)
(-0.199448896 -0.0153915428 -2.97711409e-34)
(-0.198275635 -0.0677566469 0)
(-0.19264616 -0.118867804 0)
(-0.181489353 -0.166059311 0)
(-0.163546084 -0.205440868 0)
(-0.137858724 -0.231577788 0)
(-0.104503395 -0.237504906 0)
(-0.0656637292 -0.215386228 0)
(-0.0281738009 -0.158249846 0)
(-0.00551069118 -0.0634668218 0)
(-0.0037331439 0.0480883416 0)
(-0.0201212368 0.120839395 0)
(-0.0490153921 0.167676437 0)
(-0.0816389788 0.190287498 0)
(-0.112989443 0.192487653 0)
(-0.140680554 0.178557134 4.67987911e-33)
(-0.163557392 0.152465447 0)
(-0.181246287 0.117554989 0)
(-0.193784177 0.0765047373 -4.74063681e-33)
(-0.201296967 0.031470996 2.26592608e-36)
(-0.203789188 -0.0156743911 4.98648804e-36)
(-0.201035364 -0.0630555946 0)
(-0.192565934 -0.108481588 0)
(-0.177765519 -0.149141435 0)
(-0.156124908 -0.18136093 0)
(-0.127679778 -0.200524259 0)
(-0.0935645661 -0.201318533 0)
(-0.056677044 -0.178463971 0)
(-0.0233146685 -0.128090143 0)
(-0.0042957063 -0.0500435367 0)
(-0.00311503928 0.0383306366 0)
(-0.0173631158 0.098050851 0)
(-0.0433176233 0.138129961 0)
(-0.0737180792 0.158979195 0)
(-0.104104451 0.162838223 0)
(-0.131970527 0.152618183 -4.67987911e-33)
(-0.155761609 0.131295704 0)
(-0.174612862 0.101603272 0)
(-0.188100224 0.0659289849 4.74063681e-33)
(-0.195997422 0.0263693572 1.49106811e-33)
(-0.198111608 -0.0151233169 -1.49832053e-33)
(-0.194204004 -0.05654424 0)
(-0.183996557 -0.0956260384 0)
(-0.167277176 -0.129654849 0)
(-0.144124398 -0.155368922 0)
(-0.115252465 -0.1690225 0)
(-0.082381405 -0.166713888 0)
(-0.0485941005 -0.145040222 0)
(-0.0193975955 -0.102103347 0)
(-0.00342090986 -0.0390050025 0)
(-0.00263393312 0.0299262675 0)
(-0.0150226197 0.0779301318 0)
(-0.0380974218 0.111311109 0)
(-0.0658175725 0.129695788 0)
(-0.0942794783 0.134263873 0)
(-0.121044025 0.126925344 0)
(-0.144383602 0.109860573 0)
(-0.163148979 0.085248047 0)
(-0.17661951 0.0551416323 0)
(-0.184335481 0.021470307 2.9974258e-34)
(-0.185982939 -0.0138813683 -2.9974258e-34)
(-0.18134367 -0.0489515386 0)
(-0.170313956 -0.0815745526 0)
(-0.15299925 -0.109289271 0)
(-0.129891609 -0.129330742 0)
(-0.102114505 -0.138764252 0)
(-0.0716393816 -0.134816142 0)
(-0.0414365927 -0.115407287 0)
(-0.0161843467 -0.0798582202 0)
(-0.00276403233 -0.0298606581 0)
(-0.00223473457 0.022680024 0)
(-0.0129541219 0.0602838615 0)
(-0.0332381446 0.0873308397 0)
(-0.0580555297 0.102954499 0)
(-0.0840353866 0.107621815 0)
(-0.108906088 0.102520704 0)
(-0.130914077 0.0892086514 0)
(-0.148775826 0.0693818707 0)
(-0.161603546 0.0447501647 0)
(-0.168801292 0.0170067275 3.00137158e-34)
(-0.169993552 -0.012137222 -3.00137158e-34)
(-0.164999674 -0.0408861839 0)
(-0.15385753 -0.0672953745 0)
(-0.136899075 -0.0892417035 0)
(-0.114876635 -0.104468703 0)
(-0.0891189108 -0.110744424 0)
(-0.0616328474 -0.106158122 0)
(-0.0351269757 -0.0895353391 0)
(-0.0135037409 -0.0609264414 0)
(-0.00225327124 -0.0222578252 0)
(-0.00188545709 0.0164662522 0)
(-0.0110624835 0.04496454 0)
(-0.0286411378 0.0662105108 0)
(-0.0504611251 0.0790278221 0)
(-0.073653166 0.0834123284 0)
(-0.0961641859 0.0800414827 0)
(-0.116305921 0.0699953551 0)
(-0.132763337 0.0545610903 0)
(-0.144575595 0.0351143672 0)
(-0.151082432 0.0130747347 0)
(-0.151887896 -0.0100881599 0)
(-0.146853009 -0.0328250854 0)
(-0.136119505 -0.0534823575 0)
(-0.120164251 -0.0703098537 0)
(-0.0998793348 -0.0815299477 0)
(-0.0766571197 -0.0854921383 0)
(-0.0524122133 -0.0809235429 0)
(-0.0295300363 -0.0672469549 0)
(-0.0112185733 -0.0449266656 0)
(-0.00184129709 -0.0159381042 0)
(-0.001562521 0.0112077448 0)
(-0.00926988443 0.0318705332 0)
(-0.0242025187 0.0479368773 0)
(-0.0429884399 0.0580490768 0)
(-0.0632319118 0.0619115037 0)
(-0.0831208734 0.0598559152 0)
(-0.101086254 0.0526055481 0)
(-0.115849134 0.0411071702 0)
(-0.126440924 0.0264236364 0)
(-0.132187234 0.00968561215 0)
(-0.132697632 -0.00791671459 0)
(-0.127870721 -0.0251250548 0)
(-0.117915462 -0.0406102792 0)
(-0.103386533 -0.0529974548 0)
(-0.0852272491 -0.0609386982 0)
(-0.0648019848 -0.0632496881 0)
(-0.0438652624 -0.059113386 0)
(-0.0244675027 -0.0483249925 0)
(-0.0092030948 -0.031552009 0)
(-0.00149088438 -0.0107193787 0)
(-0.00124269449 0.00687236605 0)
(-0.00749727011 0.0209539337 0)
(-0.0197996806 0.0325014277 0)
(-0.0355241933 0.0400873026 0)
(-0.0527239589 0.0432717684 0)
(-0.0698331034 0.0421741858 0)
(-0.0854326623 0.0372606153 0)
(-0.0983251766 0.0291991426 0)
(-0.107580787 0.0187673577 0)
(-0.112546718 0.00680864752 0)
(-0.11285433 -0.00578010662 0)
(-0.108431629 -0.0180487569 0)
(-0.0995214522 -0.0289997769 0)
(-0.0867021703 -0.0376160685 0)
(-0.0709039775 -0.0429246757 0)
(-0.0534054906 -0.0441071866 0)
(-0.035770306 -0.0406592869 0)
(-0.0197281039 -0.0325810795 0)
(-0.00733072964 -0.0205903326 0)
(-0.00116697678 -0.00649226939 0)
(-0.000899882713 0.00347704549 0)
(-0.00566093499 0.0122244257 0)
(-0.0152978533 0.0199179357 0)
(-0.0279091973 0.0251886516 0)
(-0.0419708342 0.0275859328 0)
(-0.0561592767 0.0271262754 0)
(-0.0692274806 0.0240986751 0)
(-0.0800968219 0.018945429 0)
(-0.087915997 0.0121895881 0)
(-0.0920844205 0.00440206379 0)
(-0.0922681473 -0.00380767443 0)
(-0.0884155097 -0.011792762 0)
(-0.0807724909 -0.0188748757 0)
(-0.069894207 -0.0243659761 0)
(-0.0566454561 -0.0276151956 0)
(-0.0421770503 -0.0280887058 0)
(-0.0278468972 -0.0254864171 0)
(-0.0150887314 -0.0198866097 0)
(-0.00547449437 -0.0119313564 0)
(-0.000833547615 -0.00322197527 0)
(-0.000507505276 0.00108921271 0)
(-0.00368889032 0.00574014163 0)
(-0.0105872293 0.0102223778 0)
(-0.0199879449 0.0134022095 0)
(-0.0307552979 0.0149400937 0)
(-0.0418076536 0.0148327215 0)
(-0.0521004716 0.0132501883 0)
(-0.0607205933 0.0104516809 0)
(-0.0669425868 0.00673881352 0)
(-0.0702538327 0.00243727935 0)
(-0.0703711879 -0.00210635282 0)
(-0.0672558375 -0.00652338527 0)
(-0.0611263886 -0.010425251 0)
(-0.052466497 -0.0134154696 0)
(-0.0420201087 -0.0151167137 0)
(-0.0307626631 -0.0152183531 0)
(-0.0198243282 -0.013549406 0)
(-0.01036152 -0.0101761653 0)
(-0.00352670057 -0.00555507367 0)
(-0.000456470145 -0.000945965887 0)
(-6.44878438e-05 -0.000176236817 0)
(-0.00159898376 0.00163662229 0)
(-0.0056951874 0.00359860356 0)
(-0.0117199349 0.0050106765 0)
(-0.0188880542 0.00571684235 0)
(-0.0263913903 0.00573382726 0)
(-0.033454986 0.00514772408 0)
(-0.0394084988 0.00407327166 0)
(-0.0437225485 0.00263489288 0)
(-0.0460238871 0.000961859585 0)
(-0.0461058263 -0.000810107762 0)
(-0.0439388716 -0.00253599042 0)
(-0.0396813815 -0.0040605608 0)
(-0.0336869543 -0.00522175352 0)
(-0.0265027362 -0.00586030448 0)
(-0.0188496262 -0.0058382973 0)
(-0.0115675433 -0.00507039561 0)
(-0.00551559567 -0.00357095416 0)
(-0.00148203408 -0.00155258652 0)
(-3.10929087e-05 0.000233978148 0)
(0.000261397538 -0.000255576268 0)
(0.000151444558 0.00010207617 0)
(-0.00117494928 0.000547417635 0)
(-0.00348063115 0.000863516071 0)
(-0.00637558579 0.00102207617 0)
(-0.00946687603 0.00103797546 0)
(-0.0124000368 0.000936218501 0)
(-0.0148817753 0.000743063465 0)
(-0.0166860983 0.000483181717 0)
(-0.0176547256 0.000180087823 1.08300121e-33)
(-0.0176985224 -0.000142309793 -1.08300121e-33)
(-0.0168014879 -0.00045821972 0)
(-0.0150266293 -0.000739019114 0)
(-0.0125218994 -0.000953243584 0)
(-0.00952354763 -0.00106773131 0)
(-0.00635302337 -0.00105052572 0)
(-0.00340014989 -0.000876788445 0)
(-0.00108361552 -0.000539616464 0)
(0.000206110963 -8.25144504e-05 0)
(0.000274563839 0.000266745766 0)
)
;

boundaryField
{
    walls
    {
        type            fixedValue;
        value           uniform (0 0 0);
    }
    mov_wall
    {
        type            fixedValue;
        value           uniform (1 0 0);
    }
    empty
    {
        type            empty;
    }
}


// ************************************************************************* //
