/*--------------------------------*- C++ -*----------------------------------*\
| =========                 |                                                 |
| \\      /  F ield         | OpenFOAM: The Open Source CFD Toolbox           |
|  \\    /   O peration     | Version:  5.x                                   |
|   \\  /    A nd           | Web:      www.OpenFOAM.org                      |
|    \\/     M anipulation  |                                                 |
\*---------------------------------------------------------------------------*/
FoamFile
{
    version     2.0;
    format      ascii;
    class       volScalarField;
    location    "5.4";
    object      p;
}
// * * * * * * * * * * * * * * * * * * * * * * * * * * * * * * * * * * * * * //

dimensions      [0 2 -2 0 0 0 0];

internalField   nonuniform List<scalar> 
400
(
1.93900066e-06
2.45246159
3.4943253
3.89888146
4.10664941
4.2247089
4.29429357
4.34028043
4.37634092
4.41011302
4.44676196
4.49091686
4.54765652
4.6244916
4.73479979
4.90459826
5.18238191
5.6842033
6.84131788
9.41172691
1.88670726
2.86729146
3.41988569
3.74774598
3.96518295
4.10974941
4.20767645
4.27899442
4.33674698
4.3896153
4.44424748
4.50657399
4.58333559
4.68329989
4.8197284
5.01368116
5.2940244
5.69847113
6.33841765
7.42837337
2.98207984
3.26253225
3.54233317
3.77068167
3.9457078
4.07571788
4.17322776
4.25000541
4.31527774
4.37623806
4.4389272
4.50902369
4.59257719
4.69678482
4.83085224
5.00664028
5.23632379
5.52394134
5.86049283
6.19823962
3.52778626
3.58534484
3.72178748
3.86537884
3.98906619
4.09083445
4.17461233
4.24571608
4.309529
4.37102527
4.4347767
4.50520646
4.58679053
4.68425665
4.80245328
4.94569481
5.11575151
5.30515004
5.47833903
5.55964101
3.84421919
3.82688253
3.88518189
3.96938501
4.05222183
4.12779307
4.19567068
4.25747984
4.31592493
4.37409433
4.43506715
4.50185966
4.57733318
4.66400808
4.76350607
4.87551312
4.99636116
5.11480394
5.195848
5.18371786
4.04550315
4.00366084
4.0214281
4.06785184
4.12138438
4.17574297
4.22885685
4.28053974
4.33186213
4.38449368
4.44027301
4.50097012
4.56805082
4.64232836
4.72332833
4.8083684
4.89180883
4.96268003
4.99308267
4.94680996
4.18058771
4.13383286
4.13184079
4.15537051
4.18883543
4.22706861
4.26772896
4.30987376
4.3536393
4.39973324
4.44904029
4.50233888
4.56002094
4.62172376
4.68578733
4.74862794
4.80456177
4.84466775
4.84862663
4.79368201
4.27566044
4.2308444
4.21966199
4.22967622
4.24984762
4.27635653
4.30712421
4.34098464
4.37758041
4.41700089
4.4594533
4.50499819
4.55328724
4.60325118
4.65270691
4.69801312
4.73426052
4.75484873
4.74556246
4.69204413
4.34467592
4.30373283
4.28863081
4.29082937
4.30237804
4.3205734
4.34373178
4.37070361
4.40089486
4.43401731
4.46983005
4.50791953
4.54748537
4.58711094
4.62451526
4.65641507
4.67889538
4.68733498
4.67188114
4.62321845
4.39526092
4.35850611
4.3421589
4.3399599
4.34599083
4.3583629
4.3757626
4.39714664
4.421827
4.44930037
4.47905243
4.51038854
4.54227589
4.57319425
4.60100207
4.62292788
4.63599739
4.63709401
4.61932644
4.57637941
4.43196518
4.39925917
4.38305594
4.3785121
4.3810674
4.38939761
4.40248885
4.41942588
4.43950355
4.46211036
4.48658387
4.51208835
4.53750946
4.56137038
4.58177774
4.59648286
4.6032961
4.60017513
4.58220734
4.54489546
4.45777809
4.42889722
4.41358177
4.40794631
4.40838107
4.41394879
4.42386562
4.43733988
4.45368953
4.47226255
4.49233242
4.51301531
4.53320804
4.55155289
4.56643453
4.57607197
4.57888718
4.57357616
4.55655673
4.52447948
4.47482909
4.44957493
4.43556278
4.42962194
4.42885445
4.43259518
4.44023701
4.45109993
4.4645443
4.47991713
4.4964788
4.51335189
4.52949265
4.54369004
4.55459335
4.56081228
4.56122874
4.55503747
4.53957477
4.51226091
4.48473205
4.4629609
4.4504946
4.44475288
4.44341807
4.44603031
4.45212406
4.46111899
4.47242431
4.48540469
4.49933224
4.51336048
4.52652134
4.5377478
4.54591959
4.54996067
4.54909511
4.54285853
4.52925691
4.50627342
4.48877559
4.47040428
4.45962231
4.45439501
4.45292879
4.45493832
4.46008025
4.4678635
4.47774336
4.48910433
4.501234
4.51331814
4.52445752
4.53370773
4.54013623
4.54291447
4.5415246
4.53575011
4.52413607
4.50513724
4.48806287
4.47305857
4.46401099
4.45945686
4.45813274
4.45992562
4.46460683
4.47176442
4.48088874
4.49137215
4.50250402
4.51348477
4.52345969
4.53157255
4.53703214
4.53920112
4.53776393
4.53270935
4.52308512
4.50782276
4.48366999
4.47201198
4.46464247
4.4607644
4.45970359
4.46153872
4.46615507
4.47320762
4.4822024
4.49251581
4.5034113
4.51407169
4.52364892
4.53133059
4.53641732
4.53841414
4.53717199
4.53287987
4.52512804
4.51341777
4.47685719
4.46838944
4.46243104
4.45901749
4.45816399
4.46017185
4.46503676
4.47245909
4.48192956
4.49277204
4.50418301
4.51528202
4.52517621
4.53304059
4.53820965
4.54027988
4.53924067
4.53550012
4.52928934
4.52085783
4.4692878
4.46319618
4.45767608
4.45396983
4.45292386
4.45509112
4.46054481
4.46897015
4.47977278
4.49215071
4.50515587
4.51776018
4.52893291
4.53773604
4.54343618
4.54563262
4.54440606
4.54041782
4.53470076
4.52866772
4.46345073
4.45752492
4.45037235
4.44492882
4.44290525
4.44509733
4.45156935
4.46187467
4.47521655
4.49055283
4.50667406
4.52227778
4.53605521
4.54680122
4.55355384
4.55576714
4.55352199
4.54775113
4.54035325
4.53446386
)
;

boundaryField
{
    walls
    {
        type            zeroGradient;
    }
    mov_wall
    {
        type            zeroGradient;
    }
    empty
    {
        type            empty;
    }
}


// ************************************************************************* //
