/*--------------------------------*- C++ -*----------------------------------*\
| =========                 |                                                 |
| \\      /  F ield         | OpenFOAM: The Open Source CFD Toolbox           |
|  \\    /   O peration     | Version:  5.x                                   |
|   \\  /    A nd           | Web:      www.OpenFOAM.org                      |
|    \\/     M anipulation  |                                                 |
\*---------------------------------------------------------------------------*/
FoamFile
{
    version     2.0;
    format      ascii;
    class       surfaceScalarField;
    location    "5.4";
    object      phi;
}
// * * * * * * * * * * * * * * * * * * * * * * * * * * * * * * * * * * * * * //

dimensions      [0 3 -1 0 0 0 0];

internalField   nonuniform List<scalar> 
760
(
0.00134817648
-0.0013481774
0.0024576397
-0.00110946322
0.00313513465
-0.000677494943
0.0035597157
-0.000424581064
0.0038322513
-0.000272535606
0.00400945214
-0.000177200844
0.0041252145
-0.00011576234
0.00419921708
-7.40025666e-05
0.00424243237
-4.32152849e-05
0.00426055359
-1.81212387e-05
0.00425562234
4.93123321e-06
0.00422675777
2.88645861e-05
0.0041693894
5.73683922e-05
0.00407358506
9.5804351e-05
0.00391995095
0.000153634094
0.00367201929
0.000247931636
0.00326316021
0.000408859078
0.00257264075
0.000690519485
0.00140850173
0.00116413906
0.00140850174
-5.4695357e-05
-0.00129348205
0.000412592564
-0.00157675113
0.00103002975
-0.00129493212
0.00157871384
-0.000973265139
0.00201483268
-0.000708654445
0.00234477723
-0.000507145418
0.00258511628
-0.000356101397
0.00275126939
-0.000240155659
0.00285456779
-0.00014651366
0.00290179532
-6.53487644e-05
0.00289536659
1.13599463e-05
0.00283293034
9.13008177e-05
0.00270712572
0.000183173022
0.00250436374
0.000298566358
0.0022041099
0.000453887961
0.00178090173
0.000671139789
0.00121756799
0.000972192795
0.000552812543
0.00135527491
1.30664658e-05
0.00170388513
0.00142156822
-0.000271734694
-0.00102174736
-0.000221026661
-0.00162745918
7.13677397e-05
-0.0015873265
0.000446285607
-0.00134818298
0.000812489655
-0.00107485848
0.00112929924
-0.000823955013
0.00138207827
-0.000608880452
0.00156800784
-0.000426085224
0.00168837694
-0.000266882736
0.00174468453
-0.000121656334
0.00173678976
1.92547202e-05
0.0016621344
0.00016595615
0.00151571285
0.000329594553
0.00129125422
0.00052302501
0.000985011693
0.00076013052
0.000605009664
0.00105114183
0.00018985071
0.00138735173
-0.00016004509
0.00170517069
-0.000261640648
0.00180548068
0.00115992759
-0.000227941596
-0.000793805754
-0.000361197366
-0.00149420342
-0.000308328282
-0.00164019559
-0.000134821262
-0.00152168999
8.92093502e-05
-0.00129888907
0.000314971844
-0.0010497175
0.000513262965
-0.000807171594
0.000668299968
-0.000581122247
0.000771990282
-0.000370573041
0.000820036099
-0.000169702117
0.000809727653
2.95631853e-05
0.000739201016
0.00023648277
0.000607935638
0.0004608599
0.000419110839
0.000711849806
0.000184524313
0.000994717075
-6.71911682e-05
0.00130285734
-0.000280617534
0.0016007781
-0.000369418483
0.00179397161
-0.000246993648
0.00168305583
0.000912933961
-0.000168965215
-0.000624840521
-0.000352016211
-0.00131115244
-0.000431557736
-0.00156065409
-0.00040890904
-0.00154433868
-0.000319435223
-0.00138836286
-0.000200095205
-0.00116905749
-7.98101043e-05
-0.0009274567
2.15782088e-05
-0.000682510592
9.14286416e-05
-0.000440423489
0.000122135348
-0.000200408799
0.000109757189
4.19413831e-05
5.36457185e-05
0.000292594249
-4.27490233e-05
0.000557254612
-0.000169694071
0.000838794823
-0.000307652463
0.00113267548
-0.000423468633
0.00141867355
-0.00047002486
0.00164733435
-0.000397824816
0.00172177156
-0.000196431034
0.00148166202
0.000716502926
-0.000124192132
-0.000500648369
-0.000308335645
-0.00112700893
-0.000450494134
-0.00141849562
-0.000523204073
-0.00147162876
-0.000535391113
-0.00137617581
-0.000508160849
-0.00119628772
-0.000463156898
-0.000972460628
-0.000418060959
-0.000727606551
-0.000385619059
-0.000472865428
-0.000373912121
-0.000212115742
-0.000386727954
5.47572551e-05
-0.000423459495
0.00032932583
-0.000478356368
0.000612151479
-0.000539178292
0.000899616707
-0.000585818915
0.00117931607
-0.000590512357
0.00142336701
-0.000523085127
0.00157990716
-0.000366699068
0.00156538552
-0.000150585978
0.00126554892
0.000565916929
-9.45729364e-05
-0.000406075423
-0.000264649739
-0.0009569321
-0.000430738394
-0.00125240697
-0.000556976978
-0.00134539021
-0.000636793272
-0.00129635953
-0.000678141806
-0.00115493916
-0.000693943936
-0.000956658453
-0.000696929239
-0.000724621234
-0.000697274078
-0.000472520625
-0.000701661807
-0.000207728054
-0.000712860757
6.59562153e-05
-0.000729336372
0.000345801497
-0.000744753791
0.000627568932
-0.000747580297
0.000902443192
-0.000721469923
0.00115320566
-0.000647843421
0.0013497405
-0.000512876934
0.0014449407
-0.000321206269
0.00137371489
-0.000116485687
0.00106082835
0.000449431223
-7.53437514e-05
-0.000330731681
-0.000228206815
-0.000804069003
-0.000398353652
-0.00108226011
-0.000550539531
-0.00119320435
-0.000670626491
-0.00117627261
-0.000757578394
-0.00106798727
-0.00081678484
-0.000897451967
-0.000855587439
-0.000685818584
-0.000880624291
-0.000447483773
-0.00089636035
-0.000191992046
-0.000904270137
7.38659661e-05
-0.000902360346
0.000343891731
-0.000884972204
0.000610180849
-0.000843104141
0.000860575155
-0.000765820189
0.00107592167
-0.000643664761
0.00122758502
-0.000475103966
0.0012763799
-0.000276309852
0.00117492081
-9.21328523e-05
0.000876651382
0.000357298368
-6.22883295e-05
-0.000268443377
-0.000198541335
-0.000667815976
-0.000362893646
-0.00091790776
-0.00052385071
-0.00103224726
-0.000664415234
-0.00103570812
-0.000778128962
-0.00095427359
-0.000864812221
-0.000810768709
-0.000927165488
-0.000623465262
-0.000968399666
-0.000406249546
-0.000990721205
-0.000169670524
-0.000994436398
7.75810988e-05
-0.000977525787
0.000326981092
-0.000935695027
0.000568350127
-0.000863101227
0.000787981415
-0.000754123137
0.000966943603
-0.000606626308
0.00108008816
-0.000426950429
0.00109670398
-0.000236038309
0.000984008682
-7.43490258e-05
0.000714962121
0.00028294936
-5.27689843e-05
-0.000215674416
-0.000173812815
-0.000546772154
-0.000327557416
-0.000764163127
-0.000486865966
-0.000872938665
-0.000634380168
-0.00088819391
-0.000760757868
-0.000827895937
-0.000862116707
-0.000709409917
-0.000937654801
-0.000547927154
-0.000987783228
-0.000356121052
-0.00101282394
-0.000144629774
-0.00101222276
7.69798872e-05
-0.000984240732
0.000298999005
-0.00092616311
0.000510272486
-0.000835158831
0.000696977181
-0.000709976074
0.000841760903
-0.00055359731
0.000923709409
-0.000376676981
0.000919783619
-0.000200960065
0.000808291734
-6.08626405e-05
0.000574864694
0.000222086741
-4.52979219e-05
-0.000170376496
-0.000152453994
-0.000439616119
-0.000293299643
-0.000623317482
-0.000444763112
-0.000721475152
-0.00059034582
-0.000742611149
-0.000719473336
-0.000698768425
-0.000826046364
-0.000602836948
-0.00090687826
-0.000467095302
-0.000960347611
-0.000302651671
-0.000985403141
-0.00011957417
-0.00098096313
7.25399081e-05
-0.000945732109
0.000263767943
-0.000878480065
0.00044302038
-0.000778855098
0.000597352203
-0.000648784063
0.000711689913
-0.000494403534
0.000769328929
-0.000328204138
0.000753584233
-0.000170678368
0.00065076594
-5.02806677e-05
0.000454466971
0.000171806079
-3.90621565e-05
-0.000131314312
-0.000133403796
-0.000345274513
-0.000260349996
-0.000496371324
-0.000400389001
-0.000581436143
-0.000538431195
-0.000604568897
-0.000663692752
-0.000573506816
-0.000768938028
-0.000497591688
-0.000849523103
-0.000386510294
-0.000902500984
-0.000249673827
-0.000925934122
-9.614099e-05
-0.000918488859
6.50947182e-05
-0.000879356166
0.000224635273
-0.000808535334
0.000372199504
-0.000707505302
0.000496322115
-0.000580261724
0.000584446328
-0.000434588345
0.000623655591
-0.000283248279
0.000602244209
-0.000144573351
0.000512091021
-4.17551841e-05
0.000351648788
0.000130050883
-3.36093837e-05
-9.77048876e-05
-0.000115973477
-0.00026291042
-0.000228685889
-0.000383658958
-0.000355331176
-0.0004547909
-0.000482448519
-0.00047745154
-0.000599656637
-0.00045629863
-0.000699324696
-0.000397923584
-0.000776050463
-0.000309784556
-0.000826127655
-0.000199596704
-0.00084712418
-7.51444915e-05
-0.000837646105
5.56166903e-05
-0.000797332183
0.000184321419
-0.000727102502
0.000301969839
-0.000629656432
0.000398876004
-0.000510163498
0.000464953348
-0.000377005166
0.000490497253
-0.00024231487
0.000467553945
-0.000121978223
0.000391754406
-3.4733206e-05
0.000264403777
9.53176624e-05
-2.8657488e-05
-6.90473781e-05
-9.96601985e-05
-0.000191907669
-0.000198116982
-0.000285202183
-0.00031035757
-0.000342550366
-0.000424616101
-0.00036319305
-0.000531265913
-0.000349648791
-0.000622765434
-0.000306423991
-0.000693446593
-0.000239103359
-0.000739258799
-0.000153784534
-0.000757558062
-5.68452939e-05
-0.000747003488
4.50620978e-05
-0.000707597948
0.000144915926
-0.000640884377
0.000235256328
-0.000550277041
0.000308268681
-0.000441462348
0.000356138621
-0.000322745877
0.000371780746
-0.000205166603
0.000349974666
-0.000102185444
0.000288773271
-2.88024103e-05
0.000191020765
6.65152496e-05
-2.39812309e-05
-4.50661633e-05
-8.39974282e-05
-0.00013189142
-0.000168257064
-0.000200942507
-0.000265595466
-0.000245211979
-0.000365935605
-0.00026285297
-0.000460594532
-0.000254989901
-0.00054242355
-0.00022459494
-0.000605821295
-0.000175705545
-0.000646681693
-0.000112924106
-0.000662339373
-4.11876526e-05
-0.000651561357
3.42840239e-05
-0.000614612974
0.000107967532
-0.000553400643
0.000174044038
-0.000471663877
0.000226531963
-0.000375153985
0.00025962874
-0.000271701953
0.000268328689
-0.000171058872
0.000249331559
-8.44170815e-05
0.000202131477
-2.3599868e-05
0.000130203567
4.29153911e-05
-1.9349254e-05
-2.57169503e-05
-6.84700535e-05
-8.2770601e-05
-0.000138506739
-0.000130905763
-0.00022063804
-0.000163080639
-0.000306428391
-0.00017706264
-0.000388228772
-0.000173189579
-0.000459474207
-0.000153349533
-0.000514859818
-0.000120319897
-0.000550429767
-7.73540951e-05
-0.000563627531
-2.79898662e-05
-0.00055334842
2.40048765e-05
-0.000520016454
7.46355185e-05
-0.000465682639
0.000119710216
-0.000394114918
0.000154964276
-0.000310822971
0.000176336832
-0.000222941251
0.000180446977
-0.000138894622
0.000165284914
-6.78135276e-05
0.000131050366
-1.87621211e-05
8.11521595e-05
2.41532804e-05
-1.45055417e-05
-1.12114388e-05
-5.25211374e-05
-4.47550332e-05
-0.000108122826
-7.5304049e-05
-0.000174687776
-9.65156318e-05
-0.000245343206
-0.000106407176
-0.000313520801
-0.000105012008
-0.000373387918
-9.34824695e-05
-0.000420129453
-7.35783826e-05
-0.00045011608
-4.73674338e-05
-0.000461009061
-1.70968328e-05
-0.000451841609
1.48374402e-05
-0.000423096903
4.58907836e-05
-0.000376775988
7.33892648e-05
-0.000316426472
9.46147535e-05
-0.000247079554
0.000106989939
-0.000175030344
0.000108397795
-0.000107403052
9.76576298e-05
-5.14858467e-05
7.51331512e-05
-1.39146276e-05
4.35809316e-05
1.02386563e-05
-9.20278541e-06
-2.00864566e-06
-3.56847524e-05
-1.82731135e-05
-7.64355528e-05
-3.45532726e-05
-0.000126811033
-4.61401267e-05
-0.00018140805
-5.18101072e-05
-0.000234817119
-5.16029126e-05
-0.000282132217
-4.61673938e-05
-0.000319263556
-3.64470868e-05
-0.000343116533
-2.35144692e-05
-0.000351700048
-8.51328799e-06
-0.000344207
7.34443329e-06
-0.000321084413
2.27682077e-05
-0.000284086158
3.63909892e-05
-0.000236279548
4.68081178e-05
-0.000181958588
5.26689753e-05
-0.00012640375
5.28429731e-05
-7.54285356e-05
4.66824345e-05
-3.46816231e-05
3.43862448e-05
-8.71390873e-06
1.76132136e-05
1.52474558e-06
-3.43749702e-06
1.42888616e-06
-1.80438644e-05
-3.66676962e-06
-4.34060486e-05
-9.19113022e-06
-7.64336888e-05
-1.31125087e-05
-0.000113187165
-1.50566124e-05
-0.000149665101
-1.51249374e-05
-0.000182251525
-1.35809506e-05
-0.00020795284
-1.07457888e-05
-0.000224514106
-6.95323307e-06
-0.000230484775
-2.54262652e-06
-0.000225272648
2.13232801e-06
-0.000209197071
6.6926591e-06
-0.000183535346
1.07292734e-05
-0.00015053681
1.38095692e-05
-0.000113368302
1.55004522e-05
-7.59397674e-05
1.54144369e-05
-4.25472236e-05
1.3289901e-05
-1.72767343e-05
9.11576667e-06
-3.10385515e-06
3.44033857e-06
-1.57911154e-06
1.42892098e-06
-2.23782069e-06
-1.14289493e-05
-2.45414819e-05
-3.95981156e-05
-5.47230485e-05
-6.8303974e-05
-7.90497439e-05
-8.6002982e-05
-8.85456288e-05
-8.64133136e-05
-7.97206478e-05
-6.8991357e-05
-5.51817763e-05
-3.96813254e-05
-2.42668963e-05
-1.09769999e-05
-1.8612315e-06
1.57911122e-06
)
;

boundaryField
{
    walls
    {
        type            calculated;
        value           uniform 0;
    }
    mov_wall
    {
        type            calculated;
        value           uniform 0;
    }
    empty
    {
        type            empty;
        value           nonuniform 0();
    }
}


// ************************************************************************* //
