/*--------------------------------*- C++ -*----------------------------------*\
| =========                 |                                                 |
| \\      /  F ield         | OpenFOAM: The Open Source CFD Toolbox           |
|  \\    /   O peration     | Version:  5.x                                   |
|   \\  /    A nd           | Web:      www.OpenFOAM.org                      |
|    \\/     M anipulation  |                                                 |
\*---------------------------------------------------------------------------*/
FoamFile
{
    version     2.0;
    format      ascii;
    class       volVectorField;
    location    "5.4";
    object      U;
}
// * * * * * * * * * * * * * * * * * * * * * * * * * * * * * * * * * * * * * //

dimensions      [0 1 -1 0 0 0 0];

internalField   nonuniform List<vector> 
400
(
(0.291698383 0.149643861 0)
(0.388187106 0.128007716 0)
(0.557616042 0.0757318363 0)
(0.674785689 0.0433044437 0)
(0.743766587 0.0251591076 0)
(0.787075015 0.0148802978 0)
(0.815462953 0.00893092083 0)
(0.833939558 0.00530992771 0)
(0.845365462 0.00289956225 0)
(0.851349264 0.00108485405 2.66526886e-34)
(0.852640746 -0.000502852865 -2.66526886e-34)
(0.849354289 -0.00216072156 0)
(0.840973369 -0.00421710686 0)
(0.826113774 -0.00722098563 0)
(0.802020428 -0.0122364997 0)
(0.763538945 -0.0213892094 0)
(0.699488888 -0.0388386163 0)
(0.584557332 -0.0722732769 0)
(0.407900533 -0.12843631 0)
(0.300688067 -0.152947537 0)
(0.00120415695 0.287432461 0)
(0.0133209154 0.293872159 0)
(0.14004441 0.209904874 0)
(0.264971566 0.142986175 0)
(0.364177725 0.0968019928 0)
(0.440120051 0.0654411255 0)
(0.496541027 0.0439762519 0)
(0.536691058 0.0287011559 0)
(0.56327446 0.0170798553 0)
(0.57813734 0.0074230891 0)
(0.582210284 -0.00150101109 0)
(0.575515247 -0.0107977563 0)
(0.557109243 -0.021734655 0)
(0.524912992 -0.0361396924 0)
(0.475518408 -0.056963495 0)
(0.404326005 -0.0889771498 0)
(0.305687293 -0.139150756 0)
(0.174497787 -0.215275205 0)
(0.0341065802 -0.310801159 0)
(0.0108691544 -0.305909064 0)
(-0.0321467734 0.241773947 0)
(-0.0634303893 0.333547185 0)
(-0.0219362292 0.29950251 0)
(0.0505996046 0.24005168 0)
(0.127397366 0.183020819 0)
(0.196818597 0.135454532 0)
(0.25416709 0.0974523461 0)
(0.298088288 0.0668891712 0)
(0.328665666 0.0413758243 0)
(0.34630782 0.0187814628 -2.35797094e-33)
(0.351211312 -0.00280948889 2.35797094e-33)
(0.343126745 -0.0252950458 0)
(0.321277573 -0.0508299493 0)
(0.284432894 -0.082094833 0)
(0.231328816 -0.122479774 0)
(0.161916763 -0.175658038 0)
(0.0798350211 -0.243208455 0)
(-0.00333734394 -0.317981961 0)
(-0.0578531378 -0.366363504 0)
(-0.0313893226 -0.270690677 0)
(-0.0261204187 0.182361587 0)
(-0.0666192894 0.316884152 0)
(-0.0735378008 0.330901756 0)
(-0.0481307391 0.295352923 0)
(-0.00567219063 0.244253519 0)
(0.0411124647 0.192431752 0)
(0.0845450973 0.145095047 0)
(0.120424318 0.103006632 0)
(0.146585232 0.0651543633 0)
(0.16192547 0.0298884078 2.35546635e-33)
(0.165812814 -0.00469431899 -2.35546635e-33)
(0.1577988 -0.0406696157 0)
(0.137586493 -0.0803027383 0)
(0.105285203 -0.125979582 0)
(0.0620900208 -0.179774809 0)
(0.0116092678 -0.242029715 0)
(-0.0380283769 -0.307764351 0)
(-0.0720490939 -0.359579368 0)
(-0.0711639203 -0.355585638 0)
(-0.0287210583 -0.209178583 0)
(-0.0176296834 0.140767922 0)
(-0.0549165495 0.281827217 0)
(-0.0828630066 0.324484374 0)
(-0.0880762408 0.312396811 0)
(-0.0751197054 0.274441992 0)
(-0.0526276372 0.22677844 0)
(-0.0275118571 0.177302828 0)
(-0.00458010243 0.129145431 0)
(0.0130234756 0.0829123624 0)
(0.0233567833 0.0379330316 -2.94545623e-34)
(0.0253097396 -0.00710139261 2.94545623e-34)
(0.0184152051 -0.0537995177 0)
(0.0028869819 -0.103801258 0)
(-0.0200872083 -0.158367938 0)
(-0.0477708018 -0.217530725 0)
(-0.0750614624 -0.278347555 0)
(-0.0936267076 -0.3316948 0)
(-0.0922270535 -0.357398865 0)
(-0.063507467 -0.318879889 0)
(-0.0207312602 -0.162076726 0)
(-0.011654279 0.111592256 0)
(-0.0431522 0.243765278 0)
(-0.0782840014 0.299859416 0)
(-0.100579272 0.30500084 0)
(-0.108310604 0.280421274 0)
(-0.105716518 0.240369192 0)
(-0.0975361795 0.193277779 0)
(-0.0877934533 0.143545379 0)
(-0.079535201 0.0930260786 0)
(-0.074827231 0.0420752317 0)
(-0.0748481438 -0.00975925765 0)
(-0.0799345824 -0.0632506152 0)
(-0.0895000223 -0.119033269 0)
(-0.101812878 -0.176993441 0)
(-0.113690957 -0.235297922 0)
(-0.120284788 -0.288849075 0)
(-0.115237026 -0.327084783 0)
(-0.0922711115 -0.331566549 0)
(-0.0521876248 -0.275119688 0)
(-0.0142847847 -0.127260098 0)
(-0.00803185628 0.0899680208 0)
(-0.0343052822 0.207876706 0)
(-0.0703686597 0.267741369 0)
(-0.100959322 0.283509156 0)
(-0.12150912 0.269753787 0)
(-0.133061976 0.237807853 0)
(-0.138135845 0.195384133 0)
(-0.139450245 0.147216501 0)
(-0.139365669 0.0958906897 0)
(-0.139599241 0.0425957604 0)
(-0.141114126 -0.0122625688 0)
(-0.144054672 -0.0685401651 0)
(-0.147657209 -0.125824589 0)
(-0.1501406 -0.1827872 0)
(-0.148667744 -0.236314554 0)
(-0.139565535 -0.28039017 0)
(-0.119015759 -0.304900549 0)
(-0.0848747409 -0.294957285 0)
(-0.0422046429 -0.232154474 0)
(-0.010006589 -0.100709813 0)
(-0.0058981918 0.0731569042 0)
(-0.0280514413 0.175459933 0)
(-0.0624620757 0.233454979 0)
(-0.0961931104 0.254650703 0)
(-0.123784295 0.248662383 0)
(-0.144336459 0.223978325 0)
(-0.158622049 0.187072462 0)
(-0.168069551 0.142434114 0)
(-0.174171009 0.0929433487 0)
(-0.178091654 0.040353307 0)
(-0.180456271 -0.0142245243 0)
(-0.181230018 -0.0698446794 0)
(-0.179647308 -0.125225752 0)
(-0.174205195 -0.178177556 0)
(-0.162809068 -0.224940948 0)
(-0.14321256 -0.259512834 0)
(-0.113841644 -0.273201306 0)
(-0.0753166216 -0.254896365 0)
(-0.0343188972 -0.192925777 0)
(-0.00728498403 -0.0799917688 0)
(-0.00459312523 0.0595160146 0)
(-0.0235441733 0.146542619 0)
(-0.055342992 0.199662162 0)
(-0.0893196703 0.222701644 0)
(-0.120051817 0.221819425 0)
(-0.145609098 0.203131835 0)
(-0.165570662 0.171796551 0)
(-0.180317107 0.131775632 0)
(-0.190531075 0.0859405176 0)
(-0.196813732 0.0363510173 2.97711567e-34)
(-0.199448903 -0.0153915407 -2.97711567e-34)
(-0.198275641 -0.0677566447 0)
(-0.192646163 -0.1188678 0)
(-0.181489354 -0.166059305 0)
(-0.163546085 -0.205440864 0)
(-0.137858727 -0.231577787 0)
(-0.104503398 -0.237504906 0)
(-0.0656637309 -0.215386228 0)
(-0.0281738006 -0.158249845 0)
(-0.00551069064 -0.0634668203 0)
(-0.00373314497 0.0480883416 0)
(-0.0201212384 0.120839397 0)
(-0.0490153923 0.167676443 0)
(-0.0816389786 0.190287506 0)
(-0.112989445 0.19248766 0)
(-0.14068056 0.178557139 4.67988164e-33)
(-0.163557399 0.152465451 0)
(-0.181246291 0.117554995 0)
(-0.193784179 0.076504745 -4.7406394e-33)
(-0.201296969 0.0314710028 2.26591907e-36)
(-0.203789193 -0.0156743875 4.98648698e-36)
(-0.20103537 -0.0630555933 0)
(-0.192565939 -0.108481586 0)
(-0.17776552 -0.14914143 0)
(-0.156124908 -0.181360924 0)
(-0.127679779 -0.200524256 0)
(-0.0935645686 -0.201318532 0)
(-0.0566770466 -0.178463972 0)
(-0.0233146696 -0.128090143 0)
(-0.00429570638 -0.0500435359 0)
(-0.00311504024 0.038330637 0)
(-0.0173631179 0.0980508521 0)
(-0.0433176247 0.138129965 0)
(-0.0737180789 0.158979201 0)
(-0.10410445 0.16283823 0)
(-0.131970529 0.152618189 -4.67988164e-33)
(-0.155761614 0.131295708 0)
(-0.174612868 0.101603275 0)
(-0.188100227 0.0659289903 4.7406394e-33)
(-0.195997422 0.0263693644 1.49106891e-33)
(-0.198111609 -0.015123311 -1.49832132e-33)
(-0.194204008 -0.0565442374 0)
(-0.183996562 -0.0956260377 0)
(-0.16727718 -0.129654847 0)
(-0.144124399 -0.155368918 0)
(-0.115252464 -0.169022495 0)
(-0.0823814054 -0.166713885 0)
(-0.0485941023 -0.145040221 0)
(-0.0193975973 -0.102103347 0)
(-0.00342091053 -0.0390050026 0)
(-0.00263393323 0.0299262689 0)
(-0.0150226209 0.0779301327 0)
(-0.038097424 0.111311111 0)
(-0.0658175735 0.129695792 0)
(-0.0942794773 0.134263879 0)
(-0.121044024 0.12692535 0)
(-0.144383604 0.109860578 0)
(-0.163148984 0.0852480491 0)
(-0.176619514 0.0551416348 0)
(-0.184335482 0.0214703122 2.99742741e-34)
(-0.185982939 -0.0138813616 -2.99742741e-34)
(-0.181343671 -0.0489515335 0)
(-0.17031396 -0.0815745507 0)
(-0.152999255 -0.10928927 0)
(-0.129891611 -0.129330741 0)
(-0.102114505 -0.138764249 0)
(-0.0716393807 -0.134816138 0)
(-0.0414365928 -0.115407285 0)
(-0.0161843478 -0.0798582197 0)
(-0.00276403301 -0.0298606587 0)
(-0.00223473364 0.022680026 0)
(-0.0129541213 0.0602838633 0)
(-0.0332381461 0.0873308406 0)
(-0.0580555319 0.1029545 0)
(-0.084035387 0.107621819 0)
(-0.108906087 0.102520711 0)
(-0.130914076 0.0892086573 0)
(-0.148775828 0.0693818739 0)
(-0.16160355 0.0447501658 0)
(-0.168801296 0.0170067296 3.00137321e-34)
(-0.169993552 -0.0121372171 -3.00137321e-34)
(-0.164999672 -0.0408861778 0)
(-0.153857531 -0.0672953701 0)
(-0.136899078 -0.0892417021 0)
(-0.114876638 -0.104468703 0)
(-0.0891189128 -0.110744422 0)
(-0.0616328472 -0.106158119 0)
(-0.0351269748 -0.089535336 0)
(-0.0135037407 -0.0609264398 0)
(-0.00225327137 -0.0222578252 0)
(-0.00188545569 0.0164662538 0)
(-0.0110624812 0.0449645427 0)
(-0.0286411375 0.0662105125 0)
(-0.0504611271 0.0790278227 0)
(-0.0736531681 0.0834123296 0)
(-0.0961641856 0.0800414864 0)
(-0.116305919 0.0699953609 0)
(-0.132763336 0.0545610953 0)
(-0.144575597 0.0351143694 0)
(-0.151082436 0.0130747351 0)
(-0.151887899 -0.0100881582 0)
(-0.146853008 -0.032825081 0)
(-0.136119503 -0.0534823521 0)
(-0.120164251 -0.07030985 0)
(-0.0998793373 -0.0815299465 0)
(-0.0766571226 -0.0854921382 0)
(-0.0524122148 -0.080923542 0)
(-0.029530036 -0.0672469529 0)
(-0.0112185725 -0.0449266636 0)
(-0.0018412967 -0.0159381034 0)
(-0.00156252009 0.0112077451 0)
(-0.00926988204 0.0318705358 0)
(-0.0242025166 0.0479368802 0)
(-0.0429884401 0.0580490783 0)
(-0.0632319139 0.0619115039 0)
(-0.0831208751 0.0598559161 0)
(-0.101086254 0.0526055517 0)
(-0.115849131 0.0411071755 0)
(-0.126440923 0.0264236406 0)
(-0.132187236 0.00968561351 0)
(-0.132697635 -0.00791671463 0)
(-0.127870723 -0.0251250535 0)
(-0.117915461 -0.0406102754 0)
(-0.103386532 -0.0529974503 0)
(-0.0852272494 -0.0609386952 0)
(-0.0648019868 -0.0632496871 0)
(-0.0438652645 -0.0591133859 0)
(-0.0244675037 -0.048324992 0)
(-0.00920309445 -0.0315520078 0)
(-0.00149088398 -0.0107193778 0)
(-0.00124269462 0.00687236514 0)
(-0.00749726912 0.020953935 0)
(-0.019799678 0.0325014307 0)
(-0.0355241914 0.0400873054 0)
(-0.0527239593 0.0432717694 0)
(-0.0698331055 0.0421741855 0)
(-0.0854326635 0.037260616 0)
(-0.0983251753 0.0291991459 0)
(-0.107580785 0.0187673623 0)
(-0.112546717 0.00680865084 0)
(-0.112854332 -0.00578010584 0)
(-0.108431632 -0.0180487572 0)
(-0.0995214537 -0.0289997759 0)
(-0.0867021698 -0.0376160656 0)
(-0.0709039766 -0.0429246722 0)
(-0.0534054909 -0.0441071843 0)
(-0.0357703074 -0.0406592861 0)
(-0.0197281054 -0.0325810794 0)
(-0.0073307302 -0.0205903324 0)
(-0.00116697676 -0.00649226888 0)
(-0.00089988367 0.00347704425 0)
(-0.00566093574 0.0122244256 0)
(-0.0152978518 0.0199179375 0)
(-0.0279091946 0.0251886546 0)
(-0.0419708325 0.0275859352 0)
(-0.0561592773 0.0271262759 0)
(-0.0692274825 0.0240986744 0)
(-0.0800968227 0.0189454294 0)
(-0.0879159956 0.0121895908 0)
(-0.0920844184 0.00440206751 0)
(-0.0922681469 -0.00380767194 0)
(-0.0884155115 -0.0117927616 0)
(-0.0807724932 -0.0188748761 0)
(-0.0698942082 -0.0243659755 0)
(-0.0566454557 -0.0276151936 0)
(-0.0421770497 -0.0280887033 0)
(-0.0278468975 -0.0254864154 0)
(-0.0150887325 -0.0198866092 0)
(-0.00547449528 -0.0119313564 0)
(-0.000833547914 -0.00322197527 0)
(-0.000507506329 0.00108921204 0)
(-0.00368889186 0.00574014073 0)
(-0.0105872293 0.0102223779 0)
(-0.0199879432 0.0134022112 0)
(-0.0307552954 0.0149400964 0)
(-0.0418076523 0.0148327234 0)
(-0.0521004724 0.0132501884 0)
(-0.060720595 0.01045168 0)
(-0.0669425873 0.00673881358 0)
(-0.0702538315 0.00243728129 0)
(-0.0703711863 -0.00210635007 0)
(-0.0672558373 -0.0065233835 0)
(-0.06112639 -0.0104252509 0)
(-0.0524664988 -0.0134154701 0)
(-0.0420201096 -0.0151167135 0)
(-0.030762663 -0.0152183519 0)
(-0.0198243279 -0.0135494044 0)
(-0.0103615202 -0.0101761643 0)
(-0.00352670112 -0.00555507341 0)
(-0.000456470428 -0.000945966024 0)
(-6.44884211e-05 -0.000176236833 0)
(-0.0015989849 0.0016366213 0)
(-0.00569518822 0.00359860234 0)
(-0.0117199348 0.00501067625 0)
(-0.0188880527 0.00571684369 0)
(-0.0263913883 0.00573382937 0)
(-0.0334549851 0.00514772529 0)
(-0.0394084996 0.00407327118 0)
(-0.0437225498 0.00263489168 0)
(-0.0460238875 0.000961859339 0)
(-0.0461058254 -0.000810106451 0)
(-0.0439388705 -0.00253598853 0)
(-0.0396813813 -0.00406055974 0)
(-0.0336869553 -0.0052217537 0)
(-0.0265027374 -0.00586030513 0)
(-0.0188496269 -0.00583829745 0)
(-0.0115675433 -0.00507039505 0)
(-0.00551559555 -0.0035709534 0)
(-0.00148203413 -0.0015525861 0)
(-3.10929789e-05 0.000233978128 0)
(0.00026139752 -0.000255576165 0)
(0.00015144428 0.00010207572 0)
(-0.00117495007 0.000547416854 0)
(-0.00348063209 0.000863515512 0)
(-0.00637558593 0.00102207636 0)
(-0.00946687499 0.0010379763 0)
(-0.0124000354 0.00093621928 0)
(-0.0148817748 0.000743063494 0)
(-0.0166860991 0.000483181079 0)
(-0.0176547267 0.000180087274 1.08300179e-33)
(-0.0176985227 -0.000142309639 -1.08300179e-33)
(-0.0168014873 -0.000458218992 0)
(-0.0150266285 -0.000739018466 0)
(-0.0125218992 -0.000953243489 0)
(-0.00952354816 -0.00106773166 0)
(-0.00635302407 -0.00105052605 0)
(-0.00340015025 -0.000876788456 0)
(-0.00108361552 -0.000539616245 0)
(0.000206111104 -8.25142589e-05 0)
(0.000274563917 0.000266745787 0)
)
;

boundaryField
{
    walls
    {
        type            fixedValue;
        value           uniform (0 0 0);
    }
    mov_wall
    {
        type            fixedValue;
        value           uniform (1 0 0);
    }
    empty
    {
        type            empty;
    }
}


// ************************************************************************* //
