/*--------------------------------*- C++ -*----------------------------------*\
| =========                 |                                                 |
| \\      /  F ield         | OpenFOAM: The Open Source CFD Toolbox           |
|  \\    /   O peration     | Version:  5.x                                   |
|   \\  /    A nd           | Web:      www.OpenFOAM.org                      |
|    \\/     M anipulation  |                                                 |
\*---------------------------------------------------------------------------*/
FoamFile
{
    version     2.0;
    format      ascii;
    class       volScalarField;
    location    "5";
    object      p;
}
// * * * * * * * * * * * * * * * * * * * * * * * * * * * * * * * * * * * * * //

dimensions      [0 2 -2 0 0 0 0];

internalField   nonuniform List<scalar> 
400
(
2.29467736e-06
2.45246211
3.49432585
3.89888202
4.10664997
4.22470945
4.2942941
4.34028098
4.37634148
4.41011359
4.44676251
4.49091739
4.54765706
4.62449216
4.73480035
4.90459881
5.18238246
5.68420384
6.84131844
9.41172748
1.88670777
2.86729199
3.41988622
3.74774653
3.96518351
4.10974997
4.20767699
4.27899495
4.33674753
4.38961587
4.44424805
4.50657454
4.58333612
4.68330043
4.81972896
5.01368173
5.29402494
5.69847167
6.3384182
7.42837393
2.98208039
3.26253279
3.5423337
3.77068221
3.94570836
4.07571845
4.17322831
4.25000595
4.31527827
4.37623861
4.43892777
4.50902425
4.59257773
4.69678536
4.83085279
5.00664085
5.23632436
5.52394189
5.86049337
6.19824016
3.52778682
3.58534539
3.72178801
3.86537937
3.98906673
4.09083502
4.1746129
4.24571663
4.30952953
4.3710258
4.43477727
4.50520703
4.58679108
4.68425719
4.80245382
4.94569537
5.11575209
5.30515059
5.47833957
5.55964154
3.84421974
3.8268831
3.88518244
3.96938554
4.05222236
4.12779363
4.19567125
4.2574804
4.31592547
4.37409485
4.4350677
4.50186023
4.57733375
4.66400862
4.7635066
4.87551366
4.99636173
5.11480452
5.19584855
5.1837184
4.04550369
4.0036614
4.02142867
4.06785239
4.1213849
4.1757435
4.22885742
4.28054032
4.33186269
4.38449421
4.44027354
4.50097068
4.56805141
4.64232893
4.72332886
4.80836893
4.89180938
4.9626806
4.99308324
4.94681052
4.18058824
4.13383342
4.13184136
4.15537108
4.18883596
4.22706913
4.2677295
4.30987434
4.35363988
4.39973378
4.4490408
4.50233942
4.56002151
4.62172434
4.68578789
4.74862846
4.8045623
4.8446683
4.8486272
4.79368257
4.27566097
4.23084494
4.21966255
4.2296768
4.24984818
4.27635706
4.30712473
4.3409852
4.377581
4.41700146
4.45945383
4.5049987
4.55328778
4.60325176
4.65270749
4.69801367
4.73426105
4.75484925
4.74556301
4.6920447
4.34467646
4.30373336
4.28863136
4.29082994
4.30237862
4.32057395
4.34373229
4.37070413
4.40089543
4.43401791
4.46983062
4.50792005
4.54748588
4.58711149
4.62451584
4.65641565
4.67889593
4.6873355
4.67188167
4.623219
4.39526149
4.35850664
4.34215942
4.33996045
4.34599142
4.35836348
4.37576314
4.39714715
4.42182753
4.44930095
4.47905303
4.5103891
4.5422764
4.57319476
4.60100262
4.62292847
4.63599798
4.63709456
4.61932697
4.57637994
4.43196577
4.39925972
4.38305645
4.37851262
4.38106797
4.38939821
4.40248943
4.41942641
4.43950405
4.4621109
4.48658446
4.51208895
4.53751001
4.56137089
4.58177825
4.59648341
4.60329668
4.60017571
4.5822079
4.544896
4.45777867
4.4288978
4.41358231
4.40794682
4.40838159
4.41394936
4.42386622
4.43734045
4.45369004
4.47226305
4.49233297
4.51301591
4.53320864
4.55155344
4.56643504
4.57607249
4.57888773
4.57357674
4.5565573
4.52448003
4.47482964
4.44957551
4.43556335
4.42962248
4.42885495
4.43259571
4.4402376
4.45110054
4.46454486
4.47991763
4.4964793
4.51335244
4.52949324
4.54369063
4.5545939
4.5608128
4.56122926
4.55503802
4.53957534
4.51226147
4.48473258
4.46296147
4.45049519
4.44475345
4.4434186
4.44603081
4.4521246
4.46111958
4.47242491
4.48540525
4.49933274
4.51336099
4.52652189
4.53774839
4.54592017
4.54996122
4.54909563
4.54285906
4.52925746
4.50627398
4.4887761
4.47040481
4.45962289
4.45439561
4.45292936
4.45493883
4.46008076
4.46786404
4.47774395
4.48910492
4.50123455
4.51331865
4.52445804
4.53370828
4.54013682
4.54291505
4.54152515
4.53575064
4.52413661
4.50513779
4.4880634
4.47305908
4.46401153
4.45945744
4.45813333
4.45992618
4.46460734
4.47176493
4.48088929
4.49137274
4.50250461
4.51348531
4.5234602
4.53157307
4.53703269
4.5392017
4.5377645
4.5327099
4.52308566
4.5078233
4.48367056
4.4720125
4.46464299
4.46076495
4.45970418
4.46153931
4.46615563
4.47320813
4.48220292
4.49251636
4.50341189
4.51407227
4.52364947
4.53133111
4.53641785
4.53841469
4.53717256
4.53288044
4.52512859
4.51341831
4.47685777
4.46838998
4.46243156
4.45901801
4.45816454
4.46017244
4.46503734
4.47245963
4.48193008
4.49277256
4.50418357
4.5152826
4.52517678
4.53304113
4.53821018
4.54028042
4.53924122
4.53550068
4.5292899
4.52085838
4.46928839
4.46319674
4.45767662
4.45397035
4.45292439
4.45509167
4.46054539
4.46897072
4.47977333
4.49215124
4.5051564
4.51776073
4.52893348
4.53773661
4.54343673
4.54563316
4.5444066
4.54041837
4.53470131
4.52866827
4.46345132
4.4575255
4.45037292
4.44492937
4.44290577
4.44509786
4.4515699
4.46187524
4.47521712
4.49055338
4.50667459
4.52227831
4.53605576
4.54680178
4.5535544
4.55576769
4.55352254
4.54775168
4.5403538
4.53446442
)
;

boundaryField
{
    walls
    {
        type            zeroGradient;
    }
    mov_wall
    {
        type            zeroGradient;
    }
    empty
    {
        type            empty;
    }
}


// ************************************************************************* //
