/*--------------------------------*- C++ -*----------------------------------*\
| =========                 |                                                 |
| \\      /  F ield         | OpenFOAM: The Open Source CFD Toolbox           |
|  \\    /   O peration     | Version:  5.x                                   |
|   \\  /    A nd           | Web:      www.OpenFOAM.org                      |
|    \\/     M anipulation  |                                                 |
\*---------------------------------------------------------------------------*/
FoamFile
{
    version     2.0;
    format      ascii;
    class       surfaceScalarField;
    location    "5";
    object      phi;
}
// * * * * * * * * * * * * * * * * * * * * * * * * * * * * * * * * * * * * * //

dimensions      [0 3 -1 0 0 0 0];

internalField   nonuniform List<scalar> 
760
(
0.0013481764
-0.00134817749
0.00245763966
-0.00110946326
0.00313513462
-0.000677494956
0.00355971569
-0.000424581066
0.00383225129
-0.000272535607
0.00400945214
-0.000177200851
0.0041252145
-0.000115762349
0.00419921707
-7.40025704e-05
0.00424243236
-4.32152798e-05
0.00426055358
-1.81212315e-05
0.00425562235
4.93123318e-06
0.00422675778
2.88645778e-05
0.0041693894
5.73683852e-05
0.00407358505
9.58043537e-05
0.00391995094
0.000153634104
0.00367201929
0.000247931642
0.00326316023
0.000408859072
0.00257264076
0.000690519471
0.00140850173
0.00116413904
0.00140850173
-5.46953988e-05
-0.00129348209
0.000412592522
-0.00157675118
0.00103002972
-0.00129493215
0.00157871381
-0.000973265151
0.00201483265
-0.000708654447
0.00234477722
-0.000507145423
0.00258511628
-0.000356101408
0.00275126939
-0.00024015567
0.00285456778
-0.000146513662
0.00290179531
-6.53487562e-05
0.00289536659
1.13599535e-05
0.00283293035
9.13008141e-05
0.00270712573
0.000183173011
0.00250436374
0.000298566353
0.00220410988
0.000453887968
0.00178090172
0.000671139801
0.00121756799
0.0009721928
0.000552812555
0.0013552749
1.30664739e-05
0.00170388512
0.00142156821
-0.000271734713
-0.00102174738
-0.000221026682
-0.00162745921
7.13677144e-05
-0.00158732654
0.000446285575
-0.00134818301
0.000812489622
-0.00107485849
0.00112929922
-0.000823955015
0.00138207827
-0.000608880459
0.00156800784
-0.000426085238
0.00168837693
-0.000266882747
0.00174468451
-0.000121656333
0.00173678974
1.92547298e-05
0.0016621344
0.000165956154
0.00151571286
0.000329594545
0.00129125422
0.000523024998
0.000985011681
0.000760130518
0.000605009647
0.00105114184
0.000189850705
0.00138735174
-0.000160045082
0.00170517069
-0.000261640635
0.00180548067
0.00115992759
-0.000227941612
-0.000793805761
-0.000361197379
-0.00149420344
-0.000308328293
-0.00164019562
-0.000134821281
-0.00152169001
8.92093196e-05
-0.00129888908
0.000314971813
-0.0010497175
0.00051326295
-0.000807171595
0.000668299969
-0.000581122258
0.000771990282
-0.000370573058
0.000820036083
-0.000169702126
0.000809727628
2.95631916e-05
0.000739201003
0.000236482781
0.000607935645
0.0004608599
0.00041911085
0.000711849792
0.000184524311
0.000994717063
-6.71911844e-05
0.00130285735
-0.000280617548
0.00160077811
-0.000369418483
0.00179397162
-0.000246993637
0.00168305583
0.000912933953
-0.000168965232
-0.000624840523
-0.000352016224
-0.00131115245
-0.00043155774
-0.00156065411
-0.000408909045
-0.00154433871
-0.000319435241
-0.00138836288
-0.000200095236
-0.0011690575
-7.98101308e-05
-0.000927456697
2.15782027e-05
-0.000682510593
9.14286483e-05
-0.000440423505
0.000122135344
-0.000200408817
0.000109757166
4.19413787e-05
5.36456933e-05
0.00029259426
-4.27490294e-05
0.000557254622
-0.000169694058
0.000838794817
-0.000307652453
0.00113267546
-0.00042346864
0.00141867354
-0.000470024877
0.00164733436
-0.000397824826
0.00172177157
-0.000196431031
0.00148166203
0.000716502922
-0.000124192147
-0.000500648373
-0.000308335663
-0.00112700893
-0.000450494142
-0.00141849563
-0.000523204071
-0.00147162878
-0.000535391114
-0.00137617584
-0.00050816087
-0.00119628774
-0.000463156931
-0.000972460628
-0.000418060979
-0.000727606543
-0.000385619055
-0.000472865433
-0.000373912111
-0.000212115762
-0.000386727962
5.4757237e-05
-0.000423459522
0.000329325831
-0.00047835639
0.000612151494
-0.00053917829
0.000899616715
-0.000585818899
0.00117931606
-0.00059051235
0.001423367
-0.000523085137
0.00157990715
-0.000366699084
0.00156538553
-0.000150585985
0.00126554893
0.000565916933
-9.45729414e-05
-0.000406075433
-0.000264649757
-0.000956932103
-0.000430738411
-0.00125240697
-0.00055697698
-0.00134539021
-0.000636793262
-0.00129635956
-0.000678141808
-0.00115493919
-0.000693943962
-0.000956658465
-0.000696929271
-0.000724621226
-0.000697274089
-0.000472520615
-0.000701661794
-0.000207728063
-0.000712860747
6.59561907e-05
-0.000729336387
0.000345801481
-0.000744753821
0.000627568939
-0.000747580312
0.000902443209
-0.000721469915
0.00115320566
-0.000647843405
0.00134974048
-0.00051287693
0.00144494068
-0.00032120628
0.00137371489
-0.000116485698
0.00106082836
0.000449431231
-7.53437427e-05
-0.000330731694
-0.000228206824
-0.000804069014
-0.000398353674
-0.00108226011
-0.000550539546
-0.00119320434
-0.000670626484
-0.00117627262
-0.00075757838
-0.0010679873
-0.000816784846
-0.000897451993
-0.000855587471
-0.00068581859
-0.00088062432
-0.000447483759
-0.00089636035
-0.000191992037
-0.000904270117
7.38659508e-05
-0.000902360339
0.000343891704
-0.000884972224
0.000610180836
-0.000843104169
0.000860575166
-0.000765820199
0.00107592169
-0.000643664749
0.00122758503
-0.000475103951
0.00127637988
-0.00027630985
0.00117492079
-9.2132859e-05
0.000876651377
0.000357298374
-6.22883115e-05
-0.000268443385
-0.000198541328
-0.000667815994
-0.000362893662
-0.000917907769
-0.000523850736
-0.00103224726
-0.000664415244
-0.00103570811
-0.000778128947
-0.000954273599
-0.000864812205
-0.000810768737
-0.0009271655
-0.000623465286
-0.000968399701
-0.000406249544
-0.000990721228
-0.000169670505
-0.000994436389
7.75811051e-05
-0.000977525764
0.000326981072
-0.000935695023
0.000568350099
-0.000863101249
0.000787981405
-0.000754123162
0.000966943616
-0.000606626313
0.00108008818
-0.000426950417
0.00109670398
-0.000236038296
0.00098400867
-7.43490228e-05
0.000714962108
0.000282949357
-5.27689696e-05
-0.000215674414
-0.000173812796
-0.00054677217
-0.000327557413
-0.000764163148
-0.000486865989
-0.000872938671
-0.000634380195
-0.000888193897
-0.00076075787
-0.000827895926
-0.000862116685
-0.00070940993
-0.000937654786
-0.000547927185
-0.000987783246
-0.000356121072
-0.00101282397
-0.000144629765
-0.00101222277
7.69799086e-05
-0.000984240716
0.000298999008
-0.000926163087
0.000510272463
-0.00083515883
0.000696977154
-0.000709976096
0.000841760895
-0.00055359733
0.000923709423
-0.000376676983
0.000919783635
-0.000200960054
0.000808291736
-6.08626312e-05
0.000574864684
0.000222086732
-4.52979228e-05
-0.000170376484
-0.000152453977
-0.000439616122
-0.000293299623
-0.000623317504
-0.000444763114
-0.000721475174
-0.000590345848
-0.00074261115
-0.00071947336
-0.000698768407
-0.000826046358
-0.000602836937
-0.000906878232
-0.000467095319
-0.000960347599
-0.000302651703
-0.000985403164
-0.000119574186
-0.000980963164
7.25399217e-05
-0.000945732119
0.000263767965
-0.000878480046
0.000443020381
-0.000778855077
0.00059735218
-0.000648784064
0.000711689888
-0.000494403552
0.000769328923
-0.000328204154
0.000753584244
-0.00017067837
0.000650765952
-5.02806609e-05
0.000454466972
0.000171806073
-3.90621747e-05
-0.000131314299
-0.000133403797
-0.000345274501
-0.000260349974
-0.000496371331
-0.00040038898
-0.000581436169
-0.000538431203
-0.000604568919
-0.000663692784
-0.000573506811
-0.000768938049
-0.000497591667
-0.00084952309
-0.000386510286
-0.000902500954
-0.000249673847
-0.000925934115
-9.61410222e-05
-0.000918488884
6.50947063e-05
-0.000879356196
0.000224635289
-0.000808535339
0.000372199524
-0.000707505283
0.000496322116
-0.000580261706
0.000584446307
-0.000434588346
0.000623655569
-0.000283248294
0.000602244203
-0.000144573363
0.000512091029
-4.17551859e-05
0.000351648796
0.000130050884
-3.36094065e-05
-9.77048853e-05
-0.000115973496
-0.000262910403
-0.000228685884
-0.000383658946
-0.000355331149
-0.000454790911
-0.0004824485
-0.000477451568
-0.000599656652
-0.000456298649
-0.000699324729
-0.000397923574
-0.000776050478
-0.000309784532
-0.000826127636
-0.000199596698
-0.000847124153
-7.51445143e-05
-0.000837646102
5.56166601e-05
-0.000797332208
0.00018432141
-0.000727102527
0.000301969855
-0.000629656434
0.000398876023
-0.000510163482
0.000464953348
-0.000377005152
0.000490497236
-0.000242314871
0.000467553927
-0.000121978234
0.0003917544
-3.47332138e-05
0.000264403783
9.53176682e-05
-2.8657497e-05
-6.90473902e-05
-9.96602219e-05
-0.000191907663
-0.000198116998
-0.000285202163
-0.000310357559
-0.000342550354
-0.000424616072
-0.000363193064
-0.000531265899
-0.000349648821
-0.000622765453
-0.000306424007
-0.000693446624
-0.000239103346
-0.000739258808
-0.000153784511
-0.000757558041
-5.68452901e-05
-0.000747003463
4.50620753e-05
-0.000707597947
0.000144915899
-0.000640884399
0.000235256321
-0.000550277061
0.000308268695
-0.000441462349
0.000356138637
-0.000322745864
0.000371780747
-0.000205166592
0.000349974654
-0.000102185445
0.000288773258
-2.88024163e-05
0.000191020762
6.65152533e-05
-2.39812183e-05
-4.50661808e-05
-8.3997436e-05
-0.000131891433
-0.000168257088
-0.000200942498
-0.00026559548
-0.000245211957
-0.000365935591
-0.000262852959
-0.000460594503
-0.000254989916
-0.000542423539
-0.000224594968
-0.000605821315
-0.000175705557
-0.000646681721
-0.000112924092
-0.000662339377
-4.11876315e-05
-0.000651561336
3.42840262e-05
-0.000614612954
0.000107967511
-0.000553400644
0.000174044016
-0.000471663895
0.000226531957
-0.000375154001
0.000259628751
-0.000271701954
0.000268328701
-0.000171058862
0.00024933156
-8.4417074e-05
0.00020213147
-2.35998675e-05
0.000130203559
4.29153897e-05
-1.93492302e-05
-2.57169583e-05
-6.84700386e-05
-8.27706218e-05
-0.00013850675
-0.000130905776
-0.000220638065
-0.000163080629
-0.000306428402
-0.000177062619
-0.000388228754
-0.000173189571
-0.00045947418
-0.000153349549
-0.000514859812
-0.000120319922
-0.000550429787
-7.73541037e-05
-0.000563627554
-2.79898522e-05
-0.000553348421
2.40048947e-05
-0.000520016436
7.46355201e-05
-0.000465682623
0.000119710199
-0.000394114919
0.000154964258
-0.000310822985
0.000176336827
-0.000222941262
0.000180446985
-0.000138894622
0.000165284922
-6.7813521e-05
0.000131050368
-1.87621165e-05
8.1152155e-05
2.41532766e-05
-1.45055266e-05
-1.12114301e-05
-5.2521113e-05
-4.47550429e-05
-0.000108122815
-7.53040705e-05
-0.00017468779
-9.65156435e-05
-0.000245343229
-0.000106407167
-0.000313520808
-0.000105011989
-0.0003733879
-9.34824631e-05
-0.000420129431
-7.35783971e-05
-0.000450116077
-4.73674543e-05
-0.000461009079
-1.70968388e-05
-0.000451841626
1.48374521e-05
-0.000423096903
4.58907983e-05
-0.000376775974
7.33892665e-05
-0.00031642646
9.46147417e-05
-0.000247079555
0.000106989926
-0.000175030353
0.000108397791
-0.00010740306
9.76576344e-05
-5.14858466e-05
7.51331568e-05
-1.39146241e-05
4.35809328e-05
1.02386541e-05
-9.20279027e-06
-2.0086284e-06
-3.56847395e-05
-1.82731036e-05
-7.64355317e-05
-3.45532831e-05
-0.000126811026
-4.6140147e-05
-0.000181408064
-5.1810117e-05
-0.000234817138
-5.16029031e-05
-0.00028213222
-4.6167377e-05
-0.00031926354
-3.6447082e-05
-0.000343116517
-2.35144819e-05
-0.000351700048
-8.51330458e-06
-0.000344207015
7.34442894e-06
-0.000321084425
2.27682175e-05
-0.000284086158
3.6391001e-05
-0.000236279538
4.680812e-05
-0.00018195858
5.26689676e-05
-0.000126403751
5.2842964e-05
-7.54285417e-05
4.66824313e-05
-3.46816274e-05
3.43862471e-05
-8.71390865e-06
1.76132166e-05
1.52474586e-06
-3.4375135e-06
1.42889995e-06
-1.80438719e-05
-3.66675316e-06
-4.34060375e-05
-9.19112508e-06
-7.64336713e-05
-1.3112519e-05
-0.000113187159
-1.50566263e-05
-0.000149665112
-1.51249401e-05
-0.000182251539
-1.35809397e-05
-0.000207952841
-1.0745777e-05
-0.000224514094
-6.95323311e-06
-0.000230484763
-2.54263794e-06
-0.000225272648
2.13231723e-06
-0.000209197081
6.69265892e-06
-0.000183535355
1.07292821e-05
-0.00015053681
1.38095773e-05
-0.000113368296
1.55004528e-05
-7.5939763e-05
1.54144315e-05
-4.25472243e-05
1.32898956e-05
-1.72767376e-05
9.11576523e-06
-3.10385684e-06
3.44034015e-06
-1.57911016e-06
1.42890686e-06
-2.23783494e-06
-1.14289528e-05
-2.45414722e-05
-3.95981041e-05
-5.47230476e-05
-6.83039838e-05
-7.90497531e-05
-8.60029811e-05
-8.85456198e-05
-8.64133062e-05
-7.97206487e-05
-6.89913636e-05
-5.51817815e-05
-3.96813253e-05
-2.4266893e-05
-1.09769976e-05
-1.86123173e-06
1.57911015e-06
)
;

boundaryField
{
    walls
    {
        type            calculated;
        value           uniform 0;
    }
    mov_wall
    {
        type            calculated;
        value           uniform 0;
    }
    empty
    {
        type            empty;
        value           nonuniform 0();
    }
}


// ************************************************************************* //
