/*--------------------------------*- C++ -*----------------------------------*\
| =========                 |                                                 |
| \\      /  F ield         | OpenFOAM: The Open Source CFD Toolbox           |
|  \\    /   O peration     | Version:  5.x                                   |
|   \\  /    A nd           | Web:      www.OpenFOAM.org                      |
|    \\/     M anipulation  |                                                 |
\*---------------------------------------------------------------------------*/
FoamFile
{
    version     2.0;
    format      ascii;
    class       volVectorField;
    location    "5";
    object      U;
}
// * * * * * * * * * * * * * * * * * * * * * * * * * * * * * * * * * * * * * //

dimensions      [0 1 -1 0 0 0 0];

internalField   nonuniform List<vector> 
400
(
(0.291698374 0.149643871 0)
(0.388187091 0.128007722 0)
(0.557616034 0.0757318381 0)
(0.674785685 0.043304444 0)
(0.743766585 0.0251591077 0)
(0.787075015 0.0148802985 0)
(0.815462953 0.00893092187 0)
(0.833939557 0.00530992814 0)
(0.84536546 0.00289956166 0)
(0.851349262 0.0010848532 2.6652692e-34)
(0.852640746 -0.000502852885 -2.6652692e-34)
(0.84935429 -0.00216072064 0)
(0.84097337 -0.00421710607 0)
(0.826113773 -0.00722098594 0)
(0.802020426 -0.0122365008 0)
(0.763538945 -0.02138921 0)
(0.69948889 -0.0388386155 0)
(0.584557334 -0.0722732753 0)
(0.407900534 -0.128436308 0)
(0.300688068 -0.152947536 0)
(0.00120415112 0.287432477 0)
(0.0133209053 0.29387217 0)
(0.140044403 0.209904878 0)
(0.264971559 0.142986177 0)
(0.364177719 0.0968019932 0)
(0.440120048 0.0654411266 0)
(0.496541026 0.0439762541 0)
(0.536691057 0.0287011575 0)
(0.563274458 0.0170798549 0)
(0.578137337 0.00742308736 0)
(0.582210282 -0.00150101184 0)
(0.575515248 -0.010797755 0)
(0.557109244 -0.021734653 0)
(0.524912992 -0.0361396922 0)
(0.475518406 -0.056963497 0)
(0.404326002 -0.0889771517 0)
(0.305687292 -0.139150756 0)
(0.174497788 -0.215275203 0)
(0.0341065828 -0.310801156 0)
(0.0108691557 -0.305909063 0)
(-0.0321467759 0.241773954 0)
(-0.063430394 0.333547194 0)
(-0.021936234 0.299502516 0)
(0.0505995989 0.240051684 0)
(0.12739736 0.18302082 0)
(0.196818591 0.135454532 0)
(0.254167087 0.0974523481 0)
(0.298088287 0.0668891739 0)
(0.328665665 0.0413758256 0)
(0.346307817 0.0187814617 -2.35797124e-33)
(0.351211308 -0.00280949064 2.35797124e-33)
(0.343126743 -0.0252950458 0)
(0.321277574 -0.0508299473 0)
(0.284432895 -0.0820948312 0)
(0.231328815 -0.122479775 0)
(0.16191676 -0.17565804 0)
(0.0798350186 -0.243208457 0)
(-0.00333734365 -0.317981961 0)
(-0.0578531353 -0.366363502 0)
(-0.0313893211 -0.270690676 0)
(-0.0261204205 0.182361589 0)
(-0.0666192925 0.316884158 0)
(-0.0735378033 0.330901763 0)
(-0.0481307421 0.295352929 0)
(-0.00567219563 0.244253521 0)
(0.0411124584 0.192431753 0)
(0.0845450925 0.145095048 0)
(0.120424317 0.103006635 0)
(0.146585233 0.0651543661 0)
(0.161925469 0.0298884085 2.35546664e-33)
(0.16581281 -0.00469432067 -2.35546664e-33)
(0.157798796 -0.0406696172 0)
(0.137586492 -0.0803027374 0)
(0.105285205 -0.12597958 0)
(0.062090022 -0.179774808 0)
(0.0116092659 -0.242029716 0)
(-0.0380283802 -0.307764354 0)
(-0.0720490954 -0.359579369 0)
(-0.071163919 -0.355585637 0)
(-0.0287210571 -0.209178581 0)
(-0.0176296852 0.140767923 0)
(-0.0549165528 0.28182722 0)
(-0.0828630085 0.324484379 0)
(-0.0880762417 0.312396817 0)
(-0.0751197075 0.274441996 0)
(-0.0526276422 0.226778441 0)
(-0.0275118631 0.177302828 0)
(-0.00458010583 0.129145432 0)
(0.0130234758 0.0829123658 0)
(0.0233567839 0.0379330345 -2.94545659e-34)
(0.025309737 -0.00710139283 2.94545659e-34)
(0.0184152 -0.05379952 0)
(0.00288697852 -0.103801259 0)
(-0.0200872076 -0.158367936 0)
(-0.0477707993 -0.217530722 0)
(-0.0750614621 -0.278347554 0)
(-0.0936267101 -0.331694802 0)
(-0.0922270564 -0.357398868 0)
(-0.0635074678 -0.318879889 0)
(-0.0207312599 -0.162076725 0)
(-0.0116542805 0.111592256 0)
(-0.0431522034 0.243765279 0)
(-0.0782840042 0.299859419 0)
(-0.100579273 0.305000845 0)
(-0.108310604 0.280421279 0)
(-0.10571652 0.240369195 0)
(-0.097536185 0.193277778 0)
(-0.0877934588 0.143545379 0)
(-0.0795352027 0.0930260807 0)
(-0.0748272294 0.0420752357 0)
(-0.0748481434 -0.00975925532 0)
(-0.0799345861 -0.0632506165 0)
(-0.0895000276 -0.119033272 0)
(-0.10181288 -0.176993441 0)
(-0.113690955 -0.235297919 0)
(-0.120284786 -0.288849072 0)
(-0.115237026 -0.327084782 0)
(-0.0922711143 -0.33156655 0)
(-0.0521876272 -0.27511969 0)
(-0.0142847854 -0.127260098 0)
(-0.0080318566 0.0899680221 0)
(-0.0343052844 0.207876706 0)
(-0.0703686634 0.267741369 0)
(-0.100959324 0.283509159 0)
(-0.121509119 0.269753792 0)
(-0.133061975 0.237807857 0)
(-0.138135847 0.195384134 0)
(-0.139450251 0.1472165 0)
(-0.139365674 0.0958906892 0)
(-0.139599241 0.0425957635 0)
(-0.141114123 -0.0122625643 0)
(-0.144054672 -0.0685401636 0)
(-0.147657214 -0.125824592 0)
(-0.150140605 -0.182787202 0)
(-0.148667745 -0.236314553 0)
(-0.139565532 -0.280390166 0)
(-0.119015757 -0.304900546 0)
(-0.0848747416 -0.294957285 0)
(-0.0422046453 -0.232154476 0)
(-0.0100065903 -0.100709814 0)
(-0.00589819066 0.0731569065 0)
(-0.0280514409 0.175459934 0)
(-0.0624620789 0.233454979 0)
(-0.0961931144 0.254650703 0)
(-0.123784296 0.248662385 0)
(-0.144336456 0.22397833 0)
(-0.158622048 0.187072466 0)
(-0.168069554 0.142434114 0)
(-0.174171016 0.0929433462 0)
(-0.178091657 0.0403533071 0)
(-0.180456269 -0.0142245201 0)
(-0.181230015 -0.0698446749 0)
(-0.179647309 -0.125225752 0)
(-0.1742052 -0.178177559 0)
(-0.162809072 -0.22494095 0)
(-0.14321256 -0.259512833 0)
(-0.113841641 -0.273201302 0)
(-0.0753166198 -0.254896363 0)
(-0.0343188977 -0.192925777 0)
(-0.00728498482 -0.0799917703 0)
(-0.00459312325 0.0595160167 0)
(-0.0235441704 0.146542622 0)
(-0.0553429926 0.199662163 0)
(-0.0893196747 0.222701643 0)
(-0.120051821 0.221819425 0)
(-0.145609097 0.203131838 0)
(-0.165570658 0.171796556 0)
(-0.180317107 0.131775635 0)
(-0.19053108 0.0859405158 0)
(-0.196813738 0.0363510143 2.97711606e-34)
(-0.199448905 -0.0153915398 -2.97711606e-34)
(-0.198275638 -0.0677566397 0)
(-0.19264616 -0.118867796 0)
(-0.181489355 -0.166059306 0)
(-0.16354609 -0.205440867 0)
(-0.137858731 -0.231577789 0)
(-0.104503397 -0.237504905 0)
(-0.0656637283 -0.215386224 0)
(-0.0281737989 -0.158249843 0)
(-0.00551069029 -0.0634668205 0)
(-0.00373314355 0.0480883423 0)
(-0.0201212349 0.120839401 0)
(-0.0490153899 0.167676446 0)
(-0.0816389805 0.190287506 0)
(-0.11298945 0.192487657 0)
(-0.140680563 0.178557138 4.67988227e-33)
(-0.163557397 0.152465455 0)
(-0.181246287 0.117555001 0)
(-0.193784179 0.0765047469 -4.74063995e-33)
(-0.201296975 0.0314709998 2.26592727e-36)
(-0.203789198 -0.0156743905 4.98648834e-36)
(-0.20103537 -0.0630555916 0)
(-0.192565935 -0.108481581 0)
(-0.177765518 -0.149141426 0)
(-0.15612491 -0.181360925 0)
(-0.127679784 -0.200524259 0)
(-0.0935645711 -0.201318534 0)
(-0.0566770457 -0.17846397 0)
(-0.0233146673 -0.12809014 0)
(-0.00429570526 -0.0500435346 0)
(-0.00311504062 0.0383306356 0)
(-0.0173631165 0.098050854 0)
(-0.0433176208 0.138129969 0)
(-0.0737180769 0.158979204 0)
(-0.104104454 0.162838229 0)
(-0.131970535 0.152618186 -4.67988228e-33)
(-0.155761616 0.131295708 0)
(-0.174612864 0.10160328 0)
(-0.188100222 0.0659289959 4.74063995e-33)
(-0.195997423 0.0263693652 1.4910691e-33)
(-0.198111615 -0.0151233147 -1.49832152e-33)
(-0.194204013 -0.0565442402 0)
(-0.183996561 -0.0956260355 0)
(-0.167277176 -0.129654841 0)
(-0.144124397 -0.155368914 0)
(-0.115252466 -0.169022496 0)
(-0.0823814091 -0.166713888 0)
(-0.0485941041 -0.145040223 0)
(-0.0193975966 -0.102103347 0)
(-0.00342090973 -0.0390050011 0)
(-0.00263393538 0.0299262663 0)
(-0.0150226232 0.0779301318 0)
(-0.0380974218 0.111311114 0)
(-0.0658175689 0.129695797 0)
(-0.0942794758 0.134263882 0)
(-0.121044029 0.126925348 0)
(-0.14438361 0.109860574 0)
(-0.163148985 0.0852480499 0)
(-0.17661951 0.0551416404 0)
(-0.184335478 0.0214703173 2.99742776e-34)
(-0.185982941 -0.0138813617 -2.99742776e-34)
(-0.181343677 -0.0489515376 0)
(-0.170313964 -0.0815745532 0)
(-0.152999253 -0.109289268 0)
(-0.129891607 -0.129330736 0)
(-0.102114503 -0.138764246 0)
(-0.0716393823 -0.134816139 0)
(-0.0414365956 -0.115407287 0)
(-0.0161843493 -0.0798582208 0)
(-0.00276403322 -0.0298606582 0)
(-0.00223473601 0.0226800244 0)
(-0.0129541258 0.0602838603 0)
(-0.0332381478 0.0873308401 0)
(-0.0580555286 0.102954504 0)
(-0.0840353821 0.107621824 0)
(-0.108906086 0.102520712 0)
(-0.130914081 0.0892086541 0)
(-0.148775833 0.0693818704 0)
(-0.16160355 0.0447501672 0)
(-0.168801291 0.0170067353 3.00137355e-34)
(-0.169993549 -0.0121372126 -3.00137355e-34)
(-0.164999675 -0.0408861785 0)
(-0.153857536 -0.0672953741 0)
(-0.136899081 -0.0892417042 0)
(-0.114876637 -0.104468701 0)
(-0.0891189095 -0.110744418 0)
(-0.0616328458 -0.106158117 0)
(-0.0351269761 -0.0895353362 0)
(-0.0135037428 -0.0609264413 0)
(-0.00225327229 -0.022257826 0)
(-0.00188545636 0.0164662548 0)
(-0.0110624843 0.0449645403 0)
(-0.0286411418 0.0662105091 0)
(-0.0504611279 0.0790278225 0)
(-0.0736531639 0.083412334 0)
(-0.0961641808 0.0800414916 0)
(-0.116305919 0.0699953617 0)
(-0.132763341 0.0545610915 0)
(-0.144575601 0.0351143662 0)
(-0.151082435 0.0130747369 0)
(-0.151887894 -0.0100881527 0)
(-0.146853006 -0.0328250771 0)
(-0.136119506 -0.053482353 0)
(-0.120164256 -0.0703098535 0)
(-0.0998793396 -0.0815299483 0)
(-0.0766571213 -0.0854921366 0)
(-0.0524122122 -0.0809235389 0)
(-0.029530035 -0.067246951 0)
(-0.0112185733 -0.0449266637 0)
(-0.00184129741 -0.0159381044 0)
(-0.00156251842 0.0112077482 0)
(-0.00926988105 0.0318705366 0)
(-0.0242025199 0.0479368771 0)
(-0.0429884444 0.0580490746 0)
(-0.0632319141 0.0619115041 0)
(-0.0831208704 0.0598559208 0)
(-0.101086249 0.0526055564 0)
(-0.115849132 0.0411071755 0)
(-0.126440928 0.0264236367 0)
(-0.132187239 0.00968561075 0)
(-0.132697634 -0.00791671265 0)
(-0.127870718 -0.0251250485 0)
(-0.117915459 -0.0406102723 0)
(-0.103386534 -0.0529974511 0)
(-0.085227253 -0.060938698 0)
(-0.0648019885 -0.0632496886 0)
(-0.0438652636 -0.0591133849 0)
(-0.0244675019 -0.0483249898 0)
(-0.0092030936 -0.0315520066 0)
(-0.00149088392 -0.010719378 0)
(-0.00124269197 0.00687236784 0)
(-0.00749726476 0.0209539386 0)
(-0.0197996775 0.0325014311 0)
(-0.0355241953 0.040087302 0)
(-0.0527239634 0.0432717659 0)
(-0.0698331049 0.0421741861 0)
(-0.0854326587 0.0372606206 0)
(-0.0983251717 0.0291991498 0)
(-0.107580786 0.0187673618 0)
(-0.112546722 0.00680864713 0)
(-0.112854335 -0.00578010813 0)
(-0.108431631 -0.0180487553 0)
(-0.09952145 -0.0289997718 0)
(-0.0867021682 -0.0376160631 0)
(-0.0709039782 -0.0429246727 0)
(-0.0534054935 -0.0441071864 0)
(-0.0357703087 -0.0406592873 0)
(-0.0197281047 -0.0325810788 0)
(-0.00733072892 -0.0205903311 0)
(-0.00116697621 -0.00649226832 0)
(-0.000899882271 0.00347704422 0)
(-0.00566093172 0.0122244288 0)
(-0.0152978479 0.0199179411 0)
(-0.0279091948 0.0251886549 0)
(-0.0419708364 0.0275859319 0)
(-0.0561592806 0.0271262729 0)
(-0.0692274814 0.0240986753 0)
(-0.0800968184 0.0189454335 0)
(-0.0879159929 0.0121895939 0)
(-0.09208442 0.00440206676 0)
(-0.0922681507 -0.00380767513 0)
(-0.0884155134 -0.0117927634 0)
(-0.0807724918 -0.0188748747 0)
(-0.0698942054 -0.0243659724 0)
(-0.0566454546 -0.0276151916 0)
(-0.0421770508 -0.0280887036 0)
(-0.0278468993 -0.0254864169 0)
(-0.0150887332 -0.01988661 0)
(-0.00547449481 -0.0119313561 0)
(-0.000833547482 -0.00322197467 0)
(-0.000507507246 0.00108920928 0)
(-0.00368889149 0.00574014064 0)
(-0.0105872257 0.0102223812 0)
(-0.01998794 0.0134022146 0)
(-0.030755296 0.0149400965 0)
(-0.0418076558 0.0148327204 0)
(-0.0521004748 0.0132501859 0)
(-0.0607205936 0.0104516809 0)
(-0.0669425838 0.006738817 0)
(-0.0702538296 0.00243728373 0)
(-0.0703711878 -0.00210635077 0)
(-0.0672558402 -0.00652338605 0)
(-0.0611263913 -0.0104252524 0)
(-0.0524664977 -0.0134154692 0)
(-0.0420201078 -0.0151167114 0)
(-0.0307626623 -0.0152183504 0)
(-0.0198243287 -0.0135494045 0)
(-0.0103615213 -0.0101761652 0)
(-0.00352670155 -0.00555507387 0)
(-0.00045647041 -0.00094596587 0)
(-6.44906586e-05 -0.00017624023 0)
(-0.00159898801 0.00163661809 0)
(-0.00569518787 0.00359860252 0)
(-0.0117199317 0.00501067934 0)
(-0.0188880503 0.00571684637 0)
(-0.026391389 0.00573382891 0)
(-0.0334549878 0.00514772245 0)
(-0.0394085012 0.00407326924 0)
(-0.0437225486 0.00263489276 0)
(-0.0460238849 0.000961862225 0)
(-0.0461058242 -0.000810104695 0)
(-0.0439388716 -0.00253598935 0)
(-0.0396813833 -0.00406056188 0)
(-0.0336869562 -0.00522175493 0)
(-0.0265027368 -0.00586030454 0)
(-0.0188496258 -0.00583829598 0)
(-0.0115675429 -0.00507039409 0)
(-0.00551559598 -0.00357095341 0)
(-0.0014820347 -0.00155258654 0)
(-3.10931902e-05 0.000233977929 0)
(0.000261395924 -0.000255577669 0)
(0.000151441098 0.000102073636 0)
(-0.00117495198 0.000547416002 0)
(-0.00348063136 0.000863516449 0)
(-0.00637558364 0.00102207792 0)
(-0.00946687367 0.00103797678 0)
(-0.0124000364 0.000936218235 0)
(-0.0148817768 0.000743062148 0)
(-0.0166860999 0.000483180897 0)
(-0.0176547256 0.000180088391 1.08300192e-33)
(-0.017698521 -0.000142308421 -1.08300192e-33)
(-0.0168014866 -0.000458218825 0)
(-0.0150266293 -0.000739019323 0)
(-0.0125219004 -0.000953244407 0)
(-0.00952354869 -0.00106773184 0)
(-0.0063530237 -0.00105052554 0)
(-0.00340014967 -0.000876787878 0)
(-0.00108361531 -0.000539616043 0)
(0.000206110941 -8.25143871e-05 0)
(0.000274563786 0.000266745646 0)
)
;

boundaryField
{
    walls
    {
        type            fixedValue;
        value           uniform (0 0 0);
    }
    mov_wall
    {
        type            fixedValue;
        value           uniform (1 0 0);
    }
    empty
    {
        type            empty;
    }
}


// ************************************************************************* //
