/*--------------------------------*- C++ -*----------------------------------*\
| =========                 |                                                 |
| \\      /  F ield         | OpenFOAM: The Open Source CFD Toolbox           |
|  \\    /   O peration     | Version:  5.x                                   |
|   \\  /    A nd           | Web:      www.OpenFOAM.org                      |
|    \\/     M anipulation  |                                                 |
\*---------------------------------------------------------------------------*/
FoamFile
{
    version     2.0;
    format      ascii;
    class       volScalarField;
    location    "6.8";
    object      p;
}
// * * * * * * * * * * * * * * * * * * * * * * * * * * * * * * * * * * * * * //

dimensions      [0 2 -2 0 0 0 0];

internalField   nonuniform List<scalar> 
400
(
1.07052842e-06
2.45246031
3.49432395
3.89888012
4.1066481
4.2247076
4.29429223
4.34027905
4.37633954
4.41011169
4.44676066
4.49091554
4.54765514
4.6244902
4.73479844
4.90459697
5.18238062
5.68420192
6.84131643
9.41172542
1.88670603
2.86729016
3.41988434
3.74774462
3.9651816
4.1097481
4.20767515
4.27899307
4.33674559
4.38961392
4.44424616
4.5065727
4.58333426
4.68329849
4.819727
5.01367983
5.29402314
5.69846986
6.3384163
7.42837193
2.98207853
3.26253096
3.54233185
3.7706803
3.94570642
4.07571655
4.17322647
4.25000411
4.31527638
4.37623665
4.43892583
4.5090224
4.59257591
4.69678347
4.83085082
5.00663888
5.23632248
5.52394009
5.86049154
6.19823823
3.52778491
3.58534355
3.72178619
3.8653775
3.98906479
4.09083307
4.17461102
4.2457148
4.30952768
4.37102387
4.43477529
4.50520512
4.58678927
4.68425537
4.8024519
4.94569337
5.11575013
5.30514874
5.47833777
5.55963968
3.8442178
3.82688121
3.88518061
3.96938371
4.05222046
4.12779166
4.19566931
4.25747856
4.31592366
4.37409298
4.43506572
4.50185825
4.57733188
4.66400684
4.76350477
4.87551171
4.99635972
5.11480258
5.19584671
5.18371659
4.04550176
4.00365947
4.02142679
4.06785057
4.12138307
4.17574157
4.22885543
4.2805384
4.33186088
4.38449241
4.44027162
4.50096867
4.56804944
4.6423271
4.72332709
4.80836707
4.8918074
4.9626786
4.99308132
4.94680868
4.18058634
4.13383146
4.13183943
4.15536923
4.18883417
4.22706727
4.26772752
4.30987234
4.35363799
4.39973201
4.449039
4.50233745
4.56001948
4.6217224
4.68578609
4.74862669
4.80456043
4.84466632
4.84862523
4.79368067
4.27565913
4.23084301
4.21966057
4.22967487
4.24984637
4.27635528
4.30712283
4.34098318
4.377579
4.41699963
4.45945209
4.50499687
4.55328578
4.60324972
4.65270558
4.69801189
4.73425927
4.75484737
4.74556105
4.69204274
4.34467465
4.30373149
4.28862938
4.29082794
4.30237672
4.32057217
4.34373051
4.37070219
4.40089338
4.43401593
4.46982883
4.50791832
4.54748402
4.58710947
4.62451381
4.65641375
4.67889414
4.68733371
4.67187978
4.62321704
4.39525965
4.35850483
4.34215752
4.33995844
4.34598942
4.35836162
4.3757614
4.39714535
4.42182554
4.44929888
4.47905108
4.51038734
4.54227467
4.57319288
4.60100059
4.62292644
4.63599607
4.63709275
4.61932515
4.57637805
4.43196384
4.39925792
4.38305466
4.3785107
4.38106592
4.38939621
4.40248761
4.41942469
4.43950222
4.46210888
4.48658239
4.51208703
4.53750827
4.56136914
4.58177636
4.59648139
4.60329467
4.6001738
4.58220606
4.54489416
4.45777666
4.42889592
4.41358055
4.40794502
4.40837963
4.41394729
4.42386424
4.43733867
4.45368833
4.4722612
4.49233092
4.51301384
4.53320673
4.55155169
4.56643328
4.5760706
4.57888574
4.57357476
4.5565554
4.52447819
4.47482763
4.44957354
4.43556152
4.42962074
4.42885315
4.43259372
4.44023552
4.45109858
4.46454311
4.47991592
4.49647743
4.51335039
4.52949119
4.54368874
4.55459213
4.56081101
4.56122737
4.55503605
4.53957338
4.51225957
4.48473065
4.46295944
4.45049322
4.44475165
4.44341688
4.44602899
4.45212258
4.4611175
4.47242298
4.4854035
4.49933101
4.5133591
4.52651985
4.53774637
4.54591828
4.54995943
4.54909383
4.54285718
4.52925551
4.50627204
4.4887743
4.47040283
4.45962084
4.45439365
4.45292758
4.45493712
4.4600789
4.467862
4.47774189
4.48910301
4.5012328
4.5133169
4.52445614
4.53370627
4.54013481
4.54291315
4.54152333
4.53574881
4.52413472
4.50513586
4.48806165
4.47305723
4.46400951
4.45945538
4.4581314
4.45992441
4.46460561
4.47176306
4.48088726
4.4913707
4.50250271
4.51348354
4.52345842
4.53157117
4.5370307
4.53919972
4.5377626
4.53270805
4.5230838
4.50782141
4.48366876
4.47201075
4.46464111
4.46076293
4.45970213
4.46153739
4.46615386
4.47320637
4.48220103
4.49251434
4.50340988
4.51407038
4.52364767
4.5313293
4.53641595
4.53841273
4.5371706
4.53287853
4.52512672
4.51341644
4.47685583
4.46838822
4.4624298
4.45901613
4.45816252
4.46017041
4.46503543
4.47245785
4.48192829
4.49277067
4.50418157
4.51528061
4.52517489
4.53303931
4.53820835
4.54027853
4.53923928
4.53549875
4.529288
4.5208565
4.46928633
4.46319486
4.45767485
4.45396857
4.4529225
4.45508968
4.46054339
4.46896882
4.47977152
4.49214942
4.5051545
4.51775877
4.52893152
4.53773471
4.54343488
4.5456313
4.54440471
4.54041646
4.5346994
4.52866638
4.46344918
4.45752346
4.45037101
4.44492756
4.44290398
4.44509597
4.45156793
4.46187327
4.47521522
4.49055155
4.50667276
4.52227642
4.53605381
4.54679984
4.55355249
4.55576582
4.55352067
4.54774979
4.5403519
4.53446252
)
;

boundaryField
{
    walls
    {
        type            zeroGradient;
    }
    mov_wall
    {
        type            zeroGradient;
    }
    empty
    {
        type            empty;
    }
}


// ************************************************************************* //
