/*--------------------------------*- C++ -*----------------------------------*\
| =========                 |                                                 |
| \\      /  F ield         | OpenFOAM: The Open Source CFD Toolbox           |
|  \\    /   O peration     | Version:  5.x                                   |
|   \\  /    A nd           | Web:      www.OpenFOAM.org                      |
|    \\/     M anipulation  |                                                 |
\*---------------------------------------------------------------------------*/
FoamFile
{
    version     2.0;
    format      ascii;
    class       surfaceScalarField;
    location    "6.8";
    object      phi;
}
// * * * * * * * * * * * * * * * * * * * * * * * * * * * * * * * * * * * * * //

dimensions      [0 3 -1 0 0 0 0];

internalField   nonuniform List<scalar> 
760
(
0.00134817668
-0.00134817719
0.00245763981
-0.00110946313
0.0031351347
-0.0006774949
0.00355971573
-0.000424581029
0.00383225132
-0.00027253558
0.00400945217
-0.000177200837
0.00412521452
-0.00011576235
0.00419921709
-7.40025782e-05
0.00424243236
-4.32152813e-05
0.00426055358
-1.81212225e-05
0.00425562236
4.93124239e-06
0.00422675779
2.88645755e-05
0.00416938941
5.73683744e-05
0.00407358504
9.58043498e-05
0.00391995093
0.000153634114
0.0036720193
0.000247931653
0.00326316024
0.000408859067
0.00257264078
0.000690519448
0.00140850174
0.00116413902
0.00140850172
-5.46952437e-05
-0.00129348194
0.000412592683
-0.00157675104
0.00103002984
-0.00129493206
0.00157871389
-0.000973265095
0.00201483271
-0.000708654404
0.00234477727
-0.00050714539
0.00258511633
-0.000356101391
0.00275126943
-0.000240155669
0.0028545678
-0.000146513665
0.00290179532
-6.5348752e-05
0.00289536659
1.13599651e-05
0.00283293037
9.13008206e-05
0.00270712575
0.000183173004
0.00250436375
0.000298566342
0.00220410988
0.000453887968
0.00178090171
0.000671139815
0.00121756799
0.000972192814
0.000552812575
0.0013552749
1.30664969e-05
0.00170388511
0.0014215682
-0.000271734652
-0.00102174729
-0.000221026579
-0.0016274591
7.13678258e-05
-0.00158732645
0.000446285671
-0.00134818294
0.000812489691
-0.00107485844
0.00112929927
-0.000823954972
0.00138207831
-0.000608880426
0.00156800789
-0.000426085223
0.00168837698
-0.000266882746
0.00174468454
-0.000121656332
0.00173678975
1.92547413e-05
0.00166213441
0.000165956169
0.00151571289
0.000329594548
0.00129125425
0.000523024986
0.000985011693
0.000760130506
0.000605009636
0.00105114185
0.000189850693
0.00138735176
-0.000160045075
0.0017051707
-0.000261640614
0.00180548067
0.00115992757
-0.000227941591
-0.000793805715
-0.000361197323
-0.00149420336
-0.000308328213
-0.00164019554
-0.000134821193
-0.00152168996
8.92093931e-05
-0.00129888904
0.000314971863
-0.00104971746
0.000513262988
-0.000807171553
0.000668300017
-0.000581122228
0.000771990339
-0.000370573048
0.000820036127
-0.000169702127
0.000809727644
2.95631977e-05
0.000739201006
0.0002364828
0.000607935662
0.000460859918
0.000419110886
0.000711849791
0.000184524341
0.000994717048
-6.71911812e-05
0.00130285734
-0.000280617564
0.00160077812
-0.000369418491
0.00179397164
-0.000246993627
0.00168305584
0.000912933946
-0.000168965223
-0.000624840502
-0.0003520162
-0.00131115239
-0.000431557693
-0.00156065404
-0.000408908975
-0.00154433865
-0.000319435168
-0.00138836284
-0.000200095183
-0.00116905747
-7.98100996e-05
-0.000927456656
2.15782348e-05
-0.000682510552
9.14286992e-05
-0.000440423481
0.000122135401
-0.000200408816
0.0001097572
4.19413756e-05
5.36456971e-05
0.000292594273
-4.2749029e-05
0.000557254649
-0.000169694035
0.000838794835
-0.000307652414
0.00113267545
-0.000423468617
0.00141867352
-0.000470024882
0.00164733435
-0.000397824843
0.00172177159
-0.000196431037
0.00148166205
0.000716502928
-0.000124192133
-0.000500648368
-0.000308335653
-0.00112700889
-0.000450494123
-0.00141849557
-0.000523204027
-0.00147162872
-0.000535391049
-0.0013761758
-0.00050816081
-0.00119628771
-0.000463156897
-0.000972460599
-0.000418060963
-0.000727606501
-0.000385619025
-0.000472865393
-0.000373912056
-0.000212115747
-0.00038672791
5.47572301e-05
-0.000423459503
0.000329325828
-0.000478356398
0.000612151515
-0.00053917829
0.000899616748
-0.000585818871
0.00117931608
-0.000590512314
0.00142336699
-0.000523085123
0.00157990714
-0.000366699095
0.00156538552
-0.000150586001
0.00126554894
0.000565916949
-9.45729197e-05
-0.000406075433
-0.000264649745
-0.000956932083
-0.000430738406
-0.00125240692
-0.000556976965
-0.00134539016
-0.000636793218
-0.00129635951
-0.000678141746
-0.00115493917
-0.000693943915
-0.000956658452
-0.000696929257
-0.000724621198
-0.000697274083
-0.00047252057
-0.000701661761
-0.000207728027
-0.00071286069
6.59561965e-05
-0.000729336343
0.000345801467
-0.000744753817
0.000627568939
-0.000747580329
0.000902443237
-0.000721469913
0.0011532057
-0.000647843377
0.0013497405
-0.000512876901
0.00144494067
-0.000321206273
0.00137371487
-0.00011648571
0.00106082836
0.000449431243
-7.534372e-05
-0.00033073169
-0.000228206802
-0.000804069007
-0.000398353668
-0.00108226009
-0.00055053955
-0.00119320429
-0.00067062647
-0.00117627257
-0.000757578332
-0.00106798726
-0.000816784787
-0.000897451985
-0.000855587441
-0.000685818583
-0.000880624324
-0.000447483728
-0.00089636035
-0.000191991988
-0.00090427008
7.38659832e-05
-0.000902360282
0.000343891701
-0.000884972191
0.000610180818
-0.000843104177
0.000860575168
-0.000765820218
0.00107592172
-0.000643664747
0.00122758506
-0.000475103926
0.0012763799
-0.000276309828
0.00117492078
-9.21328551e-05
0.000876651363
0.000357298371
-6.22883016e-05
-0.000268443371
-0.000198541302
-0.000667815989
-0.000362893642
-0.000917907765
-0.000523850739
-0.00103224723
-0.000664415255
-0.00103570806
-0.00077812893
-0.00095427355
-0.000864812151
-0.000810768716
-0.000927165448
-0.00062346529
-0.000968399689
-0.000406249541
-0.000990721246
-0.000169670469
-0.000994436389
7.75811563e-05
-0.000977525724
0.0003269811
-0.000935694971
0.000568350089
-0.000863101227
0.000787981384
-0.000754123177
0.00096694362
-0.000606626333
0.00108008821
-0.000426950415
0.00109670402
-0.000236038276
0.000984008683
-7.43490062e-05
0.0007149621
0.000282949344
-5.27689818e-05
-0.000215674393
-0.000173812779
-0.000546772156
-0.000327557381
-0.000764163149
-0.000486865974
-0.00087293867
-0.00063438021
-0.00088819387
-0.000760757885
-0.000827895874
-0.000862116661
-0.000709409886
-0.000937654729
-0.000547927176
-0.000987783203
-0.000356121086
-0.00101282398
-0.000144629762
-0.0010122228
7.69799486e-05
-0.000984240716
0.00029899906
-0.000926163046
0.000510272486
-0.000835158785
0.00069697714
-0.000709976083
0.000841760875
-0.000553597347
0.000923709426
-0.000376677001
0.000919783662
-0.000200960053
0.000808291765
-6.08626172e-05
0.000574864694
0.000222086724
-4.52979521e-05
-0.000170376467
-0.000152453982
-0.000439616096
-0.000293299596
-0.000623317494
-0.000444763079
-0.000721475182
-0.000590345843
-0.000742611152
-0.000719473387
-0.000698768376
-0.000826046374
-0.000602836883
-0.000906878202
-0.000467095281
-0.000960347542
-0.000302651705
-0.000985403133
-0.000119574207
-0.000980963179
7.25399252e-05
-0.000945732148
0.000263768006
-0.000878480044
0.000443020431
-0.00077885504
0.0005973522
-0.000648784027
0.000711689874
-0.000494403544
0.000769328904
-0.000328204169
0.000753584246
-0.000170678385
0.000650765973
-5.0280662e-05
0.000454466993
0.000171806078
-3.90622013e-05
-0.000131314298
-0.000133403823
-0.000345274473
-0.000260349971
-0.000496371302
-0.000400388944
-0.000581436164
-0.000538431169
-0.000604568934
-0.00066369279
-0.000573506814
-0.000768938083
-0.000497591632
-0.000849523104
-0.000386510231
-0.00090250092
-0.000249673815
-0.000925934061
-9.61410319e-05
-0.000918488863
6.50946823e-05
-0.000879356218
0.000224635293
-0.000808535367
0.000372199565
-0.00070750528
0.000496322162
-0.000580261674
0.000584446325
-0.000434588317
0.000623655557
-0.000283248289
0.000602244187
-0.000144573376
0.000512091028
-4.1755199e-05
0.00035164881
0.000130050898
-3.36094088e-05
-9.77049026e-05
-0.000115973526
-0.00026291039
-0.000228685909
-0.000383658909
-0.000355331138
-0.000454790881
-0.000482448458
-0.000477451571
-0.000599656623
-0.000456298671
-0.000699324745
-0.000397923578
-0.000776050517
-0.000309784495
-0.000826127646
-0.000199596644
-0.000847124116
-7.51444878e-05
-0.000837646054
5.56166459e-05
-0.000797332194
0.000184321386
-0.00072710255
0.000301969859
-0.000629656459
0.000398876059
-0.000510163479
0.000464953388
-0.000377005127
0.000490497252
-0.000242314849
0.000467553919
-0.000121978231
0.000391754388
-3.47332245e-05
0.000264403782
9.53176771e-05
-2.865747e-05
-6.9047413e-05
-9.9660232e-05
-0.000191907673
-0.000198117034
-0.000285202141
-0.000310357582
-0.000342550312
-0.000424616053
-0.000363193037
-0.000531265854
-0.000349648829
-0.000622765431
-0.000306424033
-0.000693446648
-0.000239103349
-0.000739258847
-0.000153784474
-0.000757558047
-5.68452405e-05
-0.000747003428
4.50620969e-05
-0.000707597907
0.000144915884
-0.000640884391
0.000235256298
-0.000550277082
0.000308268697
-0.000441462369
0.000356138666
-0.000322745862
0.000371780779
-0.000205166574
0.000349974668
-0.000102185429
0.000288773253
-2.88024146e-05
0.000191020753
6.65152516e-05
-2.39811804e-05
-4.50661897e-05
-8.39974172e-05
-0.000131891457
-0.000168257107
-0.000200942504
-0.00026559552
-0.000245211931
-0.00036593561
-0.000262852916
-0.000460594479
-0.000254989893
-0.000542423497
-0.000224594982
-0.000605821301
-0.000175705584
-0.000646681748
-0.000112924094
-0.000662339412
-4.11875972e-05
-0.000651561339
3.42840697e-05
-0.000614612922
0.000107967529
-0.000553400611
0.000174044002
-0.000471663889
0.000226531938
-0.000375154018
0.000259628751
-0.000271701969
0.000268328722
-0.000171058861
0.000249331584
-8.44170608e-05
0.00020213148
-2.3599857e-05
0.000130203556
4.29153831e-05
-1.93492107e-05
-2.57169437e-05
-6.84700051e-05
-8.27706379e-05
-0.000138506738
-0.000130905802
-0.00022063809
-0.000163080635
-0.000306428442
-0.000177062591
-0.000388228768
-0.000173189529
-0.000459474154
-0.00015334953
-0.000514859775
-0.000120319937
-0.000550429778
-7.73541297e-05
-0.00056362758
-2.79898548e-05
-0.00055334845
2.40049237e-05
-0.000520016437
7.4635556e-05
-0.000465682597
0.000119710214
-0.000394114894
0.000154964247
-0.000310822981
0.000176336811
-0.000222941274
0.000180446983
-0.000138894633
0.000165284936
-6.78135196e-05
0.000131050383
-1.87621079e-05
8.11521615e-05
2.41532736e-05
-1.45055423e-05
-1.12114005e-05
-5.2521091e-05
-4.47550359e-05
-0.000108122785
-7.53040902e-05
-0.000174687782
-9.65156705e-05
-0.000245343256
-0.000106407173
-0.000313520844
-0.000105011964
-0.000373387909
-9.34824272e-05
-0.000420129406
-7.35783814e-05
-0.000450116046
-4.73674683e-05
-0.000461009075
-1.70968615e-05
-0.000451841649
1.48374489e-05
-0.000423096925
4.58908202e-05
-0.000376775973
7.33892939e-05
-0.00031642644
9.46147532e-05
-0.000247079537
0.000106989919
-0.00017503035
0.000108397779
-0.000107403067
9.76576323e-05
-5.14858532e-05
7.51331644e-05
-1.39146233e-05
4.35809413e-05
1.02386567e-05
-9.20283197e-06
-2.00860235e-06
-3.56847449e-05
-1.82730762e-05
-7.64355096e-05
-3.45532763e-05
-0.000126810998
-4.61401656e-05
-0.00018140806
-5.18101439e-05
-0.000234817163
-5.16029117e-05
-0.00028213225
-4.61673578e-05
-0.000319263545
-3.6447053e-05
-0.000343116495
-2.35144696e-05
-0.000351700024
-8.51331682e-06
-0.000344207013
7.34440946e-06
-0.000321084442
2.27682129e-05
-0.000284086173
3.63910156e-05
-0.000236279537
4.68081397e-05
-0.000181958566
5.26689766e-05
-0.000126403738
5.28429601e-05
-7.54285396e-05
4.66824236e-05
-3.46816322e-05
3.43862446e-05
-8.71391266e-06
1.76132196e-05
1.52474951e-06
-3.43755532e-06
1.42891263e-06
-1.8043898e-05
-3.66671797e-06
-4.3406041e-05
-9.19109267e-06
-7.64336522e-05
-1.31125095e-05
-0.000113187137
-1.50566428e-05
-0.000149665109
-1.51249635e-05
-0.000182251558
-1.35809464e-05
-0.000207952863
-1.0745761e-05
-0.000224514097
-6.95321144e-06
-0.000230484747
-2.54263149e-06
-0.000225272632
2.13230473e-06
-0.000209197079
6.6926424e-06
-0.000183535366
1.07292779e-05
-0.000150536819
1.38095874e-05
-0.000113368295
1.55004662e-05
-7.59397546e-05
1.54144372e-05
-4.25472172e-05
1.32898926e-05
-1.72767368e-05
9.11575989e-06
-3.10385984e-06
3.44033793e-06
-1.57910919e-06
1.42888881e-06
-2.2378625e-06
-1.14289765e-05
-2.45414764e-05
-3.95980883e-05
-5.4723029e-05
-6.83039815e-05
-7.90497683e-05
-8.60029974e-05
-8.85456216e-05
-8.64132942e-05
-7.97206362e-05
-6.89913616e-05
-5.51817886e-05
-3.96813323e-05
-2.42668936e-05
-1.09769934e-05
-1.86122837e-06
1.57911022e-06
)
;

boundaryField
{
    walls
    {
        type            calculated;
        value           uniform 0;
    }
    mov_wall
    {
        type            calculated;
        value           uniform 0;
    }
    empty
    {
        type            empty;
        value           nonuniform 0();
    }
}


// ************************************************************************* //
