/*--------------------------------*- C++ -*----------------------------------*\
| =========                 |                                                 |
| \\      /  F ield         | OpenFOAM: The Open Source CFD Toolbox           |
|  \\    /   O peration     | Version:  5.x                                   |
|   \\  /    A nd           | Web:      www.OpenFOAM.org                      |
|    \\/     M anipulation  |                                                 |
\*---------------------------------------------------------------------------*/
FoamFile
{
    version     2.0;
    format      ascii;
    class       volVectorField;
    location    "6.8";
    object      U;
}
// * * * * * * * * * * * * * * * * * * * * * * * * * * * * * * * * * * * * * //

dimensions      [0 1 -1 0 0 0 0];

internalField   nonuniform List<vector> 
400
(
(0.291698407 0.149643836 0)
(0.388187144 0.128007703 0)
(0.557616058 0.0757318305 0)
(0.674785696 0.0433044398 0)
(0.743766591 0.0251591049 0)
(0.78707502 0.0148802971 0)
(0.815462958 0.00893092196 0)
(0.833939561 0.00530992897 0)
(0.845365462 0.00289956192 0)
(0.851349262 0.00108485242 2.66526807e-34)
(0.852640746 -0.00050285378 -2.66526807e-34)
(0.849354292 -0.00216072044 0)
(0.840973372 -0.00421710501 0)
(0.826113774 -0.0072209855 0)
(0.802020424 -0.0122365018 0)
(0.763538944 -0.0213892112 0)
(0.699488892 -0.0388386152 0)
(0.584557338 -0.072273273 0)
(0.407900537 -0.128436306 0)
(0.300688068 -0.152947535 0)
(0.0012041721 0.287432426 0)
(0.013320943 0.293872138 0)
(0.140044432 0.209904862 0)
(0.26497158 0.142986167 0)
(0.364177733 0.0968019859 0)
(0.440120058 0.0654411219 0)
(0.496541035 0.0439762524 0)
(0.536691066 0.0287011582 0)
(0.563274465 0.0170798555 0)
(0.57813734 0.00742308618 0)
(0.582210283 -0.00150101389 0)
(0.57551525 -0.0107977554 0)
(0.557109249 -0.0217346513 0)
(0.524912996 -0.0361396906 0)
(0.475518407 -0.0569634979 0)
(0.404326001 -0.0889771543 0)
(0.305687291 -0.139150757 0)
(0.174497791 -0.215275201 0)
(0.0341065869 -0.310801152 0)
(0.0108691577 -0.305909061 0)
(-0.032146768 0.24177393 0)
(-0.0634303754 0.333547169 0)
(-0.0219362118 0.299502498 0)
(0.0505996199 0.240051671 0)
(0.127397376 0.18302081 0)
(0.196818603 0.135454525 0)
(0.254167097 0.0974523429 0)
(0.298088297 0.0668891722 0)
(0.328665675 0.0413758259 0)
(0.346307825 0.0187814612 -2.35797019e-33)
(0.351211311 -0.00280949291 2.35797019e-33)
(0.343126745 -0.0252950479 0)
(0.321277578 -0.0508299469 0)
(0.284432901 -0.0820948289 0)
(0.231328819 -0.122479773 0)
(0.16191676 -0.175658042 0)
(0.0798350164 -0.24320846 0)
(-0.00333734415 -0.317981962 0)
(-0.0578531325 -0.3663635 0)
(-0.031389319 -0.270690673 0)
(-0.0261204179 0.182361578 0)
(-0.0666192842 0.316884139 0)
(-0.0735377891 0.330901746 0)
(-0.0481307248 0.295352916 0)
(-0.0056721792 0.244253511 0)
(0.0411124707 0.192431744 0)
(0.0845451013 0.14509504 0)
(0.120424325 0.10300663 0)
(0.146585243 0.0651543651 0)
(0.161925479 0.0298884086 2.3554656e-33)
(0.165812816 -0.00469432242 -2.3554656e-33)
(0.157798798 -0.0406696207 0)
(0.137586494 -0.0803027394 0)
(0.10528521 -0.125979579 0)
(0.0620900286 -0.179774805 0)
(0.0116092694 -0.242029716 0)
(-0.0380283813 -0.307764356 0)
(-0.0720490978 -0.359579372 0)
(-0.0711639189 -0.355585638 0)
(-0.0287210561 -0.209178579 0)
(-0.0176296842 0.140767917 0)
(-0.0549165494 0.281827206 0)
(-0.0828630012 0.324484364 0)
(-0.0880762297 0.312396805 0)
(-0.075119693 0.274441987 0)
(-0.0526276294 0.226778433 0)
(-0.0275118546 0.177302819 0)
(-0.00458009953 0.129145425 0)
(0.0130234841 0.0829123623 0)
(0.0233567947 0.0379330345 -2.9454553e-34)
(0.0253097462 -0.00710139314 2.9454553e-34)
(0.0184152038 -0.0537995233 0)
(0.0028869789 -0.103801263 0)
(-0.0200872053 -0.158367938 0)
(-0.0477707931 -0.21753072 0)
(-0.0750614558 -0.278347551 0)
(-0.0936267083 -0.331694802 0)
(-0.0922270586 -0.357398871 0)
(-0.0635074702 -0.318879892 0)
(-0.0207312606 -0.162076725 0)
(-0.0116542792 0.111592254 0)
(-0.0431522011 0.243765269 0)
(-0.0782840011 0.299859405 0)
(-0.100579266 0.305000833 0)
(-0.108310593 0.280421271 0)
(-0.105716507 0.240369189 0)
(-0.0975361755 0.193277771 0)
(-0.0877934538 0.14354537 0)
(-0.0795351981 0.0930260743 0)
(-0.0748272209 0.042075234 0)
(-0.0748481326 -0.00975925434 0)
(-0.0799345788 -0.0632506176 0)
(-0.0895000265 -0.119033276 0)
(-0.101812881 -0.176993446 0)
(-0.113690952 -0.23529792 0)
(-0.120284779 -0.288849069 0)
(-0.115237021 -0.32708478 0)
(-0.0922711139 -0.331566551 0)
(-0.05218763 -0.275119693 0)
(-0.014284787 -0.1272601 0)
(-0.0080318546 0.0899680217 0)
(-0.0343052812 0.2078767 0)
(-0.0703686617 0.267741359 0)
(-0.100959322 0.283509147 0)
(-0.121509113 0.269753784 0)
(-0.133061964 0.237807853 0)
(-0.138135836 0.19538413 0)
(-0.139450245 0.147216493 0)
(-0.139365672 0.0958906806 0)
(-0.139599237 0.0425957582 0)
(-0.141114114 -0.0122625643 0)
(-0.144054662 -0.068540162 0)
(-0.147657209 -0.125824594 0)
(-0.150140606 -0.182787209 0)
(-0.148667746 -0.236314559 0)
(-0.139565529 -0.280390167 0)
(-0.119015751 -0.304900543 0)
(-0.084874738 -0.294957283 0)
(-0.0422046458 -0.232154477 0)
(-0.0100065914 -0.100709817 0)
(-0.0058981886 0.0731569062 0)
(-0.0280514366 0.175459932 0)
(-0.0624620761 0.233454972 0)
(-0.0961931141 0.254650692 0)
(-0.123784295 0.248662375 0)
(-0.14433645 0.223978325 0)
(-0.158622037 0.187072464 0)
(-0.168069545 0.14243411 0)
(-0.174171013 0.0929433385 0)
(-0.178091658 0.0403532985 0)
(-0.180456265 -0.014224524 0)
(-0.181230006 -0.0698446732 0)
(-0.1796473 -0.12522575 0)
(-0.174205197 -0.178177562 0)
(-0.162809075 -0.224940957 0)
(-0.143212562 -0.259512839 0)
(-0.113841638 -0.273201303 0)
(-0.0753166151 -0.25489636 0)
(-0.0343188951 -0.192925775 0)
(-0.00728498439 -0.0799917711 0)
(-0.0045931224 0.059516015 0)
(-0.0235441669 0.146542621 0)
(-0.055342988 0.19966216 0)
(-0.089319673 0.222701636 0)
(-0.120051822 0.221819414 0)
(-0.145609097 0.20313183 0)
(-0.165570651 0.171796553 0)
(-0.180317096 0.131775635 0)
(-0.190531073 0.0859405124 0)
(-0.196813738 0.0363510058 2.9771148e-34)
(-0.199448907 -0.0153915483 -2.9771148e-34)
(-0.198275634 -0.0677566423 0)
(-0.192646151 -0.118867793 0)
(-0.181489348 -0.166059304 0)
(-0.163546089 -0.205440871 0)
(-0.137858734 -0.231577796 0)
(-0.104503399 -0.23750491 0)
(-0.0656637261 -0.215386225 0)
(-0.0281737952 -0.158249841 0)
(-0.00551068866 -0.0634668189 0)
(-0.00373314478 0.0480883387 0)
(-0.0201212345 0.120839399 0)
(-0.049015385 0.167676446 0)
(-0.0816389757 0.190287503 0)
(-0.11298945 0.19248765 0)
(-0.140680566 0.178557128 4.67988021e-33)
(-0.163557396 0.152465448 0)
(-0.181246279 0.117555 0)
(-0.193784169 0.076504748 -4.74063791e-33)
(-0.20129697 0.031470996 2.26593736e-36)
(-0.203789201 -0.0156743997 4.98648785e-36)
(-0.201035373 -0.0630555997 0)
(-0.192565931 -0.108481582 0)
(-0.177765509 -0.149141423 0)
(-0.156124904 -0.181360923 0)
(-0.127679784 -0.200524263 0)
(-0.0935645745 -0.20131854 0)
(-0.0566770473 -0.178463975 0)
(-0.0233146658 -0.12809014 0)
(-0.00429570396 -0.0500435325 0)
(-0.00311504343 0.0383306317 0)
(-0.01736312 0.09805085 0)
(-0.0433176187 0.138129968 0)
(-0.0737180706 0.158979205 0)
(-0.104104449 0.162838227 0)
(-0.131970537 0.152618177 -4.67988021e-33)
(-0.15576162 0.131295698 0)
(-0.174612863 0.101603275 0)
(-0.188100214 0.0659289975 4.74063791e-33)
(-0.195997414 0.026369367 1.49106841e-33)
(-0.198111613 -0.0151233191 -1.49832084e-33)
(-0.194204017 -0.0565442496 0)
(-0.183996564 -0.095626043 0)
(-0.167277172 -0.129654842 0)
(-0.144124389 -0.155368911 0)
(-0.115252461 -0.169022494 0)
(-0.0823814098 -0.166713891 0)
(-0.0485941072 -0.145040228 0)
(-0.0193975983 -0.10210335 0)
(-0.00342090992 -0.0390050009 0)
(-0.00263393789 0.0299262644 0)
(-0.0150226285 0.0779301263 0)
(-0.0380974242 0.11131111 0)
(-0.065817565 0.129695797 0)
(-0.0942794688 0.134263884 0)
(-0.121044026 0.126925345 0)
(-0.144383614 0.109860565 0)
(-0.16314899 0.0852480405 0)
(-0.176619508 0.0551416373 0)
(-0.184335469 0.0214703204 2.99742646e-34)
(-0.185982933 -0.0138813596 -2.99742646e-34)
(-0.181343676 -0.0489515422 0)
(-0.170313969 -0.0815745623 0)
(-0.152999256 -0.109289275 0)
(-0.129891604 -0.129330736 0)
(-0.102114497 -0.138764243 0)
(-0.0716393788 -0.134816137 0)
(-0.0414365965 -0.115407289 0)
(-0.016184352 -0.0798582243 0)
(-0.00276403455 -0.0298606602 0)
(-0.0022347362 0.0226800261 0)
(-0.012954129 0.0602838561 0)
(-0.0332381533 0.0873308334 0)
(-0.0580555301 0.1029545 0)
(-0.0840353768 0.107621826 0)
(-0.108906079 0.102520715 0)
(-0.13091408 0.089208651 0)
(-0.148775839 0.0693818612 0)
(-0.161603555 0.0447501585 0)
(-0.168801288 0.0170067336 3.00137235e-34)
(-0.16999354 -0.0121372087 -3.00137235e-34)
(-0.164999668 -0.0408861764 0)
(-0.153857537 -0.0672953785 0)
(-0.136899086 -0.0892417125 0)
(-0.114876639 -0.104468707 0)
(-0.0891189067 -0.110744419 0)
(-0.061632841 -0.106158114 0)
(-0.0351269736 -0.0895353349 0)
(-0.0135037436 -0.0609264425 0)
(-0.00225327331 -0.0222578282 0)
(-0.00188545378 0.0164662589 0)
(-0.0110624826 0.0449645401 0)
(-0.0286411464 0.0662105031 0)
(-0.0504611339 0.0790278154 0)
(-0.0736531644 0.0834123316 0)
(-0.0961641745 0.0800414947 0)
(-0.116305912 0.0699953647 0)
(-0.132763341 0.0545610881 0)
(-0.144575608 0.0351143571 0)
(-0.15108244 0.0130747292 0)
(-0.151887891 -0.0100881534 0)
(-0.146852998 -0.0328250731 0)
(-0.136119501 -0.0534823509 0)
(-0.120164257 -0.0703098572 0)
(-0.0998793438 -0.0815299552 0)
(-0.0766571232 -0.0854921415 0)
(-0.0524122102 -0.0809235395 0)
(-0.0295300315 -0.0672469492 0)
(-0.0112185715 -0.0449266628 0)
(-0.00184129719 -0.0159381051 0)
(-0.00156251483 0.0112077514 0)
(-0.00926987544 0.03187054 0)
(-0.0242025199 0.0479368756 0)
(-0.0429884503 0.0580490678 0)
(-0.0632319201 0.061911497 0)
(-0.0831208699 0.0598559193 0)
(-0.101086243 0.0526055604 0)
(-0.115849126 0.0411071786 0)
(-0.126440929 0.0264236332 0)
(-0.132187246 0.00968560231 0)
(-0.132697637 -0.00791671925 0)
(-0.127870716 -0.0251250488 0)
(-0.117915453 -0.0406102686 0)
(-0.10338653 -0.0529974493 0)
(-0.0852272541 -0.0609387009 0)
(-0.0648019918 -0.063249694 0)
(-0.043865265 -0.0591133887 0)
(-0.0244675004 -0.0483249904 0)
(-0.00920309118 -0.0315520055 0)
(-0.00149088287 -0.0107193771 0)
(-0.00124269015 0.00687236725 0)
(-0.0074972595 0.0209539426 0)
(-0.019799673 0.0325014345 0)
(-0.0355241966 0.0400873 0)
(-0.0527239699 0.0432717588 0)
(-0.0698331105 0.0421741796 0)
(-0.0854326576 0.0372606199 0)
(-0.0983251653 0.0291991541 0)
(-0.107580781 0.0187673647 0)
(-0.112546724 0.006808644 0)
(-0.112854341 -0.00578011542 0)
(-0.108431634 -0.0180487608 0)
(-0.0995214475 -0.028999772 0)
(-0.086702163 -0.03761606 0)
(-0.0709039751 -0.0429246711 0)
(-0.0534054943 -0.0441071884 0)
(-0.035770311 -0.0406592911 0)
(-0.0197281057 -0.0325810815 0)
(-0.00733072795 -0.0205903315 0)
(-0.0011669754 -0.00649226736 0)
(-0.00089988379 0.00347703976 0)
(-0.00566093109 0.0122244297 0)
(-0.0152978427 0.0199179458 0)
(-0.027909191 0.0251886583 0)
(-0.0419708384 0.0275859298 0)
(-0.056159287 0.0271262662 0)
(-0.069227486 0.0240986697 0)
(-0.0800968169 0.0189454334 0)
(-0.0879159873 0.012189598 0)
(-0.0920844164 0.00440206937 0)
(-0.0922681524 -0.00380767767 0)
(-0.0884155179 -0.0117927692 0)
(-0.080772494 -0.018874879 0)
(-0.0698942034 -0.0243659726 0)
(-0.0566454507 -0.0276151893 0)
(-0.0421770486 -0.0280887023 0)
(-0.0278468997 -0.025486418 0)
(-0.0150887347 -0.0198866124 0)
(-0.00547449546 -0.0119313576 0)
(-0.000833547456 -0.00322197464 0)
(-0.00050751119 0.00108920376 0)
(-0.00368889611 0.00574013716 0)
(-0.0105872241 0.0102223825 0)
(-0.019987935 0.0134022192 0)
(-0.0307552929 0.0149400999 0)
(-0.041807658 0.0148327189 0)
(-0.0521004803 0.0132501804 0)
(-0.0607205971 0.0104516764 0)
(-0.0669425822 0.00673881714 0)
(-0.0702538251 0.00243728725 0)
(-0.0703711851 -0.00210634843 0)
(-0.0672558417 -0.00652338772 0)
(-0.0611263946 -0.0104252566 0)
(-0.0524664992 -0.0134154724 0)
(-0.0420201062 -0.0151167116 0)
(-0.0307626596 -0.0152183489 0)
(-0.0198243272 -0.0135494035 0)
(-0.0103615216 -0.0101761656 0)
(-0.00352670247 -0.00555507502 0)
(-0.000456470825 -0.000945966486 0)
(-6.44944817e-05 -0.000176244132 0)
(-0.00159899461 0.00163661197 0)
(-0.0056951909 0.00359859866 0)
(-0.0117199302 0.00501068031 0)
(-0.0188880462 0.00571685074 0)
(-0.0263913864 0.00573383215 0)
(-0.0334549895 0.00514772123 0)
(-0.0394085053 0.00407326477 0)
(-0.0437225511 0.00263488938 0)
(-0.0460238837 0.000961862822 0)
(-0.0461058209 -0.00081010147 0)
(-0.0439388697 -0.00253598719 0)
(-0.0396813842 -0.00406056287 0)
(-0.0336869583 -0.00522175787 0)
(-0.0265027377 -0.00586030677 0)
(-0.0188496249 -0.00583829616 0)
(-0.0115675414 -0.00507039302 0)
(-0.00551559517 -0.00357095262 0)
(-0.0014820349 -0.00155258661 0)
(-3.10934701e-05 0.000233977489 0)
(0.000261394132 -0.000255578932 0)
(0.000151436512 0.000102070384 0)
(-0.00117495707 0.000547412929 0)
(-0.00348063419 0.000863515557 0)
(-0.00637558247 0.00102207951 0)
(-0.00946687018 0.00103797906 0)
(-0.0124000343 0.000936218907 0)
(-0.0148817781 0.000743060641 0)
(-0.0166861031 0.000483178822 0)
(-0.0176547275 0.000180087768 1.08300148e-33)
(-0.0176985199 -0.000142307215 -1.08300148e-33)
(-0.0168014842 -0.000458217215 0)
(-0.0150266278 -0.000739018882 0)
(-0.012521901 -0.000953245348 0)
(-0.00952355011 -0.00106773311 0)
(-0.00635302447 -0.00105052609 0)
(-0.00340014929 -0.000876787587 0)
(-0.00108361455 -0.000539615529 0)
(0.000206111293 -8.25141752e-05 0)
(0.000274563804 0.000266745555 0)
)
;

boundaryField
{
    walls
    {
        type            fixedValue;
        value           uniform (0 0 0);
    }
    mov_wall
    {
        type            fixedValue;
        value           uniform (1 0 0);
    }
    empty
    {
        type            empty;
    }
}


// ************************************************************************* //
