/*--------------------------------*- C++ -*----------------------------------*\
| =========                 |                                                 |
| \\      /  F ield         | OpenFOAM: The Open Source CFD Toolbox           |
|  \\    /   O peration     | Version:  5.x                                   |
|   \\  /    A nd           | Web:      www.OpenFOAM.org                      |
|    \\/     M anipulation  |                                                 |
\*---------------------------------------------------------------------------*/
FoamFile
{
    version     2.0;
    format      ascii;
    class       volScalarField;
    location    "4.3";
    object      p;
}
// * * * * * * * * * * * * * * * * * * * * * * * * * * * * * * * * * * * * * //

dimensions      [0 2 -2 0 0 0 0];

internalField   nonuniform List<scalar> 
400
(
3.10820151e-06
2.45246329
3.4943271
3.8988833
4.10665126
4.22471071
4.29429533
4.3402822
4.37634274
4.41011489
4.4467638
4.49091865
4.54765828
4.62449339
4.73480163
4.90460011
5.18238372
5.68420507
6.84131966
9.4117287
1.88670894
2.8672932
3.41988743
3.74774777
3.96518479
4.10975126
4.20767826
4.27899617
4.33674875
4.38961713
4.44424935
4.50657583
4.58333737
4.68330165
4.8197302
5.01368302
5.29402624
5.69847294
6.33841944
7.42837515
2.98208165
3.26253403
3.54233491
3.77068341
3.9457096
4.07571975
4.17322961
4.2500072
4.31527948
4.37623983
4.43892905
4.50902556
4.59257901
4.69678658
4.83085401
5.00664211
5.23632565
5.52394318
5.86049463
6.19824139
3.52778808
3.58534667
3.72178926
3.86538058
3.98906794
4.09083628
4.17461422
4.24571792
4.30953076
4.371027
4.43477851
4.50520833
4.58679239
4.68425844
4.80245503
4.9456966
5.11575336
5.30515189
5.47834086
5.55964278
3.84422099
3.82688439
3.88518374
3.96938678
4.05222356
4.12779484
4.19567254
4.25748173
4.31592675
4.37409606
4.4350689
4.50186149
4.57733507
4.66400992
4.76350783
4.87551487
4.99636297
5.1148058
5.19584985
5.18371967
4.04550491
4.00366268
4.02142998
4.06785368
4.12138613
4.17574469
4.22885865
4.28054163
4.33186402
4.38449547
4.44027472
4.50097189
4.5680527
4.64233025
4.72333014
4.80837014
4.89181059
4.96268185
4.99308452
4.94681181
4.18058945
4.13383465
4.13184266
4.15537241
4.18883725
4.22707033
4.26773068
4.3098756
4.35364121
4.3997351
4.44904203
4.50234059
4.56002274
4.62172566
4.68578922
4.74862973
4.80456351
4.84466951
4.84862846
4.79368387
4.27566221
4.23084614
4.21966379
4.22967812
4.24984952
4.27635832
4.3071259
4.34098638
4.37758228
4.41700282
4.45945513
4.50499991
4.55328896
4.60325301
4.65270882
4.69801499
4.73426231
4.75485047
4.74556423
4.69204596
4.34467776
4.30373457
4.28863254
4.2908312
4.30237996
4.32057529
4.34373353
4.37070529
4.40089663
4.43401923
4.46983198
4.50792133
4.54748706
4.58711268
4.62451711
4.65641698
4.67889725
4.68733676
4.67188289
4.62322022
4.39526283
4.35850791
4.3421606
4.33996163
4.3459927
4.35836484
4.37576446
4.39714836
4.42182868
4.44930218
4.47905437
4.51039045
4.54227766
4.57319594
4.60100381
4.62292973
4.6359993
4.63709587
4.61932823
4.57638117
4.43196709
4.39926104
4.3830577
4.37851379
4.38106915
4.38939951
4.40249081
4.41942772
4.43950523
4.46211205
4.48658571
4.5120903
4.53751136
4.56137214
4.58177943
4.59648461
4.60329795
4.60017701
4.58220919
4.54489725
4.45777993
4.42889914
4.41358363
4.40794804
4.40838274
4.41395056
4.42386755
4.43734183
4.45369133
4.47226422
4.49233413
4.51301717
4.53320999
4.55155477
4.56643629
4.57607368
4.57888894
4.573578
4.5565586
4.52448132
4.47483083
4.44957681
4.43556471
4.42962379
4.42885616
4.43259686
4.44023882
4.45110188
4.46454623
4.4799189
4.49648047
4.51335361
4.52949452
4.54369198
4.55459522
4.56081404
4.56123047
4.55503924
4.5395766
4.51226276
4.48473375
4.46296269
4.4504965
4.44475482
4.4434199
4.446032
4.45212575
4.46112082
4.47242626
4.4854066
4.499334
4.51336216
4.52652308
4.53774967
4.5459215
4.54996253
4.54909689
4.54286028
4.52925869
4.50627525
4.48877733
4.47040599
4.45962412
4.45439693
4.45293073
4.45494012
4.46008193
4.4678652
4.47774521
4.48910627
4.50123589
4.5133199
4.52445922
4.53370949
4.54013809
4.54291637
4.54152645
4.5357519
4.52413784
4.50513904
4.48806471
4.47306029
4.4640127
4.45945867
4.45813467
4.45992754
4.46460862
4.47176611
4.48089047
4.49137401
4.50250595
4.51348664
4.52346145
4.53157427
4.53703391
4.53920297
4.5377658
4.53271119
4.52308692
4.50782455
4.4836719
4.47201379
4.46464419
4.46076613
4.45970542
4.46154065
4.46615697
4.47320939
4.4822041
4.49251756
4.50341316
4.5140736
4.52365077
4.53133236
4.53641906
4.53841592
4.53717382
4.53288172
4.52512987
4.51341957
4.47685908
4.46839132
4.46243284
4.45901922
4.45816573
4.46017369
4.46503866
4.47246096
4.48193133
4.49277376
4.50418478
4.51528387
4.52517809
4.53304243
4.53821144
4.54028165
4.53924246
4.53550195
4.52929117
4.52085965
4.46928962
4.46319805
4.45767795
4.45397163
4.4529256
4.45509288
4.46054665
4.46897203
4.47977463
4.49215249
4.50515761
4.51776196
4.52893475
4.5377379
4.54343801
4.54563442
4.54440785
4.54041962
4.53470258
4.52866954
4.46345249
4.45752674
4.45037422
4.44493068
4.44290704
4.44509908
4.45157112
4.4618765
4.47521842
4.49055468
4.50667584
4.52227954
4.53605699
4.54680304
4.55355568
4.55576897
4.5535238
4.54775293
4.54035506
4.53446568
)
;

boundaryField
{
    walls
    {
        type            zeroGradient;
    }
    mov_wall
    {
        type            zeroGradient;
    }
    empty
    {
        type            empty;
    }
}


// ************************************************************************* //
