/*--------------------------------*- C++ -*----------------------------------*\
| =========                 |                                                 |
| \\      /  F ield         | OpenFOAM: The Open Source CFD Toolbox           |
|  \\    /   O peration     | Version:  5.x                                   |
|   \\  /    A nd           | Web:      www.OpenFOAM.org                      |
|    \\/     M anipulation  |                                                 |
\*---------------------------------------------------------------------------*/
FoamFile
{
    version     2.0;
    format      ascii;
    class       surfaceScalarField;
    location    "4.3";
    object      phi;
}
// * * * * * * * * * * * * * * * * * * * * * * * * * * * * * * * * * * * * * //

dimensions      [0 3 -1 0 0 0 0];

internalField   nonuniform List<scalar> 
760
(
0.00134817621
-0.00134817769
0.00245763957
-0.00110946335
0.00313513456
-0.000677494993
0.00355971565
-0.000424581084
0.00383225127
-0.000272535619
0.00400945213
-0.000177200861
0.00412521449
-0.000115762356
0.00419921706
-7.40025711e-05
0.00424243235
-4.32152765e-05
0.00426055358
-1.81212295e-05
0.00425562235
4.93123113e-06
0.00422675777
2.88645738e-05
0.00416938939
5.73683841e-05
0.00407358504
9.58043566e-05
0.00391995094
0.000153634107
0.0036720193
0.000247931641
0.00326316023
0.000408859069
0.00257264076
0.000690519468
0.00140850173
0.00116413904
0.00140850173
-5.46955005e-05
-0.00129348219
0.000412592421
-0.00157675128
0.00103002964
-0.00129493221
0.00157871375
-0.000973265189
0.00201483261
-0.00070865447
0.00234477719
-0.000507145438
0.00258511626
-0.00035610142
0.00275126936
-0.000240155677
0.00285456776
-0.000146513664
0.00290179529
-6.5348756e-05
0.00289536658
1.13599529e-05
0.00283293034
9.13008116e-05
0.00270712572
0.000183173009
0.00250436373
0.000298566353
0.00220410987
0.00045388797
0.00178090172
0.000671139803
0.00121756799
0.0009721928
0.000552812554
0.0013552749
1.30664743e-05
0.00170388512
0.00142156821
-0.000271734759
-0.00102174743
-0.000221026748
-0.00162745928
7.13676473e-05
-0.0015873266
0.000446285512
-0.00134818305
0.000812489568
-0.00107485852
0.00112929917
-0.000823955036
0.00138207824
-0.000608880476
0.00156800781
-0.000426085251
0.0016883769
-0.000266882755
0.00174468449
-0.000121656336
0.00173678972
1.92547284e-05
0.00166213438
0.000165956152
0.00151571285
0.000329594541
0.00129125421
0.000523024995
0.00098501167
0.000760130517
0.000605009639
0.00105114184
0.000189850701
0.00138735174
-0.000160045083
0.00170517069
-0.000261640634
0.00180548067
0.00115992758
-0.000227941636
-0.000793805785
-0.000361197418
-0.0014942035
-0.00030832834
-0.00164019568
-0.000134821332
-0.00152169006
8.9209268e-05
-0.00129888912
0.000314971767
-0.00104971753
0.000513262913
-0.000807171614
0.000668299939
-0.000581122275
0.000771990254
-0.000370573071
0.000820036054
-0.000169702133
0.000809727602
2.95631882e-05
0.000739200984
0.000236482778
0.000607935633
0.000460859895
0.000419110839
0.000711849787
0.000184524299
0.000994717059
-6.71911949e-05
0.00130285734
-0.000280617554
0.00160077811
-0.000369418484
0.00179397162
-0.000246993635
0.00168305582
0.00091293395
-0.000168965248
-0.000624840536
-0.000352016249
-0.00131115248
-0.000431557771
-0.00156065415
-0.000408909082
-0.00154433875
-0.000319435283
-0.00138836292
-0.00020009528
-0.00116905753
-7.98101692e-05
-0.000927456714
2.15781729e-05
-0.00068251061
9.14286229e-05
-0.000440423521
0.000122135318
-0.00020040883
0.000109757139
4.19413719e-05
5.36456701e-05
0.000292594256
-4.27490442e-05
0.000557254617
-0.000169694068
0.00083879481
-0.000307652462
0.00113267545
-0.000423468651
0.00141867354
-0.000470024885
0.00164733436
-0.000397824829
0.00172177157
-0.000196431029
0.00148166203
0.000716502919
-0.000124192157
-0.000500648383
-0.00030833568
-0.00112700895
-0.000450494164
-0.00141849566
-0.000523204095
-0.00147162882
-0.000535391145
-0.00137617587
-0.000508160906
-0.00119628776
-0.000463156968
-0.000972460645
-0.00041806101
-0.000727606557
-0.000385619078
-0.000472865448
-0.000373912133
-0.000212115778
-0.000386727987
5.47572253e-05
-0.000423459547
0.000329325825
-0.000478356408
0.000612151489
-0.0005391783
0.000899616708
-0.000585818906
0.00117931605
-0.000590512358
0.00142336699
-0.000523085145
0.00157990715
-0.000366699089
0.00156538553
-0.000150585985
0.00126554893
0.000565916931
-9.45729448e-05
-0.000406075442
-0.00026464977
-0.000956932118
-0.000430738429
-0.00125240699
-0.000556976998
-0.00134539024
-0.000636793282
-0.00129635958
-0.000678141834
-0.00115493921
-0.000693943994
-0.000956658482
-0.000696929302
-0.000724621238
-0.000697274112
-0.000472520627
-0.00070166181
-0.000207728079
-0.000712860765
6.59561748e-05
-0.000729336409
0.000345801469
-0.000744753842
0.000627568933
-0.000747580326
0.000902443204
-0.00072146992
0.00115320565
-0.000647843409
0.00134974047
-0.000512876935
0.00144494067
-0.000321206285
0.00137371488
-0.000116485702
0.00106082836
0.000449431232
-7.5343739e-05
-0.000330731702
-0.000228206832
-0.000804069026
-0.00039835369
-0.00108226012
-0.000550539562
-0.00119320435
-0.000670626498
-0.00117627264
-0.000757578395
-0.00106798732
-0.000816784869
-0.000897452013
-0.000855587499
-0.000685818602
-0.000880624345
-0.000447483767
-0.000896360366
-0.000191992049
-0.000904270128
7.38659347e-05
-0.000902360353
0.000343891688
-0.000884972242
0.000610180825
-0.000843104185
0.00086057516
-0.000765820207
0.00107592169
-0.000643664751
0.00122758502
-0.000475103953
0.00127637987
-0.000276309854
0.00117492078
-9.21328638e-05
0.000876651373
0.000357298375
-6.22883043e-05
-0.000268443391
-0.00019854133
-0.000667816005
-0.000362893673
-0.00091790778
-0.000523850751
-0.00103224727
-0.000664415257
-0.00103570812
-0.000778128956
-0.000954273617
-0.000864812216
-0.000810768758
-0.00092716552
-0.000623465302
-0.000968399725
-0.000406249553
-0.000990721247
-0.000169670512
-0.000994436398
7.75810933e-05
-0.000977525771
0.000326981055
-0.000935695034
0.000568350083
-0.000863101263
0.000787981394
-0.000754123173
0.00096694361
-0.000606626317
0.00108008817
-0.000426950417
0.00109670397
-0.000236038296
0.000984008659
-7.43490256e-05
0.000714962102
0.000282949356
-5.27689649e-05
-0.000215674415
-0.000173812793
-0.00054677218
-0.000327557417
-0.00076416316
-0.000486866001
-0.00087293868
-0.000634380209
-0.000888193903
-0.000760757878
-0.000827895936
-0.000862116688
-0.000709409947
-0.000937654794
-0.000547927203
-0.000987783264
-0.000356121085
-0.00101282399
-0.000144629772
-0.00101222278
7.69799022e-05
-0.00098424072
0.000298998996
-0.00092616309
0.000510272445
-0.000835158839
0.000696977137
-0.000709976107
0.000841760885
-0.000553597338
0.000923709417
-0.000376676985
0.000919783629
-0.000200960052
0.000808291729
-6.08626299e-05
0.000574864677
0.000222086728
-4.52979253e-05
-0.00017037648
-0.000152453973
-0.000439616127
-0.00029329962
-0.000623317515
-0.000444763119
-0.000721475185
-0.000590345861
-0.000742611156
-0.000719473372
-0.00069876841
-0.000826046361
-0.000602836946
-0.000906878232
-0.000467095335
-0.000960347606
-0.000302651721
-0.000985403179
-0.000119574198
-0.000980963178
7.25399162e-05
-0.000945732125
0.000263767958
-0.000878480046
0.000443020369
-0.000778855078
0.000597352163
-0.00064878407
0.000711689873
-0.00049440356
0.000769328913
-0.000328204158
0.000753584239
-0.000170678369
0.000650765948
-5.02806575e-05
0.000454466967
0.000171806068
-3.90621834e-05
-0.000131314294
-0.000133403795
-0.000345274501
-0.000260349968
-0.000496371339
-0.000400388977
-0.000581436181
-0.000538431209
-0.000604568928
-0.000663692796
-0.000573506815
-0.000768938056
-0.000497591669
-0.000849523088
-0.000386510294
-0.000902500951
-0.000249673863
-0.000925934119
-9.61410385e-05
-0.000918488896
6.5094696e-05
-0.000879356206
0.000224635284
-0.000808535341
0.000372199518
-0.00070750528
0.000496322104
-0.000580261706
0.000584446291
-0.00043458835
0.000623655555
-0.000283248299
0.000602244195
-0.000144573366
0.000512091025
-4.17551841e-05
0.000351648794
0.000130050882
-3.36094148e-05
-9.77048849e-05
-0.0001159735
-0.0002629104
-0.000228685881
-0.000383658947
-0.000355331142
-0.000454790919
-0.000482448497
-0.00047745158
-0.000599656657
-0.000456298657
-0.000699324738
-0.000397923576
-0.000776050481
-0.000309784534
-0.000826127631
-0.000199596705
-0.000847124148
-7.51445292e-05
-0.000837646105
5.5616645e-05
-0.000797332217
0.000184321401
-0.000727102534
0.000301969851
-0.000629656434
0.000398876017
-0.000510163479
0.000464953338
-0.000377005151
0.000490497223
-0.000242314874
0.000467553916
-0.000121978238
0.000391754395
-3.47332155e-05
0.000264403781
9.53176685e-05
-2.86574978e-05
-6.90473956e-05
-9.96602267e-05
-0.000191907662
-0.000198117
-0.00028520216
-0.000310357553
-0.000342550355
-0.000424616062
-0.000363193072
-0.000531265895
-0.000349648832
-0.000622765458
-0.000306424014
-0.000693446631
-0.000239103347
-0.000739258808
-0.000153784512
-0.000757558034
-5.68452977e-05
-0.000747003458
4.50620614e-05
-0.000707597949
0.000144915886
-0.000640884406
0.000235256313
-0.000550277065
0.000308268691
-0.000441462348
0.000356138632
-0.000322745861
0.000371780738
-0.000205166592
0.000349974644
-0.000102185447
0.00028877325
-2.88024196e-05
0.000191020758
6.65152541e-05
-2.39812106e-05
-4.50661881e-05
-8.39974373e-05
-0.000131891436
-0.000168257093
-0.000200942496
-0.00026559548
-0.000245211954
-0.000365935583
-0.000262852961
-0.000460594493
-0.000254989925
-0.000542423536
-0.000224594979
-0.000605821319
-0.000175705563
-0.000646681725
-0.000112924092
-0.000662339375
-4.11876322e-05
-0.000651561329
3.42840193e-05
-0.000614612949
0.000107967499
-0.000553400645
0.000174044004
-0.0004716639
0.000226531951
-0.000375154004
0.000259628748
-0.000271701953
0.000268328697
-0.00017105886
0.000249331554
-8.44170739e-05
0.000202131463
-2.35998696e-05
0.000130203555
4.2915389e-05
-1.93492201e-05
-2.57169614e-05
-6.84700342e-05
-8.27706279e-05
-0.000138506751
-0.000130905779
-0.000220638069
-0.000163080627
-0.0003064284
-0.000177062615
-0.000388228745
-0.000173189572
-0.000459474171
-0.000153349557
-0.000514859809
-0.000120319932
-0.00055042979
-7.73541084e-05
-0.000563627557
-2.79898522e-05
-0.000553348418
2.40048941e-05
-0.000520016429
7.46355144e-05
-0.000465682619
0.00011971019
-0.00039411492
0.000154964249
-0.000310822989
0.000176336822
-0.000222941264
0.000180446982
-0.000138894622
0.00016528492
-6.78135198e-05
0.000131050364
-1.87621161e-05
8.11521516e-05
2.41532748e-05
-1.45055222e-05
-1.12114267e-05
-5.25211059e-05
-4.47550468e-05
-0.000108122811
-7.53040769e-05
-0.000174687791
-9.65156469e-05
-0.000245343232
-0.000106407165
-0.000313520805
-0.000105011986
-0.000373387891
-9.34824644e-05
-0.000420129423
-7.35784038e-05
-0.000450116075
-4.73674617e-05
-0.000461009081
-1.70968423e-05
-0.000451841627
1.48374524e-05
-0.000423096899
4.58907981e-05
-0.000376775969
7.33892625e-05
-0.000316426457
9.46147348e-05
-0.000247079556
0.00010698992
-0.000175030356
0.000108397787
-0.000107403061
9.7657633e-05
-5.14858464e-05
7.51331557e-05
-1.39146226e-05
4.35809312e-05
1.02386525e-05
-9.2027941e-06
-2.00862188e-06
-3.56847348e-05
-1.82731025e-05
-7.64355247e-05
-3.45532868e-05
-0.000126811022
-4.61401527e-05
-0.000181408065
-5.18101202e-05
-0.000234817139
-5.16029018e-05
-0.000282132217
-4.61673743e-05
-0.000319263532
-3.64470825e-05
-0.00034311651
-2.35144866e-05
-0.000351700046
-8.51331002e-06
-0.000344207017
7.34442645e-06
-0.000321084426
2.2768218e-05
-0.000284086155
3.63910015e-05
-0.000236279535
4.68081181e-05
-0.000181958579
5.26689636e-05
-0.000126403752
5.28429602e-05
-7.54285439e-05
4.66824292e-05
-3.46816285e-05
3.43862466e-05
-8.7139079e-06
1.76132164e-05
1.52474557e-06
-3.43752151e-06
1.4289038e-06
-1.80438719e-05
-3.66674624e-06
-4.34060328e-05
-9.19112162e-06
-7.64336652e-05
-1.31125213e-05
-0.000113187157
-1.50566318e-05
-0.000149665113
-1.51249429e-05
-0.00018225154
-1.35809374e-05
-0.000207952838
-1.07457728e-05
-0.000224514088
-6.95323223e-06
-0.000230484759
-2.54264157e-06
-0.000225272647
2.13231263e-06
-0.000209197082
6.69265727e-06
-0.000183535356
1.07292839e-05
-0.000150536809
1.38095795e-05
-0.000113368294
1.55004529e-05
-7.59397627e-05
1.54144294e-05
-4.25472254e-05
1.32898934e-05
-1.72767389e-05
9.11576416e-06
-3.10385727e-06
3.44034037e-06
-1.57910954e-06
1.42890227e-06
-2.23784002e-06
-1.14289536e-05
-2.45414679e-05
-3.9598099e-05
-5.47230462e-05
-6.83039864e-05
-7.90497556e-05
-8.60029799e-05
-8.85456158e-05
-8.64133031e-05
-7.97206486e-05
-6.89913656e-05
-5.51817831e-05
-3.96813253e-05
-2.42668921e-05
-1.09769972e-05
-1.86123223e-06
1.5791095e-06
)
;

boundaryField
{
    walls
    {
        type            calculated;
        value           uniform 0;
    }
    mov_wall
    {
        type            calculated;
        value           uniform 0;
    }
    empty
    {
        type            empty;
        value           nonuniform 0();
    }
}


// ************************************************************************* //
