/*--------------------------------*- C++ -*----------------------------------*\
| =========                 |                                                 |
| \\      /  F ield         | OpenFOAM: The Open Source CFD Toolbox           |
|  \\    /   O peration     | Version:  5.x                                   |
|   \\  /    A nd           | Web:      www.OpenFOAM.org                      |
|    \\/     M anipulation  |                                                 |
\*---------------------------------------------------------------------------*/
FoamFile
{
    version     2.0;
    format      ascii;
    class       volVectorField;
    location    "4.3";
    object      U;
}
// * * * * * * * * * * * * * * * * * * * * * * * * * * * * * * * * * * * * * //

dimensions      [0 1 -1 0 0 0 0];

internalField   nonuniform List<vector> 
400
(
(0.291698352 0.149643895 0)
(0.388187057 0.128007734 0)
(0.557616018 0.0757318431 0)
(0.674785677 0.0433044462 0)
(0.74376658 0.025159109 0)
(0.787075012 0.0148802993 0)
(0.815462951 0.00893092233 0)
(0.833939555 0.00530992816 0)
(0.845365458 0.00289956141 0)
(0.851349261 0.00108485306 2.66526998e-34)
(0.852640746 -0.000502852707 -2.66526998e-34)
(0.84935429 -0.00216072036 0)
(0.840973369 -0.00421710602 0)
(0.826113772 -0.00722098618 0)
(0.802020425 -0.0122365011 0)
(0.763538945 -0.02138921 0)
(0.69948889 -0.0388386153 0)
(0.584557334 -0.0722732751 0)
(0.407900534 -0.128436308 0)
(0.300688067 -0.152947536 0)
(0.00120413724 0.28743251 0)
(0.0133208808 0.293872191 0)
(0.140044384 0.20990489 0)
(0.264971545 0.142986183 0)
(0.364177709 0.0968019969 0)
(0.440120041 0.0654411291 0)
(0.496541021 0.0439762557 0)
(0.536691053 0.0287011582 0)
(0.563274454 0.0170798548 0)
(0.578137333 0.00742308719 0)
(0.582210279 -0.00150101163 0)
(0.575515246 -0.0107977545 0)
(0.557109243 -0.0217346528 0)
(0.52491299 -0.0361396925 0)
(0.475518404 -0.0569634974 0)
(0.404326001 -0.0889771519 0)
(0.305687292 -0.139150756 0)
(0.174497788 -0.215275203 0)
(0.0341065827 -0.310801156 0)
(0.0108691556 -0.305909063 0)
(-0.0321467816 0.24177397 0)
(-0.0634304066 0.333547211 0)
(-0.0219362478 0.299502529 0)
(0.0505995857 0.240051693 0)
(0.127397348 0.183020826 0)
(0.196818582 0.135454536 0)
(0.25416708 0.0974523509 0)
(0.298088281 0.0668891758 0)
(0.328665659 0.0413758266 0)
(0.346307812 0.018781462 -2.35797191e-33)
(0.351211303 -0.00280949044 2.35797191e-33)
(0.34312674 -0.0252950453 0)
(0.321277572 -0.0508299468 0)
(0.284432893 -0.082094831 0)
(0.231328813 -0.122479775 0)
(0.161916758 -0.17565804 0)
(0.0798350176 -0.243208457 0)
(-0.00333734411 -0.317981961 0)
(-0.0578531354 -0.366363502 0)
(-0.031389321 -0.270690676 0)
(-0.0261204232 0.182361596 0)
(-0.0666192993 0.31688417 0)
(-0.0735378123 0.330901774 0)
(-0.0481307522 0.295352938 0)
(-0.005672206 0.244253528 0)
(0.0411124487 0.192431757 0)
(0.0845450844 0.145095051 0)
(0.12042431 0.103006638 0)
(0.146585227 0.0651543682 0)
(0.161925463 0.0298884096 2.35546729e-33)
(0.165812805 -0.00469432016 -2.35546729e-33)
(0.157798791 -0.0406696167 0)
(0.137586489 -0.0803027365 0)
(0.105285203 -0.125979579 0)
(0.0620900197 -0.179774807 0)
(0.0116092638 -0.242029716 0)
(-0.0380283817 -0.307764353 0)
(-0.0720490961 -0.359579369 0)
(-0.071163919 -0.355585637 0)
(-0.0287210569 -0.209178581 0)
(-0.0176296866 0.140767927 0)
(-0.0549165568 0.281827228 0)
(-0.0828630143 0.324484389 0)
(-0.0880762488 0.312396826 0)
(-0.0751197156 0.274442003 0)
(-0.0526276508 0.226778445 0)
(-0.0275118712 0.177302832 0)
(-0.00458011265 0.129145435 0)
(0.0130234702 0.0829123686 0)
(0.0233567785 0.0379330364 -2.94545739e-34)
(0.0253097316 -0.00710139177 2.94545739e-34)
(0.0184151951 -0.0537995193 0)
(0.0028869748 -0.103801258 0)
(-0.0200872101 -0.158367935 0)
(-0.0477708013 -0.217530721 0)
(-0.075061464 -0.278347553 0)
(-0.0936267118 -0.331694801 0)
(-0.0922270574 -0.357398867 0)
(-0.0635074679 -0.318879889 0)
(-0.0207312598 -0.162076724 0)
(-0.0116542813 0.111592258 0)
(-0.0431522059 0.243765285 0)
(-0.0782840082 0.299859426 0)
(-0.100579278 0.305000852 0)
(-0.10831061 0.280421285 0)
(-0.105716527 0.2403692 0)
(-0.0975361923 0.193277782 0)
(-0.0877934656 0.143545382 0)
(-0.0795352082 0.0930260838 0)
(-0.074827234 0.0420752385 0)
(-0.0748481481 -0.00975925346 0)
(-0.079934591 -0.0632506154 0)
(-0.0895000318 -0.119033271 0)
(-0.101812883 -0.17699344 0)
(-0.113690956 -0.235297917 0)
(-0.120284787 -0.288849071 0)
(-0.115237027 -0.327084781 0)
(-0.0922711155 -0.33156655 0)
(-0.0521876276 -0.275119689 0)
(-0.0142847854 -0.127260097 0)
(-0.00803185687 0.089968024 0)
(-0.0343052859 0.20787671 0)
(-0.0703686664 0.267741374 0)
(-0.100959328 0.283509165 0)
(-0.121509123 0.269753798 0)
(-0.13306198 0.237807862 0)
(-0.138135853 0.195384137 0)
(-0.139450257 0.147216502 0)
(-0.139365679 0.095890692 0)
(-0.139599245 0.0425957665 0)
(-0.141114127 -0.0122625616 0)
(-0.144054676 -0.0685401618 0)
(-0.147657218 -0.125824591 0)
(-0.150140608 -0.182787201 0)
(-0.148667747 -0.236314552 0)
(-0.139565533 -0.280390164 0)
(-0.119015758 -0.304900544 0)
(-0.0848747427 -0.294957284 0)
(-0.0422046461 -0.232154475 0)
(-0.0100065905 -0.100709814 0)
(-0.00589819045 0.0731569082 0)
(-0.0280514414 0.175459937 0)
(-0.0624620811 0.233454982 0)
(-0.0961931175 0.254650707 0)
(-0.123784299 0.24866239 0)
(-0.144336459 0.223978335 0)
(-0.158622052 0.18707247 0)
(-0.168069559 0.142434116 0)
(-0.174171021 0.0929433484 0)
(-0.178091662 0.0403533098 0)
(-0.180456272 -0.014224517 0)
(-0.181230018 -0.0698446721 0)
(-0.179647312 -0.12522575 0)
(-0.174205203 -0.178177557 0)
(-0.162809074 -0.224940949 0)
(-0.143212561 -0.259512831 0)
(-0.113841641 -0.2732013 0)
(-0.0753166203 -0.254896361 0)
(-0.0343188984 -0.192925776 0)
(-0.00728498515 -0.0799917705 0)
(-0.00459312279 0.0595160181 0)
(-0.0235441702 0.146542624 0)
(-0.0553429939 0.199662165 0)
(-0.0893196772 0.222701646 0)
(-0.120051824 0.221819428 0)
(-0.1456091 0.203131842 0)
(-0.165570661 0.17179656 0)
(-0.18031711 0.131775638 0)
(-0.190531084 0.0859405177 0)
(-0.196813742 0.0363510163 2.97711696e-34)
(-0.199448908 -0.015391537 -2.97711695e-34)
(-0.19827564 -0.0677566365 0)
(-0.192646162 -0.118867793 0)
(-0.181489358 -0.166059304 0)
(-0.163546092 -0.205440866 0)
(-0.137858732 -0.231577787 0)
(-0.104503398 -0.237504903 0)
(-0.0656637283 -0.215386223 0)
(-0.0281737991 -0.158249842 0)
(-0.00551069049 -0.0634668206 0)
(-0.00373314322 0.0480883428 0)
(-0.0201212343 0.120839403 0)
(-0.0490153901 0.167676449 0)
(-0.0816389821 0.190287508 0)
(-0.112989453 0.192487659 0)
(-0.140680565 0.178557141 4.6798837e-33)
(-0.163557398 0.152465459 0)
(-0.181246289 0.117555004 0)
(-0.193784182 0.0765047491 -4.7406412e-33)
(-0.201296978 0.0314710013 2.26595205e-36)
(-0.203789201 -0.0156743886 4.98649122e-36)
(-0.201035372 -0.0630555887 0)
(-0.192565936 -0.108481578 0)
(-0.177765519 -0.149141424 0)
(-0.156124912 -0.181360923 0)
(-0.127679785 -0.200524258 0)
(-0.0935645719 -0.201318532 0)
(-0.0566770457 -0.178463969 0)
(-0.0233146671 -0.128090139 0)
(-0.00429570518 -0.0500435342 0)
(-0.00311504073 0.0383306351 0)
(-0.0173631163 0.0980508554 0)
(-0.0433176202 0.138129971 0)
(-0.0737180772 0.158979206 0)
(-0.104104455 0.16283823 0)
(-0.131970537 0.152618187 -4.6798837e-33)
(-0.155761617 0.13129571 0)
(-0.174612865 0.101603284 0)
(-0.188100223 0.0659289988 4.7406412e-33)
(-0.195997425 0.0263693671 1.4910695e-33)
(-0.198111618 -0.0151233134 -1.49832194e-33)
(-0.194204015 -0.0565442382 0)
(-0.183996562 -0.0956260325 0)
(-0.167277176 -0.129654838 0)
(-0.144124397 -0.155368912 0)
(-0.115252467 -0.169022494 0)
(-0.0823814103 -0.166713887 0)
(-0.0485941046 -0.145040222 0)
(-0.0193975963 -0.102103345 0)
(-0.0034209095 -0.0390050003 0)
(-0.0026339359 0.0299262654 0)
(-0.0150226236 0.0779301323 0)
(-0.0380974211 0.111311115 0)
(-0.0658175682 0.129695799 0)
(-0.0942794761 0.134263883 0)
(-0.12104403 0.126925349 0)
(-0.144383612 0.109860575 0)
(-0.163148986 0.0852480523 0)
(-0.176619509 0.0551416436 0)
(-0.184335478 0.02147032 2.99742854e-34)
(-0.185982942 -0.0138813601 -2.99742854e-34)
(-0.181343679 -0.0489515363 0)
(-0.170313965 -0.0815745512 0)
(-0.152999253 -0.109289265 0)
(-0.129891607 -0.129330733 0)
(-0.102114504 -0.138764243 0)
(-0.0716393833 -0.134816137 0)
(-0.0414365964 -0.115407286 0)
(-0.0161843494 -0.07985822 0)
(-0.00276403311 -0.0298606575 0)
(-0.00223473653 0.0226800239 0)
(-0.0129541266 0.06028386 0)
(-0.0332381477 0.0873308409 0)
(-0.0580555276 0.102954506 0)
(-0.0840353811 0.107621826 0)
(-0.108906086 0.102520713 0)
(-0.130914083 0.0892086545 0)
(-0.148775834 0.0693818714 0)
(-0.16160355 0.0447501695 0)
(-0.16880129 0.0170067383 3.00137436e-34)
(-0.169993548 -0.0121372101 -3.00137436e-34)
(-0.164999676 -0.040886177 0)
(-0.153857538 -0.0672953729 0)
(-0.136899082 -0.0892417024 0)
(-0.114876637 -0.104468698 0)
(-0.0891189092 -0.110744416 0)
(-0.061632846 -0.106158115 0)
(-0.0351269767 -0.0895353353 0)
(-0.0135037433 -0.0609264408 0)
(-0.0022532724 -0.0222578257 0)
(-0.00188545641 0.0164662553 0)
(-0.0110624848 0.04496454 0)
(-0.0286411423 0.0662105089 0)
(-0.0504611275 0.0790278234 0)
(-0.0736531626 0.083412336 0)
(-0.0961641797 0.0800414934 0)
(-0.116305919 0.0699953626 0)
(-0.132763342 0.0545610918 0)
(-0.144575602 0.0351143672 0)
(-0.151082435 0.0130747391 0)
(-0.151887893 -0.0100881499 0)
(-0.146853005 -0.0328250749 0)
(-0.136119506 -0.0534823516 0)
(-0.120164257 -0.0703098524 0)
(-0.09987934 -0.0815299467 0)
(-0.0766571211 -0.0854921345 0)
(-0.052412212 -0.0809235369 0)
(-0.0295300351 -0.0672469497 0)
(-0.0112185737 -0.0449266632 0)
(-0.00184129764 -0.0159381044 0)
(-0.00156251792 0.0112077494 0)
(-0.00926988065 0.0318705368 0)
(-0.0242025204 0.0479368767 0)
(-0.0429884447 0.0580490745 0)
(-0.0632319133 0.0619115051 0)
(-0.0831208688 0.0598559227 0)
(-0.101086248 0.0526055581 0)
(-0.115849132 0.0411071762 0)
(-0.126440929 0.0264236369 0)
(-0.13218724 0.00968561167 0)
(-0.132697633 -0.00791671062 0)
(-0.127870717 -0.0251250461 0)
(-0.117915459 -0.0406102704 0)
(-0.103386534 -0.05299745 0)
(-0.0852272537 -0.0609386971 0)
(-0.0648019887 -0.0632496874 0)
(-0.0438652634 -0.0591133833 0)
(-0.0244675017 -0.0483249885 0)
(-0.00920309373 -0.0315520059 0)
(-0.00149088406 -0.010719378 0)
(-0.00124269131 0.0068723688 0)
(-0.00749726368 0.0209539394 0)
(-0.0197996772 0.0325014313 0)
(-0.0355241957 0.0400873016 0)
(-0.0527239634 0.0432717659 0)
(-0.069833104 0.0421741871 0)
(-0.0854326571 0.0372606223 0)
(-0.0983251705 0.0291991513 0)
(-0.107580786 0.0187673623 0)
(-0.112546722 0.00680864732 0)
(-0.112854335 -0.0057801073 0)
(-0.10843163 -0.0180487536 0)
(-0.0995214491 -0.0289997698 0)
(-0.0867021679 -0.0376160615 0)
(-0.0709039786 -0.0429246718 0)
(-0.0534054941 -0.0441071857 0)
(-0.0357703089 -0.0406592864 0)
(-0.0197281046 -0.0325810779 0)
(-0.00733072881 -0.0205903304 0)
(-0.00116697618 -0.00649226809 0)
(-0.000899881971 0.00347704415 0)
(-0.00566093076 0.0122244297 0)
(-0.0152978469 0.019917942 0)
(-0.0279091945 0.0251886551 0)
(-0.0419708367 0.0275859315 0)
(-0.0561592805 0.0271262728 0)
(-0.0692274803 0.0240986762 0)
(-0.0800968168 0.018945435 0)
(-0.0879159918 0.0121895951 0)
(-0.0920844199 0.00440206715 0)
(-0.0922681509 -0.00380767499 0)
(-0.0884155132 -0.0117927628 0)
(-0.080772491 -0.0188748734 0)
(-0.0698942047 -0.0243659709 0)
(-0.0566454545 -0.0276151905 0)
(-0.0421770512 -0.028088703 0)
(-0.0278468997 -0.0254864164 0)
(-0.0150887334 -0.0198866095 0)
(-0.00547449472 -0.0119313556 0)
(-0.000833547393 -0.00322197434 0)
(-0.000507507469 0.0010892084 0)
(-0.00368889126 0.00574014091 0)
(-0.0105872246 0.0102223821 0)
(-0.019987939 0.0134022154 0)
(-0.0307552957 0.0149400967 0)
(-0.041807656 0.0148327201 0)
(-0.0521004745 0.0132501858 0)
(-0.0607205926 0.0104516816 0)
(-0.0669425825 0.00673881813 0)
(-0.0702538288 0.00243728456 0)
(-0.0703711877 -0.00210635053 0)
(-0.0672558404 -0.00652338602 0)
(-0.0611263912 -0.010425252 0)
(-0.0524664972 -0.0134154684 0)
(-0.0420201074 -0.0151167104 0)
(-0.0307626623 -0.0152183498 0)
(-0.0198243291 -0.0135494042 0)
(-0.0103615216 -0.010176165 0)
(-0.00352670163 -0.00555507368 0)
(-0.000456470376 -0.000945965674 0)
(-6.44910634e-05 -0.000176241098 0)
(-0.00159898842 0.00163661761 0)
(-0.00569518744 0.00359860268 0)
(-0.0117199307 0.00501068006 0)
(-0.0188880494 0.00571684705 0)
(-0.0263913887 0.00573382897 0)
(-0.0334549879 0.00514772204 0)
(-0.039408501 0.00407326903 0)
(-0.0437225479 0.00263489317 0)
(-0.046023884 0.000961862995 0)
(-0.0461058237 -0.000810104152 0)
(-0.0439388716 -0.00253598929 0)
(-0.0396813835 -0.00406056203 0)
(-0.0336869562 -0.00522175486 0)
(-0.0265027366 -0.00586030415 0)
(-0.0188496256 -0.00583829548 0)
(-0.011567543 -0.00507039375 0)
(-0.00551559621 -0.0035709533 0)
(-0.00148203487 -0.00155258654 0)
(-3.10932276e-05 0.00023397792 0)
(0.000261395579 -0.000255577975 0)
(0.000151440319 0.000102073266 0)
(-0.00117495248 0.000547415809 0)
(-0.00348063108 0.000863516638 0)
(-0.00637558275 0.0010220783 0)
(-0.00946687301 0.00103797696 0)
(-0.0124000365 0.000936218067 0)
(-0.0148817773 0.000743061874 0)
(-0.0166861001 0.000483180862 0)
(-0.0176547252 0.000180088655 1.08300223e-33)
(-0.0176985203 -0.00014230811 -1.08300223e-33)
(-0.0168014863 -0.000458218727 0)
(-0.0150266295 -0.000739019442 0)
(-0.0125219008 -0.00095324454 0)
(-0.00952354885 -0.00106773182 0)
(-0.00635302362 -0.00105052539 0)
(-0.00340014955 -0.000876787725 0)
(-0.00108361531 -0.000539615983 0)
(0.000206110855 -8.25144119e-05 0)
(0.00027456374 0.000266745596 0)
)
;

boundaryField
{
    walls
    {
        type            fixedValue;
        value           uniform (0 0 0);
    }
    mov_wall
    {
        type            fixedValue;
        value           uniform (1 0 0);
    }
    empty
    {
        type            empty;
    }
}


// ************************************************************************* //
