/*--------------------------------*- C++ -*----------------------------------*\
| =========                 |                                                 |
| \\      /  F ield         | OpenFOAM: The Open Source CFD Toolbox           |
|  \\    /   O peration     | Version:  5.x                                   |
|   \\  /    A nd           | Web:      www.OpenFOAM.org                      |
|    \\/     M anipulation  |                                                 |
\*---------------------------------------------------------------------------*/
FoamFile
{
    version     2.0;
    format      ascii;
    class       volScalarField;
    location    "6.9";
    object      p;
}
// * * * * * * * * * * * * * * * * * * * * * * * * * * * * * * * * * * * * * //

dimensions      [0 2 -2 0 0 0 0];

internalField   nonuniform List<scalar> 
400
(
1.02406737e-06
2.45246024
3.49432388
3.89888006
4.10664804
4.22470752
4.29429215
4.34027897
4.37633947
4.41011162
4.44676059
4.49091546
4.54765507
4.62449013
4.73479837
4.90459691
5.18238055
5.68420184
6.84131635
9.41172535
1.88670597
2.86729008
3.41988427
3.74774455
3.96518154
4.10974804
4.20767508
4.27899299
4.33674551
4.38961385
4.44424609
4.50657263
4.58333418
4.68329841
4.81972692
5.01367977
5.29402307
5.69846979
6.33841623
7.42837186
2.98207846
3.26253089
3.54233177
3.77068023
3.94570635
4.07571648
4.1732264
4.25000404
4.3152763
4.37623658
4.43892577
4.50902233
4.59257584
4.69678339
4.83085074
5.00663881
5.23632242
5.52394002
5.86049147
6.19823815
3.52778484
3.58534348
3.72178611
3.86537742
3.98906472
4.09083301
4.17461096
4.24571474
4.3095276
4.37102379
4.43477522
4.50520506
4.5867892
4.68425529
4.80245182
4.94569329
5.11575006
5.30514868
5.4783377
5.55963961
3.84421773
3.82688114
3.88518054
3.96938364
4.05222038
4.12779159
4.19566925
4.25747849
4.31592359
4.3740929
4.43506564
4.50185818
4.57733182
4.66400677
4.76350469
4.87551163
4.99635965
5.11480251
5.19584664
5.18371651
4.04550168
4.0036594
4.02142673
4.06785051
4.12138299
4.17574149
4.22885536
4.28053834
4.33186082
4.38449234
4.44027154
4.50096859
4.56804938
4.64232704
4.72332702
4.80836699
4.89180733
4.96267853
4.99308125
4.94680862
4.18058626
4.13383139
4.13183936
4.15536917
4.1888341
4.22706719
4.26772744
4.30987227
4.35363793
4.39973195
4.44903892
4.50233737
4.56001941
4.62172234
4.68578603
4.74862662
4.80456035
4.84466624
4.84862516
4.7936806
4.27565905
4.23084293
4.2196605
4.22967481
4.2498463
4.2763552
4.30712275
4.3409831
4.37757894
4.41699957
4.45945202
4.50499679
4.5532857
4.60324965
4.65270552
4.69801182
4.73425919
4.75484729
4.74556097
4.69204267
4.34467458
4.30373141
4.28862931
4.29082788
4.30237666
4.32057211
4.34373043
4.3707021
4.4008933
4.43401588
4.46982877
4.50791825
4.54748393
4.58710939
4.62451374
4.65641369
4.67889408
4.68733363
4.6718797
4.62321697
4.39525958
4.35850476
4.34215744
4.33995836
4.34598935
4.35836156
4.37576133
4.39714527
4.42182546
4.44929881
4.47905103
4.51038728
4.54227459
4.57319279
4.60100051
4.62292638
4.63599601
4.63709269
4.61932508
4.57637797
4.43196378
4.39925785
4.38305458
4.37851062
4.38106585
4.38939615
4.40248755
4.41942462
4.43950214
4.46210879
4.48658232
4.51208698
4.5375082
4.56136907
4.58177627
4.59648132
4.60329461
4.60017374
4.582206
4.54489409
4.45777659
4.42889586
4.41358048
4.40794494
4.40837955
4.41394722
4.42386418
4.43733861
4.45368826
4.47226111
4.49233084
4.51301378
4.53320668
4.55155163
4.5664332
4.57607051
4.57888566
4.57357469
4.55655533
4.52447812
4.47482755
4.44957347
4.43556146
4.42962067
4.42885306
4.43259363
4.44023545
4.45109853
4.46454305
4.47991584
4.49647734
4.51335031
4.52949113
4.54368868
4.55459207
4.56081094
4.56122729
4.55503598
4.53957331
4.51225951
4.48473057
4.46295937
4.45049316
4.44475159
4.44341681
4.4460289
4.45212249
4.46111743
4.47242292
4.48540344
4.49933093
4.51335901
4.52651977
4.5377463
4.54591822
4.54995936
4.54909375
4.5428571
4.52925544
4.50627197
4.48877422
4.47040275
4.45962077
4.45439359
4.45292752
4.45493704
4.46007882
4.46786192
4.47774182
4.48910296
4.50123274
4.51331682
4.52445605
4.53370619
4.54013475
4.54291309
4.54152326
4.53574873
4.52413464
4.50513579
4.48806158
4.47305715
4.46400943
4.45945531
4.45813134
4.45992435
4.46460553
4.47176297
4.48088718
4.49137063
4.50250265
4.51348348
4.52345835
4.53157109
4.53703063
4.53919966
4.53776254
4.53270798
4.52308373
4.50782133
4.48366869
4.47201068
4.46464103
4.46076285
4.45970206
4.46153733
4.46615379
4.4732063
4.48220095
4.49251427
4.50340981
4.51407032
4.5236476
4.53132923
4.53641587
4.53841266
4.53717054
4.53287847
4.52512665
4.51341636
4.47685577
4.46838816
4.46242972
4.45901605
4.45816244
4.46017035
4.46503537
4.47245778
4.48192822
4.49277058
4.50418149
4.51528055
4.52517483
4.53303924
4.53820828
4.54027845
4.53923921
4.53549868
4.52928793
4.52085643
4.46928626
4.4631948
4.45767479
4.4539685
4.45292242
4.45508961
4.46054333
4.46896876
4.47977145
4.49214935
4.50515442
4.51775869
4.52893146
4.53773464
4.54343481
4.54563123
4.54440463
4.54041639
4.53469933
4.52866631
4.4634491
4.45752339
4.45037095
4.44492749
4.4429039
4.44509589
4.45156785
4.4618732
4.47521516
4.49055149
4.50667268
4.52227634
4.53605374
4.54679977
4.55355243
4.55576575
4.55352059
4.54774972
4.54035183
4.53446244
)
;

boundaryField
{
    walls
    {
        type            zeroGradient;
    }
    mov_wall
    {
        type            zeroGradient;
    }
    empty
    {
        type            empty;
    }
}


// ************************************************************************* //
