/*--------------------------------*- C++ -*----------------------------------*\
| =========                 |                                                 |
| \\      /  F ield         | OpenFOAM: The Open Source CFD Toolbox           |
|  \\    /   O peration     | Version:  5.x                                   |
|   \\  /    A nd           | Web:      www.OpenFOAM.org                      |
|    \\/     M anipulation  |                                                 |
\*---------------------------------------------------------------------------*/
FoamFile
{
    version     2.0;
    format      ascii;
    class       surfaceScalarField;
    location    "6.9";
    object      phi;
}
// * * * * * * * * * * * * * * * * * * * * * * * * * * * * * * * * * * * * * //

dimensions      [0 3 -1 0 0 0 0];

internalField   nonuniform List<scalar> 
760
(
0.00134817669
-0.00134817718
0.00245763981
-0.00110946312
0.0031351347
-0.000677494893
0.00355971573
-0.000424581029
0.00383225132
-0.000272535586
0.00400945217
-0.000177200842
0.00412521452
-0.000115762349
0.00419921708
-7.40025712e-05
0.00424243236
-4.32152766e-05
0.00426055359
-1.81212256e-05
0.00425562236
4.93123498e-06
0.00422675779
2.88645739e-05
0.0041693894
5.73683803e-05
0.00407358505
9.58043546e-05
0.00391995094
0.00015363411
0.0036720193
0.000247931645
0.00326316023
0.000408859066
0.00257264077
0.00069051946
0.00140850173
0.00116413903
0.00140850173
-5.46952382e-05
-0.00129348194
0.000412592684
-0.00157675104
0.00103002984
-0.00129493205
0.0015787139
-0.000973265088
0.00201483272
-0.000708654406
0.00234477728
-0.000507145397
0.00258511633
-0.000356101394
0.00275126942
-0.000240155664
0.0028545678
-0.000146513657
0.00290179532
-6.53487507e-05
0.0028953666
1.13599582e-05
0.00283293037
9.13008149e-05
0.00270712574
0.000183173008
0.00250436375
0.00029856635
0.00220410988
0.000453887969
0.00178090172
0.000671139806
0.001217568
0.000972192803
0.000552812563
0.0013552749
1.30664856e-05
0.00170388512
0.00142156821
-0.000271734644
-0.0010217473
-0.000221026576
-0.0016274591
7.13678221e-05
-0.00158732645
0.000446285668
-0.00134818293
0.000812489697
-0.00107485844
0.00112929928
-0.000823954976
0.00138207832
-0.000608880433
0.00156800788
-0.000426085223
0.00168837697
-0.000266882738
0.00174468454
-0.000121656325
0.00173678976
1.9254738e-05
0.00166213442
0.00016595616
0.00151571288
0.000329594546
0.00129125424
0.000523024995
0.00098501169
0.000760130516
0.000605009649
0.00105114184
0.000189850706
0.00138735175
-0.000160045077
0.00170517069
-0.000261640625
0.00180548067
0.00115992758
-0.000227941582
-0.000793805716
-0.000361197315
-0.00149420336
-0.000308328214
-0.00164019554
-0.0001348212
-0.00152168995
8.92093907e-05
-0.00129888903
0.000314971873
-0.00104971746
0.000513263002
-0.00080717156
0.000668300019
-0.000581122235
0.000771990328
-0.000370573044
0.000820036118
-0.000169702117
0.000809727651
2.95632018e-05
0.000739201022
0.000236482791
0.000607935667
0.000460859907
0.000419110873
0.000711849793
0.000184524327
0.000994717061
-6.71911784e-05
0.00130285735
-0.000280617548
0.00160077812
-0.000369418481
0.00179397163
-0.00024699363
0.00168305583
0.000912933948
-0.000168965219
-0.000624840498
-0.000352016189
-0.00131115239
-0.000431557687
-0.00156065404
-0.000408908981
-0.00154433865
-0.000319435178
-0.00138836283
-0.000200095182
-0.00116905746
-7.98100846e-05
-0.000927456658
2.15782477e-05
-0.000682510563
9.14286948e-05
-0.000440423486
0.000122135386
-0.000200408806
0.000109757196
4.19413884e-05
5.36457116e-05
0.000292594273
-4.27490124e-05
0.000557254635
-0.000169694037
0.000838794825
-0.000307652432
0.00113267546
-0.000423468628
0.00141867354
-0.000470024875
0.00164733436
-0.000397824827
0.00172177158
-0.000196431029
0.00148166203
0.000716502923
-0.000124192137
-0.000500648361
-0.000308335644
-0.00112700889
-0.00045049411
-0.00141849557
-0.000523204025
-0.00147162873
-0.000535391061
-0.00137617579
-0.00050816082
-0.0011962877
-0.00046315689
-0.000972460592
-0.000418060943
-0.000727606509
-0.000385619016
-0.000472865406
-0.000373912069
-0.000212115747
-0.000386727927
5.47572457e-05
-0.000423459501
0.000329325841
-0.000478356377
0.000612151509
-0.000539178276
0.00089961673
-0.00058581888
0.00117931607
-0.000590512333
0.001423367
-0.00052308513
0.00157990715
-0.000366699086
0.00156538553
-0.000150585989
0.00126554894
0.000565916939
-9.45729303e-05
-0.000406075426
-0.000264649746
-0.000956932075
-0.000430738393
-0.00125240693
-0.000556976952
-0.00134539017
-0.000636793222
-0.00129635952
-0.000678141763
-0.00115493916
-0.000693943923
-0.000956658435
-0.000696929242
-0.000724621194
-0.000697274061
-0.000472520585
-0.000701661759
-0.000207728041
-0.00071286071
6.59562021e-05
-0.000729336359
0.000345801487
-0.000744753808
0.00062756895
-0.000747580305
0.000902443226
-0.000721469903
0.00115320568
-0.000647843388
0.00134974049
-0.000512876918
0.00144494068
-0.000321206278
0.00137371489
-0.000116485705
0.00106082836
0.000449431238
-7.53437321e-05
-0.000330731688
-0.000228206814
-0.000804068996
-0.000398353663
-0.00108226008
-0.000550539531
-0.0011932043
-0.000670626459
-0.00117627258
-0.000757578343
-0.00106798727
-0.000816784808
-0.000897451969
-0.000855587443
-0.000685818565
-0.000880624302
-0.00044748373
-0.000896360329
-0.000191992008
-0.000904270087
7.38659701e-05
-0.000902360307
0.000343891712
-0.000884972204
0.000610180842
-0.000843104162
0.000860575177
-0.000765820195
0.00107592171
-0.00064366474
0.00122758504
-0.000475103938
0.00127637989
-0.000276309843
0.00117492079
-9.21328613e-05
0.000876651376
0.000357298376
-6.22883069e-05
-0.000268443377
-0.000198541318
-0.000667815982
-0.000362893651
-0.00091790775
-0.000523850727
-0.00103224723
-0.000664415233
-0.00103570808
-0.000778128923
-0.000954273566
-0.000864812171
-0.000810768715
-0.000927165469
-0.000623465269
-0.000968399684
-0.000406249524
-0.000990721218
-0.000169670477
-0.000994436372
7.7581132e-05
-0.000977525737
0.000326981089
-0.000935694997
0.000568350105
-0.000863101236
0.000787981409
-0.000754123161
0.000966943628
-0.000606626312
0.0010800882
-0.00042695041
0.001096704
-0.000236038287
0.000984008676
-7.43490178e-05
0.000714962108
0.000282949354
-5.27689745e-05
-0.000215674404
-0.000173812789
-0.000546772159
-0.000327557401
-0.000764163136
-0.00048686598
-0.000872938652
-0.000634380191
-0.000888193868
-0.000760757861
-0.000827895893
-0.000862116662
-0.000709409903
-0.000937654755
-0.000547927169
-0.000987783223
-0.00035612106
-0.00101282396
-0.000144629747
-0.00101222277
7.6979935e-05
-0.000984240703
0.000298999033
-0.000926163064
0.000510272477
-0.00083515881
0.000696977158
-0.000709976088
0.000841760899
-0.000553597332
0.000923709433
-0.000376676984
0.00091978365
-0.000200960049
0.000808291749
-6.0862623e-05
0.000574864688
0.000222086728
-4.5297935e-05
-0.000170376475
-0.000152453976
-0.000439616109
-0.000293299612
-0.000623317493
-0.000444763101
-0.000721475163
-0.000590345843
-0.000742611133
-0.000719473361
-0.00069876838
-0.000826046351
-0.000602836907
-0.000906878211
-0.000467095297
-0.000960347573
-0.000302651693
-0.000985403148
-0.000119574178
-0.000980963161
7.2539938e-05
-0.000945732118
0.00026376799
-0.000878480035
0.000443020405
-0.000778855059
0.000597352192
-0.00064878405
0.000711689891
-0.000494403548
0.000769328926
-0.000328204156
0.000753584253
-0.00017067837
0.000650765964
-5.02806567e-05
0.000454466981
0.000171806073
-3.90621856e-05
-0.000131314296
-0.000133403803
-0.000345274488
-0.00026034997
-0.000496371317
-0.000400388967
-0.00058143616
-0.000538431191
-0.000604568911
-0.000663692783
-0.000573506796
-0.000768938053
-0.000497591641
-0.000849523084
-0.000386510258
-0.000902500935
-0.000249673829
-0.000925934093
-9.61410155e-05
-0.000918488874
6.50947115e-05
-0.000879356197
0.000224635304
-0.00080853534
0.000372199547
-0.000707505274
0.000496322137
-0.000580261691
0.000584446318
-0.000434588336
0.000623655572
-0.000283248292
0.000602244205
-0.000144573366
0.000512091035
-4.17551885e-05
0.000351648805
0.00013005089
-3.3609407e-05
-9.77048905e-05
-0.000115973506
-0.000262910394
-0.00022868589
-0.000383658929
-0.000355331143
-0.000454790897
-0.000482448486
-0.000477451562
-0.000599656643
-0.000456298644
-0.000699324732
-0.000397923561
-0.000776050484
-0.000309784509
-0.000826127631
-0.000199596673
-0.000847124135
-7.51444994e-05
-0.000837646084
5.56166641e-05
-0.000797332202
0.000184321414
-0.00072710253
0.000301969867
-0.000629656435
0.000398876043
-0.000510163475
0.000464953366
-0.000377005141
0.000490497245
-0.000242314864
0.000467553929
-0.000121978234
0.000391754402
-3.47332192e-05
0.000264403787
9.53176738e-05
-2.86574854e-05
-6.90473985e-05
-9.96602271e-05
-0.000191907661
-0.00019811701
-0.00028520215
-0.000310357564
-0.000342550336
-0.000424616064
-0.000363193051
-0.000531265885
-0.000349648817
-0.000622765447
-0.000306424005
-0.000693446631
-0.000239103335
-0.000739258815
-0.00015378449
-0.000757558037
-5.6845268e-05
-0.000747003448
4.50620874e-05
-0.000707597933
0.000144915902
-0.000640884396
0.000235256323
-0.000550277065
0.000308268705
-0.00044146235
0.000356138653
-0.000322745859
0.000371780761
-0.000205166584
0.000349974661
-0.000102185441
0.00028877326
-2.88024185e-05
0.000191020762
6.65152551e-05
-2.39812031e-05
-4.50661841e-05
-8.39974334e-05
-0.000131891437
-0.000168257097
-0.000200942494
-0.000265595493
-0.000245211943
-0.000365935594
-0.000262852941
-0.000460594494
-0.000254989905
-0.000542423527
-0.000224594967
-0.000605821312
-0.000175705557
-0.000646681728
-0.000112924083
-0.000662339384
-4.1187613e-05
-0.000651561332
3.42840448e-05
-0.000614612941
0.000107967521
-0.000553400633
0.000174044017
-0.000471663893
0.000226531959
-0.000375154004
0.000259628759
-0.000271701954
0.000268328713
-0.000171058858
0.000249331571
-8.44170686e-05
0.000202131475
-2.35998647e-05
0.00013020356
4.29153883e-05
-1.93492239e-05
-2.57169522e-05
-6.84700311e-05
-8.27706255e-05
-0.00013850675
-0.000130905779
-0.000220638075
-0.000163080625
-0.000306428414
-0.000177062605
-0.000388228757
-0.000173189554
-0.000459474172
-0.00015334954
-0.000514859802
-0.000120319922
-0.000550429786
-7.73541051e-05
-0.000563627562
-2.79898457e-05
-0.000553348427
2.40049095e-05
-0.000520016432
7.4635535e-05
-0.000465682613
0.000119710207
-0.000394114911
0.000154964259
-0.000310822984
0.000176336827
-0.000222941264
0.00018044699
-0.000138894622
0.000165284931
-6.78135179e-05
0.000131050375
-1.87621119e-05
8.1152158e-05
2.41532755e-05
-1.45055356e-05
-1.1211418e-05
-5.25211077e-05
-4.4755041e-05
-0.000108122809
-7.53040749e-05
-0.000174687791
-9.65156478e-05
-0.00024534324
-0.000106407164
-0.000313520819
-0.000105011977
-0.000373387902
-9.34824494e-05
-0.000420129423
-7.35783902e-05
-0.000450116069
-4.73674555e-05
-0.000461009079
-1.7096841e-05
-0.000451841633
1.48374563e-05
-0.000423096907
4.58908091e-05
-0.00037677597
7.33892775e-05
-0.000316426452
9.46147473e-05
-0.000247079549
0.000106989926
-0.000175030352
0.000108397791
-0.000107403061
9.76576372e-05
-5.14858465e-05
7.51331616e-05
-1.39146216e-05
4.35809365e-05
1.02386549e-05
-9.20280937e-06
-2.0086181e-06
-3.56847411e-05
-1.82730961e-05
-7.64355264e-05
-3.45532808e-05
-0.00012681102
-4.61401508e-05
-0.000181408066
-5.18101224e-05
-0.000234817147
-5.1602903e-05
-0.000282132229
-4.61673691e-05
-0.00031926354
-3.64470718e-05
-0.00034311651
-2.35144767e-05
-0.000351700042
-8.5133061e-06
-0.000344207015
7.34442591e-06
-0.00032108443
2.2768219e-05
-0.00028408616
3.63910076e-05
-0.000236279535
4.68081273e-05
-0.000181958575
5.26689715e-05
-0.000126403746
5.28429644e-05
-7.54285407e-05
4.66824309e-05
-3.46816279e-05
3.43862482e-05
-8.71390898e-06
1.76132186e-05
1.52474763e-06
-3.43753242e-06
1.42890332e-06
-1.80438789e-05
-3.66673834e-06
-4.34060386e-05
-9.19111059e-06
-7.64336669e-05
-1.31125127e-05
-0.000113187155
-1.50566309e-05
-0.000149665114
-1.5124949e-05
-0.000182251546
-1.3580943e-05
-0.000207952848
-1.0745771e-05
-0.000224514094
-6.95322378e-06
-0.000230484759
-2.54263388e-06
-0.000225272644
2.13231361e-06
-0.000209197081
6.69265297e-06
-0.000183535357
1.07292805e-05
-0.000150536811
1.38095813e-05
-0.000113368294
1.55004585e-05
-7.59397592e-05
1.54144344e-05
-4.25472216e-05
1.32898952e-05
-1.72767371e-05
9.11576358e-06
-3.10385827e-06
3.44033936e-06
-1.57910969e-06
1.42890067e-06
-2.23784599e-06
-1.14289624e-05
-2.45414743e-05
-3.95980984e-05
-5.4723041e-05
-6.83039837e-05
-7.90497595e-05
-8.60029873e-05
-8.854562e-05
-8.64133013e-05
-7.9720644e-05
-6.89913631e-05
-5.5181784e-05
-3.96813273e-05
-2.42668924e-05
-1.09769954e-05
-1.86123018e-06
1.57910969e-06
)
;

boundaryField
{
    walls
    {
        type            calculated;
        value           uniform 0;
    }
    mov_wall
    {
        type            calculated;
        value           uniform 0;
    }
    empty
    {
        type            empty;
        value           nonuniform 0();
    }
}


// ************************************************************************* //
