/*--------------------------------*- C++ -*----------------------------------*\
| =========                 |                                                 |
| \\      /  F ield         | OpenFOAM: The Open Source CFD Toolbox           |
|  \\    /   O peration     | Version:  5.x                                   |
|   \\  /    A nd           | Web:      www.OpenFOAM.org                      |
|    \\/     M anipulation  |                                                 |
\*---------------------------------------------------------------------------*/
FoamFile
{
    version     2.0;
    format      ascii;
    class       volVectorField;
    location    "6.9";
    object      U;
}
// * * * * * * * * * * * * * * * * * * * * * * * * * * * * * * * * * * * * * //

dimensions      [0 1 -1 0 0 0 0];

internalField   nonuniform List<vector> 
400
(
(0.291698408 0.149643834 0)
(0.388187145 0.128007702 0)
(0.557616059 0.0757318298 0)
(0.674785697 0.0433044398 0)
(0.743766592 0.0251591056 0)
(0.78707502 0.0148802977 0)
(0.815462957 0.00893092177 0)
(0.83393956 0.00530992818 0)
(0.845365461 0.00289956144 0)
(0.851349263 0.00108485283 2.66526803e-34)
(0.852640748 -0.000502852989 -2.66526803e-34)
(0.849354292 -0.00216072031 0)
(0.840973371 -0.00421710568 0)
(0.826113773 -0.00722098599 0)
(0.802020425 -0.0122365013 0)
(0.763538945 -0.0213892103 0)
(0.699488891 -0.0388386151 0)
(0.584557336 -0.0722732744 0)
(0.407900535 -0.128436307 0)
(0.300688068 -0.152947536 0)
(0.00120417299 0.287432424 0)
(0.013320944 0.293872136 0)
(0.140044432 0.20990486 0)
(0.26497158 0.142986166 0)
(0.364177734 0.0968019868 0)
(0.44012006 0.0654411232 0)
(0.496541036 0.0439762526 0)
(0.536691065 0.0287011569 0)
(0.563274464 0.0170798542 0)
(0.578137341 0.0074230865 0)
(0.582210285 -0.00150101237 0)
(0.575515251 -0.0107977547 0)
(0.557109248 -0.0217346524 0)
(0.524912994 -0.036139692 0)
(0.475518407 -0.0569634975 0)
(0.404326003 -0.0889771523 0)
(0.305687293 -0.139150756 0)
(0.17449779 -0.215275202 0)
(0.034106584 -0.310801155 0)
(0.0108691562 -0.305909063 0)
(-0.0321467671 0.24177393 0)
(-0.0634303741 0.333547168 0)
(-0.0219362119 0.299502497 0)
(0.0505996191 0.24005167 0)
(0.127397377 0.18302081 0)
(0.196818605 0.135454526 0)
(0.254167099 0.097452344 0)
(0.298088297 0.0668891716 0)
(0.328665673 0.0413758242 0)
(0.346307823 0.0187814605 -2.35797016e-33)
(0.351211312 -0.00280949182 2.35797016e-33)
(0.343126747 -0.0252950464 0)
(0.321277578 -0.0508299472 0)
(0.284432899 -0.0820948307 0)
(0.231328817 -0.122479775 0)
(0.161916761 -0.17565804 0)
(0.0798350192 -0.243208457 0)
(-0.00333734298 -0.317981961 0)
(-0.0578531342 -0.366363502 0)
(-0.0313893204 -0.270690675 0)
(-0.0261204169 0.182361578 0)
(-0.0666192823 0.316884139 0)
(-0.0735377884 0.330901745 0)
(-0.0481307258 0.295352914 0)
(-0.00567218034 0.24425351 0)
(0.0411124715 0.192431744 0)
(0.0845451039 0.145095042 0)
(0.120424327 0.103006631 0)
(0.146585242 0.0651543638 0)
(0.161925476 0.0298884068 2.35546555e-33)
(0.165812816 -0.00469432246 -2.35546555e-33)
(0.1577988 -0.0406696188 0)
(0.137586496 -0.0803027382 0)
(0.10528521 -0.12597958 0)
(0.0620900257 -0.179774808 0)
(0.0116092682 -0.242029717 0)
(-0.0380283794 -0.307764354 0)
(-0.0720490951 -0.35957937 0)
(-0.0711639183 -0.355585637 0)
(-0.0287210565 -0.20917858 0)
(-0.0176296837 0.140767917 0)
(-0.0549165476 0.281827206 0)
(-0.0828629993 0.324484364 0)
(-0.0880762297 0.312396804 0)
(-0.0751196948 0.274441985 0)
(-0.0526276304 0.226778431 0)
(-0.0275118528 0.17730282 0)
(-0.00458009651 0.129145427 0)
(0.013023485 0.0829123624 0)
(0.0233567925 0.0379330323 -2.94545525e-34)
(0.0253097439 -0.00710139486 2.94545525e-34)
(0.0184152049 -0.0537995223 0)
(0.00288698231 -0.103801261 0)
(-0.0200872036 -0.158367937 0)
(-0.0477707953 -0.217530722 0)
(-0.0750614589 -0.278347554 0)
(-0.0936267086 -0.331694802 0)
(-0.0922270562 -0.357398869 0)
(-0.0635074677 -0.31887989 0)
(-0.0207312597 -0.162076724 0)
(-0.0116542796 0.111592253 0)
(-0.0431522006 0.24376527 0)
(-0.0782839989 0.299859407 0)
(-0.100579265 0.305000834 0)
(-0.108310594 0.280421269 0)
(-0.10571651 0.240369186 0)
(-0.0975361759 0.193277771 0)
(-0.087793451 0.143545372 0)
(-0.079535195 0.0930260761 0)
(-0.0748272214 0.042075233 0)
(-0.0748481359 -0.0097592573 0)
(-0.0799345805 -0.0632506188 0)
(-0.089500024 -0.119033274 0)
(-0.101812877 -0.176993444 0)
(-0.113690951 -0.23529792 0)
(-0.120284782 -0.288849072 0)
(-0.115237024 -0.327084782 0)
(-0.0922711137 -0.331566551 0)
(-0.0521876276 -0.275119691 0)
(-0.0142847857 -0.127260098 0)
(-0.00803185587 0.0899680203 0)
(-0.0343052825 0.207876699 0)
(-0.0703686603 0.26774136 0)
(-0.100959319 0.283509149 0)
(-0.121509112 0.269753784 0)
(-0.133061967 0.23780785 0)
(-0.138135839 0.195384127 0)
(-0.139450244 0.147216493 0)
(-0.139365668 0.0958906836 0)
(-0.139599235 0.0425957596 0)
(-0.141114116 -0.0122625665 0)
(-0.144054666 -0.0685401654 0)
(-0.14765721 -0.125824594 0)
(-0.150140602 -0.182787205 0)
(-0.148667743 -0.236314556 0)
(-0.139565529 -0.280390167 0)
(-0.119015754 -0.304900546 0)
(-0.0848747403 -0.294957285 0)
(-0.0422046456 -0.232154476 0)
(-0.0100065907 -0.100709816 0)
(-0.00589819003 0.0731569053 0)
(-0.0280514393 0.17545993 0)
(-0.0624620768 0.233454972 0)
(-0.0961931115 0.254650694 0)
(-0.123784292 0.248662378 0)
(-0.14433645 0.223978324 0)
(-0.15862204 0.18707246 0)
(-0.168069548 0.142434108 0)
(-0.174171011 0.0929433403 0)
(-0.178091653 0.0403533021 0)
(-0.180456264 -0.0142245233 0)
(-0.181230009 -0.0698446766 0)
(-0.179647304 -0.125225754 0)
(-0.174205197 -0.178177561 0)
(-0.162809071 -0.224940953 0)
(-0.143212559 -0.259512836 0)
(-0.113841639 -0.273201303 0)
(-0.075316618 -0.254896363 0)
(-0.0343188972 -0.192925777 0)
(-0.00728498497 -0.0799917712 0)
(-0.00459312297 0.0595160154 0)
(-0.0235441693 0.146542619 0)
(-0.0553429907 0.199662158 0)
(-0.0893196727 0.222701636 0)
(-0.120051819 0.221819417 0)
(-0.145609094 0.203131832 0)
(-0.165570653 0.171796551 0)
(-0.180317101 0.131775631 0)
(-0.190531075 0.0859405108 0)
(-0.196813735 0.0363510088 2.97711476e-34)
(-0.199448902 -0.0153915443 -2.97711476e-34)
(-0.198275634 -0.0677566424 0)
(-0.192646155 -0.118867797 0)
(-0.181489352 -0.166059307 0)
(-0.163546088 -0.20544087 0)
(-0.13785873 -0.231577792 0)
(-0.104503397 -0.237504907 0)
(-0.0656637268 -0.215386225 0)
(-0.0281737977 -0.158249843 0)
(-0.00551068996 -0.0634668205 0)
(-0.00373314385 0.0480883404 0)
(-0.0201212345 0.120839398 0)
(-0.0490153881 0.167676443 0)
(-0.0816389785 0.190287501 0)
(-0.112989449 0.192487651 0)
(-0.140680561 0.178557132 4.67988014e-33)
(-0.163557394 0.15246545 0)
(-0.181246282 0.117554997 0)
(-0.193784174 0.0765047434 -4.74063782e-33)
(-0.201296971 0.0314709953 2.26594134e-36)
(-0.203789197 -0.0156743956 4.98648835e-36)
(-0.201035369 -0.0630555958 0)
(-0.192565932 -0.108481583 0)
(-0.177765514 -0.149141428 0)
(-0.156124907 -0.181360927 0)
(-0.127679783 -0.200524262 0)
(-0.093564571 -0.201318537 0)
(-0.0566770452 -0.178463972 0)
(-0.0233146663 -0.128090141 0)
(-0.00429570471 -0.050043534 0)
(-0.00311504137 0.0383306336 0)
(-0.0173631172 0.0980508517 0)
(-0.0433176197 0.138129967 0)
(-0.0737180748 0.158979201 0)
(-0.104104452 0.162838225 0)
(-0.131970534 0.15261818 -4.67988014e-33)
(-0.155761615 0.131295702 0)
(-0.174612861 0.101603276 0)
(-0.188100218 0.0659289934 4.74063782e-33)
(-0.195997419 0.0263693624 1.49106839e-33)
(-0.198111613 -0.0151233189 -1.49832082e-33)
(-0.194204012 -0.056544245 0)
(-0.18399656 -0.0956260392 0)
(-0.167277173 -0.129654843 0)
(-0.144124393 -0.155368915 0)
(-0.115252464 -0.169022497 0)
(-0.0823814088 -0.16671389 0)
(-0.0485941043 -0.145040225 0)
(-0.0193975963 -0.102103348 0)
(-0.00342090944 -0.0390050008 0)
(-0.00263393607 0.0299262651 0)
(-0.0150226245 0.0779301292 0)
(-0.038097422 0.111311111 0)
(-0.0658175675 0.129695794 0)
(-0.0942794737 0.134263879 0)
(-0.121044027 0.126925344 0)
(-0.14438361 0.109860569 0)
(-0.163148985 0.0852480451 0)
(-0.176619507 0.0551416374 0)
(-0.184335474 0.0214703156 2.9974264e-34)
(-0.185982937 -0.013881364 -2.9974264e-34)
(-0.181343675 -0.0489515414 0)
(-0.170313964 -0.0815745575 0)
(-0.152999252 -0.109289271 0)
(-0.129891605 -0.129330738 0)
(-0.102114501 -0.138764247 0)
(-0.0716393812 -0.13481614 0)
(-0.0414365957 -0.115407289 0)
(-0.0161843497 -0.0798582224 0)
(-0.00276403338 -0.0298606588 0)
(-0.00223473609 0.0226800247 0)
(-0.0129541267 0.0602838581 0)
(-0.033238149 0.0873308371 0)
(-0.0580555286 0.102954502 0)
(-0.0840353804 0.107621822 0)
(-0.108906084 0.10252071 0)
(-0.130914081 0.0892086502 0)
(-0.148775834 0.0693818655 0)
(-0.16160355 0.044750163 0)
(-0.168801289 0.0170067331 3.0013723e-34)
(-0.169993545 -0.0121372138 -3.0013723e-34)
(-0.164999672 -0.0408861804 0)
(-0.153857536 -0.0672953775 0)
(-0.136899081 -0.0892417081 0)
(-0.114876636 -0.104468704 0)
(-0.0891189078 -0.11074442 0)
(-0.0616328441 -0.106158117 0)
(-0.0351269754 -0.0895353371 0)
(-0.0135037431 -0.0609264425 0)
(-0.00225327262 -0.0222578271 0)
(-0.00188545569 0.0164662561 0)
(-0.0110624841 0.0449645392 0)
(-0.0286411433 0.0662105062 0)
(-0.0504611293 0.0790278195 0)
(-0.0736531637 0.0834123321 0)
(-0.096164179 0.0800414905 0)
(-0.116305917 0.06999536 0)
(-0.132763341 0.0545610881 0)
(-0.144575602 0.0351143618 0)
(-0.151082435 0.0130747334 0)
(-0.151887892 -0.0100881544 0)
(-0.146853003 -0.032825078 0)
(-0.136119504 -0.0534823546 0)
(-0.120164255 -0.0703098564 0)
(-0.0998793399 -0.0815299515 0)
(-0.0766571209 -0.0854921389 0)
(-0.052412211 -0.0809235399 0)
(-0.0295300338 -0.0672469514 0)
(-0.011218573 -0.0449266643 0)
(-0.00184129753 -0.0159381051 0)
(-0.00156251751 0.0112077493 0)
(-0.00926987995 0.0318705367 0)
(-0.0242025206 0.0479368755 0)
(-0.0429884462 0.0580490716 0)
(-0.0632319154 0.0619115012 0)
(-0.08312087 0.0598559193 0)
(-0.101086248 0.0526055558 0)
(-0.115849131 0.0411071743 0)
(-0.126440928 0.0264236337 0)
(-0.132187241 0.00968560694 0)
(-0.132697634 -0.00791671559 0)
(-0.127870717 -0.0251250499 0)
(-0.117915457 -0.0406102729 0)
(-0.103386532 -0.0529974524 0)
(-0.0852272529 -0.0609387003 0)
(-0.0648019887 -0.0632496911 0)
(-0.0438652632 -0.0591133866 0)
(-0.024467501 -0.0483249905 0)
(-0.00920309289 -0.0315520068 0)
(-0.00149088372 -0.0107193781 0)
(-0.00124269161 0.00687236745 0)
(-0.00749726378 0.0209539391 0)
(-0.019799677 0.032501431 0)
(-0.0355241963 0.0400873002 0)
(-0.0527239653 0.043271763 0)
(-0.0698331063 0.0421741836 0)
(-0.0854326584 0.0372606195 0)
(-0.0983251701 0.0291991496 0)
(-0.107580785 0.0187673609 0)
(-0.112546722 0.00680864472 0)
(-0.112854336 -0.00578011124 0)
(-0.108431631 -0.0180487577 0)
(-0.0995214488 -0.0289997729 0)
(-0.0867021665 -0.0376160635 0)
(-0.0709039772 -0.0429246737 0)
(-0.0534054935 -0.0441071881 0)
(-0.0357703088 -0.0406592891 0)
(-0.0197281044 -0.03258108 0)
(-0.00733072834 -0.0205903315 0)
(-0.00116697591 -0.00649226809 0)
(-0.00089988286 0.00347704238 0)
(-0.00566093188 0.0122244289 0)
(-0.0152978471 0.0199179417 0)
(-0.0279091945 0.0251886548 0)
(-0.0419708375 0.0275859303 0)
(-0.0561592825 0.0271262703 0)
(-0.0692274826 0.0240986732 0)
(-0.080096818 0.0189454328 0)
(-0.0879159916 0.012189594 0)
(-0.0920844193 0.00440206621 0)
(-0.0922681511 -0.00380767694 0)
(-0.0884155142 -0.0117927658 0)
(-0.0807724918 -0.0188748765 0)
(-0.0698942044 -0.0243659732 0)
(-0.0566454533 -0.0276151919 0)
(-0.0421770501 -0.0280887042 0)
(-0.0278468992 -0.025486418 0)
(-0.0150887332 -0.0198866111 0)
(-0.00547449464 -0.0119313567 0)
(-0.000833547329 -0.00322197462 0)
(-0.000507508426 0.00108920724 0)
(-0.00368889284 0.00574013978 0)
(-0.0105872255 0.0102223813 0)
(-0.0199879392 0.0134022152 0)
(-0.0307552958 0.0149400966 0)
(-0.0418076568 0.0148327193 0)
(-0.0521004764 0.0132501839 0)
(-0.0607205945 0.0104516794 0)
(-0.0669425834 0.00673881658 0)
(-0.0702538286 0.00243728397 0)
(-0.0703711872 -0.00210635098 0)
(-0.0672558405 -0.00652338723 0)
(-0.0611263919 -0.010425254 0)
(-0.0524664976 -0.0134154704 0)
(-0.042020107 -0.0151167118 0)
(-0.0307626613 -0.0152183506 0)
(-0.0198243282 -0.0135494048 0)
(-0.0103615212 -0.0101761658 0)
(-0.0035267016 -0.00555507442 0)
(-0.000456470431 -0.000945966081 0)
(-6.4491632e-05 -0.000176241409 0)
(-0.00159898965 0.00163661657 0)
(-0.00569518865 0.00359860139 0)
(-0.0117199316 0.00501067927 0)
(-0.0188880496 0.00571684715 0)
(-0.0263913887 0.00573382945 0)
(-0.0334549885 0.0051477219 0)
(-0.0394085024 0.00407326788 0)
(-0.0437225493 0.00263489165 0)
(-0.0460238846 0.000961862078 0)
(-0.0461058234 -0.000810104213 0)
(-0.0439388711 -0.00253598913 0)
(-0.0396813834 -0.0040605624 0)
(-0.0336869565 -0.00522175587 0)
(-0.0265027367 -0.00586030528 0)
(-0.0188496253 -0.00583829622 0)
(-0.0115675423 -0.00507039405 0)
(-0.00551559564 -0.00357095344 0)
(-0.0014820347 -0.00155258672 0)
(-3.10932565e-05 0.000233977735 0)
(0.000261395456 -0.000255577929 0)
(0.000151439648 0.000102072819 0)
(-0.00117495385 0.000547415098 0)
(-0.0034806326 0.000863516055 0)
(-0.00637558341 0.00102207822 0)
(-0.00946687253 0.00103797735 0)
(-0.0124000357 0.000936218424 0)
(-0.0148817773 0.000743061729 0)
(-0.0166861011 0.000483180272 0)
(-0.0176547263 0.000180088127 1.08300147e-33)
(-0.0176985206 -0.000142308185 -1.08300147e-33)
(-0.0168014857 -0.000458218455 0)
(-0.0150266287 -0.000739019246 0)
(-0.0125219006 -0.000953244691 0)
(-0.00952354912 -0.00106773221 0)
(-0.00635302386 -0.00105052573 0)
(-0.00340014941 -0.000876787843 0)
(-0.00108361496 -0.000539615952 0)
(0.000206111073 -8.25143687e-05 0)
(0.000274563773 0.000266745594 0)
)
;

boundaryField
{
    walls
    {
        type            fixedValue;
        value           uniform (0 0 0);
    }
    mov_wall
    {
        type            fixedValue;
        value           uniform (1 0 0);
    }
    empty
    {
        type            empty;
    }
}


// ************************************************************************* //
