/*--------------------------------*- C++ -*----------------------------------*\
| =========                 |                                                 |
| \\      /  F ield         | OpenFOAM: The Open Source CFD Toolbox           |
|  \\    /   O peration     | Version:  5.x                                   |
|   \\  /    A nd           | Web:      www.OpenFOAM.org                      |
|    \\/     M anipulation  |                                                 |
\*---------------------------------------------------------------------------*/
FoamFile
{
    version     2.0;
    format      ascii;
    class       volScalarField;
    location    "4.4";
    object      p;
}
// * * * * * * * * * * * * * * * * * * * * * * * * * * * * * * * * * * * * * //

dimensions      [0 2 -2 0 0 0 0];

internalField   nonuniform List<scalar> 
400
(
2.97163482e-06
2.45246309
3.49432689
3.89888308
4.10665104
4.2247105
4.29429513
4.34028199
4.37634253
4.41011467
4.44676358
4.49091843
4.54765808
4.62449319
4.73480142
4.90459989
5.18238351
5.68420487
6.84131946
9.41172849
1.88670874
2.86729299
3.41988723
3.74774756
3.96518458
4.10975104
4.20767804
4.27899597
4.33674854
4.38961692
4.44424913
4.50657561
4.58333716
4.68330144
4.81973
5.0136828
5.29402603
5.69847273
6.33841923
7.42837495
2.98208144
3.26253382
3.54233471
3.77068321
3.94570939
4.07571953
4.17322939
4.25000699
4.31527928
4.37623963
4.43892883
4.50902534
4.59257879
4.69678638
4.83085381
5.0066419
5.23632543
5.52394296
5.86049442
6.19824118
3.52778787
3.58534646
3.72178905
3.86538037
3.98906774
4.09083607
4.17461399
4.2457177
4.30953055
4.3710268
4.4347783
4.50520811
4.58679217
4.68425823
4.80245483
4.94569639
5.11575315
5.30515168
5.47834064
5.55964258
3.84422078
3.82688418
3.88518352
3.96938658
4.05222336
4.12779464
4.19567232
4.25748151
4.31592653
4.37409586
4.4350687
4.50186128
4.57733485
4.66400971
4.76350763
4.87551467
4.99636276
5.11480558
5.19584963
5.18371946
4.0455047
4.00366246
4.02142976
4.06785347
4.12138592
4.17574449
4.22885844
4.28054141
4.3318638
4.38449525
4.44027452
4.50097169
4.56805248
4.64233003
4.72332993
4.80836994
4.89181038
4.96268164
4.99308431
4.9468116
4.18058924
4.13383444
4.13184244
4.15537219
4.18883703
4.22707013
4.26773048
4.30987539
4.35364099
4.39973488
4.44904183
4.50234039
4.56002254
4.62172544
4.685789
4.74862952
4.80456331
4.84466931
4.84862825
4.79368365
4.275662
4.23084594
4.21966358
4.2296779
4.24984929
4.27635811
4.3071257
4.34098618
4.37758207
4.41700259
4.45945491
4.5049997
4.55328876
4.6032528
4.6527086
4.69801477
4.7342621
4.75485026
4.74556402
4.69204575
4.34467754
4.30373436
4.28863234
4.29083099
4.30237974
4.32057506
4.34373332
4.37070509
4.40089643
4.43401901
4.46983175
4.50792112
4.54748686
4.58711248
4.62451689
4.65641676
4.67889703
4.68733655
4.67188268
4.62322002
4.3952626
4.35850769
4.3421604
4.33996143
4.34599249
4.35836461
4.37576424
4.39714815
4.42182848
4.44930197
4.47905414
4.51039022
4.54227745
4.57319574
4.60100361
4.62292952
4.63599907
4.63709565
4.61932802
4.57638096
4.43196687
4.39926082
4.38305749
4.37851359
4.38106896
4.38939929
4.40249058
4.4194275
4.43950503
4.46211186
4.4865855
4.51209008
4.53751113
4.56137193
4.58177923
4.59648441
4.60329773
4.6001768
4.58220897
4.54489704
4.45777971
4.42889891
4.41358341
4.40794784
4.40838255
4.41395036
4.42386733
4.4373416
4.45369111
4.47226402
4.49233393
4.51301696
4.53320976
4.55155455
4.56643608
4.57607348
4.57888874
4.57357779
4.55655838
4.5244811
4.47483063
4.44957659
4.43556449
4.42962357
4.42885596
4.43259667
4.44023861
4.45110166
4.464546
4.47991869
4.49648027
4.51335341
4.5294943
4.54369175
4.554595
4.56081383
4.56123026
4.55503904
4.53957639
4.51226255
4.48473355
4.46296248
4.45049628
4.44475459
4.44341968
4.4460318
4.45212555
4.46112061
4.47242604
4.48540637
4.49933378
4.51336197
4.52652288
4.53774946
4.54592128
4.54996231
4.54909668
4.54286008
4.52925849
4.50627504
4.48877713
4.47040579
4.45962391
4.45439671
4.4529305
4.45493991
4.46008174
4.46786501
4.477745
4.48910605
4.50123567
4.51331969
4.52445902
4.53370928
4.54013788
4.54291615
4.54152623
4.53575169
4.52413763
4.50513883
4.48806449
4.47306009
4.4640125
4.45945847
4.45813444
4.45992731
4.4646084
4.47176591
4.48089027
4.49137379
4.50250572
4.51348642
4.52346124
4.53157406
4.5370337
4.53920276
4.53776559
4.53271097
4.52308671
4.50782434
4.48367168
4.47201357
4.46464399
4.46076593
4.45970521
4.46154042
4.46615674
4.47320918
4.4822039
4.49251736
4.50341295
4.51407337
4.52365055
4.53133215
4.53641885
4.53841571
4.53717361
4.5328815
4.52512965
4.51341936
4.47685886
4.46839109
4.46243262
4.45901901
4.45816553
4.46017348
4.46503844
4.47246074
4.48193112
4.49277356
4.50418457
4.51528366
4.52517787
4.53304221
4.53821123
4.54028144
4.53924225
4.53550173
4.52929096
4.52085944
4.46928942
4.46319783
4.45767773
4.45397141
4.4529254
4.45509268
4.46054644
4.46897182
4.47977441
4.49215228
4.50515741
4.51776175
4.52893454
4.53773768
4.5434378
4.54563421
4.54440764
4.54041941
4.53470236
4.52866933
4.46345229
4.45752653
4.450374
4.44493046
4.44290683
4.44509887
4.45157091
4.46187629
4.47521821
4.49055446
4.50667563
4.52227933
4.53605678
4.54680283
4.55355547
4.55576876
4.55352359
4.54775272
4.54035485
4.53446547
)
;

boundaryField
{
    walls
    {
        type            zeroGradient;
    }
    mov_wall
    {
        type            zeroGradient;
    }
    empty
    {
        type            empty;
    }
}


// ************************************************************************* //
