/*--------------------------------*- C++ -*----------------------------------*\
| =========                 |                                                 |
| \\      /  F ield         | OpenFOAM: The Open Source CFD Toolbox           |
|  \\    /   O peration     | Version:  5.x                                   |
|   \\  /    A nd           | Web:      www.OpenFOAM.org                      |
|    \\/     M anipulation  |                                                 |
\*---------------------------------------------------------------------------*/
FoamFile
{
    version     2.0;
    format      ascii;
    class       surfaceScalarField;
    location    "4.4";
    object      phi;
}
// * * * * * * * * * * * * * * * * * * * * * * * * * * * * * * * * * * * * * //

dimensions      [0 3 -1 0 0 0 0];

internalField   nonuniform List<scalar> 
760
(
0.00134817624
-0.00134817766
0.00245763958
-0.00110946334
0.00313513457
-0.000677494987
0.00355971566
-0.000424581081
0.00383225128
-0.000272535617
0.00400945213
-0.00017720086
0.00412521449
-0.000115762355
0.00419921706
-7.40025711e-05
0.00424243235
-4.32152766e-05
0.00426055358
-1.81212295e-05
0.00425562235
4.93123136e-06
0.00422675777
2.8864574e-05
0.00416938939
5.73683841e-05
0.00407358504
9.58043565e-05
0.00391995094
0.000153634107
0.0036720193
0.000247931641
0.00326316023
0.000408859069
0.00257264076
0.000690519469
0.00140850173
0.00116413904
0.00140850173
-5.46954835e-05
-0.00129348217
0.000412592438
-0.00157675126
0.00103002965
-0.0012949322
0.00157871376
-0.000973265183
0.00201483262
-0.000708654466
0.0023447772
-0.000507145436
0.00258511626
-0.000356101418
0.00275126937
-0.000240155676
0.00285456776
-0.000146513664
0.00290179529
-6.53487555e-05
0.00289536658
1.13599531e-05
0.00283293034
9.13008115e-05
0.00270712572
0.000183173009
0.00250436373
0.000298566353
0.00220410988
0.00045388797
0.00178090172
0.000671139803
0.00121756799
0.0009721928
0.000552812554
0.0013552749
1.30664738e-05
0.00170388512
0.00142156821
-0.000271734751
-0.00102174742
-0.000221026737
-0.00162745927
7.13676586e-05
-0.00158732659
0.000446285523
-0.00134818304
0.000812489578
-0.00107485851
0.00112929918
-0.000823955033
0.00138207824
-0.000608880474
0.00156800781
-0.000426085249
0.00168837691
-0.000266882754
0.00174468449
-0.000121656335
0.00173678972
1.92547289e-05
0.00166213439
0.000165956152
0.00151571285
0.000329594541
0.00129125421
0.000523024996
0.000985011672
0.000760130517
0.000605009641
0.00105114184
0.000189850702
0.00138735174
-0.000160045083
0.00170517069
-0.000261640634
0.00180548067
0.00115992758
-0.000227941631
-0.000793805781
-0.000361197411
-0.00149420349
-0.000308328332
-0.00164019567
-0.000134821323
-0.00152169005
8.92092774e-05
-0.00129888911
0.000314971776
-0.00104971752
0.00051326292
-0.000807171611
0.000668299945
-0.000581122272
0.000771990259
-0.000370573069
0.00082003606
-0.000169702132
0.000809727607
2.95631892e-05
0.000739200988
0.000236482778
0.000607935635
0.000460859896
0.000419110842
0.000711849788
0.000184524301
0.00099471706
-6.71911926e-05
0.00130285735
-0.000280617553
0.00160077811
-0.000369418484
0.00179397162
-0.000246993635
0.00168305582
0.000912933951
-0.000168965246
-0.000624840535
-0.000352016244
-0.00131115248
-0.000431557766
-0.00156065414
-0.000408909075
-0.00154433874
-0.000319435275
-0.00138836291
-0.000200095272
-0.00116905752
-7.98101621e-05
-0.000927456712
2.15781783e-05
-0.000682510607
9.14286276e-05
-0.000440423519
0.000122135323
-0.000200408828
0.000109757144
4.19413734e-05
5.36456748e-05
0.000292594257
-4.27490413e-05
0.000557254618
-0.000169694066
0.000838794811
-0.00030765246
0.00113267545
-0.000423468648
0.00141867354
-0.000470024883
0.00164733436
-0.000397824828
0.00172177157
-0.000196431029
0.00148166203
0.00071650292
-0.000124192155
-0.000500648382
-0.000308335677
-0.00112700895
-0.000450494161
-0.00141849565
-0.000523204091
-0.00147162881
-0.000535391139
-0.00137617586
-0.0005081609
-0.00119628776
-0.000463156961
-0.000972460642
-0.000418061004
-0.000727606555
-0.000385619074
-0.000472865446
-0.000373912128
-0.000212115776
-0.000386727982
5.47572275e-05
-0.000423459542
0.000329325826
-0.000478356404
0.00061215149
-0.000539178299
0.000899616709
-0.000585818904
0.00117931606
-0.000590512356
0.00142336699
-0.000523085144
0.00157990715
-0.000366699088
0.00156538553
-0.000150585985
0.00126554893
0.000565916932
-9.45729446e-05
-0.000406075441
-0.000264649768
-0.000956932116
-0.000430738426
-0.00125240699
-0.000556976995
-0.00134539024
-0.000636793279
-0.00129635958
-0.000678141829
-0.00115493921
-0.000693943988
-0.00095665848
-0.000696929296
-0.000724621236
-0.000697274108
-0.000472520626
-0.000701661807
-0.000207728077
-0.000712860761
6.59561774e-05
-0.000729336404
0.000345801472
-0.000744753838
0.000627568935
-0.000747580323
0.000902443205
-0.000721469919
0.00115320565
-0.000647843408
0.00134974047
-0.000512876934
0.00144494068
-0.000321206285
0.00137371488
-0.000116485701
0.00106082836
0.000449431232
-7.534374e-05
-0.000330731701
-0.000228206831
-0.000804069024
-0.000398353687
-0.00108226012
-0.00055053956
-0.00119320435
-0.000670626496
-0.00117627264
-0.000757578393
-0.00106798732
-0.000816784864
-0.00089745201
-0.000855587494
-0.0006858186
-0.000880624341
-0.000447483766
-0.000896360363
-0.000191992047
-0.000904270126
7.38659371e-05
-0.00090236035
0.000343891691
-0.000884972238
0.000610180828
-0.000843104182
0.000860575162
-0.000765820205
0.00107592169
-0.000643664751
0.00122758502
-0.000475103952
0.00127637987
-0.000276309854
0.00117492079
-9.21328635e-05
0.000876651374
0.000357298375
-6.22883055e-05
-0.00026844339
-0.00019854133
-0.000667816003
-0.000362893671
-0.000917907779
-0.000523850748
-0.00103224727
-0.000664415255
-0.00103570812
-0.000778128954
-0.000954273615
-0.000864812214
-0.000810768755
-0.000927165516
-0.000623465299
-0.000968399721
-0.000406249552
-0.000990721243
-0.000169670511
-0.000994436396
7.75810952e-05
-0.00097752577
0.000326981058
-0.000935695032
0.000568350086
-0.000863101261
0.000787981397
-0.000754123171
0.000966943612
-0.000606626316
0.00108008817
-0.000426950417
0.00109670397
-0.000236038296
0.000984008662
-7.43490254e-05
0.000714962103
0.000282949356
-5.27689652e-05
-0.000215674414
-0.000173812793
-0.000546772178
-0.000327557416
-0.000764163159
-0.000486865999
-0.000872938679
-0.000634380207
-0.000888193903
-0.000760757877
-0.000827895935
-0.000862116688
-0.000709409945
-0.000937654793
-0.000547927201
-0.000987783261
-0.000356121083
-0.00101282399
-0.00014462977
-0.00101222278
7.69799035e-05
-0.000984240719
0.000298998998
-0.000926163089
0.000510272449
-0.000835158837
0.000696977141
-0.000709976105
0.000841760887
-0.000553597336
0.000923709418
-0.000376676984
0.00091978363
-0.000200960052
0.00080829173
-6.08626298e-05
0.000574864679
0.000222086729
-4.52979242e-05
-0.00017037648
-0.000152453973
-0.000439616126
-0.000293299621
-0.000623317514
-0.000444763118
-0.000721475183
-0.000590345859
-0.000742611155
-0.00071947337
-0.00069876841
-0.000826046361
-0.000602836945
-0.000906878232
-0.000467095333
-0.000960347605
-0.000302651718
-0.000985403177
-0.000119574195
-0.000980963176
7.25399175e-05
-0.000945732124
0.00026376796
-0.000878480046
0.000443020371
-0.000778855078
0.000597352166
-0.000648784069
0.000711689876
-0.000494403559
0.000769328916
-0.000328204158
0.000753584241
-0.000170678369
0.000650765949
-5.02806576e-05
0.000454466968
0.000171806069
-3.90621815e-05
-0.000131314295
-0.000133403795
-0.000345274501
-0.000260349969
-0.000496371338
-0.000400388978
-0.00058143618
-0.000538431208
-0.000604568927
-0.000663692794
-0.000573506815
-0.000768938055
-0.000497591669
-0.000849523089
-0.000386510293
-0.000902500952
-0.000249673861
-0.000925934119
-9.61410358e-05
-0.000918488895
6.50946981e-05
-0.000879356205
0.000224635286
-0.000808535341
0.00037219952
-0.000707505281
0.000496322106
-0.000580261706
0.000584446295
-0.00043458835
0.000623655558
-0.000283248298
0.000602244197
-0.000144573365
0.000512091026
-4.17551842e-05
0.000351648795
0.000130050883
-3.36094136e-05
-9.7704886e-05
-0.000115973499
-0.000262910401
-0.000228685881
-0.000383658946
-0.000355331143
-0.000454790918
-0.000482448498
-0.000477451579
-0.000599656657
-0.000456298656
-0.000699324737
-0.000397923576
-0.000776050481
-0.000309784534
-0.000826127633
-0.000199596705
-0.000847124149
-7.5144527e-05
-0.000837646105
5.56166477e-05
-0.000797332216
0.000184321403
-0.000727102533
0.000301969852
-0.000629656434
0.000398876019
-0.00051016348
0.00046495334
-0.000377005152
0.000490497226
-0.000242314874
0.000467553919
-0.000121978238
0.000391754396
-3.47332155e-05
0.000264403781
9.53176686e-05
-2.86574985e-05
-6.90473954e-05
-9.96602264e-05
-0.000191907663
-0.000198117
-0.00028520216
-0.000310357555
-0.000342550356
-0.000424616064
-0.000363193071
-0.000531265896
-0.000349648831
-0.000622765458
-0.000306424013
-0.000693446631
-0.000239103347
-0.000739258809
-0.000153784512
-0.000757558036
-5.68452967e-05
-0.000747003459
4.50620637e-05
-0.00070759795
0.000144915888
-0.000640884406
0.000235256315
-0.000550277065
0.000308268692
-0.000441462349
0.000356138633
-0.000322745862
0.00037178074
-0.000205166592
0.000349974646
-0.000102185447
0.000288773252
-2.88024195e-05
0.000191020759
6.65152538e-05
-2.39812127e-05
-4.50661867e-05
-8.39974378e-05
-0.000131891436
-0.000168257093
-0.000200942497
-0.000265595481
-0.000245211955
-0.000365935585
-0.000262852961
-0.000460594495
-0.000254989924
-0.000542423537
-0.000224594978
-0.000605821319
-0.000175705562
-0.000646681725
-0.000112924092
-0.000662339376
-4.11876322e-05
-0.000651561331
3.42840204e-05
-0.00061461295
0.000107967501
-0.000553400646
0.000174044007
-0.000471663899
0.000226531952
-0.000375154004
0.000259628749
-0.000271701953
0.000268328698
-0.000171058861
0.000249331556
-8.44170739e-05
0.000202131465
-2.35998694e-05
0.000130203556
4.2915389e-05
-1.9349222e-05
-2.57169602e-05
-6.84700355e-05
-8.27706272e-05
-0.000138506751
-0.000130905779
-0.000220638069
-0.000163080628
-0.000306428401
-0.000177062616
-0.000388228747
-0.000173189572
-0.000459474173
-0.000153349557
-0.00051485981
-0.00012031993
-0.00055042979
-7.73541076e-05
-0.000563627557
-2.79898521e-05
-0.000553348419
2.40048943e-05
-0.000520016431
7.46355155e-05
-0.000465682621
0.000119710191
-0.000394114921
0.000154964251
-0.000310822989
0.000176336823
-0.000222941264
0.000180446983
-0.000138894622
0.000165284921
-6.78135199e-05
0.000131050365
-1.8762116e-05
8.11521524e-05
2.41532751e-05
-1.45055225e-05
-1.12114264e-05
-5.2521107e-05
-4.47550464e-05
-0.000108122812
-7.53040764e-05
-0.000174687791
-9.65156466e-05
-0.000245343232
-0.000106407165
-0.000313520806
-0.000105011986
-0.000373387893
-9.34824646e-05
-0.000420129425
-7.35784032e-05
-0.000450116076
-4.73674607e-05
-0.000461009082
-1.70968415e-05
-0.000451841628
1.48374527e-05
-0.000423096901
4.58907983e-05
-0.00037677597
7.33892632e-05
-0.000316426458
9.4614736e-05
-0.000247079556
0.000106989921
-0.000175030356
0.000108397788
-0.000107403061
9.76576334e-05
-5.14858464e-05
7.51331559e-05
-1.39146227e-05
4.35809315e-05
1.02386529e-05
-9.20279275e-06
-2.00862247e-06
-3.56847351e-05
-1.82731029e-05
-7.64355254e-05
-3.45532865e-05
-0.000126811022
-4.61401517e-05
-0.000181408065
-5.18101192e-05
-0.00023481714
-5.16029017e-05
-0.000282132218
-4.6167375e-05
-0.000319263534
-3.64470831e-05
-0.000343116511
-2.35144862e-05
-0.000351700047
-8.51330896e-06
-0.000344207017
7.34442733e-06
-0.000321084427
2.27682183e-05
-0.000284086156
3.63910014e-05
-0.000236279535
4.68081182e-05
-0.000181958579
5.26689642e-05
-0.000126403752
5.2842961e-05
-7.54285437e-05
4.66824297e-05
-3.46816284e-05
3.43862467e-05
-8.71390802e-06
1.76132164e-05
1.52474569e-06
-3.4375198e-06
1.42890326e-06
-1.80438717e-05
-3.66674771e-06
-4.34060333e-05
-9.19112262e-06
-7.6433666e-05
-1.3112521e-05
-0.000113187157
-1.50566305e-05
-0.000149665113
-1.5124942e-05
-0.00018225154
-1.35809378e-05
-0.000207952839
-1.07457739e-05
-0.000224514089
-6.95323283e-06
-0.00023048476
-2.54264102e-06
-0.000225272648
2.13231372e-06
-0.000209197083
6.69265788e-06
-0.000183535356
1.07292836e-05
-0.000150536809
1.38095789e-05
-0.000113368294
1.55004527e-05
-7.59397627e-05
1.54144298e-05
-4.25472252e-05
1.32898938e-05
-1.72767388e-05
9.11576439e-06
-3.10385727e-06
3.44034032e-06
-1.57910964e-06
1.42890279e-06
-2.23783974e-06
-1.14289541e-05
-2.45414689e-05
-3.95980995e-05
-5.47230459e-05
-6.83039858e-05
-7.90497556e-05
-8.60029808e-05
-8.85456168e-05
-8.64133034e-05
-7.97206483e-05
-6.89913652e-05
-5.51817831e-05
-3.96813256e-05
-2.42668924e-05
-1.09769972e-05
-1.86123211e-06
1.57910961e-06
)
;

boundaryField
{
    walls
    {
        type            calculated;
        value           uniform 0;
    }
    mov_wall
    {
        type            calculated;
        value           uniform 0;
    }
    empty
    {
        type            empty;
        value           nonuniform 0();
    }
}


// ************************************************************************* //
