/*--------------------------------*- C++ -*----------------------------------*\
| =========                 |                                                 |
| \\      /  F ield         | OpenFOAM: The Open Source CFD Toolbox           |
|  \\    /   O peration     | Version:  5.x                                   |
|   \\  /    A nd           | Web:      www.OpenFOAM.org                      |
|    \\/     M anipulation  |                                                 |
\*---------------------------------------------------------------------------*/
FoamFile
{
    version     2.0;
    format      ascii;
    class       volVectorField;
    location    "4.4";
    object      U;
}
// * * * * * * * * * * * * * * * * * * * * * * * * * * * * * * * * * * * * * //

dimensions      [0 1 -1 0 0 0 0];

internalField   nonuniform List<vector> 
400
(
(0.291698355 0.149643891 0)
(0.388187063 0.128007732 0)
(0.557616021 0.0757318422 0)
(0.674785678 0.0433044458 0)
(0.743766581 0.0251591088 0)
(0.787075013 0.0148802993 0)
(0.815462951 0.00893092234 0)
(0.833939555 0.00530992814 0)
(0.845365459 0.00289956137 0)
(0.851349262 0.00108485303 2.66526985e-34)
(0.852640746 -0.000502852692 -2.66526985e-34)
(0.84935429 -0.00216072033 0)
(0.840973369 -0.00421710602 0)
(0.826113772 -0.00722098621 0)
(0.802020425 -0.0122365011 0)
(0.763538945 -0.02138921 0)
(0.69948889 -0.0388386153 0)
(0.584557334 -0.0722732752 0)
(0.407900534 -0.128436308 0)
(0.300688067 -0.152947536 0)
(0.00120413957 0.287432505 0)
(0.0133208849 0.293872188 0)
(0.140044387 0.209904888 0)
(0.264971548 0.142986182 0)
(0.36417771 0.0968019962 0)
(0.440120042 0.0654411288 0)
(0.496541022 0.0439762555 0)
(0.536691053 0.0287011581 0)
(0.563274455 0.0170798547 0)
(0.578137334 0.00742308711 0)
(0.58221028 -0.00150101164 0)
(0.575515246 -0.0107977545 0)
(0.557109243 -0.0217346528 0)
(0.52491299 -0.0361396925 0)
(0.475518405 -0.0569634974 0)
(0.404326002 -0.0889771518 0)
(0.305687292 -0.139150756 0)
(0.174497788 -0.215275203 0)
(0.0341065826 -0.310801156 0)
(0.0108691555 -0.305909063 0)
(-0.0321467806 0.241773967 0)
(-0.0634304044 0.333547208 0)
(-0.0219362454 0.299502527 0)
(0.0505995879 0.240051691 0)
(0.12739735 0.183020825 0)
(0.196818584 0.135454536 0)
(0.254167081 0.0974523506 0)
(0.298088282 0.0668891756 0)
(0.32866566 0.0413758263 0)
(0.346307813 0.0187814618 -2.35797179e-33)
(0.351211304 -0.00280949049 2.35797179e-33)
(0.343126741 -0.0252950453 0)
(0.321277572 -0.0508299468 0)
(0.284432893 -0.0820948311 0)
(0.231328813 -0.122479775 0)
(0.161916759 -0.17565804 0)
(0.0798350179 -0.243208456 0)
(-0.00333734399 -0.317981961 0)
(-0.0578531354 -0.366363502 0)
(-0.0313893211 -0.270690676 0)
(-0.0261204227 0.182361595 0)
(-0.0666192981 0.316884168 0)
(-0.0735378107 0.330901772 0)
(-0.0481307505 0.295352936 0)
(-0.00567220425 0.244253526 0)
(0.0411124504 0.192431756 0)
(0.0845450859 0.145095051 0)
(0.120424312 0.103006637 0)
(0.146585228 0.0651543679 0)
(0.161925464 0.0298884093 2.35546718e-33)
(0.165812806 -0.00469432032 -2.35546718e-33)
(0.157798792 -0.0406696167 0)
(0.13758649 -0.0803027366 0)
(0.105285203 -0.125979579 0)
(0.0620900201 -0.179774808 0)
(0.0116092642 -0.242029716 0)
(-0.0380283813 -0.307764353 0)
(-0.0720490958 -0.359579368 0)
(-0.0711639189 -0.355585637 0)
(-0.0287210569 -0.209178581 0)
(-0.0176296864 0.140767926 0)
(-0.0549165561 0.281827227 0)
(-0.0828630132 0.324484387 0)
(-0.0880762475 0.312396824 0)
(-0.0751197142 0.274442001 0)
(-0.0526276494 0.226778445 0)
(-0.0275118698 0.177302831 0)
(-0.0045801113 0.129145435 0)
(0.0130234713 0.0829123682 0)
(0.0233567795 0.0379330361 -2.94545726e-34)
(0.0253097326 -0.00710139207 2.94545726e-34)
(0.018415196 -0.0537995194 0)
(0.00288697565 -0.103801258 0)
(-0.0200872095 -0.158367935 0)
(-0.047770801 -0.217530722 0)
(-0.0750614637 -0.278347553 0)
(-0.0936267115 -0.331694802 0)
(-0.0922270571 -0.357398867 0)
(-0.0635074677 -0.318879889 0)
(-0.0207312597 -0.162076724 0)
(-0.0116542812 0.111592258 0)
(-0.0431522056 0.243765284 0)
(-0.0782840075 0.299859425 0)
(-0.100579277 0.305000851 0)
(-0.108310609 0.280421284 0)
(-0.105716526 0.240369199 0)
(-0.0975361911 0.193277781 0)
(-0.0877934643 0.143545382 0)
(-0.079535207 0.0930260835 0)
(-0.074827233 0.0420752381 0)
(-0.0748481473 -0.00975925389 0)
(-0.0799345901 -0.0632506157 0)
(-0.0895000309 -0.119033271 0)
(-0.101812882 -0.17699344 0)
(-0.113690956 -0.235297918 0)
(-0.120284787 -0.288849071 0)
(-0.115237027 -0.327084782 0)
(-0.0922711152 -0.33156655 0)
(-0.0521876275 -0.275119689 0)
(-0.0142847853 -0.127260097 0)
(-0.00803185696 0.0899680237 0)
(-0.0343052858 0.207876709 0)
(-0.070368666 0.267741373 0)
(-0.100959327 0.283509164 0)
(-0.121509123 0.269753798 0)
(-0.133061979 0.237807862 0)
(-0.138135852 0.195384137 0)
(-0.139450256 0.147216502 0)
(-0.139365678 0.0958906917 0)
(-0.139599244 0.0425957662 0)
(-0.141114126 -0.0122625621 0)
(-0.144054676 -0.0685401623 0)
(-0.147657217 -0.125824591 0)
(-0.150140607 -0.182787201 0)
(-0.148667746 -0.236314552 0)
(-0.139565533 -0.280390165 0)
(-0.119015758 -0.304900545 0)
(-0.0848747426 -0.294957284 0)
(-0.042204646 -0.232154475 0)
(-0.0100065905 -0.100709814 0)
(-0.00589819056 0.0731569079 0)
(-0.0280514415 0.175459936 0)
(-0.0624620808 0.233454982 0)
(-0.096193117 0.254650706 0)
(-0.123784298 0.24866239 0)
(-0.144336459 0.223978334 0)
(-0.158622051 0.187072469 0)
(-0.168069559 0.142434116 0)
(-0.17417102 0.0929433481 0)
(-0.178091661 0.0403533095 0)
(-0.180456271 -0.0142245174 0)
(-0.181230017 -0.0698446727 0)
(-0.179647312 -0.125225751 0)
(-0.174205203 -0.178177558 0)
(-0.162809074 -0.224940949 0)
(-0.143212561 -0.259512832 0)
(-0.113841641 -0.273201301 0)
(-0.0753166204 -0.254896362 0)
(-0.0343188985 -0.192925777 0)
(-0.0072849852 -0.0799917705 0)
(-0.0045931228 0.0595160178 0)
(-0.0235441702 0.146542624 0)
(-0.0553429938 0.199662165 0)
(-0.0893196769 0.222701645 0)
(-0.120051823 0.221819428 0)
(-0.145609099 0.203131842 0)
(-0.16557066 0.17179656 0)
(-0.18031711 0.131775638 0)
(-0.190531084 0.0859405173 0)
(-0.196813741 0.036351016 2.97711681e-34)
(-0.199448907 -0.0153915373 -2.97711681e-34)
(-0.198275639 -0.067756637 0)
(-0.192646162 -0.118867794 0)
(-0.181489358 -0.166059304 0)
(-0.163546092 -0.205440866 0)
(-0.137858732 -0.231577787 0)
(-0.104503398 -0.237504903 0)
(-0.0656637283 -0.215386223 0)
(-0.0281737991 -0.158249842 0)
(-0.00551069055 -0.0634668206 0)
(-0.00373314309 0.0480883427 0)
(-0.0201212342 0.120839402 0)
(-0.04901539 0.167676448 0)
(-0.0816389819 0.190287507 0)
(-0.112989452 0.192487659 0)
(-0.140680565 0.178557141 4.67988346e-33)
(-0.163557398 0.152465458 0)
(-0.181246288 0.117555004 0)
(-0.193784182 0.0765047486 -4.74064099e-33)
(-0.201296978 0.031471001 2.26594826e-36)
(-0.203789201 -0.0156743888 4.98649076e-36)
(-0.201035372 -0.0630555891 0)
(-0.192565936 -0.108481578 0)
(-0.177765519 -0.149141424 0)
(-0.156124912 -0.181360924 0)
(-0.127679785 -0.200524258 0)
(-0.0935645716 -0.201318532 0)
(-0.0566770455 -0.178463969 0)
(-0.023314667 -0.128090139 0)
(-0.00429570519 -0.0500435342 0)
(-0.00311504053 0.0383306352 0)
(-0.0173631161 0.0980508553 0)
(-0.0433176201 0.138129971 0)
(-0.0737180772 0.158979205 0)
(-0.104104455 0.16283823 0)
(-0.131970537 0.152618187 -4.67988346e-33)
(-0.155761617 0.13129571 0)
(-0.174612864 0.101603283 0)
(-0.188100223 0.0659289983 4.74064099e-33)
(-0.195997425 0.0263693665 1.49106943e-33)
(-0.198111617 -0.0151233137 -1.49832187e-33)
(-0.194204014 -0.0565442385 0)
(-0.183996562 -0.095626033 0)
(-0.167277176 -0.129654839 0)
(-0.144124397 -0.155368912 0)
(-0.115252467 -0.169022495 0)
(-0.08238141 -0.166713887 0)
(-0.0485941044 -0.145040222 0)
(-0.0193975962 -0.102103346 0)
(-0.00342090945 -0.0390050005 0)
(-0.00263393576 0.0299262656 0)
(-0.0150226234 0.0779301323 0)
(-0.038097421 0.111311115 0)
(-0.0658175683 0.129695798 0)
(-0.0942794762 0.134263883 0)
(-0.12104403 0.126925348 0)
(-0.144383611 0.109860575 0)
(-0.163148986 0.0852480522 0)
(-0.176619509 0.0551416432 0)
(-0.184335478 0.0214703195 2.99742841e-34)
(-0.185982942 -0.0138813606 -2.99742841e-34)
(-0.181343678 -0.0489515367 0)
(-0.170313965 -0.0815745515 0)
(-0.152999253 -0.109289265 0)
(-0.129891607 -0.129330734 0)
(-0.102114504 -0.138764244 0)
(-0.0716393832 -0.134816138 0)
(-0.0414365962 -0.115407286 0)
(-0.0161843493 -0.0798582202 0)
(-0.00276403304 -0.0298606577 0)
(-0.00223473659 0.0226800241 0)
(-0.0129541265 0.0602838601 0)
(-0.0332381476 0.0873308409 0)
(-0.0580555277 0.102954506 0)
(-0.0840353814 0.107621826 0)
(-0.108906086 0.102520713 0)
(-0.130914083 0.0892086544 0)
(-0.148775834 0.0693818714 0)
(-0.16160355 0.0447501693 0)
(-0.16880129 0.0170067379 3.00137423e-34)
(-0.169993549 -0.0121372107 -3.00137423e-34)
(-0.164999676 -0.0408861775 0)
(-0.153857538 -0.0672953732 0)
(-0.136899081 -0.0892417027 0)
(-0.114876637 -0.104468699 0)
(-0.0891189093 -0.110744416 0)
(-0.0616328462 -0.106158115 0)
(-0.0351269767 -0.0895353356 0)
(-0.0135037432 -0.0609264409 0)
(-0.00225327238 -0.0222578258 0)
(-0.00188545665 0.0164662554 0)
(-0.0110624849 0.04496454 0)
(-0.0286411423 0.066210509 0)
(-0.0504611275 0.0790278235 0)
(-0.0736531628 0.0834123359 0)
(-0.09616418 0.0800414931 0)
(-0.11630592 0.0699953623 0)
(-0.132763342 0.0545610917 0)
(-0.144575602 0.0351143671 0)
(-0.151082435 0.013074739 0)
(-0.151887893 -0.0100881503 0)
(-0.146853006 -0.0328250755 0)
(-0.136119507 -0.0534823521 0)
(-0.120164257 -0.0703098527 0)
(-0.0998793399 -0.081529947 0)
(-0.0766571211 -0.0854921348 0)
(-0.0524122121 -0.0809235373 0)
(-0.0295300352 -0.06724695 0)
(-0.0112185738 -0.0449266634 0)
(-0.00184129767 -0.0159381044 0)
(-0.00156251818 0.0112077493 0)
(-0.009269881 0.0318705367 0)
(-0.0242025206 0.0479368768 0)
(-0.0429884447 0.0580490747 0)
(-0.0632319134 0.0619115052 0)
(-0.0831208691 0.0598559226 0)
(-0.101086248 0.0526055578 0)
(-0.115849133 0.041107176 0)
(-0.126440929 0.0264236368 0)
(-0.13218724 0.00968561164 0)
(-0.132697633 -0.0079167108 0)
(-0.127870718 -0.0251250465 0)
(-0.117915459 -0.0406102709 0)
(-0.103386534 -0.0529974504 0)
(-0.0852272537 -0.0609386974 0)
(-0.0648019887 -0.0632496876 0)
(-0.0438652634 -0.0591133836 0)
(-0.0244675018 -0.0483249888 0)
(-0.00920309378 -0.0315520061 0)
(-0.0014908841 -0.010719378 0)
(-0.0012426914 0.00687236856 0)
(-0.00749726397 0.0209539393 0)
(-0.0197996775 0.0325014313 0)
(-0.0355241958 0.0400873017 0)
(-0.0527239634 0.043271766 0)
(-0.0698331041 0.0421741872 0)
(-0.0854326574 0.0372606222 0)
(-0.0983251709 0.029199151 0)
(-0.107580786 0.0187673621 0)
(-0.112546722 0.00680864722 0)
(-0.112854335 -0.00578010737 0)
(-0.10843163 -0.0180487538 0)
(-0.0995214494 -0.0289997702 0)
(-0.0867021681 -0.0376160619 0)
(-0.0709039787 -0.0429246722 0)
(-0.0534054941 -0.0441071859 0)
(-0.0357703088 -0.0406592866 0)
(-0.0197281046 -0.032581078 0)
(-0.00733072881 -0.0205903305 0)
(-0.0011669762 -0.0064922681 0)
(-0.000899881835 0.00347704403 0)
(-0.00566093079 0.0122244297 0)
(-0.0152978471 0.0199179419 0)
(-0.0279091947 0.025188655 0)
(-0.0419708368 0.0275859315 0)
(-0.0561592805 0.0271262729 0)
(-0.0692274804 0.0240986763 0)
(-0.0800968172 0.0189454349 0)
(-0.0879159923 0.0121895948 0)
(-0.0920844202 0.00440206692 0)
(-0.092268151 -0.00380767512 0)
(-0.0884155133 -0.0117927628 0)
(-0.0807724912 -0.0188748735 0)
(-0.0698942049 -0.0243659712 0)
(-0.0566454546 -0.0276151908 0)
(-0.0421770512 -0.0280887032 0)
(-0.0278468997 -0.0254864166 0)
(-0.0150887333 -0.0198866096 0)
(-0.00547449469 -0.0119313557 0)
(-0.000833547381 -0.00322197439 0)
(-0.000507507214 0.00108920844 0)
(-0.00368889106 0.00574014097 0)
(-0.0105872247 0.0102223821 0)
(-0.0199879392 0.0134022152 0)
(-0.0307552959 0.0149400965 0)
(-0.0418076561 0.0148327201 0)
(-0.0521004746 0.0132501859 0)
(-0.0607205927 0.0104516817 0)
(-0.0669425827 0.00673881807 0)
(-0.0702538291 0.00243728435 0)
(-0.0703711879 -0.00210635075 0)
(-0.0672558405 -0.00652338613 0)
(-0.0611263913 -0.010425252 0)
(-0.0524664973 -0.0134154684 0)
(-0.0420201075 -0.0151167105 0)
(-0.0307626624 -0.0152183499 0)
(-0.0198243291 -0.0135494043 0)
(-0.0103615216 -0.010176165 0)
(-0.00352670161 -0.00555507372 0)
(-0.00045647036 -0.000945965722 0)
(-6.44908825e-05 -0.000176241001 0)
(-0.00159898822 0.00163661779 0)
(-0.0056951874 0.00359860281 0)
(-0.0117199308 0.00501067997 0)
(-0.0188880496 0.00571684679 0)
(-0.0263913889 0.00573382879 0)
(-0.033454988 0.00514772208 0)
(-0.039408501 0.00407326922 0)
(-0.0437225479 0.00263489327 0)
(-0.0460238842 0.000961862893 0)
(-0.0461058239 -0.000810104369 0)
(-0.0439388717 -0.00253598944 0)
(-0.0396813835 -0.00406056204 0)
(-0.0336869562 -0.0052217548 0)
(-0.0265027366 -0.00586030414 0)
(-0.0188496257 -0.00583829554 0)
(-0.011567543 -0.00507039384 0)
(-0.0055155962 -0.00357095335 0)
(-0.00148203485 -0.00155258655 0)
(-3.10932201e-05 0.00023397791 0)
(0.000261395624 -0.000255577933 0)
(0.000151440384 0.000102073409 0)
(-0.0011749525 0.00054741598 0)
(-0.0034806312 0.000863516686 0)
(-0.00637558291 0.00102207818 0)
(-0.00946687309 0.0010379768 0)
(-0.0124000364 0.000936218014 0)
(-0.0148817772 0.000743061971 0)
(-0.0166861001 0.000483180993 0)
(-0.0176547253 0.000180088682 1.08300218e-33)
(-0.0176985204 -0.000142308207 -1.08300218e-33)
(-0.0168014864 -0.000458218847 0)
(-0.0150266294 -0.000739019484 0)
(-0.0125219007 -0.000953244495 0)
(-0.00952354886 -0.00106773176 0)
(-0.00635302368 -0.00105052537 0)
(-0.00340014959 -0.000876787751 0)
(-0.00108361532 -0.000539616013 0)
(0.000206110878 -8.25144196e-05 0)
(0.000274563748 0.000266745602 0)
)
;

boundaryField
{
    walls
    {
        type            fixedValue;
        value           uniform (0 0 0);
    }
    mov_wall
    {
        type            fixedValue;
        value           uniform (1 0 0);
    }
    empty
    {
        type            empty;
    }
}


// ************************************************************************* //
