/*--------------------------------*- C++ -*----------------------------------*\
| =========                 |                                                 |
| \\      /  F ield         | OpenFOAM: The Open Source CFD Toolbox           |
|  \\    /   O peration     | Version:  5.x                                   |
|   \\  /    A nd           | Web:      www.OpenFOAM.org                      |
|    \\/     M anipulation  |                                                 |
\*---------------------------------------------------------------------------*/
FoamFile
{
    version     2.0;
    format      ascii;
    class       volScalarField;
    location    "3.6";
    object      p;
}
// * * * * * * * * * * * * * * * * * * * * * * * * * * * * * * * * * * * * * //

dimensions      [0 2 -2 0 0 0 0];

internalField   nonuniform List<scalar> 
400
(
4.27477418e-06
2.45246499
3.49432887
3.89888508
4.10665305
4.2247125
4.29429711
4.34028397
4.37634451
4.41011666
4.44676557
4.49092039
4.54766
4.62449511
4.73480336
4.90460186
5.18238551
5.68420691
6.84132153
9.41173059
1.88671061
2.86729495
3.41988918
3.74774952
3.96518656
4.10975304
4.20768004
4.27899795
4.33675051
4.3896189
4.44425112
4.50657759
4.5833391
4.68330337
4.81973193
5.01368478
5.29402805
5.69847478
6.33842131
7.42837703
2.98208341
3.26253581
3.54233668
3.77068517
3.94571136
4.07572152
4.1732314
4.250009
4.31528128
4.37624163
4.43893085
4.50902735
4.59258078
4.69678832
4.83085573
5.00664385
5.23632743
5.523945
5.86049647
6.19824323
3.52778984
3.58534846
3.72179105
3.86538235
3.98906969
4.09083804
4.174616
4.24571974
4.30953258
4.37102882
4.43478033
4.50521015
4.5867942
4.68426022
4.80245677
4.94569833
5.11575511
5.30515367
5.47834266
5.55964457
3.84422274
3.82688617
3.88518553
3.96938858
4.05222532
4.12779659
4.19567431
4.25748354
4.31592858
4.3740979
4.43507073
4.50186333
4.57733691
4.66401174
4.76350961
4.87551661
4.9963647
5.11480754
5.1958516
5.18372141
4.04550667
4.00366443
4.02143176
4.06785549
4.12138792
4.17574645
4.2288604
4.28054341
4.33186584
4.38449731
4.44027656
4.50097373
4.56805454
4.6423321
4.72333197
4.80837192
4.89181232
4.96268357
4.99308624
4.94681352
4.18059124
4.13383639
4.13184442
4.15537422
4.18883907
4.22707211
4.26773242
4.30987733
4.35364299
4.39973693
4.44904387
4.50234242
4.56002457
4.62172751
4.68579107
4.74863155
4.80456527
4.84467123
4.84863016
4.79368557
4.27566404
4.2308479
4.21966555
4.22967991
4.24985135
4.27636014
4.30712765
4.34098808
4.377584
4.41700459
4.45945696
4.50500173
4.55329078
4.60325483
4.65271067
4.69801684
4.73426411
4.75485222
4.74556595
4.69204767
4.3446796
4.30373637
4.28863432
4.29083298
4.30238178
4.32057713
4.34373532
4.37070699
4.40089829
4.43402093
4.46983376
4.50792316
4.54748888
4.58711448
4.62451893
4.65641882
4.67889908
4.68733856
4.67188465
4.62322197
4.39526464
4.35850974
4.34216242
4.33996342
4.34599449
4.35836667
4.37576629
4.39715011
4.42183034
4.44930381
4.47905607
4.51039224
4.54227948
4.57319775
4.60100561
4.62293154
4.63600112
4.63709769
4.61933002
4.57638295
4.43196884
4.39926287
4.38305956
4.37851561
4.38107093
4.3894013
4.40249264
4.41942953
4.43950696
4.46211369
4.48658734
4.51209202
4.53751315
4.56137396
4.58178124
4.5964864
4.60329975
4.60017883
4.582211
4.54489906
4.4577816
4.42890091
4.4135855
4.40794991
4.40838455
4.41395232
4.42386934
4.43734367
4.45369315
4.47226595
4.49233578
4.51301882
4.53321172
4.55155658
4.56643811
4.57607548
4.57889073
4.5735798
4.5565604
4.52448313
4.47483248
4.44957849
4.43556651
4.42962568
4.42885803
4.43259865
4.44024058
4.45110369
4.46454809
4.47992074
4.49648221
4.51335528
4.5294962
4.54369373
4.55459703
4.56081586
4.56123226
4.55504103
4.53957839
4.51226456
4.48473544
4.46296431
4.4504982
4.44475666
4.44342181
4.44603387
4.45212753
4.46112259
4.47242809
4.48540849
4.49933585
4.51336393
4.52652478
4.53775138
4.54592326
4.54996433
4.54909869
4.54286207
4.52926047
4.50627703
4.48877911
4.47040765
4.45962575
4.45439867
4.45293259
4.45494204
4.4600838
4.46786699
4.47774699
4.48910812
4.50123779
4.51332176
4.524461
4.53371121
4.54013982
4.54291813
4.54152825
4.5357537
4.52413963
4.50514082
4.48806656
4.47306207
4.46401436
4.45946033
4.45813642
4.45992941
4.46461053
4.47176796
4.48089226
4.4913758
4.5025078
4.51348852
4.52346331
4.53157605
4.53703564
4.53920471
4.53776757
4.53271298
4.52308872
4.50782634
4.48367375
4.4720157
4.46464598
4.4607678
4.45970708
4.4615424
4.46615882
4.47321127
4.48220593
4.49251934
4.50341495
4.51407543
4.52365263
4.53133419
4.53642084
4.53841767
4.53717558
4.5328835
4.52513166
4.51342137
4.47686087
4.46839327
4.46243475
4.459021
4.4581674
4.46017534
4.46504039
4.47246277
4.48193317
4.49277556
4.50418654
4.51528563
4.52517989
4.53304425
4.53821325
4.54028343
4.53924423
4.53550372
4.52929296
4.52086145
4.46929134
4.46319994
4.45767988
4.45397351
4.45292736
4.45509454
4.46054829
4.46897374
4.4797764
4.49215428
4.50515938
4.5177637
4.5289365
4.53773968
4.54343981
4.54563622
4.54440963
4.54042141
4.53470437
4.52867134
4.46345416
4.45752848
4.45037603
4.44493252
4.44290884
4.44510078
4.45157276
4.46187814
4.47522013
4.49055645
4.50667764
4.52228131
4.53605875
4.5468048
4.55355746
4.55577076
4.55352559
4.54775473
4.54035685
4.53446747
)
;

boundaryField
{
    walls
    {
        type            zeroGradient;
    }
    mov_wall
    {
        type            zeroGradient;
    }
    empty
    {
        type            empty;
    }
}


// ************************************************************************* //
