/*--------------------------------*- C++ -*----------------------------------*\
| =========                 |                                                 |
| \\      /  F ield         | OpenFOAM: The Open Source CFD Toolbox           |
|  \\    /   O peration     | Version:  5.x                                   |
|   \\  /    A nd           | Web:      www.OpenFOAM.org                      |
|    \\/     M anipulation  |                                                 |
\*---------------------------------------------------------------------------*/
FoamFile
{
    version     2.0;
    format      ascii;
    class       surfaceScalarField;
    location    "3.6";
    object      phi;
}
// * * * * * * * * * * * * * * * * * * * * * * * * * * * * * * * * * * * * * //

dimensions      [0 3 -1 0 0 0 0];

internalField   nonuniform List<scalar> 
760
(
0.00134817594
-0.00134817798
0.00245763943
-0.00110946349
0.00313513448
-0.000677495047
0.0035597156
-0.00042458111
0.00383225124
-0.000272535632
0.00400945211
-0.000177200868
0.00412521446
-0.000115762357
0.00419921703
-7.40025672e-05
0.00424243232
-4.32152701e-05
0.00426055356
-1.81212242e-05
0.00425562233
4.93123441e-06
0.00422675775
2.88645784e-05
0.00416938937
5.73683919e-05
0.00407358503
9.58043662e-05
0.00391995093
0.000153634116
0.0036720193
0.000247931648
0.00326316023
0.000408859074
0.00257264077
0.000690519473
0.00140850173
0.00116413904
0.00140850173
-5.46956503e-05
-0.00129348233
0.000412592273
-0.00157675141
0.00103002952
-0.00129493229
0.00157871365
-0.000973265238
0.00201483253
-0.000708654494
0.00234477713
-0.000507145449
0.0025851162
-0.000356101424
0.0027512693
-0.000240155676
0.00285456769
-0.000146513658
0.00290179523
-6.53487463e-05
0.00289536652
1.13599639e-05
0.00283293029
9.13008241e-05
0.00270712567
0.000183173024
0.00250436369
0.000298566371
0.00220410985
0.000453887988
0.00178090171
0.000671139817
0.00121756799
0.000972192808
0.000552812555
0.0013552749
1.30664741e-05
0.00170388512
0.00142156821
-0.000271734829
-0.00102174749
-0.000221026846
-0.00162745938
7.13675424e-05
-0.00158732668
0.000446285408
-0.0013481831
0.000812489468
-0.00107485855
0.00112929908
-0.000823955046
0.00138207815
-0.000608880478
0.00156800772
-0.00042608525
0.00168837681
-0.00026688275
0.0017446844
-0.000121656326
0.00173678964
1.92547402e-05
0.00166213431
0.000165956164
0.00151571279
0.000329594553
0.00129125416
0.000523025008
0.000985011628
0.000760130529
0.000605009612
0.00105114185
0.000189850686
0.00138735174
-0.000160045094
0.00170517068
-0.000261640641
0.00180548066
0.00115992758
-0.000227941674
-0.000793805819
-0.000361197481
-0.00149420356
-0.00030832842
-0.00164019574
-0.000134821425
-0.0015216901
8.92091664e-05
-0.00129888914
0.000314971664
-0.00104971753
0.000513262814
-0.000807171614
0.000668299844
-0.000581122276
0.000771990158
-0.000370573073
0.000820035956
-0.000169702134
0.000809727509
2.95631897e-05
0.000739200902
0.000236482778
0.000607935562
0.000460859893
0.000419110776
0.000711849782
0.000184524243
0.000994717053
-6.71912394e-05
0.00130285734
-0.000280617585
0.0016007781
-0.000369418504
0.0017939716
-0.000246993644
0.0016830558
0.000912933942
-0.000168965271
-0.000624840554
-0.000352016293
-0.00131115251
-0.000431557832
-0.00156065418
-0.000408909158
-0.00154433877
-0.000319435376
-0.00138836293
-0.000200095384
-0.00116905753
-7.98102746e-05
-0.000927456712
2.15780728e-05
-0.000682510613
9.1428527e-05
-0.000440423533
0.000122135222
-0.000200408846
0.000109757045
4.19413546e-05
5.36455843e-05
0.000292594238
-4.27491187e-05
0.000557254593
-0.000169694134
0.000838794781
-0.000307652524
0.00113267542
-0.000423468706
0.0014186735
-0.000470024927
0.00164733432
-0.000397824855
0.00172177154
-0.000196431038
0.001481662
0.000716502908
-0.000124192167
-0.000500648392
-0.000308335713
-0.00112700896
-0.000450494213
-0.00141849566
-0.000523204159
-0.00147162882
-0.000535391224
-0.00137617587
-0.000508161003
-0.00119628776
-0.000463157072
-0.00097246064
-0.00041806111
-0.00072760656
-0.000385619168
-0.000472865466
-0.000373912217
-0.00021211581
-0.000386728071
5.47571862e-05
-0.000423459628
0.000329325782
-0.00047835648
0.000612151443
-0.000539178364
0.000899616655
-0.000585818966
0.001179316
-0.000590512414
0.00142336693
-0.000523085192
0.0015799071
-0.000366699118
0.00156538549
-0.000150585994
0.0012655489
0.000565916922
-9.45729447e-05
-0.000406075446
-0.000264649795
-0.000956932113
-0.000430738471
-0.00125240698
-0.000556977053
-0.00134539022
-0.00063679335
-0.00129635957
-0.000678141917
-0.0011549392
-0.00069394409
-0.000956658474
-0.000696929398
-0.000724621238
-0.000697274195
-0.000472520645
-0.00070166188
-0.000207728118
-0.000712860829
6.59561192e-05
-0.000729336474
0.000345801406
-0.000744753905
0.000627568866
-0.000747580383
0.000902443132
-0.000721469972
0.00115320558
-0.000647843458
0.0013497404
-0.000512876978
0.00144494061
-0.000321206314
0.00137371484
-0.00011648571
0.00106082833
0.000449431225
-7.5343733e-05
-0.000330731701
-0.000228206847
-0.000804069014
-0.000398353724
-0.0010822601
-0.000550539612
-0.00119320432
-0.000670626556
-0.00117627261
-0.000757578463
-0.00106798729
-0.000816784948
-0.000897451998
-0.000855587583
-0.000685818596
-0.00088062442
-0.000447483777
-0.000896360422
-0.000191992082
-0.000904270171
7.38658761e-05
-0.000902360394
0.000343891612
-0.000884972287
0.000610180743
-0.00084310423
0.000860575075
-0.000765820248
0.0010759216
-0.000643664789
0.00122758493
-0.000475103985
0.0012763798
-0.000276309876
0.00117492073
-9.21328711e-05
0.000876651345
0.000357298369
-6.22882989e-05
-0.000268443383
-0.000198541334
-0.00066781599
-0.000362893695
-0.000917907749
-0.000523850792
-0.00103224722
-0.000664415307
-0.00103570807
-0.000778129009
-0.000954273574
-0.000864812274
-0.00081076873
-0.000927165583
-0.000623465288
-0.000968399786
-0.000406249552
-0.00099072129
-0.00016967053
-0.000994436422
7.75810474e-05
-0.000977525787
0.000326980983
-0.000935695055
0.000568349994
-0.000863101291
0.000787981302
-0.000754123203
0.000966943521
-0.000606626343
0.00108008809
-0.000426950437
0.0010967039
-0.00023603831
0.000984008602
-7.43490307e-05
0.00071496207
0.000282949349
-5.27689658e-05
-0.000215674401
-0.000173812787
-0.000546772161
-0.000327557421
-0.000764163128
-0.000486866025
-0.00087293863
-0.000634380249
-0.00088819384
-0.00076075792
-0.000827895873
-0.000862116725
-0.0007094099
-0.000937654831
-0.000547927177
-0.000987783301
-0.000356121075
-0.00101282402
-0.000144629776
-0.0010122228
7.69798763e-05
-0.000984240716
0.000298998941
-0.000926163085
0.000510272366
-0.000835158844
0.000696977046
-0.000709976121
0.000841760794
-0.000553597353
0.000923709335
-0.000376676996
0.000919783558
-0.000200960058
0.000808291673
-6.08626319e-05
0.000574864643
0.000222086718
-4.52979324e-05
-0.000170376465
-0.000152453962
-0.000439616102
-0.000293299604
-0.00062331748
-0.000444763117
-0.000721475136
-0.00059034588
-0.000742611092
-0.0007194734
-0.000698768337
-0.000826046383
-0.00060283688
-0.000906878243
-0.000467095291
-0.000960347613
-0.0003026517
-0.000985403186
-0.000119574193
-0.000980963177
7.25399049e-05
-0.000945732111
0.000263767925
-0.000878480024
0.000443020309
-0.000778855061
0.000597352082
-0.000648784066
0.000711689785
-0.000494403564
0.000769328833
-0.000328204163
0.000753584172
-0.00017067837
0.000650765896
-5.02806573e-05
0.000454466934
0.000171806056
-3.90621894e-05
-0.000131314285
-0.000133403783
-0.000345274469
-0.000260349939
-0.000496371297
-0.000400388948
-0.000581436134
-0.000538431197
-0.000604568872
-0.000663692802
-0.000573506746
-0.000768938064
-0.000497591596
-0.000849523082
-0.000386510235
-0.000902500933
-0.00024967383
-0.000925934098
-9.61410295e-05
-0.000918488877
6.50946884e-05
-0.000879356184
0.000224635262
-0.000808535312
0.000372199477
-0.00070750525
0.000496322041
-0.000580261685
0.000584446215
-0.000434588341
0.000623655479
-0.000283248298
0.00060224413
-0.000144573365
0.000512090977
-4.1755184e-05
0.000351648764
0.000130050871
-3.3609409e-05
-9.77048857e-05
-0.000115973486
-0.000262910369
-0.000228685848
-0.000383658899
-0.000355331096
-0.00045479087
-0.000482448455
-0.000477451534
-0.000599656634
-0.000456298607
-0.000699324728
-0.000397923519
-0.000776050465
-0.000309784476
-0.000826127598
-0.000199596665
-0.000847124104
-7.51445155e-05
-0.000837646064
5.56166358e-05
-0.000797332182
0.000184321378
-0.000727102501
0.000301969817
-0.000629656401
0.00039887597
-0.00051016345
0.000464953277
-0.000377005132
0.000490497157
-0.000242314866
0.000467553856
-0.000121978236
0.000391754349
-3.47332162e-05
0.000264403753
9.53176598e-05
-2.86574759e-05
-6.90474013e-05
-9.96602054e-05
-0.00019190764
-0.000198116969
-0.000285202116
-0.000310357506
-0.000342550307
-0.000424616005
-0.000363193033
-0.000531265843
-0.000349648803
-0.000622765421
-0.000306423986
-0.000693446601
-0.000239103314
-0.000739258769
-0.000153784481
-0.000757557981
-5.68452833e-05
-0.000747003401
4.50620519e-05
-0.0007075979
0.000144915858
-0.000640884367
0.000235256276
-0.000550277033
0.000308268649
-0.000441462319
0.000356138584
-0.000322745838
0.000371780686
-0.000205166578
0.000349974593
-0.000102185442
0.000288773209
-2.88024201e-05
0.000191020733
6.65152465e-05
-2.39811806e-05
-4.50661885e-05
-8.39974039e-05
-0.000131891427
-0.000168257062
-0.00020094247
-0.000265595441
-0.000245211918
-0.000365935528
-0.00026285293
-0.000460594428
-0.000254989911
-0.000542423475
-0.000224594978
-0.00060582127
-0.000175705563
-0.00064668168
-0.000112924087
-0.000662339322
-4.11876285e-05
-0.000651561268
3.42840096e-05
-0.000614612889
0.000107967472
-0.000553400597
0.000174043965
-0.000471663865
0.000226531908
-0.000375153977
0.000259628707
-0.000271701932
0.000268328657
-0.000171058845
0.000249331516
-8.44170665e-05
0.000202131431
-2.35998683e-05
0.000130203534
4.29153822e-05
-1.93491984e-05
-2.571695e-05
-6.84699929e-05
-8.27706269e-05
-0.000138506715
-0.000130905776
-0.000220638036
-0.000163080618
-0.000306428359
-0.000177062603
-0.000388228687
-0.000173189568
-0.000459474102
-0.00015334957
-0.000514859742
-0.000120319955
-0.000550429733
-7.73541311e-05
-0.000563627503
-2.79898682e-05
-0.000553348361
2.40048794e-05
-0.000520016371
7.46354916e-05
-0.000465682567
0.000119710156
-0.000394114881
0.000154964209
-0.000310822963
0.000176336784
-0.000222941246
0.00018044695
-0.000138894609
0.000165284894
-6.78135123e-05
0.000131050343
-1.87621133e-05
8.11521373e-05
2.41532694e-05
-1.45055211e-05
-1.1211408e-05
-5.25210698e-05
-4.47550446e-05
-0.000108122773
-7.5304089e-05
-0.000174687759
-9.65156632e-05
-0.000245343202
-0.000106407177
-0.000313520764
-0.000105011995
-0.000373387832
-9.34824787e-05
-0.000420129352
-7.3578429e-05
-0.000450116007
-4.73674934e-05
-0.000461009023
-1.70968712e-05
-0.000451841576
1.48374307e-05
-0.000423096849
4.58907795e-05
-0.000376775921
7.33892405e-05
-0.000316426418
9.46147076e-05
-0.000247079529
0.000106989891
-0.00017503034
0.000108397763
-0.000107403052
9.76576151e-05
-5.14858408e-05
7.51331436e-05
-1.39146199e-05
4.35809238e-05
1.02386497e-05
-9.20281153e-06
-2.00860835e-06
-3.56847178e-05
-1.82730942e-05
-7.64354967e-05
-3.45532965e-05
-0.000126810993
-4.61401767e-05
-0.00018140804
-5.18101483e-05
-0.000234817111
-5.16029241e-05
-0.000282132175
-4.61673893e-05
-0.000319263474
-3.64470966e-05
-0.000343116445
-2.35145057e-05
-0.000351699986
-8.51333284e-06
-0.000344206967
7.34440587e-06
-0.000321084385
2.27682033e-05
-0.000284086118
3.63909905e-05
-0.000236279502
4.68081065e-05
-0.000181958554
5.26689499e-05
-0.000126403736
5.28429466e-05
-7.5428536e-05
4.66824186e-05
-3.46816251e-05
3.43862403e-05
-8.7139065e-06
1.76132137e-05
1.524745e-06
-3.43754568e-06
1.42890794e-06
-1.80438783e-05
-3.6667288e-06
-4.34060271e-05
-9.19111001e-06
-7.64336493e-05
-1.31125229e-05
-0.000113187136
-1.50566468e-05
-0.000149665091
-1.51249617e-05
-0.000182251512
-1.35809493e-05
-0.0002079528
-1.07457757e-05
-0.00022451404
-6.95323283e-06
-0.000230484709
-2.54264727e-06
-0.000225272605
2.13230119e-06
-0.00020919705
6.69264542e-06
-0.000183535331
1.07292764e-05
-0.000150536789
1.38095764e-05
-0.000113368278
1.5500451e-05
-7.5939751e-05
1.54144265e-05
-4.25472192e-05
1.32898897e-05
-1.7276737e-05
9.11576141e-06
-3.10385714e-06
3.44033934e-06
-1.57910932e-06
1.42889063e-06
-2.23785713e-06
-1.14289683e-05
-2.45414701e-05
-3.95980876e-05
-5.4723029e-05
-6.83039708e-05
-7.90497416e-05
-8.60029631e-05
-8.85455943e-05
-8.64132808e-05
-7.97206313e-05
-6.89913552e-05
-5.51817773e-05
-3.96813208e-05
-2.4266888e-05
-1.09769942e-05
-1.86123124e-06
1.57910933e-06
)
;

boundaryField
{
    walls
    {
        type            calculated;
        value           uniform 0;
    }
    mov_wall
    {
        type            calculated;
        value           uniform 0;
    }
    empty
    {
        type            empty;
        value           nonuniform 0();
    }
}


// ************************************************************************* //
