/*--------------------------------*- C++ -*----------------------------------*\
| =========                 |                                                 |
| \\      /  F ield         | OpenFOAM: The Open Source CFD Toolbox           |
|  \\    /   O peration     | Version:  5.x                                   |
|   \\  /    A nd           | Web:      www.OpenFOAM.org                      |
|    \\/     M anipulation  |                                                 |
\*---------------------------------------------------------------------------*/
FoamFile
{
    version     2.0;
    format      ascii;
    class       volVectorField;
    location    "3.6";
    object      U;
}
// * * * * * * * * * * * * * * * * * * * * * * * * * * * * * * * * * * * * * //

dimensions      [0 1 -1 0 0 0 0];

internalField   nonuniform List<vector> 
400
(
(0.29169832 0.149643929 0)
(0.388187008 0.128007752 0)
(0.557615995 0.0757318506 0)
(0.674785665 0.0433044496 0)
(0.743766573 0.0251591105 0)
(0.787075007 0.0148802999 0)
(0.815462946 0.00893092236 0)
(0.833939549 0.00530992783 0)
(0.845365453 0.00289956097 0)
(0.851349256 0.00108485269 2.66527105e-34)
(0.852640741 -0.000502853084 -2.66527105e-34)
(0.849354285 -0.0021607209 0)
(0.840973364 -0.00421710677 0)
(0.826113768 -0.00722098703 0)
(0.802020423 -0.0122365019 0)
(0.763538945 -0.0213892109 0)
(0.699488891 -0.0388386163 0)
(0.584557335 -0.0722732758 0)
(0.407900535 -0.128436308 0)
(0.300688068 -0.152947536 0)
(0.00120411712 0.287432559 0)
(0.0133208455 0.293872223 0)
(0.140044357 0.209904906 0)
(0.264971524 0.142986192 0)
(0.364177691 0.096802001 0)
(0.440120026 0.065441131 0)
(0.496541008 0.0439762562 0)
(0.53669104 0.0287011576 0)
(0.563274441 0.0170798535 0)
(0.57813732 0.00742308564 0)
(0.582210267 -0.0015010132 0)
(0.575515235 -0.0107977564 0)
(0.557109233 -0.0217346553 0)
(0.524912982 -0.0361396955 0)
(0.475518399 -0.0569635003 0)
(0.404325999 -0.0889771543 0)
(0.305687291 -0.139150757 0)
(0.174497788 -0.215275204 0)
(0.0341065826 -0.310801156 0)
(0.0108691555 -0.305909063 0)
(-0.0321467902 0.241773992 0)
(-0.0634304253 0.333547235 0)
(-0.0219362688 0.299502547 0)
(0.0505995647 0.240051703 0)
(0.127397328 0.183020831 0)
(0.196818563 0.135454539 0)
(0.254167062 0.0974523515 0)
(0.298088264 0.0668891755 0)
(0.328665642 0.0413758253 0)
(0.346307795 0.0187814599 -2.35797287e-33)
(0.351211286 -0.00280949306 2.35797287e-33)
(0.343126725 -0.0252950482 0)
(0.321277558 -0.05082995 0)
(0.284432882 -0.0820948344 0)
(0.231328803 -0.122479778 0)
(0.161916752 -0.175658042 0)
(0.0798350133 -0.243208457 0)
(-0.00333734664 -0.31798196 0)
(-0.057853137 -0.3663635 0)
(-0.0313893217 -0.270690675 0)
(-0.0261204272 0.182361605 0)
(-0.06661931 0.316884185 0)
(-0.0735378273 0.330901788 0)
(-0.04813077 0.295352948 0)
(-0.00567222552 0.244253533 0)
(0.0411124283 0.192431759 0)
(0.084545064 0.145095052 0)
(0.12042429 0.103006637 0)
(0.146585207 0.0651543677 0)
(0.161925443 0.0298884086 2.35546827e-33)
(0.165812786 -0.00469432167 -2.35546827e-33)
(0.157798774 -0.0406696183 0)
(0.137586473 -0.080302738 0)
(0.105285189 -0.12597958 0)
(0.0620900078 -0.179774808 0)
(0.011609254 -0.242029716 0)
(-0.0380283891 -0.307764352 0)
(-0.0720491011 -0.359579365 0)
(-0.0711639218 -0.355585633 0)
(-0.0287210579 -0.209178579 0)
(-0.0176296885 0.140767931 0)
(-0.0549165633 0.281827237 0)
(-0.082863025 0.324484398 0)
(-0.088076263 0.312396832 0)
(-0.0751197329 0.274442006 0)
(-0.0526276705 0.226778446 0)
(-0.0275118921 0.177302832 0)
(-0.00458013334 0.129145436 0)
(0.0130234503 0.0829123699 0)
(0.0233567592 0.0379330381 -2.94545862e-34)
(0.0253097127 -0.00710139019 2.94545862e-34)
(0.0184151772 -0.0537995175 0)
(0.0028869586 -0.103801255 0)
(-0.0200872245 -0.158367932 0)
(-0.0477708144 -0.217530718 0)
(-0.0750614756 -0.278347549 0)
(-0.0936267214 -0.331694797 0)
(-0.0922270641 -0.357398862 0)
(-0.0635074714 -0.318879884 0)
(-0.0207312608 -0.162076722 0)
(-0.011654282 0.111592261 0)
(-0.0431522099 0.243765288 0)
(-0.0782840162 0.299859429 0)
(-0.100579289 0.305000855 0)
(-0.108310624 0.280421286 0)
(-0.105716545 0.240369199 0)
(-0.0975362124 0.193277782 0)
(-0.087793486 0.143545383 0)
(-0.0795352274 0.0930260869 0)
(-0.0748272518 0.0420752433 0)
(-0.0748481649 -0.00975924772 0)
(-0.0799346072 -0.0632506092 0)
(-0.089500047 -0.119033263 0)
(-0.101812897 -0.176993432 0)
(-0.113690969 -0.235297909 0)
(-0.120284799 -0.288849062 0)
(-0.115237038 -0.327084773 0)
(-0.092271123 -0.331566543 0)
(-0.0521876313 -0.275119684 0)
(-0.0142847863 -0.127260095 0)
(-0.00803185683 0.0899680251 0)
(-0.0343052881 0.20787671 0)
(-0.0703686727 0.267741373 0)
(-0.100959337 0.283509163 0)
(-0.121509136 0.269753796 0)
(-0.133061996 0.237807861 0)
(-0.138135871 0.195384136 0)
(-0.139450276 0.147216503 0)
(-0.139365697 0.0958906958 0)
(-0.139599261 0.0425957737 0)
(-0.14111414 -0.012262552 0)
(-0.144054689 -0.0685401509 0)
(-0.14765723 -0.125824579 0)
(-0.15014062 -0.182787189 0)
(-0.148667758 -0.236314538 0)
(-0.139565543 -0.280390151 0)
(-0.119015767 -0.304900533 0)
(-0.0848747496 -0.294957275 0)
(-0.0422046495 -0.23215447 0)
(-0.0100065912 -0.100709812 0)
(-0.00589819011 0.0731569083 0)
(-0.0280514422 0.175459935 0)
(-0.0624620857 0.233454978 0)
(-0.0961931255 0.254650701 0)
(-0.12378431 0.248662385 0)
(-0.144336473 0.223978331 0)
(-0.158622067 0.187072467 0)
(-0.168069576 0.142434116 0)
(-0.174171037 0.0929433515 0)
(-0.178091675 0.0403533173 0)
(-0.180456282 -0.0142245055 0)
(-0.181230026 -0.069844658 0)
(-0.179647321 -0.125225735 0)
(-0.174205212 -0.178177541 0)
(-0.162809083 -0.224940932 0)
(-0.143212569 -0.259512815 0)
(-0.113841649 -0.273201286 0)
(-0.0753166258 -0.254896351 0)
(-0.0343189011 -0.192925771 0)
(-0.00728498556 -0.0799917691 0)
(-0.00459312258 0.0595160169 0)
(-0.0235441699 0.146542621 0)
(-0.0553429963 0.199662159 0)
(-0.089319683 0.222701637 0)
(-0.120051833 0.221819419 0)
(-0.14560911 0.203131835 0)
(-0.165570672 0.171796556 0)
(-0.180317122 0.131775636 0)
(-0.190531096 0.0859405189 0)
(-0.196813752 0.0363510218 2.97711812e-34)
(-0.199448915 -0.0153915264 -2.97711812e-34)
(-0.198275644 -0.0677566216 0)
(-0.192646166 -0.118867775 0)
(-0.181489362 -0.166059286 0)
(-0.163546098 -0.205440848 0)
(-0.137858738 -0.23157777 0)
(-0.104503403 -0.237504888 0)
(-0.0656637319 -0.215386212 0)
(-0.0281738008 -0.158249836 0)
(-0.00551069072 -0.0634668193 0)
(-0.0037331434 0.0480883405 0)
(-0.0201212336 0.120839399 0)
(-0.0490153899 0.167676442 0)
(-0.0816389845 0.190287498 0)
(-0.112989459 0.192487648 0)
(-0.140680573 0.178557131 4.67988564e-33)
(-0.163557407 0.152465451 0)
(-0.181246297 0.117555 0)
(-0.193784189 0.0765047481 -4.74064301e-33)
(-0.201296984 0.031471004 2.26596035e-36)
(-0.203789205 -0.0156743811 4.98649124e-36)
(-0.201035373 -0.0630555759 0)
(-0.192565935 -0.108481561 0)
(-0.177765519 -0.149141405 0)
(-0.156124913 -0.181360905 0)
(-0.127679788 -0.200524241 0)
(-0.0935645748 -0.201318517 0)
(-0.0566770476 -0.178463957 0)
(-0.0233146679 -0.128090132 0)
(-0.0042957053 -0.0500435325 0)
(-0.00311504116 0.0383306323 0)
(-0.0173631156 0.0980508508 0)
(-0.0433176175 0.138129964 0)
(-0.0737180754 0.158979196 0)
(-0.104104457 0.162838218 0)
(-0.131970541 0.152618174 -4.67988564e-33)
(-0.155761623 0.131295699 0)
(-0.174612869 0.101603276 0)
(-0.188100225 0.0659289953 4.74064301e-33)
(-0.195997426 0.0263693671 1.49107004e-33)
(-0.198111618 -0.0151233093 -1.4983225e-33)
(-0.194204013 -0.0565442292 0)
(-0.183996559 -0.0956260185 0)
(-0.167277172 -0.129654821 0)
(-0.144124395 -0.155368894 0)
(-0.115252467 -0.169022478 0)
(-0.0823814111 -0.166713873 0)
(-0.0485941053 -0.145040211 0)
(-0.0193975965 -0.102103339 0)
(-0.00342090956 -0.0390049982 0)
(-0.00263393604 0.0299262632 0)
(-0.0150226227 0.0779301266 0)
(-0.0380974169 0.111311107 0)
(-0.0658175627 0.129695789 0)
(-0.0942794722 0.134263871 0)
(-0.121044029 0.126925334 0)
(-0.144383613 0.109860561 0)
(-0.163148986 0.0852480416 0)
(-0.176619508 0.0551416375 0)
(-0.184335474 0.0214703183 2.99742967e-34)
(-0.185982938 -0.0138813582 -2.99742967e-34)
(-0.181343674 -0.0489515305 0)
(-0.17031396 -0.0815745409 0)
(-0.152999247 -0.109289251 0)
(-0.129891602 -0.129330717 0)
(-0.102114501 -0.138764228 0)
(-0.0716393821 -0.134816124 0)
(-0.0414365962 -0.115407276 0)
(-0.0161843494 -0.0798582136 0)
(-0.00276403316 -0.0298606553 0)
(-0.00223473579 0.0226800233 0)
(-0.0129541245 0.0602838539 0)
(-0.0332381426 0.0873308319 0)
(-0.0580555199 0.102954496 0)
(-0.0840353729 0.107621815 0)
(-0.10890608 0.102520701 0)
(-0.130914079 0.0892086415 0)
(-0.148775831 0.0693818598 0)
(-0.161603545 0.0447501617 0)
(-0.168801283 0.0170067354 3.00137556e-34)
(-0.16999354 -0.0121372089 -3.00137556e-34)
(-0.164999668 -0.0408861725 0)
(-0.15385753 -0.0672953651 0)
(-0.136899075 -0.0892416913 0)
(-0.114876631 -0.104468685 0)
(-0.0891189045 -0.110744402 0)
(-0.0616328433 -0.106158102 0)
(-0.0351269757 -0.0895353257 0)
(-0.0135037431 -0.0609264348 0)
(-0.00225327246 -0.0222578237 0)
(-0.00188545466 0.016466256 0)
(-0.0110624807 0.0449645348 0)
(-0.0286411365 0.0662105 0)
(-0.0504611193 0.0790278136 0)
(-0.0736531524 0.083412327 0)
(-0.0961641692 0.080041485 0)
(-0.11630591 0.0699953537 0)
(-0.132763335 0.0545610828 0)
(-0.144575595 0.03511436 0)
(-0.151082426 0.013074736 0)
(-0.151887882 -0.0100881485 0)
(-0.146852995 -0.0328250701 0)
(-0.136119497 -0.0534823445 0)
(-0.120164249 -0.0703098433 0)
(-0.0998793337 -0.0815299357 0)
(-0.076657116 -0.0854921226 0)
(-0.0524122084 -0.0809235258 0)
(-0.0295300333 -0.067246941 0)
(-0.0112185734 -0.0449266578 0)
(-0.00184129764 -0.0159381027 0)
(-0.00156251575 0.0112077498 0)
(-0.00926987477 0.0318705336 0)
(-0.0242025136 0.0479368699 0)
(-0.0429884369 0.0580490665 0)
(-0.0632319037 0.0619114981 0)
(-0.0831208572 0.059855918 0)
(-0.101086236 0.0526055547 0)
(-0.115849121 0.0411071728 0)
(-0.126440919 0.0264236335 0)
(-0.132187229 0.00968561003 0)
(-0.132697621 -0.00791670887 0)
(-0.127870706 -0.0251250409 0)
(-0.117915448 -0.0406102629 0)
(-0.103386526 -0.0529974415 0)
(-0.0852272473 -0.060938688 0)
(-0.064801984 -0.063249678 0)
(-0.0438652599 -0.0591133744 0)
(-0.0244674996 -0.0483249813 0)
(-0.00920309304 -0.0315520013 0)
(-0.00149088397 -0.0107193765 0)
(-0.0012426897 0.00687236737 0)
(-0.00749725776 0.020953938 0)
(-0.0197996697 0.0325014282 0)
(-0.0355241883 0.0400872974 0)
(-0.0527239555 0.043271762 0)
(-0.069833094 0.0421741855 0)
(-0.0854326447 0.0372606233 0)
(-0.0983251571 0.0291991535 0)
(-0.107580773 0.0187673642 0)
(-0.112546711 0.00680864894 0)
(-0.112854324 -0.00578010456 0)
(-0.108431618 -0.0180487486 0)
(-0.0995214382 -0.0289997627 0)
(-0.0867021587 -0.0376160535 0)
(-0.0709039719 -0.042924664 0)
(-0.0534054895 -0.0441071784 0)
(-0.0357703059 -0.0406592799 0)
(-0.0197281028 -0.0325810726 0)
(-0.00733072797 -0.0205903269 0)
(-0.00116697602 -0.00649226691 0)
(-0.000899881542 0.00347704093 0)
(-0.00566092703 0.0122244289 0)
(-0.01529784 0.0199179424 0)
(-0.0279091876 0.0251886557 0)
(-0.0419708301 0.0275859319 0)
(-0.056159273 0.027126274 0)
(-0.0692274702 0.0240986793 0)
(-0.0800968041 0.01894544 0)
(-0.0879159781 0.0121896006 0)
(-0.092084407 0.00440207195 0)
(-0.0922681395 -0.00380767086 0)
(-0.0884155028 -0.0117927582 0)
(-0.0807724814 -0.0188748677 0)
(-0.0698941962 -0.0243659644 0)
(-0.0566454478 -0.0276151841 0)
(-0.0421770467 -0.0280886975 0)
(-0.0278468971 -0.025486412 0)
(-0.015088732 -0.0198866062 0)
(-0.00547449404 -0.0119313535 0)
(-0.000833547248 -0.00322197356 0)
(-0.000507508042 0.00108920525 0)
(-0.00368889082 0.00574013999 0)
(-0.0105872206 0.0102223842 0)
(-0.019987934 0.0134022192 0)
(-0.0307552903 0.0149401008 0)
(-0.0418076503 0.0148327237 0)
(-0.0521004672 0.0132501894 0)
(-0.0607205826 0.010451686 0)
(-0.0669425703 0.00673882342 0)
(-0.0702538163 0.00243728984 0)
(-0.0703711765 -0.00210634609 0)
(-0.0672558311 -0.00652338237 0)
(-0.0611263833 -0.0104252485 0)
(-0.0524664904 -0.0134154644 0)
(-0.0420201017 -0.0151167064 0)
(-0.0307626583 -0.0152183462 0)
(-0.0198243267 -0.0135494015 0)
(-0.0103615205 -0.0101761632 0)
(-0.00352670123 -0.00555507271 0)
(-0.000456470297 -0.000945965345 0)
(-6.44921258e-05 -0.000176242466 0)
(-0.00159899079 0.00163661582 0)
(-0.0056951877 0.00359860319 0)
(-0.0117199292 0.00501068294 0)
(-0.0188880462 0.00571685139 0)
(-0.0263913843 0.00573383308 0)
(-0.0334549825 0.00514772488 0)
(-0.039408494 0.00407327098 0)
(-0.0437225391 0.00263489532 0)
(-0.0460238742 0.000961865847 0)
(-0.0461058144 -0.000810101081 0)
(-0.043938864 -0.00253598676 0)
(-0.0396813778 -0.00406056025 0)
(-0.0336869518 -0.00522175345 0)
(-0.026502733 -0.00586030269 0)
(-0.0188496229 -0.00583829397 0)
(-0.0115675413 -0.0050703925 0)
(-0.00551559544 -0.00357095254 0)
(-0.0014820347 -0.00155258627 0)
(-3.10932156e-05 0.000233977923 0)
(0.000261394965 -0.000255577903 0)
(0.000151437748 0.000102072744 0)
(-0.00117495578 0.000547415717 0)
(-0.00348063309 0.000863517216 0)
(-0.00637558215 0.00102207964 0)
(-0.00946687025 0.00103797856 0)
(-0.012400033 0.000936219232 0)
(-0.0148817741 0.000743062348 0)
(-0.0166860969 0.00048318101 0)
(-0.0176547213 0.000180089024 1.08300266e-33)
(-0.017698516 -0.000142307349 -1.08300266e-33)
(-0.0168014823 -0.000458217854 0)
(-0.0150266266 -0.000739018815 0)
(-0.0125218992 -0.000953244243 0)
(-0.00952354786 -0.00106773168 0)
(-0.00635302282 -0.00105052522 0)
(-0.00340014887 -0.000876787508 0)
(-0.00108361494 -0.000539615815 0)
(0.00020611091 -8.25143633e-05 0)
(0.000274563722 0.000266745557 0)
)
;

boundaryField
{
    walls
    {
        type            fixedValue;
        value           uniform (0 0 0);
    }
    mov_wall
    {
        type            fixedValue;
        value           uniform (1 0 0);
    }
    empty
    {
        type            empty;
    }
}


// ************************************************************************* //
