/*--------------------------------*- C++ -*----------------------------------*\
| =========                 |                                                 |
| \\      /  F ield         | OpenFOAM: The Open Source CFD Toolbox           |
|  \\    /   O peration     | Version:  5.x                                   |
|   \\  /    A nd           | Web:      www.OpenFOAM.org                      |
|    \\/     M anipulation  |                                                 |
\*---------------------------------------------------------------------------*/
FoamFile
{
    version     2.0;
    format      ascii;
    class       volScalarField;
    location    "6.4";
    object      p;
}
// * * * * * * * * * * * * * * * * * * * * * * * * * * * * * * * * * * * * * //

dimensions      [0 2 -2 0 0 0 0];

internalField   nonuniform List<scalar> 
400
(
1.26714395e-06
2.4524606
3.49432425
3.8988804
4.10664838
4.22470789
4.29429256
4.34027938
4.37633984
4.41011196
4.44676094
4.49091585
4.54765548
4.62449053
4.73479872
4.90459724
5.18238092
5.68420225
6.84131677
9.41172576
1.88670631
2.86729046
3.41988466
3.74774492
3.96518188
4.10974837
4.20767545
4.2789934
4.33674592
4.38961422
4.44424643
4.50657298
4.58333458
4.68329883
4.81972731
5.01368011
5.29402341
5.69847015
6.33841662
7.42837227
2.98207881
3.26253126
3.54233217
3.77068063
3.94570672
4.07571682
4.17322674
4.25000442
4.31527672
4.37623698
4.43892612
4.50902266
4.5925762
4.69678381
4.83085116
5.00663918
5.23632275
5.52394036
5.86049184
6.19823857
3.5277852
3.58534382
3.72178649
3.86537784
3.98906512
4.09083336
4.17461128
4.24571508
4.30952801
4.37102422
4.4347756
4.50520538
4.58678953
4.68425568
4.80245224
4.9456937
5.11575041
5.30514901
5.47833806
5.55964001
3.84421811
3.82688148
3.88518089
3.96938403
4.05222081
4.12779199
4.19566958
4.25747881
4.31592396
4.37409333
4.43506607
4.50185854
4.57733213
4.66400712
4.7635051
4.87551206
4.99636004
5.11480285
5.19584698
5.18371688
4.04550209
4.00365975
4.02142705
4.06785086
4.1213834
4.17574192
4.22885574
4.28053865
4.33186114
4.38449273
4.44027198
4.500969
4.56804971
4.64232735
4.72332739
4.80836742
4.89180775
4.96267891
4.99308159
4.94680895
4.18058669
4.13383178
4.13183969
4.15536948
4.18883446
4.22706763
4.26772788
4.30987263
4.35363823
4.39973228
4.44903934
4.50233782
4.56001979
4.62172265
4.68578634
4.748627
4.80456078
4.84466667
4.84862553
4.79368094
4.27565946
4.23084335
4.21966087
4.22967513
4.24984662
4.27635559
4.3071232
4.34098352
4.37757927
4.41699986
4.45945237
4.50499723
4.55328615
4.60325001
4.65270582
4.69801214
4.73425958
4.75484772
4.74556138
4.69204304
4.34467494
4.30373183
4.28862973
4.29082823
4.30237696
4.32057243
4.34373084
4.37070257
4.40089371
4.43401618
4.46982906
4.50791863
4.54748439
4.58710983
4.62451409
4.65641399
4.6788944
4.68733402
4.67188012
4.62321738
4.39525991
4.35850515
4.34215789
4.33995879
4.34598969
4.35836184
4.37576166
4.39714571
4.42182593
4.44929919
4.47905131
4.51038757
4.54227499
4.57319326
4.60100095
4.62292672
4.63599632
4.63709302
4.61932546
4.57637839
4.43196409
4.39925819
4.38305499
4.37851108
4.38106626
4.38939646
4.40248783
4.41942498
4.4395026
4.46210926
4.48658268
4.51208725
4.53750851
4.56136947
4.58177674
4.59648174
4.60329496
4.60017406
4.58220634
4.54489447
4.45777695
4.42889617
4.41358082
4.40794537
4.40838002
4.41394762
4.42386447
4.43733889
4.45368864
4.47226159
4.49233129
4.51301412
4.53320695
4.55155194
4.56643361
4.57607097
4.57888608
4.57357505
4.55655566
4.52447847
4.47482797
4.4495738
4.43556175
4.42962102
4.42885351
4.4325941
4.44023582
4.4510988
4.46454334
4.47991624
4.49647782
4.51335075
4.52949147
4.54368896
4.55459239
4.56081134
4.56122773
4.55503639
4.53957368
4.51225985
4.48473101
4.46295976
4.45049347
4.44475188
4.44341717
4.44602936
4.45212295
4.46111779
4.4724232
4.48540374
4.49933134
4.51335949
4.5265202
4.53774664
4.54591851
4.54995969
4.54909415
4.54285752
4.52925584
4.50627234
4.48877464
4.47040319
4.45962114
4.45439389
4.45292782
4.45493742
4.46007928
4.46786237
4.47774217
4.48910323
4.50123305
4.51331723
4.52445651
4.53370661
4.54013509
4.5429134
4.54152361
4.53574912
4.52413505
4.50513618
4.48806195
4.47305758
4.46400987
4.45945568
4.45813163
4.45992466
4.46460593
4.47176344
4.48088761
4.49137097
4.50250294
4.51348381
4.52345876
4.53157153
4.53703103
4.53920001
4.53776287
4.53270834
4.52308411
4.50782173
4.48366902
4.47201106
4.46464147
4.46076328
4.45970242
4.46153763
4.46615411
4.4732067
4.4822014
4.49251468
4.50341015
4.51407062
4.52364795
4.53132963
4.5364163
4.53841306
4.5371709
4.53287881
4.52512701
4.51341675
4.4768561
4.46838849
4.46243011
4.45901648
4.45816286
4.4601707
4.46503568
4.47245812
4.48192862
4.49277102
4.5041819
4.51528089
4.52517515
4.5330396
4.53820867
4.54027886
4.5392396
4.53549905
4.52928829
4.5208568
4.46928662
4.46319513
4.45767513
4.45396889
4.45292285
4.45509001
4.46054368
4.46896909
4.4797718
4.49214974
4.50515484
4.51775909
4.52893181
4.53773499
4.54343517
4.54563162
4.54440503
4.54041677
4.5346997
4.52866667
4.4634495
4.45752376
4.45037129
4.44492785
4.44290429
4.44509631
4.45156825
4.46187355
4.47521549
4.49055184
4.50667308
4.52227675
4.53605413
4.54680013
4.55355278
4.55576611
4.55352097
4.5477501
4.54035221
4.53446282
)
;

boundaryField
{
    walls
    {
        type            zeroGradient;
    }
    mov_wall
    {
        type            zeroGradient;
    }
    empty
    {
        type            empty;
    }
}


// ************************************************************************* //
