/*--------------------------------*- C++ -*----------------------------------*\
| =========                 |                                                 |
| \\      /  F ield         | OpenFOAM: The Open Source CFD Toolbox           |
|  \\    /   O peration     | Version:  5.x                                   |
|   \\  /    A nd           | Web:      www.OpenFOAM.org                      |
|    \\/     M anipulation  |                                                 |
\*---------------------------------------------------------------------------*/
FoamFile
{
    version     2.0;
    format      ascii;
    class       surfaceScalarField;
    location    "6.4";
    object      phi;
}
// * * * * * * * * * * * * * * * * * * * * * * * * * * * * * * * * * * * * * //

dimensions      [0 3 -1 0 0 0 0];

internalField   nonuniform List<scalar> 
760
(
0.00134817663
-0.00134817724
0.00245763978
-0.00110946315
0.00313513469
-0.000677494908
0.00355971572
-0.000424581038
0.00383225131
-0.000272535589
0.00400945216
-0.000177200841
0.00412521451
-0.000115762347
0.00419921709
-7.40025729e-05
0.00424243236
-4.32152802e-05
0.00426055359
-1.81212272e-05
0.00425562235
4.93123674e-06
0.00422675778
2.88645773e-05
0.0041693894
5.73683809e-05
0.00407358505
9.5804352e-05
0.00391995094
0.000153634108
0.0036720193
0.000247931646
0.00326316023
0.00040885907
0.00257264077
0.000690519463
0.00140850173
0.00116413904
0.00140850173
-5.4695271e-05
-0.00129348197
0.000412592653
-0.00157675106
0.00103002982
-0.00129493207
0.00157871388
-0.000973265102
0.0020148327
-0.000708654414
0.00234477726
-0.0005071454
0.00258511632
-0.000356101396
0.00275126942
-0.000240155665
0.0028545678
-0.00014651366
0.00290179532
-6.5348753e-05
0.0028953666
1.13599574e-05
0.00283293036
9.13008159e-05
0.00270712574
0.000183173009
0.00250436375
0.00029856635
0.00220410988
0.000453887968
0.00178090172
0.000671139805
0.00121756799
0.000972192803
0.000552812562
0.0013552749
1.30664844e-05
0.00170388512
0.00142156821
-0.000271734658
-0.00102174731
-0.000221026598
-0.00162745912
7.13678021e-05
-0.00158732646
0.000446285653
-0.00134818295
0.000812489685
-0.00107485845
0.00112929926
-0.000823954984
0.00138207831
-0.000608880437
0.00156800787
-0.000426085225
0.00168837696
-0.00026688274
0.00174468454
-0.000121656328
0.00173678975
1.92547354e-05
0.00166213441
0.00016595616
0.00151571288
0.000329594547
0.00129125424
0.000523024996
0.000985011691
0.000760130515
0.000605009649
0.00105114184
0.000189850704
0.00138735175
-0.000160045079
0.00170517069
-0.000261640627
0.00180548067
0.00115992758
-0.000227941587
-0.000793805726
-0.000361197329
-0.00149420338
-0.000308328231
-0.00164019556
-0.000134821214
-0.00152168996
8.92093808e-05
-0.00129888904
0.000314971863
-0.00104971747
0.00051326299
-0.000807171566
0.000668300006
-0.000581122237
0.00077199032
-0.000370573046
0.000820036115
-0.000169702119
0.000809727649
2.9563198e-05
0.000739201016
0.000236482789
0.000607935659
0.000460859907
0.000419110868
0.000711849795
0.000184524327
0.000994717061
-6.71911771e-05
0.00130285734
-0.000280617549
0.00160077811
-0.000369418483
0.00179397163
-0.000246993633
0.00168305583
0.000912933951
-0.000168965218
-0.000624840506
-0.000352016197
-0.0013111524
-0.000431557701
-0.00156065405
-0.000408908995
-0.00154433866
-0.000319435187
-0.00138836284
-0.000200095188
-0.00116905747
-7.98100933e-05
-0.000927456667
2.1578235e-05
-0.000682510567
9.1428683e-05
-0.000440423487
0.00012213538
-0.000200408808
0.000109757195
4.19413847e-05
5.36457092e-05
0.000292594268
-4.2749019e-05
0.000557254632
-0.000169694044
0.000838794826
-0.000307652435
0.00113267546
-0.000423468627
0.00141867354
-0.000470024873
0.00164733436
-0.000397824828
0.00172177158
-0.000196431032
0.00148166203
0.000716502926
-0.000124192134
-0.000500648365
-0.000308335647
-0.0011270089
-0.000450494119
-0.00141849558
-0.000523204037
-0.00147162874
-0.000535391072
-0.0013761758
-0.000508160825
-0.00119628771
-0.000463156894
-0.000972460602
-0.000418060952
-0.000727606516
-0.000385619028
-0.000472865409
-0.000373912079
-0.000212115748
-0.00038672793
5.47572437e-05
-0.000423459501
0.000329325836
-0.00047835638
0.000612151504
-0.000539178283
0.000899616728
-0.000585818886
0.00117931607
-0.000590512334
0.001423367
-0.000523085129
0.00157990715
-0.000366699085
0.00156538553
-0.000150585991
0.00126554894
0.00056591694
-9.45729299e-05
-0.000406075427
-0.000264649745
-0.000956932083
-0.000430738397
-0.00125240694
-0.000556976961
-0.00134539017
-0.000636793233
-0.00129635952
-0.00067814177
-0.00115493916
-0.000693943925
-0.000956658444
-0.000696929245
-0.000724621203
-0.00069727407
-0.00047252059
-0.000701661771
-0.000207728042
-0.000712860717
6.59562024e-05
-0.000729336359
0.000345801485
-0.000744753806
0.000627568944
-0.000747580309
0.000902443221
-0.000721469909
0.00115320568
-0.000647843393
0.00134974049
-0.000512876918
0.00144494069
-0.000321206276
0.00137371489
-0.000116485703
0.00106082836
0.000449431235
-7.5343736e-05
-0.000330731686
-0.000228206813
-0.000804069001
-0.000398353662
-0.00108226009
-0.000550539535
-0.00119320431
-0.000670626469
-0.00117627259
-0.000757578353
-0.00106798727
-0.000816784812
-0.000897451974
-0.000855587442
-0.000685818574
-0.000880624304
-0.000447483738
-0.000896360339
-0.000191992012
-0.000904270097
7.38659707e-05
-0.000902360311
0.000343891713
-0.000884972202
0.000610180838
-0.000843104161
0.000860575171
-0.000765820199
0.0010759217
-0.000643664746
0.00122758504
-0.000475103942
0.00127637989
-0.000276309842
0.00117492079
-9.21328576e-05
0.000876651375
0.000357298371
-6.22883135e-05
-0.000268443375
-0.000198541319
-0.000667815983
-0.000362893649
-0.000917907756
-0.000523850726
-0.00103224724
-0.000664415238
-0.00103570808
-0.000778128934
-0.000954273569
-0.000864812179
-0.000810768716
-0.00092716547
-0.000623465273
-0.000968399681
-0.000406249532
-0.000990721221
-0.000169670485
-0.000994436382
7.75811294e-05
-0.000977525746
0.000326981091
-0.000935694999
0.000568350106
-0.000863101233
0.000787981405
-0.000754123159
0.000966943621
-0.000606626315
0.00108008819
-0.000426950415
0.001096704
-0.000236038289
0.000984008679
-7.43490153e-05
0.000714962109
0.000282949352
-5.27689795e-05
-0.000215674403
-0.000173812792
-0.000546772159
-0.0003275574
-0.000764163139
-0.000486865976
-0.00087293866
-0.00063438019
-0.000888193877
-0.000760757868
-0.000827895898
-0.000862116673
-0.000709409903
-0.000937654761
-0.000547927169
-0.000987783221
-0.000356121065
-0.00101282396
-0.000144629755
-0.00101222277
7.69799277e-05
-0.000984240712
0.000298999032
-0.000926163071
0.00051027248
-0.00083515881
0.000696977159
-0.000709976085
0.000841760895
-0.000553597331
0.000923709426
-0.000376676986
0.000919783645
-0.000200960052
0.000808291748
-6.08626242e-05
0.00057486469
0.00022208673
-4.52979344e-05
-0.000170376478
-0.00015245398
-0.000439616109
-0.000293299615
-0.000623317492
-0.000444763099
-0.000721475166
-0.000590345838
-0.000742611141
-0.00071947336
-0.000698768388
-0.000826046359
-0.000602836911
-0.000906878221
-0.000467095296
-0.000960347576
-0.000302651692
-0.000985403144
-0.000119574183
-0.000980963158
7.25399293e-05
-0.000945732122
0.000263767983
-0.000878480043
0.000443020404
-0.000778855064
0.000597352196
-0.000648784048
0.000711689892
-0.000494403545
0.000769328922
-0.000328204155
0.000753584247
-0.000170678373
0.00065076596
-5.02806606e-05
0.000454466981
0.000171806077
-3.90621792e-05
-0.000131314301
-0.000133403804
-0.00034527449
-0.000260349976
-0.000496371316
-0.00040038897
-0.000581436159
-0.000538431188
-0.000604568914
-0.000663692778
-0.000573506804
-0.000768938053
-0.000497591649
-0.000849523093
-0.00038651026
-0.000902500943
-0.000249673827
-0.000925934094
-9.61410144e-05
-0.000918488869
6.50947068e-05
-0.000879356195
0.000224635295
-0.000808535344
0.000372199541
-0.000707505281
0.000496322137
-0.000580261695
0.000584446321
-0.000434588334
0.000623655573
-0.000283248289
0.000602244202
-0.000144573366
0.00051209103
-4.17551914e-05
0.000351648802
0.000130050891
-3.36093993e-05
-9.77048939e-05
-0.000115973503
-0.000262910398
-0.000228685893
-0.00038365893
-0.000355331149
-0.000454790895
-0.000482448488
-0.00047745156
-0.000599656638
-0.000456298647
-0.000699324727
-0.000397923569
-0.000776050486
-0.000309784516
-0.00082612764
-0.000199596674
-0.000847124141
-7.51444964e-05
-0.000837646083
5.56166653e-05
-0.000797332197
0.000184321409
-0.000727102528
0.00030196986
-0.000629656439
0.000398876037
-0.000510163481
0.000464953366
-0.000377005143
0.000490497248
-0.000242314863
0.000467553931
-0.000121978232
0.0003917544
-3.47332188e-05
0.000264403784
9.53176716e-05
-2.86574825e-05
-6.90473974e-05
-9.96602225e-05
-0.000191907665
-0.000198117008
-0.000285202154
-0.000310357569
-0.000342550338
-0.00042461607
-0.000363193048
-0.000531265885
-0.000349648815
-0.000622765441
-0.000306424008
-0.000693446626
-0.000239103343
-0.000739258818
-0.000153784496
-0.000757558044
-5.68452686e-05
-0.000747003453
4.50620907e-05
-0.000707597932
0.000144915903
-0.000640884391
0.000235256319
-0.000550277063
0.000308268698
-0.000441462353
0.000356138648
-0.000322745863
0.000371780761
-0.000205166586
0.000349974663
-0.000102185439
0.000288773261
-2.88024156e-05
0.000191020761
6.6515252e-05
-2.3981207e-05
-4.50661797e-05
-8.39974304e-05
-0.000131891437
-0.000168257092
-0.000200942498
-0.000265595492
-0.000245211948
-0.0003659356
-0.000262852943
-0.0004605945
-0.000254989903
-0.000542423526
-0.000224594965
-0.000605821306
-0.00017570556
-0.000646681724
-0.00011292409
-0.000662339387
-4.11876184e-05
-0.000651561339
3.42840448e-05
-0.000614612945
0.000107967524
-0.000553400631
0.000174044019
-0.000471663889
0.000226531955
-0.000375154003
0.000259628753
-0.000271701957
0.000268328709
-0.000171058861
0.000249331571
-8.44170693e-05
0.000202131476
-2.35998626e-05
0.000130203561
4.29153871e-05
-1.93492309e-05
-2.57169486e-05
-6.84700318e-05
-8.27706231e-05
-0.000138506746
-0.00013090578
-0.000220638071
-0.00016308063
-0.000306428414
-0.00017706261
-0.000388228762
-0.000173189555
-0.000459474176
-0.000153349537
-0.0005148598
-0.00012031992
-0.000550429781
-7.73541078e-05
-0.000563627559
-2.79898517e-05
-0.00055334843
2.40049051e-05
-0.000520016438
7.46355352e-05
-0.000465682616
0.00011971021
-0.000394114909
0.00015496426
-0.000310822981
0.000176336825
-0.000222941263
0.000180446985
-0.000138894624
0.000165284928
-6.78135199e-05
0.000131050374
-1.87621122e-05
8.11521589e-05
2.41532763e-05
-1.45055398e-05
-1.12114183e-05
-5.25211107e-05
-4.47550393e-05
-0.000108122808
-7.5304073e-05
-0.000174687786
-9.65156487e-05
-0.000245343236
-0.000106407168
-0.00031352082
-0.000105011981
-0.000373387907
-9.348245e-05
-0.000420129426
-7.35783877e-05
-0.000450116067
-4.73674536e-05
-0.000461009075
-1.7096843e-05
-0.000451841631
1.48374517e-05
-0.000423096909
4.58908057e-05
-0.000376775975
7.33892776e-05
-0.000316426454
9.46147494e-05
-0.000247079548
0.000106989927
-0.00017503035
0.000108397789
-0.00010740306
9.76576346e-05
-5.14858479e-05
7.51331597e-05
-1.39146234e-05
4.35809362e-05
1.02386561e-05
-9.20280804e-06
-2.0086215e-06
-3.5684743e-05
-1.8273097e-05
-7.64355281e-05
-3.4553279e-05
-0.000126811019
-4.61401483e-05
-0.000181408062
-5.18101223e-05
-0.000234817144
-5.16029061e-05
-0.00028213223
-4.61673728e-05
-0.000319263544
-3.64470726e-05
-0.000343116512
-2.35144745e-05
-0.00035170004
-8.51330394e-06
-0.000344207012
7.3444252e-06
-0.000321084429
2.27682158e-05
-0.000284086162
3.63910048e-05
-0.000236279538
4.6808127e-05
-0.000181958576
5.26689729e-05
-0.000126403745
5.28429655e-05
-7.54285396e-05
4.66824305e-05
-3.46816281e-05
3.43862468e-05
-8.71391041e-06
1.76132176e-05
1.52474778e-06
-3.43752775e-06
1.42890062e-06
-1.80438782e-05
-3.66674242e-06
-4.34060404e-05
-9.19111175e-06
-7.64336686e-05
-1.31125099e-05
-0.000113187154
-1.50566272e-05
-0.00014966511
-1.51249485e-05
-0.000182251544
-1.35809467e-05
-0.000207952849
-1.07457752e-05
-0.000224514097
-6.95322421e-06
-0.00023048476
-2.54263046e-06
-0.000225272643
2.13231696e-06
-0.000209197079
6.69265287e-06
-0.000183535357
1.07292774e-05
-0.000150536812
1.38095783e-05
-0.000113368295
1.55004581e-05
-7.593976e-05
1.54144361e-05
-4.25472213e-05
1.32898968e-05
-1.72767367e-05
9.11576388e-06
-3.10385838e-06
3.44033858e-06
-1.57911033e-06
1.42890364e-06
-2.23784369e-06
-1.14289634e-05
-2.45414774e-05
-3.95981001e-05
-5.4723039e-05
-6.83039799e-05
-7.90497578e-05
-8.60029893e-05
-8.85456233e-05
-8.64133025e-05
-7.97206424e-05
-6.89913607e-05
-5.51817833e-05
-3.96813285e-05
-2.42668941e-05
-1.0976996e-05
-1.86122974e-06
1.5791104e-06
)
;

boundaryField
{
    walls
    {
        type            calculated;
        value           uniform 0;
    }
    mov_wall
    {
        type            calculated;
        value           uniform 0;
    }
    empty
    {
        type            empty;
        value           nonuniform 0();
    }
}


// ************************************************************************* //
