/*--------------------------------*- C++ -*----------------------------------*\
| =========                 |                                                 |
| \\      /  F ield         | OpenFOAM: The Open Source CFD Toolbox           |
|  \\    /   O peration     | Version:  5.x                                   |
|   \\  /    A nd           | Web:      www.OpenFOAM.org                      |
|    \\/     M anipulation  |                                                 |
\*---------------------------------------------------------------------------*/
FoamFile
{
    version     2.0;
    format      ascii;
    class       volVectorField;
    location    "6.4";
    object      U;
}
// * * * * * * * * * * * * * * * * * * * * * * * * * * * * * * * * * * * * * //

dimensions      [0 1 -1 0 0 0 0];

internalField   nonuniform List<vector> 
400
(
(0.291698402 0.149643841 0)
(0.388187135 0.128007706 0)
(0.557616054 0.0757318315 0)
(0.674785695 0.0433044407 0)
(0.74376659 0.0251591059 0)
(0.787075019 0.0148802977 0)
(0.815462957 0.00893092173 0)
(0.83393956 0.00530992829 0)
(0.845365462 0.00289956165 0)
(0.851349263 0.00108485291 2.66526824e-34)
(0.852640747 -0.000502853151 -2.66526824e-34)
(0.849354291 -0.00216072052 0)
(0.840973371 -0.00421710571 0)
(0.826113774 -0.00722098582 0)
(0.802020425 -0.0122365011 0)
(0.763538945 -0.0213892103 0)
(0.699488891 -0.0388386154 0)
(0.584557336 -0.0722732746 0)
(0.407900535 -0.128436307 0)
(0.300688068 -0.152947536 0)
(0.00120416875 0.287432434 0)
(0.0133209366 0.293872142 0)
(0.140044426 0.209904864 0)
(0.264971576 0.142986168 0)
(0.364177731 0.096801988 0)
(0.440120057 0.0654411236 0)
(0.496541034 0.0439762527 0)
(0.536691063 0.0287011571 0)
(0.563274463 0.0170798546 0)
(0.57813734 0.00742308679 0)
(0.582210284 -0.00150101243 0)
(0.57551525 -0.010797755 0)
(0.557109247 -0.0217346525 0)
(0.524912994 -0.0361396918 0)
(0.475518407 -0.0569634972 0)
(0.404326003 -0.0889771522 0)
(0.305687293 -0.139150756 0)
(0.174497789 -0.215275202 0)
(0.0341065838 -0.310801155 0)
(0.0108691561 -0.305909062 0)
(-0.0321467688 0.241773934 0)
(-0.0634303781 0.333547173 0)
(-0.0219362162 0.299502501 0)
(0.0505996155 0.240051673 0)
(0.127397374 0.183020812 0)
(0.196818602 0.135454527 0)
(0.254167096 0.0974523445 0)
(0.298088295 0.0668891719 0)
(0.328665672 0.0413758245 0)
(0.346307823 0.0187814609 -2.35797036e-33)
(0.351211311 -0.00280949151 2.35797036e-33)
(0.343126746 -0.0252950464 0)
(0.321277577 -0.0508299474 0)
(0.284432898 -0.0820948308 0)
(0.231328817 -0.122479774 0)
(0.161916761 -0.17565804 0)
(0.079835019 -0.243208457 0)
(-0.00333734326 -0.317981961 0)
(-0.0578531345 -0.366363502 0)
(-0.0313893206 -0.270690675 0)
(-0.0261204176 0.18236158 0)
(-0.0666192844 0.316884143 0)
(-0.0735377915 0.330901748 0)
(-0.0481307289 0.295352917 0)
(-0.00567218285 0.244253512 0)
(0.0411124694 0.192431746 0)
(0.0845451016 0.145095043 0)
(0.120424325 0.103006631 0)
(0.14658524 0.0651543642 0)
(0.161925475 0.0298884073 2.35546577e-33)
(0.165812815 -0.00469432188 -2.35546577e-33)
(0.157798799 -0.0406696185 0)
(0.137586495 -0.0803027382 0)
(0.105285209 -0.12597958 0)
(0.0620900252 -0.179774808 0)
(0.0116092681 -0.242029716 0)
(-0.0380283794 -0.307764354 0)
(-0.0720490953 -0.359579369 0)
(-0.0711639186 -0.355585637 0)
(-0.0287210567 -0.20917858 0)
(-0.0176296838 0.140767918 0)
(-0.0549165485 0.281827209 0)
(-0.0828630013 0.324484367 0)
(-0.0880762323 0.312396806 0)
(-0.0751196971 0.274441987 0)
(-0.0526276322 0.226778433 0)
(-0.0275118545 0.177302822 0)
(-0.00458009858 0.129145427 0)
(0.0130234828 0.0829123627 0)
(0.0233567908 0.0379330327 -2.94545553e-34)
(0.0253097431 -0.00710139417 2.94545553e-34)
(0.0184152043 -0.0537995216 0)
(0.00288698141 -0.10380126 0)
(-0.0200872049 -0.158367937 0)
(-0.0477707962 -0.217530723 0)
(-0.0750614592 -0.278347553 0)
(-0.0936267085 -0.331694802 0)
(-0.0922270561 -0.357398868 0)
(-0.0635074679 -0.31887989 0)
(-0.0207312599 -0.162076725 0)
(-0.0116542796 0.111592254 0)
(-0.0431522009 0.243765272 0)
(-0.078284 0.299859409 0)
(-0.100579267 0.305000835 0)
(-0.108310596 0.280421271 0)
(-0.105716511 0.240369188 0)
(-0.097536177 0.193277773 0)
(-0.0877934523 0.143545373 0)
(-0.079535197 0.0930260766 0)
(-0.0748272234 0.0420752332 0)
(-0.0748481372 -0.00975925676 0)
(-0.079934581 -0.0632506179 0)
(-0.0895000244 -0.119033273 0)
(-0.101812878 -0.176993443 0)
(-0.113690952 -0.23529792 0)
(-0.120284783 -0.288849072 0)
(-0.115237024 -0.327084782 0)
(-0.0922711135 -0.331566551 0)
(-0.0521876276 -0.27511969 0)
(-0.0142847858 -0.127260099 0)
(-0.00803185592 0.0899680209 0)
(-0.0343052826 0.207876701 0)
(-0.0703686607 0.267741361 0)
(-0.10095932 0.283509151 0)
(-0.121509114 0.269753785 0)
(-0.133061969 0.237807852 0)
(-0.13813584 0.195384129 0)
(-0.139450245 0.147216495 0)
(-0.139365669 0.0958906844 0)
(-0.139599237 0.0425957599 0)
(-0.141114118 -0.0122625663 0)
(-0.144054667 -0.0685401648 0)
(-0.14765721 -0.125824593 0)
(-0.150140603 -0.182787205 0)
(-0.148667743 -0.236314556 0)
(-0.13956553 -0.280390168 0)
(-0.119015755 -0.304900546 0)
(-0.0848747402 -0.294957285 0)
(-0.0422046453 -0.232154476 0)
(-0.0100065907 -0.100709815 0)
(-0.00589819026 0.0731569052 0)
(-0.0280514395 0.175459931 0)
(-0.0624620768 0.233454973 0)
(-0.0961931119 0.254650695 0)
(-0.123784293 0.248662378 0)
(-0.144336452 0.223978325 0)
(-0.158622042 0.187072462 0)
(-0.168069548 0.14243411 0)
(-0.174171011 0.0929433416 0)
(-0.178091654 0.0403533026 0)
(-0.180456265 -0.0142245233 0)
(-0.181230011 -0.0698446764 0)
(-0.179647305 -0.125225753 0)
(-0.174205197 -0.17817756 0)
(-0.162809071 -0.224940953 0)
(-0.14321256 -0.259512836 0)
(-0.11384164 -0.273201303 0)
(-0.0753166183 -0.254896363 0)
(-0.034318897 -0.192925777 0)
(-0.00728498478 -0.0799917705 0)
(-0.00459312329 0.0595160149 0)
(-0.0235441697 0.14654262 0)
(-0.0553429908 0.199662159 0)
(-0.0893196725 0.222701638 0)
(-0.120051819 0.221819418 0)
(-0.145609095 0.203131832 0)
(-0.165570655 0.171796552 0)
(-0.180317102 0.131775632 0)
(-0.190531075 0.0859405124 0)
(-0.196813735 0.03635101 2.97711496e-34)
(-0.199448903 -0.015391544 -2.97711496e-34)
(-0.198275635 -0.0677566425 0)
(-0.192646156 -0.118867797 0)
(-0.181489352 -0.166059306 0)
(-0.163546088 -0.205440869 0)
(-0.13785873 -0.231577791 0)
(-0.104503397 -0.237504907 0)
(-0.0656637274 -0.215386226 0)
(-0.0281737978 -0.158249843 0)
(-0.00551068984 -0.0634668199 0)
(-0.00373314403 0.0480883402 0)
(-0.020121235 0.120839399 0)
(-0.0490153884 0.167676444 0)
(-0.0816389783 0.190287502 0)
(-0.112989448 0.192487652 0)
(-0.140680562 0.178557133 4.67988046e-33)
(-0.163557395 0.15246545 0)
(-0.181246284 0.117554998 0)
(-0.193784175 0.0765047447 -4.74063832e-33)
(-0.201296971 0.0314709968 2.26591693e-36)
(-0.203789197 -0.0156743946 4.98648536e-36)
(-0.20103537 -0.0630555956 0)
(-0.192565933 -0.108481583 0)
(-0.177765515 -0.149141427 0)
(-0.156124907 -0.181360926 0)
(-0.127679782 -0.200524261 0)
(-0.0935645711 -0.201318536 0)
(-0.0566770456 -0.178463972 0)
(-0.0233146666 -0.128090141 0)
(-0.00429570479 -0.050043534 0)
(-0.00311504126 0.038330634 0)
(-0.0173631174 0.0980508517 0)
(-0.0433176203 0.138129967 0)
(-0.073718075 0.158979202 0)
(-0.104104451 0.162838226 0)
(-0.131970534 0.152618181 -4.67988046e-33)
(-0.155761616 0.131295703 0)
(-0.174612863 0.101603276 0)
(-0.188100219 0.0659289939 4.74063833e-33)
(-0.195997419 0.0263693636 1.49106853e-33)
(-0.198111612 -0.0151233175 -1.49832093e-33)
(-0.194204012 -0.0565442441 0)
(-0.183996561 -0.0956260392 0)
(-0.167277174 -0.129654844 0)
(-0.144124394 -0.155368915 0)
(-0.115252464 -0.169022497 0)
(-0.0823814085 -0.166713889 0)
(-0.0485941044 -0.145040225 0)
(-0.0193975967 -0.102103348 0)
(-0.00342090965 -0.0390050014 0)
(-0.0026339357 0.029926266 0)
(-0.0150226242 0.0779301295 0)
(-0.0380974224 0.111311111 0)
(-0.0658175681 0.129695795 0)
(-0.0942794737 0.13426388 0)
(-0.121044027 0.126925345 0)
(-0.144383609 0.10986057 0)
(-0.163148985 0.0852480453 0)
(-0.176619509 0.0551416373 0)
(-0.184335475 0.021470316 2.99742671e-34)
(-0.185982937 -0.0138813629 -2.99742671e-34)
(-0.181343675 -0.0489515401 0)
(-0.170313964 -0.0815745568 0)
(-0.152999253 -0.109289271 0)
(-0.129891606 -0.129330738 0)
(-0.102114501 -0.138764246 0)
(-0.0716393809 -0.134816139 0)
(-0.0414365954 -0.115407288 0)
(-0.0161843498 -0.0798582222 0)
(-0.00276403353 -0.0298606593 0)
(-0.00223473573 0.0226800255 0)
(-0.0129541261 0.0602838587 0)
(-0.033238149 0.0873308372 0)
(-0.0580555292 0.102954501 0)
(-0.0840353811 0.107621823 0)
(-0.108906084 0.102520711 0)
(-0.13091408 0.0892086516 0)
(-0.148775833 0.0693818664 0)
(-0.161603551 0.0447501631 0)
(-0.16880129 0.0170067328 3.00137259e-34)
(-0.169993546 -0.0121372135 -3.00137259e-34)
(-0.164999672 -0.0408861793 0)
(-0.153857535 -0.0672953762 0)
(-0.136899081 -0.0892417075 0)
(-0.114876637 -0.104468704 0)
(-0.0891189086 -0.11074442 0)
(-0.0616328443 -0.106158117 0)
(-0.0351269752 -0.0895353366 0)
(-0.0135037429 -0.060926442 0)
(-0.00225327258 -0.022257827 0)
(-0.00188545563 0.0164662563 0)
(-0.0110624837 0.0449645399 0)
(-0.0286411428 0.0662105068 0)
(-0.0504611295 0.0790278195 0)
(-0.0736531645 0.0834123318 0)
(-0.0961641796 0.0800414907 0)
(-0.116305917 0.069995361 0)
(-0.13276334 0.0545610894 0)
(-0.144575602 0.0351143625 0)
(-0.151082436 0.0130747333 0)
(-0.151887893 -0.0100881547 0)
(-0.146853003 -0.0328250777 0)
(-0.136119504 -0.0534823536 0)
(-0.120164255 -0.0703098553 0)
(-0.09987934 -0.081529951 0)
(-0.0766571215 -0.085492139 0)
(-0.0524122115 -0.0809235401 0)
(-0.0295300339 -0.0672469513 0)
(-0.0112185728 -0.0449266639 0)
(-0.00184129738 -0.0159381046 0)
(-0.00156251781 0.0112077487 0)
(-0.00926988005 0.0318705369 0)
(-0.02420252 0.0479368762 0)
(-0.0429884457 0.0580490722 0)
(-0.0632319157 0.0619115012 0)
(-0.0831208709 0.059855919 0)
(-0.101086248 0.052605556 0)
(-0.115849131 0.0411071752 0)
(-0.126440927 0.0264236349 0)
(-0.13218724 0.00968560754 0)
(-0.132697634 -0.00791671574 0)
(-0.127870718 -0.0251250502 0)
(-0.117915457 -0.0406102726 0)
(-0.103386532 -0.0529974515 0)
(-0.0852272525 -0.0609386994 0)
(-0.0648019888 -0.0632496908 0)
(-0.0438652637 -0.0591133867 0)
(-0.0244675014 -0.0483249907 0)
(-0.00920309289 -0.0315520067 0)
(-0.00149088362 -0.0107193776 0)
(-0.00124269199 0.00687236671 0)
(-0.00749726424 0.0209539389 0)
(-0.0197996768 0.0325014314 0)
(-0.0355241956 0.0400873011 0)
(-0.0527239648 0.0432717636 0)
(-0.0698331066 0.0421741835 0)
(-0.0854326591 0.0372606191 0)
(-0.0983251705 0.0291991498 0)
(-0.107580785 0.0187673617 0)
(-0.112546722 0.0068086457 0)
(-0.112854336 -0.00578011079 0)
(-0.108431631 -0.0180487579 0)
(-0.0995214495 -0.0289997731 0)
(-0.0867021667 -0.0376160633 0)
(-0.0709039769 -0.042924673 0)
(-0.0534054932 -0.0441071874 0)
(-0.0357703089 -0.0406592888 0)
(-0.0197281048 -0.0325810801 0)
(-0.00733072855 -0.0205903316 0)
(-0.00116697595 -0.00649226802 0)
(-0.000899882976 0.00347704212 0)
(-0.00566093222 0.0122244285 0)
(-0.0152978472 0.0199179416 0)
(-0.0279091941 0.0251886552 0)
(-0.0419708368 0.027585931 0)
(-0.0561592822 0.0271262707 0)
(-0.0692274829 0.0240986731 0)
(-0.0800968187 0.0189454324 0)
(-0.0879159918 0.0121895941 0)
(-0.0920844188 0.00440206687 0)
(-0.0922681506 -0.00380767619 0)
(-0.0884155142 -0.0117927655 0)
(-0.0807724923 -0.0188748766 0)
(-0.069894205 -0.0243659734 0)
(-0.0566454534 -0.0276151917 0)
(-0.0421770498 -0.0280887038 0)
(-0.027846899 -0.0254864175 0)
(-0.0150887333 -0.019886611 0)
(-0.00547449485 -0.0119313567 0)
(-0.000833547437 -0.0032219748 0)
(-0.000507508189 0.00108920756 0)
(-0.00368889271 0.00574013977 0)
(-0.0105872257 0.010222381 0)
(-0.0199879393 0.0134022151 0)
(-0.0307552954 0.0149400969 0)
(-0.0418076563 0.0148327199 0)
(-0.0521004762 0.0132501843 0)
(-0.0607205949 0.0104516793 0)
(-0.0669425839 0.0067388163 0)
(-0.0702538287 0.00243728396 0)
(-0.0703711868 -0.00210635056 0)
(-0.0672558402 -0.0065233867 0)
(-0.0611263919 -0.0104252538 0)
(-0.052466498 -0.0134154705 0)
(-0.0420201073 -0.015116712 0)
(-0.0307626614 -0.0152183505 0)
(-0.019824328 -0.0135494046 0)
(-0.0103615211 -0.0101761655 0)
(-0.00352670168 -0.00555507432 0)
(-0.0004564705 -0.000945966222 0)
(-6.44912905e-05 -0.00017624092 0)
(-0.00159898919 0.00163661698 0)
(-0.00569518866 0.00359860142 0)
(-0.0117199319 0.00501067894 0)
(-0.0188880498 0.00571684688 0)
(-0.0263913884 0.00573382962 0)
(-0.033454988 0.0051477224 0)
(-0.0394085022 0.00407326824 0)
(-0.0437225495 0.00263489157 0)
(-0.046023885 0.000961861749 0)
(-0.0461058235 -0.000810104364 0)
(-0.0439388709 -0.00253598891 0)
(-0.0396813832 -0.00406056203 0)
(-0.0336869565 -0.00522175566 0)
(-0.0265027369 -0.00586030533 0)
(-0.0188496255 -0.00583829636 0)
(-0.0115675424 -0.00507039408 0)
(-0.00551559561 -0.00357095334 0)
(-0.00148203466 -0.0015525866 0)
(-3.10932466e-05 0.000233977742 0)
(0.000261395678 -0.000255577716 0)
(0.000151440066 0.000102073097 0)
(-0.00117495372 0.000547415245 0)
(-0.00348063294 0.000863515933 0)
(-0.00637558388 0.00102207798 0)
(-0.00946687257 0.00103797728 0)
(-0.0124000352 0.00093621862 0)
(-0.0148817768 0.000743061997 0)
(-0.0166861011 0.000483180343 0)
(-0.0176547268 0.000180087959 1.08300156e-33)
(-0.0176985211 -0.000142308385 -1.08300156e-33)
(-0.0168014858 -0.000458218475 0)
(-0.0150266284 -0.000739019087 0)
(-0.0125219003 -0.000953244524 0)
(-0.00952354913 -0.00106773217 0)
(-0.00635302412 -0.0010505258 0)
(-0.00340014965 -0.00087678792 0)
(-0.00108361501 -0.000539615959 0)
(0.000206111155 -8.25143258e-05 0)
(0.000274563835 0.000266745628 0)
)
;

boundaryField
{
    walls
    {
        type            fixedValue;
        value           uniform (0 0 0);
    }
    mov_wall
    {
        type            fixedValue;
        value           uniform (1 0 0);
    }
    empty
    {
        type            empty;
    }
}


// ************************************************************************* //
