/*--------------------------------*- C++ -*----------------------------------*\
| =========                 |                                                 |
| \\      /  F ield         | OpenFOAM: The Open Source CFD Toolbox           |
|  \\    /   O peration     | Version:  5.x                                   |
|   \\  /    A nd           | Web:      www.OpenFOAM.org                      |
|    \\/     M anipulation  |                                                 |
\*---------------------------------------------------------------------------*/
FoamFile
{
    version     2.0;
    format      ascii;
    class       volScalarField;
    location    "7.1";
    object      p;
}
// * * * * * * * * * * * * * * * * * * * * * * * * * * * * * * * * * * * * * //

dimensions      [0 2 -2 0 0 0 0];

internalField   nonuniform List<scalar> 
400
(
9.40669792e-07
2.45246013
3.49432378
3.89887993
4.10664788
4.22470735
4.29429201
4.34027888
4.37633938
4.41011149
4.44676042
4.4909153
4.54765497
4.62449006
4.73479826
4.90459672
5.18238036
5.68420175
6.84131634
9.41172537
1.88670583
2.86728995
3.41988416
3.74774446
3.96518143
4.10974788
4.2076749
4.27899286
4.33674543
4.38961377
4.44424595
4.50657245
4.58333403
4.68329833
4.81972686
5.01367963
5.29402285
5.69846958
6.3384161
7.42837183
2.98207833
3.26253073
3.54233163
3.77068013
3.94570627
4.07571636
4.17322622
4.25000386
4.31527618
4.37623652
4.43892568
4.50902216
4.59257564
4.69678326
4.8308507
5.00663876
5.23632226
5.5239398
5.86049128
6.19823807
3.52778474
3.58534332
3.72178594
3.86537729
3.98906465
4.09083293
4.17461081
4.24571454
4.30952744
4.37102371
4.43477517
4.50520494
4.58678899
4.68425509
4.80245172
4.94569327
5.11574999
5.3051485
5.47833748
5.55963945
3.84421765
3.82688102
3.88518036
3.96938346
4.05222028
4.12779154
4.19566916
4.25747831
4.31592338
4.37409276
4.4350656
4.50185813
4.57733166
4.66400653
4.76350451
4.87551157
4.99635963
5.11480242
5.19584646
5.18371631
4.0455016
4.00365931
4.02142658
4.0678503
4.12138282
4.17574141
4.22885532
4.28053823
4.3318606
4.38449212
4.44027144
4.50096859
4.56804931
4.64232684
4.72332677
4.80836683
4.89180728
4.9626785
4.99308114
4.94680843
4.18058614
4.13383132
4.13183927
4.15536899
4.18883388
4.22706704
4.26772741
4.30987225
4.35363778
4.39973169
4.44903871
4.50233732
4.56001942
4.62172225
4.6857858
4.74862637
4.8045602
4.8446662
4.84862511
4.79368048
4.27565888
4.23084285
4.21966046
4.22967471
4.24984609
4.27635497
4.30712264
4.3409831
4.3775789
4.41699937
4.45945174
4.50499661
4.55328569
4.60324966
4.6527054
4.69801158
4.73425896
4.75484716
4.74556091
4.69204261
4.34467436
4.30373126
4.28862926
4.29082785
4.30237652
4.32057186
4.3437302
4.37070204
4.40089333
4.43401581
4.46982853
4.50791796
4.54748379
4.58710939
4.62451375
4.65641356
4.67889384
4.68733341
4.67187957
4.6232169
4.39525939
4.35850455
4.34215732
4.33995835
4.34598932
4.35836139
4.37576104
4.39714506
4.42182543
4.44929885
4.47905093
4.51038701
4.54227431
4.57319267
4.60100052
4.62292637
4.63599588
4.63709247
4.61932488
4.57637785
4.43196366
4.39925762
4.38305436
4.37851053
4.38106587
4.38939611
4.40248734
4.41942432
4.43950196
4.4621088
4.48658236
4.51208686
4.53750792
4.5613688
4.58177616
4.59648131
4.60329458
4.60017361
4.5822058
4.5448939
4.45777656
4.4288957
4.41358022
4.40794473
4.4083795
4.41394726
4.42386412
4.43733836
4.45368795
4.47226096
4.49233087
4.51301381
4.53320654
4.55155135
4.56643295
4.5760704
4.57888564
4.57357464
4.55655521
4.52447794
4.47482755
4.44957341
4.43556126
4.42962039
4.42885286
4.43259362
4.4402355
4.45109844
4.46454277
4.47991555
4.49647721
4.51335034
4.52949114
4.54368854
4.55459181
4.5608107
4.56122717
4.55503592
4.53957324
4.51225938
4.48473048
4.46295937
4.45049309
4.44475136
4.44341651
4.44602872
4.4521225
4.46111748
4.47242281
4.48540315
4.49933065
4.5133589
4.52651979
4.53774629
4.54591808
4.54995913
4.54909354
4.54285697
4.52925536
4.50627189
4.48877401
4.47040272
4.45962079
4.45439351
4.45292726
4.45493674
4.46007867
4.46786194
4.47774185
4.48910283
4.50123246
4.51331656
4.52445594
4.53370618
4.54013472
4.54291296
4.54152306
4.53574855
4.52413451
4.5051357
4.48806131
4.47305699
4.46400944
4.45945534
4.45813123
4.45992408
4.46460525
4.47176284
4.48088719
4.49137064
4.50250251
4.51348322
4.52345811
4.53157097
4.53703059
4.5391996
4.53776241
4.53270781
4.52308357
4.50782121
4.48366846
4.47201041
4.4646409
4.46076286
4.45970208
4.46153721
4.46615353
4.47320604
4.48220083
4.49251427
4.50340979
4.51407017
4.52364737
4.53132902
4.53641575
4.5384126
4.53717046
4.53287834
4.5251265
4.51341622
4.47685567
4.46838789
4.46242947
4.45901592
4.45816244
4.46017034
4.46503524
4.47245754
4.48192799
4.49277047
4.50418147
4.5152805
4.52517469
4.53303904
4.53820809
4.54027833
4.53923912
4.53549859
4.5292878
4.52085629
4.46928629
4.46319465
4.45767453
4.45396826
4.4529223
4.45508958
4.46054329
4.46896863
4.47977123
4.49214915
4.5051543
4.51775863
4.52893138
4.53773451
4.54343464
4.54563107
4.54440451
4.54041628
4.53469922
4.52866618
4.46344921
4.4575234
4.45037082
4.44492727
4.44290368
4.44509576
4.45156781
4.46187314
4.47521503
4.49055129
4.50667249
4.52227622
4.53605366
4.54679968
4.5535523
4.5557656
4.55352044
4.54774959
4.54035171
4.53446232
)
;

boundaryField
{
    walls
    {
        type            zeroGradient;
    }
    mov_wall
    {
        type            zeroGradient;
    }
    empty
    {
        type            empty;
    }
}


// ************************************************************************* //
