/*--------------------------------*- C++ -*----------------------------------*\
| =========                 |                                                 |
| \\      /  F ield         | OpenFOAM: The Open Source CFD Toolbox           |
|  \\    /   O peration     | Version:  5.x                                   |
|   \\  /    A nd           | Web:      www.OpenFOAM.org                      |
|    \\/     M anipulation  |                                                 |
\*---------------------------------------------------------------------------*/
FoamFile
{
    version     2.0;
    format      ascii;
    class       surfaceScalarField;
    location    "7.1";
    object      phi;
}
// * * * * * * * * * * * * * * * * * * * * * * * * * * * * * * * * * * * * * //

dimensions      [0 3 -1 0 0 0 0];

internalField   nonuniform List<scalar> 
760
(
0.00134817671
-0.00134817716
0.00245763982
-0.00110946311
0.00313513471
-0.00067749489
0.00355971574
-0.000424581031
0.00383225132
-0.000272535588
0.00400945217
-0.000177200841
0.00412521451
-0.000115762344
0.00419921709
-7.40025677e-05
0.00424243236
-4.32152783e-05
0.00426055359
-1.81212306e-05
0.00425562236
4.93123353e-06
0.00422675778
2.88645776e-05
0.0041693894
5.73683847e-05
0.00407358505
9.58043535e-05
0.00391995094
0.000153634104
0.0036720193
0.000247931641
0.00326316023
0.000408859071
0.00257264076
0.00069051947
0.00140850173
0.00116413904
0.00140850173
-5.46952264e-05
-0.00129348193
0.000412592693
-0.00157675103
0.00103002985
-0.00129493204
0.00157871391
-0.000973265085
0.00201483273
-0.000708654405
0.00234477728
-0.000507145397
0.00258511633
-0.000356101392
0.00275126942
-0.00024015566
0.0028545678
-0.000146513656
0.00290179533
-6.53487525e-05
0.00289536661
1.13599558e-05
0.00283293036
9.13008151e-05
0.00270712574
0.000183173011
0.00250436375
0.000298566353
0.00220410989
0.000453887968
0.00178090173
0.000671139801
0.00121756799
0.0009721928
0.000552812558
0.0013552749
1.30664754e-05
0.00170388512
0.00142156821
-0.000271734636
-0.00102174729
-0.000221026571
-0.00162745909
7.13678261e-05
-0.00158732644
0.000446285674
-0.00134818293
0.000812489705
-0.00107485843
0.00112929928
-0.000823954976
0.00138207832
-0.000608880433
0.00156800788
-0.00042608522
0.00168837697
-0.000266882735
0.00174468454
-0.000121656324
0.00173678976
1.92547355e-05
0.00166213442
0.000165956158
0.00151571288
0.000329594547
0.00129125424
0.000523024999
0.000985011692
0.000760130518
0.000605009655
0.00105114184
0.000189850711
0.00138735174
-0.000160045079
0.00170517069
-0.000261640634
0.00180548067
0.00115992758
-0.000227941575
-0.000793805715
-0.00036119731
-0.00149420336
-0.000308328212
-0.00164019554
-0.000134821198
-0.00152168994
8.92093961e-05
-0.00129888902
0.000314971881
-0.00104971746
0.000513263009
-0.000807171561
0.000668300019
-0.000581122233
0.000771990325
-0.00037057304
0.000820036119
-0.000169702113
0.000809727658
2.95632011e-05
0.000739201028
0.000236482788
0.000607935666
0.000460859905
0.000419110868
0.000711849796
0.000184524325
0.000994717066
-6.71911745e-05
0.00130285735
-0.000280617542
0.00160077811
-0.000369418479
0.00179397162
-0.000246993635
0.00168305583
0.000912933953
-0.000168965215
-0.000624840496
-0.000352016184
-0.00131115239
-0.000431557685
-0.00156065404
-0.000408908982
-0.00154433864
-0.000319435177
-0.00138836283
-0.000200095176
-0.00116905746
-7.98100757e-05
-0.000927456659
2.15782521e-05
-0.000682510564
9.14286922e-05
-0.000440423483
0.000122135383
-0.000200408801
0.000109757199
4.19413915e-05
5.36457204e-05
0.00029259427
-4.27490068e-05
0.00055725463
-0.000169694039
0.000838794824
-0.000307652438
0.00113267546
-0.000423468629
0.00141867355
-0.00047002487
0.00164733436
-0.000397824822
0.00172177158
-0.00019643103
0.00148166203
0.000716502922
-0.000124192138
-0.000500648356
-0.000308335639
-0.00112700889
-0.000450494105
-0.00141849557
-0.000523204024
-0.00147162873
-0.000535391064
-0.00137617579
-0.000508160819
-0.00119628769
-0.000463156882
-0.000972460591
-0.000418060934
-0.000727606512
-0.000385619014
-0.000472865408
-0.000373912074
-0.000212115743
-0.00038672793
5.47572525e-05
-0.000423459495
0.000329325844
-0.000478356367
0.000612151505
-0.000539178272
0.000899616724
-0.000585818884
0.00117931607
-0.000590512339
0.001423367
-0.00052308513
0.00157990716
-0.00036669908
0.00156538553
-0.000150585984
0.00126554893
0.000565916934
-9.45729366e-05
-0.000406075421
-0.000264649743
-0.000956932073
-0.000430738387
-0.00125240693
-0.000556976947
-0.00134539017
-0.000636793224
-0.00129635951
-0.000678141767
-0.00115493915
-0.000693943921
-0.00095665843
-0.000696929232
-0.000724621195
-0.000697274053
-0.000472520589
-0.000701661761
-0.000207728042
-0.000712860717
6.59562082e-05
-0.000729336361
0.000345801495
-0.0007447538
0.000627568952
-0.000747580296
0.000902443221
-0.000721469901
0.00115320567
-0.000647843394
0.00134974049
-0.000512876923
0.00144494069
-0.000321206276
0.00137371489
-0.000116485698
0.00106082836
0.000449431233
-7.53437402e-05
-0.000330731685
-0.000228206815
-0.000804068991
-0.000398353658
-0.00108226008
-0.000550539524
-0.0011932043
-0.000670626456
-0.00117627258
-0.000757578348
-0.00106798726
-0.000816784813
-0.000897451961
-0.000855587439
-0.000685818561
-0.00088062429
-0.000447483733
-0.000896360322
-0.000191992015
-0.000904270091
7.38659699e-05
-0.000902360315
0.00034389172
-0.000884972204
0.00061018085
-0.000843104154
0.000860575179
-0.000765820187
0.0010759217
-0.00064366474
0.00122758504
-0.000475103944
0.00127637989
-0.000276309846
0.0011749208
-9.2132858e-05
0.00087665138
0.000357298375
-6.22883105e-05
-0.000268443379
-0.000198541323
-0.000667815977
-0.000362893651
-0.000917907745
-0.00052385072
-0.00103224723
-0.000664415224
-0.00103570808
-0.000778128924
-0.000954273568
-0.000864812179
-0.000810768708
-0.000927165474
-0.000623465259
-0.000968399677
-0.00040624952
-0.000990721206
-0.000169670483
-0.000994436368
7.75811249e-05
-0.000977525745
0.000326981089
-0.000935695006
0.000568350114
-0.000863101235
0.000787981418
-0.000754123152
0.000966943628
-0.000606626306
0.00108008819
-0.000426950411
0.00109670399
-0.000236038292
0.000984008677
-7.43490216e-05
0.000714962113
0.000282949358
-5.27689695e-05
-0.00021567441
-0.000173812793
-0.000546772157
-0.000327557406
-0.000764163129
-0.000486865978
-0.000872938648
-0.000634380182
-0.000888193871
-0.000760757854
-0.000827895899
-0.000862116666
-0.000709409904
-0.000937654766
-0.000547927161
-0.000987783226
-0.00035612105
-0.00101282395
-0.000144629745
-0.00101222276
7.69799279e-05
-0.000984240701
0.000298999026
-0.000926163072
0.000510272478
-0.000835158818
0.000696977167
-0.000709976086
0.000841760907
-0.000553597324
0.000923709434
-0.000376676979
0.000919783644
-0.000200960051
0.000808291744
-6.08626299e-05
0.000574864689
0.000222086733
-4.52979233e-05
-0.00017037648
-0.000152453976
-0.000439616111
-0.000293299619
-0.000623317488
-0.000444763107
-0.000721475155
-0.000590345839
-0.000742611129
-0.000719473349
-0.000698768384
-0.000826046345
-0.000602836914
-0.000906878217
-0.000467095298
-0.000960347584
-0.000302651683
-0.00098540315
-0.000119574168
-0.00098096315
7.25399393e-05
-0.000945732107
0.000263767982
-0.000878480035
0.000443020397
-0.000778855067
0.000597352194
-0.000648784056
0.0007116899
-0.000494403546
0.000769328933
-0.00032820415
0.000753584254
-0.000170678367
0.00065076596
-5.028066e-05
0.000454466978
0.000171806074
-3.90621752e-05
-0.000131314296
-0.000133403797
-0.000345274493
-0.000260349973
-0.000496371319
-0.000400388976
-0.000581436154
-0.000538431197
-0.000604568902
-0.000663692777
-0.000573506793
-0.000768938041
-0.000497591647
-0.00084952308
-0.000386510266
-0.000902500943
-0.000249673829
-0.000925934103
-9.61410055e-05
-0.000918488874
6.50947218e-05
-0.000879356187
0.000224635304
-0.000808535331
0.000372199539
-0.000707505275
0.000496322129
-0.000580261699
0.000584446319
-0.00043458834
0.000623655579
-0.00028324829
0.000602244211
-0.000144573361
0.000512091036
-4.17551854e-05
0.000351648801
0.000130050886
-3.36094066e-05
-9.77048837e-05
-0.000115973498
-0.000262910397
-0.000228685885
-0.000383658936
-0.000355331148
-0.000454790898
-0.000482448497
-0.000477451554
-0.000599656647
-0.000456298634
-0.000699324724
-0.000397923559
-0.000776050472
-0.000309784516
-0.000826127629
-0.000199596681
-0.000847124144
-7.5144499e-05
-0.000837646093
5.5616674e-05
-0.0007973322
0.000184321423
-0.000727102521
0.000301969868
-0.000629656428
0.000398876036
-0.000510163476
0.00046495336
-0.000377005147
0.000490497246
-0.000242314867
0.000467553935
-0.000121978232
0.000391754407
-3.47332134e-05
0.000264403787
9.53176701e-05
-2.86574969e-05
-6.90473889e-05
-9.96602234e-05
-0.000191907659
-0.000198117
-0.000285202155
-0.00031035756
-0.000342550344
-0.000424616071
-0.000363193052
-0.000531265896
-0.000349648809
-0.00062276545
-0.000306423995
-0.000693446621
-0.000239103333
-0.000739258804
-0.000153784497
-0.000757558036
-5.68452765e-05
-0.000747003457
4.50620879e-05
-0.000707597941
0.000144915911
-0.000640884394
0.000235256332
-0.000550277057
0.000308268705
-0.000441462345
0.000356138647
-0.00032274586
0.000371780756
-0.000205166589
0.000349974661
-0.000102185443
0.000288773264
-2.88024157e-05
0.000191020765
6.65152548e-05
-2.39812185e-05
-4.50661795e-05
-8.39974373e-05
-0.00013189143
-0.000168257091
-0.000200942492
-0.000265595483
-0.000245211949
-0.000365935592
-0.00026285295
-0.000460594502
-0.000254989906
-0.000542423538
-0.000224594958
-0.000605821313
-0.000175705547
-0.000646681719
-0.000112924081
-0.000662339375
-4.11876205e-05
-0.000651561333
3.4284037e-05
-0.000614612949
0.000107967521
-0.000553400639
0.000174044025
-0.000471663891
0.000226531966
-0.000375153997
0.00025962876
-0.00027170195
0.000268328709
-0.000171058859
0.000249331567
-8.44170719e-05
0.000202131475
-2.35998667e-05
0.000130203562
4.29153908e-05
-1.9349231e-05
-2.57169569e-05
-6.84700399e-05
-8.2770619e-05
-0.000138506752
-0.000130905771
-0.000220638068
-0.000163080623
-0.000306428404
-0.000177062612
-0.000388228756
-0.000173189562
-0.00045947418
-0.000153349541
-0.000514859811
-0.000120319915
-0.000550429786
-7.73540962e-05
-0.000563627553
-2.79898444e-05
-0.000553348419
2.4004903e-05
-0.000520016433
7.46355283e-05
-0.00046568262
0.000119710207
-0.000394114916
0.000154964265
-0.000310822982
0.000176336833
-0.000222941259
0.000180446991
-0.00013889462
0.000165284928
-6.78135191e-05
0.000131050372
-1.87621157e-05
8.11521579e-05
2.41532776e-05
-1.45055281e-05
-1.12114287e-05
-5.25211147e-05
-4.47550405e-05
-0.000108122817
-7.53040675e-05
-0.000174687792
-9.65156399e-05
-0.000245343232
-0.000106407162
-0.00031352081
-0.000105011983
-0.000373387901
-9.3482457e-05
-0.000420129431
-7.35783913e-05
-0.000450116077
-4.7367449e-05
-0.000461009079
-1.70968337e-05
-0.000451841626
1.48374575e-05
-0.000423096901
4.58908041e-05
-0.000376775972
7.33892722e-05
-0.000316426457
9.46147468e-05
-0.000247079552
0.00010698993
-0.000175030351
0.000108397795
-0.000107403058
9.76576381e-05
-5.14858451e-05
7.513316e-05
-1.39146234e-05
4.3580935e-05
1.02386549e-05
-9.20279197e-06
-2.00862742e-06
-3.56847417e-05
-1.82731017e-05
-7.6435534e-05
-3.45532809e-05
-0.000126811028
-4.61401448e-05
-0.000181408066
-5.18101147e-05
-0.00023481714
-5.16029003e-05
-0.000282132222
-4.61673735e-05
-0.000319263541
-3.64470783e-05
-0.000343116517
-2.35144785e-05
-0.000351700047
-8.51330166e-06
-0.000344207014
7.34443172e-06
-0.000321084425
2.27682206e-05
-0.000284086156
3.63910044e-05
-0.000236279536
4.68081234e-05
-0.000181958578
5.26689705e-05
-0.000126403748
5.28429665e-05
-7.54285398e-05
4.66824334e-05
-3.46816261e-05
3.4386249e-05
-8.71390823e-06
1.76132179e-05
1.52474641e-06
-3.43751493e-06
1.42890043e-06
-1.8043874e-05
-3.6667521e-06
-4.34060398e-05
-9.19112376e-06
-7.64336733e-05
-1.31125178e-05
-0.000113187161
-1.50566256e-05
-0.000149665114
-1.51249395e-05
-0.000182251541
-1.3580939e-05
-0.000207952843
-1.07457757e-05
-0.000224514094
-6.95323168e-06
-0.000230484763
-2.54263674e-06
-0.000225272647
2.13231805e-06
-0.00020919708
6.69265961e-06
-0.000183535354
1.0729283e-05
-0.000150536808
1.38095784e-05
-0.000113368294
1.5500454e-05
-7.59397612e-05
1.54144324e-05
-4.25472227e-05
1.32898963e-05
-1.72767365e-05
9.11576573e-06
-3.10385661e-06
3.44034046e-06
-1.57911015e-06
1.42890609e-06
-2.23783628e-06
-1.14289544e-05
-2.45414735e-05
-3.95981049e-05
-5.4723048e-05
-6.83039843e-05
-7.90497538e-05
-8.60029817e-05
-8.85456199e-05
-8.64133059e-05
-7.97206481e-05
-6.89913631e-05
-5.51817811e-05
-3.96813248e-05
-2.42668923e-05
-1.09769968e-05
-1.8612312e-06
1.57911015e-06
)
;

boundaryField
{
    walls
    {
        type            calculated;
        value           uniform 0;
    }
    mov_wall
    {
        type            calculated;
        value           uniform 0;
    }
    empty
    {
        type            empty;
        value           nonuniform 0();
    }
}


// ************************************************************************* //
