/*--------------------------------*- C++ -*----------------------------------*\
| =========                 |                                                 |
| \\      /  F ield         | OpenFOAM: The Open Source CFD Toolbox           |
|  \\    /   O peration     | Version:  5.x                                   |
|   \\  /    A nd           | Web:      www.OpenFOAM.org                      |
|    \\/     M anipulation  |                                                 |
\*---------------------------------------------------------------------------*/
FoamFile
{
    version     2.0;
    format      ascii;
    class       volVectorField;
    location    "7.1";
    object      U;
}
// * * * * * * * * * * * * * * * * * * * * * * * * * * * * * * * * * * * * * //

dimensions      [0 1 -1 0 0 0 0];

internalField   nonuniform List<vector> 
400
(
(0.29169841 0.149643832 0)
(0.388187148 0.128007701 0)
(0.557616061 0.0757318294 0)
(0.674785698 0.0433044398 0)
(0.743766593 0.0251591057 0)
(0.78707502 0.0148802975 0)
(0.815462957 0.00893092144 0)
(0.83393956 0.00530992796 0)
(0.845365462 0.00289956158 0)
(0.851349264 0.00108485316 2.66526794e-34)
(0.852640748 -0.000502852881 -2.66526794e-34)
(0.849354291 -0.0021607206 0)
(0.84097337 -0.004217106 0)
(0.826113774 -0.0072209859 0)
(0.802020426 -0.0122365008 0)
(0.763538945 -0.02138921 0)
(0.69948889 -0.0388386155 0)
(0.584557335 -0.0722732752 0)
(0.407900534 -0.128436308 0)
(0.300688068 -0.152947536 0)
(0.00120417438 0.287432421 0)
(0.0133209463 0.293872133 0)
(0.140044433 0.209904859 0)
(0.264971581 0.142986166 0)
(0.364177736 0.0968019869 0)
(0.440120061 0.065441123 0)
(0.496541036 0.0439762521 0)
(0.536691065 0.0287011564 0)
(0.563274464 0.0170798542 0)
(0.578137342 0.00742308699 0)
(0.582210286 -0.00150101203 0)
(0.575515251 -0.010797755 0)
(0.557109247 -0.0217346529 0)
(0.524912994 -0.0361396921 0)
(0.475518408 -0.0569634969 0)
(0.404326004 -0.0889771516 0)
(0.305687293 -0.139150756 0)
(0.174497789 -0.215275203 0)
(0.0341065832 -0.310801156 0)
(0.0108691558 -0.305909063 0)
(-0.0321467663 0.241773929 0)
(-0.0634303727 0.333547166 0)
(-0.0219362109 0.299502495 0)
(0.0505996201 0.240051669 0)
(0.127397378 0.18302081 0)
(0.196818606 0.135454526 0)
(0.2541671 0.0974523437 0)
(0.298088297 0.0668891711 0)
(0.328665673 0.0413758238 0)
(0.346307824 0.0187814606 -2.35797012e-33)
(0.351211313 -0.0028094914 2.35797012e-33)
(0.343126748 -0.0252950462 0)
(0.321277578 -0.0508299475 0)
(0.284432898 -0.0820948313 0)
(0.231328817 -0.122479775 0)
(0.161916762 -0.17565804 0)
(0.07983502 -0.243208457 0)
(-0.00333734274 -0.317981961 0)
(-0.0578531348 -0.366363502 0)
(-0.031389321 -0.270690675 0)
(-0.0261204164 0.182361577 0)
(-0.0666192813 0.316884138 0)
(-0.0735377877 0.330901744 0)
(-0.0481307252 0.295352913 0)
(-0.00567217951 0.244253509 0)
(0.0411124729 0.192431744 0)
(0.0845451052 0.145095041 0)
(0.120424328 0.10300663 0)
(0.146585242 0.0651543631 0)
(0.161925476 0.0298884064 2.35546552e-33)
(0.165812817 -0.00469432219 -2.35546552e-33)
(0.157798801 -0.0406696183 0)
(0.137586497 -0.0803027381 0)
(0.105285209 -0.12597958 0)
(0.0620900251 -0.179774808 0)
(0.0116092683 -0.242029717 0)
(-0.0380283785 -0.307764354 0)
(-0.0720490944 -0.359579369 0)
(-0.0711639185 -0.355585637 0)
(-0.028721057 -0.209178581 0)
(-0.0176296834 0.140767916 0)
(-0.0549165468 0.281827206 0)
(-0.0828629986 0.324484363 0)
(-0.0880762294 0.312396803 0)
(-0.0751196946 0.274441984 0)
(-0.0526276296 0.226778431 0)
(-0.0275118515 0.177302821 0)
(-0.00458009536 0.129145426 0)
(0.0130234852 0.0829123617 0)
(0.0233567921 0.0379330315 -2.94545519e-34)
(0.0253097441 -0.00710139509 2.94545519e-34)
(0.018415206 -0.0537995218 0)
(0.00288698349 -0.10380126 0)
(-0.0200872034 -0.158367937 0)
(-0.0477707959 -0.217530723 0)
(-0.0750614595 -0.278347554 0)
(-0.0936267084 -0.331694802 0)
(-0.0922270554 -0.357398868 0)
(-0.0635074673 -0.31887989 0)
(-0.0207312598 -0.162076725 0)
(-0.0116542797 0.111592252 0)
(-0.0431522002 0.243765269 0)
(-0.078283998 0.299859406 0)
(-0.100579264 0.305000833 0)
(-0.108310594 0.280421268 0)
(-0.10571651 0.240369186 0)
(-0.097536175 0.193277771 0)
(-0.0877934495 0.143545373 0)
(-0.0795351941 0.0930260759 0)
(-0.0748272216 0.042075232 0)
(-0.0748481365 -0.00975925819 0)
(-0.0799345802 -0.0632506188 0)
(-0.0895000227 -0.119033273 0)
(-0.101812876 -0.176993443 0)
(-0.113690951 -0.23529792 0)
(-0.120284783 -0.288849073 0)
(-0.115237024 -0.327084783 0)
(-0.0922711132 -0.331566551 0)
(-0.0521876268 -0.27511969 0)
(-0.0142847854 -0.127260098 0)
(-0.00803185623 0.0899680194 0)
(-0.0343052827 0.207876699 0)
(-0.0703686595 0.26774136 0)
(-0.100959318 0.283509149 0)
(-0.121509112 0.269753783 0)
(-0.133061967 0.237807849 0)
(-0.138135839 0.195384127 0)
(-0.139450243 0.147216493 0)
(-0.139365666 0.0958906841 0)
(-0.139599234 0.0425957593 0)
(-0.141114117 -0.0122625677 0)
(-0.144054667 -0.0685401664 0)
(-0.147657209 -0.125824594 0)
(-0.150140601 -0.182787205 0)
(-0.148667742 -0.236314555 0)
(-0.139565529 -0.280390168 0)
(-0.119015755 -0.304900547 0)
(-0.0848747406 -0.294957286 0)
(-0.0422046449 -0.232154476 0)
(-0.0100065903 -0.100709815 0)
(-0.00589819049 0.0731569046 0)
(-0.0280514399 0.175459929 0)
(-0.0624620764 0.233454972 0)
(-0.0961931105 0.254650694 0)
(-0.123784291 0.248662377 0)
(-0.14433645 0.223978323 0)
(-0.158622041 0.187072459 0)
(-0.168069548 0.142434108 0)
(-0.17417101 0.092943341 0)
(-0.178091652 0.0403533027 0)
(-0.180456263 -0.0142245238 0)
(-0.18123001 -0.0698446779 0)
(-0.179647305 -0.125225754 0)
(-0.174205197 -0.178177561 0)
(-0.162809069 -0.224940952 0)
(-0.143212558 -0.259512835 0)
(-0.113841639 -0.273201304 0)
(-0.0753166187 -0.254896364 0)
(-0.0343188973 -0.192925778 0)
(-0.00728498475 -0.0799917706 0)
(-0.0045931232 0.0595160154 0)
(-0.0235441699 0.146542618 0)
(-0.0553429911 0.199662157 0)
(-0.0893196721 0.222701636 0)
(-0.120051817 0.221819418 0)
(-0.145609093 0.203131831 0)
(-0.165570653 0.17179655 0)
(-0.180317102 0.13177563 0)
(-0.190531075 0.0859405108 0)
(-0.196813733 0.0363510098 2.97711466e-34)
(-0.199448901 -0.0153915437 -2.97711466e-34)
(-0.198275634 -0.0677566431 0)
(-0.192646157 -0.118867798 0)
(-0.181489352 -0.166059308 0)
(-0.163546088 -0.20544087 0)
(-0.137858729 -0.231577791 0)
(-0.104503396 -0.237504907 0)
(-0.0656637273 -0.215386226 0)
(-0.0281737984 -0.158249844 0)
(-0.00551069019 -0.0634668208 0)
(-0.00373314357 0.0480883412 0)
(-0.0201212347 0.120839398 0)
(-0.049015389 0.167676442 0)
(-0.0816389788 0.190287501 0)
(-0.112989448 0.192487652 0)
(-0.14068056 0.178557133 4.67988003e-33)
(-0.163557393 0.15246545 0)
(-0.181246283 0.117554996 0)
(-0.193784175 0.0765047422 -4.74063771e-33)
(-0.201296971 0.0314709956 2.26592731e-36)
(-0.203789195 -0.0156743944 4.9864882e-36)
(-0.201035367 -0.0630555951 0)
(-0.192565932 -0.108481584 0)
(-0.177765515 -0.149141429 0)
(-0.156124908 -0.181360927 0)
(-0.127679782 -0.200524261 0)
(-0.0935645699 -0.201318536 0)
(-0.0566770449 -0.178463972 0)
(-0.0233146669 -0.128090141 0)
(-0.00429570515 -0.0500435349 0)
(-0.00311504069 0.0383306348 0)
(-0.0173631166 0.0980508517 0)
(-0.0433176204 0.138129966 0)
(-0.0737180758 0.1589792 0)
(-0.104104452 0.162838224 0)
(-0.131970533 0.152618181 -4.67988003e-33)
(-0.155761613 0.131295703 0)
(-0.174612861 0.101603276 0)
(-0.188100219 0.0659289917 4.74063771e-33)
(-0.19599742 0.0263693613 1.4910684e-33)
(-0.198111612 -0.0151233184 -1.49832081e-33)
(-0.19420401 -0.0565442437 0)
(-0.183996559 -0.0956260386 0)
(-0.167277173 -0.129654844 0)
(-0.144124395 -0.155368917 0)
(-0.115252464 -0.169022498 0)
(-0.0823814081 -0.16671389 0)
(-0.0485941035 -0.145040225 0)
(-0.0193975963 -0.102103348 0)
(-0.00342090965 -0.0390050015 0)
(-0.00263393545 0.0299262657 0)
(-0.0150226234 0.07793013 0)
(-0.0380974218 0.111311111 0)
(-0.0658175684 0.129695793 0)
(-0.0942794748 0.134263878 0)
(-0.121044027 0.126925344 0)
(-0.144383608 0.10986057 0)
(-0.163148983 0.0852480458 0)
(-0.176619508 0.0551416366 0)
(-0.184335476 0.0214703138 2.99742636e-34)
(-0.185982938 -0.0138813651 -2.99742636e-34)
(-0.181343675 -0.0489515409 0)
(-0.170313962 -0.0815745562 0)
(-0.152999251 -0.109289271 0)
(-0.129891606 -0.129330738 0)
(-0.102114502 -0.138764248 0)
(-0.0716393814 -0.13481614 0)
(-0.0414365951 -0.115407289 0)
(-0.0161843491 -0.0798582219 0)
(-0.00276403318 -0.0298606586 0)
(-0.00223473606 0.022680024 0)
(-0.012954126 0.0602838589 0)
(-0.033238148 0.0873308378 0)
(-0.0580555286 0.102954501 0)
(-0.0840353816 0.107621821 0)
(-0.108906085 0.102520709 0)
(-0.13091408 0.0892086506 0)
(-0.148775832 0.0693818668 0)
(-0.161603549 0.0447501637 0)
(-0.168801289 0.0170067321 3.00137215e-34)
(-0.169993547 -0.0121372156 -3.00137215e-34)
(-0.164999673 -0.0408861813 0)
(-0.153857535 -0.0672953769 0)
(-0.13689908 -0.0892417069 0)
(-0.114876636 -0.104468703 0)
(-0.0891189084 -0.11074442 0)
(-0.0616328449 -0.106158118 0)
(-0.0351269755 -0.0895353376 0)
(-0.0135037425 -0.0609264422 0)
(-0.00225327225 -0.0222578264 0)
(-0.00188545638 0.0164662545 0)
(-0.0110624845 0.0449645393 0)
(-0.0286411422 0.0662105073 0)
(-0.0504611282 0.0790278202 0)
(-0.0736531639 0.0834123315 0)
(-0.0961641805 0.0800414889 0)
(-0.116305919 0.0699953589 0)
(-0.132763341 0.0545610886 0)
(-0.144575601 0.0351143632 0)
(-0.151082434 0.013074734 0)
(-0.151887893 -0.0100881553 0)
(-0.146853004 -0.0328250796 0)
(-0.136119505 -0.0534823554 0)
(-0.120164255 -0.0703098558 0)
(-0.0998793387 -0.0815299505 0)
(-0.0766571205 -0.0854921385 0)
(-0.0524122115 -0.0809235404 0)
(-0.0295300344 -0.0672469522 0)
(-0.011218573 -0.0449266646 0)
(-0.00184129736 -0.0159381047 0)
(-0.00156251844 0.011207748 0)
(-0.00926988123 0.0318705358 0)
(-0.0242025203 0.0479368758 0)
(-0.0429884449 0.0580490728 0)
(-0.0632319144 0.061911502 0)
(-0.0831208704 0.0598559186 0)
(-0.101086249 0.0526055542 0)
(-0.115849132 0.0411071733 0)
(-0.126440927 0.0264236342 0)
(-0.132187239 0.00968560829 0)
(-0.132697633 -0.007916715 0)
(-0.127870718 -0.0251250507 0)
(-0.117915458 -0.0406102742 0)
(-0.103386533 -0.052997453 0)
(-0.0852272522 -0.0609386999 0)
(-0.0648019878 -0.0632496904 0)
(-0.043865263 -0.0591133863 0)
(-0.0244675014 -0.0483249909 0)
(-0.00920309331 -0.0315520073 0)
(-0.00149088385 -0.0107193782 0)
(-0.00124269204 0.00687236757 0)
(-0.00749726497 0.020953938 0)
(-0.0197996779 0.0325014302 0)
(-0.0355241959 0.0400873006 0)
(-0.0527239639 0.0432717643 0)
(-0.0698331054 0.0421741843 0)
(-0.0854326589 0.0372606188 0)
(-0.0983251716 0.0291991481 0)
(-0.107580786 0.01876736 0)
(-0.112546722 0.00680864524 0)
(-0.112854335 -0.00578011005 0)
(-0.10843163 -0.0180487572 0)
(-0.0995214494 -0.0289997735 0)
(-0.0867021674 -0.0376160646 0)
(-0.0709039775 -0.0429246742 0)
(-0.0534054929 -0.0441071878 0)
(-0.0357703082 -0.0406592885 0)
(-0.0197281043 -0.0325810798 0)
(-0.00733072866 -0.0205903317 0)
(-0.00116697613 -0.00649226853 0)
(-0.000899882388 0.00347704394 0)
(-0.00566093203 0.0122244283 0)
(-0.0152978483 0.0199179404 0)
(-0.0279091953 0.025188654 0)
(-0.041970837 0.0275859307 0)
(-0.0561592812 0.0271262715 0)
(-0.0692274818 0.0240986739 0)
(-0.0800968186 0.0189454322 0)
(-0.0879159929 0.0121895926 0)
(-0.0920844199 0.00440206546 0)
(-0.0922681505 -0.0038076765 0)
(-0.0884155131 -0.0117927648 0)
(-0.0807724914 -0.018874876 0)
(-0.0698942049 -0.0243659736 0)
(-0.056645454 -0.0276151927 0)
(-0.0421770502 -0.0280887046 0)
(-0.0278468988 -0.0254864178 0)
(-0.0150887328 -0.0198866108 0)
(-0.0054744946 -0.0119313566 0)
(-0.000833547426 -0.00322197485 0)
(-0.000507507391 0.00108920904 0)
(-0.00368889186 0.00574014022 0)
(-0.0105872262 0.0102223807 0)
(-0.0199879405 0.013402214 0)
(-0.0307552965 0.0149400958 0)
(-0.0418076563 0.0148327196 0)
(-0.0521004753 0.0132501849 0)
(-0.0607205939 0.01045168 0)
(-0.0669425839 0.00673881615 0)
(-0.0702538296 0.00243728294 0)
(-0.0703711876 -0.00210635157 0)
(-0.06725584 -0.00652338693 0)
(-0.0611263911 -0.0104252533 0)
(-0.0524664973 -0.0134154701 0)
(-0.0420201073 -0.0151167121 0)
(-0.0307626618 -0.0152183511 0)
(-0.0198243283 -0.0135494051 0)
(-0.010361521 -0.0101761657 0)
(-0.00352670138 -0.00555507423 0)
(-0.000456470375 -0.000945966012 0)
(-6.44907907e-05 -0.000176240382 0)
(-0.00159898836 0.0016366178 0)
(-0.00569518833 0.0035986022 0)
(-0.0117199321 0.00501067904 0)
(-0.0188880507 0.00571684609 0)
(-0.0263913893 0.00573382859 0)
(-0.0334549882 0.00514772205 0)
(-0.0394085015 0.00407326878 0)
(-0.0437225488 0.00263489232 0)
(-0.046023885 0.000961861856 0)
(-0.0461058241 -0.000810105021 0)
(-0.0439388715 -0.0025359897 0)
(-0.0396813831 -0.00406056228 0)
(-0.033686956 -0.00522175535 0)
(-0.0265027365 -0.00586030493 0)
(-0.0188496254 -0.0058382963 0)
(-0.0115675426 -0.00507039436 0)
(-0.00551559571 -0.00357095363 0)
(-0.00148203458 -0.0015525867 0)
(-3.10931727e-05 0.00023397788 0)
(0.000261395845 -0.000255577719 0)
(0.000151440878 0.000102073542 0)
(-0.00117495228 0.000547415895 0)
(-0.00348063165 0.000863516361 0)
(-0.00637558384 0.00102207786 0)
(-0.0094668738 0.00103797674 0)
(-0.0124000365 0.00093621817 0)
(-0.0148817769 0.000743062047 0)
(-0.0166861001 0.000483180785 0)
(-0.0176547257 0.000180088303 1.08300142e-33)
(-0.017698521 -0.000142308479 -1.08300142e-33)
(-0.0168014866 -0.000458218877 0)
(-0.0150266292 -0.000739019397 0)
(-0.0125219004 -0.000953244503 0)
(-0.00952354859 -0.00106773193 0)
(-0.00635302357 -0.00105052562 0)
(-0.00340014951 -0.000876787932 0)
(-0.00108361518 -0.000539616081 0)
(0.000206110991 -8.25144085e-05 0)
(0.00027456378 0.000266745652 0)
)
;

boundaryField
{
    walls
    {
        type            fixedValue;
        value           uniform (0 0 0);
    }
    mov_wall
    {
        type            fixedValue;
        value           uniform (1 0 0);
    }
    empty
    {
        type            empty;
    }
}


// ************************************************************************* //
