/*--------------------------------*- C++ -*----------------------------------*\
| =========                 |                                                 |
| \\      /  F ield         | OpenFOAM: The Open Source CFD Toolbox           |
|  \\    /   O peration     | Version:  5.x                                   |
|   \\  /    A nd           | Web:      www.OpenFOAM.org                      |
|    \\/     M anipulation  |                                                 |
\*---------------------------------------------------------------------------*/
FoamFile
{
    version     2.0;
    format      ascii;
    class       volScalarField;
    location    "6.1";
    object      p;
}
// * * * * * * * * * * * * * * * * * * * * * * * * * * * * * * * * * * * * * //

dimensions      [0 2 -2 0 0 0 0];

internalField   nonuniform List<scalar> 
400
(
1.43776053e-06
2.45246085
3.49432454
3.89888073
4.10664869
4.22470814
4.29429274
4.3402796
4.37634015
4.41011231
4.44676123
4.49091606
4.54765568
4.62449079
4.73479906
4.90459755
5.18238116
5.68420247
6.84131703
9.41172606
1.88670655
2.86729068
3.41988489
3.74774521
3.96518222
4.1097487
4.20767568
4.27899358
4.33674615
4.38961454
4.44424678
4.50657327
4.58333478
4.68329904
4.8197276
5.01368045
5.2940237
5.69847038
6.33841685
7.42837253
2.98207911
3.2625315
3.54233236
3.77068085
3.94570703
4.07571718
4.17322705
4.25000463
4.31527689
4.37623723
4.43892647
4.509023
4.59257644
4.69678399
4.83085139
5.00663951
5.23632309
5.52394063
5.86049206
6.19823878
3.52778552
3.58534413
3.72178671
3.86537801
3.98906536
4.0908337
4.17461165
4.24571536
4.30952818
4.3710244
4.43477591
4.50520576
4.58678984
4.68425587
4.80245242
4.94569398
5.11575077
5.30514934
5.4783383
5.5596402
3.8442184
3.82688183
3.88518118
3.96938422
4.05222097
4.12779225
4.19566997
4.25747917
4.31592418
4.37409346
4.43506628
4.5018589
4.57733252
4.66400738
4.76350525
4.87551225
4.99636035
5.11480322
5.19584729
5.18371711
4.04550231
4.0036601
4.02142742
4.06785112
4.12138355
4.17574209
4.22885606
4.28053907
4.33186147
4.38449289
4.44027211
4.50096928
4.56805012
4.64232771
4.7233276
4.80836755
4.89180796
4.96267924
4.99308195
4.94680926
4.18058685
4.13383206
4.13184008
4.15536985
4.18883468
4.22706774
4.26772807
4.30987301
4.35363866
4.39973256
4.44903945
4.50233797
4.56002013
4.62172309
4.68578668
4.74862717
4.80456091
4.84466689
4.84862586
4.7936813
4.27565963
4.23084354
4.2196612
4.22967555
4.24984696
4.27635575
4.3071233
4.34098377
4.3775797
4.41700027
4.45945258
4.50499731
4.55328633
4.6032504
4.65270626
4.69801246
4.73425974
4.75484786
4.74556162
4.69204337
4.34467518
4.30373198
4.28862994
4.29082861
4.3023774
4.32057273
4.34373095
4.37070267
4.40089402
4.43401666
4.46982945
4.50791878
4.54748445
4.58711004
4.6245145
4.65641443
4.67889471
4.68733419
4.67188029
4.62321761
4.39526026
4.35850533
4.342158
4.33995902
4.34599011
4.35836229
4.37576191
4.39714577
4.42182605
4.44929956
4.47905181
4.51038792
4.5422751
4.57319332
4.60100118
4.62292714
4.63599674
4.63709332
4.61932565
4.57637857
4.43196451
4.39925848
4.38305511
4.37851118
4.38106654
4.38939693
4.40248826
4.41942516
4.43950263
4.46210942
4.4865831
4.51208775
4.53750883
4.56136957
4.58177681
4.59648198
4.60329535
4.60017445
4.58220663
4.54489468
4.45777733
4.42889657
4.41358107
4.40794546
4.40838013
4.41394795
4.42386498
4.43733929
4.45368877
4.47226161
4.49233149
4.51301457
4.53320744
4.55155224
4.56643372
4.57607107
4.57888632
4.57357541
4.55655603
4.52447876
4.47482823
4.44957422
4.43556215
4.42962123
4.42885356
4.43259424
4.44023621
4.45109932
4.46454369
4.47991634
4.49647785
4.51335098
4.52949192
4.54368943
4.55459268
4.56081147
4.56122786
4.55503663
4.53957401
4.51226019
4.48473115
4.46296008
4.45049393
4.44475227
4.44341734
4.4460294
4.45212312
4.46111822
4.47242371
4.48540406
4.49933142
4.51335954
4.52652045
4.53774708
4.54591895
4.54995998
4.54909431
4.54285768
4.52925609
4.50627266
4.48877474
4.47040338
4.45962151
4.45439436
4.45292817
4.45493756
4.46007933
4.46786258
4.47774261
4.48910372
4.50123335
4.51331732
4.5244566
4.53370686
4.5401355
4.54291381
4.54152389
4.53574932
4.52413525
4.50513644
4.48806214
4.4730577
4.46401009
4.45945607
4.4581321
4.45992498
4.46460604
4.4717635
4.48088785
4.49137141
4.50250339
4.51348409
4.52345887
4.53157165
4.53703129
4.53920038
4.53776324
4.53270862
4.52308434
4.50782195
4.48366934
4.47201122
4.46464159
4.46076351
4.45970282
4.46153808
4.46615441
4.47320681
4.48220149
4.49251494
4.50341058
4.51407104
4.52364822
4.53132978
4.53641645
4.53841332
4.53717123
4.53287915
4.52512729
4.51341698
4.4768565
4.46838875
4.46243026
4.45901662
4.45816312
4.4601711
4.4650361
4.4724584
4.48192875
4.49277116
4.50418217
4.51528128
4.52517553
4.53303987
4.53820885
4.54027905
4.53923986
4.53549936
4.52928859
4.52085707
4.46928703
4.46319548
4.45767538
4.45396905
4.452923
4.45509028
4.46054406
4.46896947
4.47977207
4.49214991
4.50515501
4.51775936
4.52893216
4.53773533
4.54343544
4.54563184
4.54440525
4.54041703
4.53469999
4.52866696
4.46344988
4.45752414
4.45037164
4.44492811
4.44290446
4.44509648
4.45156852
4.46187392
4.47521586
4.49055211
4.50667326
4.52227694
4.53605439
4.54680046
4.55355311
4.5557664
4.55352122
4.54775035
4.54035247
4.53446309
)
;

boundaryField
{
    walls
    {
        type            zeroGradient;
    }
    mov_wall
    {
        type            zeroGradient;
    }
    empty
    {
        type            empty;
    }
}


// ************************************************************************* //
