/*--------------------------------*- C++ -*----------------------------------*\
| =========                 |                                                 |
| \\      /  F ield         | OpenFOAM: The Open Source CFD Toolbox           |
|  \\    /   O peration     | Version:  5.x                                   |
|   \\  /    A nd           | Web:      www.OpenFOAM.org                      |
|    \\/     M anipulation  |                                                 |
\*---------------------------------------------------------------------------*/
FoamFile
{
    version     2.0;
    format      ascii;
    class       surfaceScalarField;
    location    "6.1";
    object      phi;
}
// * * * * * * * * * * * * * * * * * * * * * * * * * * * * * * * * * * * * * //

dimensions      [0 3 -1 0 0 0 0];

internalField   nonuniform List<scalar> 
760
(
0.00134817659
-0.00134817728
0.00245763976
-0.00110946316
0.00313513467
-0.000677494902
0.00355971572
-0.000424581032
0.00383225132
-0.000272535596
0.00400945217
-0.000177200859
0.00412521451
-0.00011576236
0.00419921707
-7.40025672e-05
0.00424243235
-4.3215264e-05
0.00426055359
-1.81212206e-05
0.00425562237
4.93122584e-06
0.00422675779
2.88645612e-05
0.00416938939
5.73683786e-05
0.00407358503
9.58043641e-05
0.00391995094
0.000153634118
0.00367201931
0.000247931642
0.00326316024
0.000408859058
0.00257264076
0.000690519456
0.00140850173
0.00116413904
0.00140850173
-5.4695284e-05
-0.00129348199
0.000412592633
-0.00157675109
0.00103002979
-0.00129493208
0.00157871386
-0.000973265097
0.0020148327
-0.000708654411
0.00234477727
-0.000507145411
0.00258511632
-0.000356101413
0.0027512694
-0.000240155673
0.00285456778
-0.00014651365
0.00290179531
-6.53487385e-05
0.00289536661
1.13599597e-05
0.00283293038
9.13008036e-05
0.00270712574
0.000183172998
0.00250436373
0.000298566354
0.00220410987
0.00045388798
0.00178090173
0.00067113981
0.001217568
0.000972192797
0.000552812565
0.00135527489
1.30664808e-05
0.00170388512
0.00142156821
-0.000271734657
-0.00102174732
-0.0002210266
-0.00162745915
7.13677851e-05
-0.00158732648
0.000446285623
-0.00134818295
0.000812489661
-0.00107485844
0.00112929926
-0.000823954983
0.00138207832
-0.000608880451
0.00156800788
-0.000426085242
0.00168837694
-0.000266882743
0.00174468451
-0.000121656315
0.00173678975
1.9254747e-05
0.00166213443
0.000165956155
0.00151571289
0.000329594532
0.00129125423
0.00052302499
0.00098501167
0.000760130525
0.000605009642
0.00105114185
0.000189850714
0.00138735175
-0.000160045068
0.00170517068
-0.000261640623
0.00180548067
0.00115992758
-0.000227941591
-0.000793805724
-0.000361197321
-0.0014942034
-0.000308328229
-0.00164019558
-0.000134821234
-0.00152168997
8.92093474e-05
-0.00129888904
0.000314971844
-0.00104971746
0.000513263
-0.00080717157
0.000668300025
-0.000581122258
0.000771990315
-0.000370573062
0.000820036086
-0.000169702115
0.000809727627
2.95632151e-05
0.000739201023
0.000236482795
0.000607935681
0.000460859894
0.000419110874
0.000711849778
0.000184524308
0.000994717061
-6.71911969e-05
0.00130285736
-0.000280617549
0.00160077813
-0.00036941847
0.00179397162
-0.00024699362
0.00168305582
0.000912933942
-0.000168965236
-0.000624840495
-0.000352016193
-0.00131115241
-0.000431557685
-0.00156065407
-0.000408908994
-0.00154433868
-0.000319435214
-0.00138836285
-0.000200095222
-0.00116905746
-7.98101011e-05
-0.000927456656
2.15782565e-05
-0.000682510578
9.14286996e-05
-0.000440423512
0.000122135363
-0.000200408819
0.00010975716
4.1941398e-05
5.36456958e-05
0.000292594287
-4.27489995e-05
0.000557254631
-0.000169694021
0.000838794805
-0.000307652439
0.00113267545
-0.000423468651
0.00141867355
-0.000470024889
0.00164733438
-0.000397824823
0.00172177159
-0.000196431016
0.00148166203
0.00071650291
-0.000124192162
-0.000500648357
-0.000308335658
-0.00112700889
-0.000450494105
-0.00141849559
-0.000523204017
-0.00147162876
-0.000535391077
-0.00137617582
-0.000508160861
-0.00119628771
-0.000463156925
-0.000972460581
-0.000418060946
-0.000727606508
-0.000385618998
-0.000472865429
-0.00037391207
-0.000212115775
-0.000386727959
5.47572404e-05
-0.000423459536
0.000329325859
-0.000478356381
0.000612151522
-0.000539178255
0.000899616718
-0.000585818867
0.00117931605
-0.000590512346
0.00142336698
-0.000523085153
0.00157990716
-0.000366699096
0.00156538555
-0.000150585983
0.00126554894
0.000565916931
-9.45729524e-05
-0.000406075431
-0.000264649771
-0.000956932069
-0.0004307384
-0.00125240693
-0.000556976936
-0.00134539019
-0.000636793212
-0.00129635955
-0.000678141786
-0.00115493918
-0.000693943968
-0.000956658431
-0.000696929268
-0.000724621179
-0.000697274048
-0.00047252059
-0.000701661737
-0.000207728071
-0.00071286072
6.59561759e-05
-0.000729336399
0.000345801491
-0.000744753836
0.000627568974
-0.000747580297
0.000902443237
-0.000721469877
0.00115320566
-0.00064784338
0.00134974046
-0.000512876933
0.00144494067
-0.000321206298
0.0013737149
-0.000116485712
0.00106082838
0.000449431244
-7.53437362e-05
-0.000330731704
-0.000228206839
-0.000804068996
-0.000398353687
-0.00108226007
-0.000550539528
-0.0011932043
-0.000670626435
-0.00117627261
-0.000757578337
-0.0010679873
-0.000816784842
-0.000897451985
-0.000855587489
-0.00068581855
-0.000880624313
-0.000447483713
-0.000896360302
-0.000191992021
-0.000904270066
7.38659334e-05
-0.000902360327
0.000343891689
-0.000884972246
0.000610180854
-0.000843104183
0.000860575205
-0.00076582018
0.00107592172
-0.000643664715
0.00122758502
-0.000475103933
0.00127637986
-0.000276309858
0.00117492078
-9.21328774e-05
0.000876651385
0.00035729839
-6.22882873e-05
-0.000268443398
-0.000198541328
-0.000667815996
-0.000362893683
-0.000917907743
-0.000523850748
-0.00103224721
-0.000664415217
-0.00103570808
-0.000778128893
-0.000954273599
-0.000864812172
-0.000810768751
-0.000927165512
-0.000623465274
-0.000968399725
-0.000406249499
-0.000990721214
-0.000169670461
-0.000994436337
7.75811107e-05
-0.000977525721
0.000326981048
-0.000935695024
0.000568350086
-0.000863101277
0.000787981428
-0.000754123174
0.000966943657
-0.000606626294
0.0010800882
-0.000426950388
0.00109670398
-0.000236038283
0.000984008651
-7.4349029e-05
0.0007149621
0.000282949363
-5.27689419e-05
-0.000215674416
-0.000173812774
-0.000546772184
-0.000327557421
-0.000764163147
-0.000486866018
-0.000872938638
-0.000634380204
-0.000888193849
-0.000760757833
-0.000827895901
-0.000862116631
-0.000709409942
-0.000937654768
-0.000547927202
-0.000987783273
-0.000356121055
-0.001012824
-0.000144629715
-0.00101222275
7.69799479e-05
-0.000984240664
0.000298999005
-0.000926163053
0.000510272435
-0.00083515884
0.000696977142
-0.000709976125
0.000841760919
-0.00055359734
0.000923709461
-0.000376676966
0.000919783656
-0.00020096003
0.000808291732
-6.08626187e-05
0.000574864669
0.000222086722
-4.52979118e-05
-0.000170376468
-0.000152453945
-0.00043961613
-0.000293299605
-0.000623317522
-0.000444763132
-0.00072147517
-0.000590345883
-0.000742611111
-0.000719473363
-0.000698768359
-0.000826046313
-0.000602836922
-0.000906878183
-0.000467095341
-0.000960347595
-0.000302651721
-0.0009854032
-0.000119574163
-0.000980963185
7.25399733e-05
-0.000945732093
0.000263767999
-0.000878479997
0.000443020373
-0.000778855053
0.000597352151
-0.000648784078
0.000711689878
-0.000494403579
0.000769328945
-0.000328204162
0.000753584278
-0.000170678355
0.000650765971
-5.02806414e-05
0.000454466969
0.000171806059
-3.90621905e-05
-0.000131314274
-0.000133403778
-0.00034527449
-0.000260349939
-0.000496371347
-0.000400388968
-0.00058143619
-0.000538431231
-0.00060456891
-0.00066369282
-0.000573506767
-0.000768938043
-0.000497591622
-0.00084952304
-0.00038651028
-0.000902500913
-0.000249673876
-0.000925934123
-9.61410389e-05
-0.000918488924
6.50947326e-05
-0.000879356213
0.00022463534
-0.000808535312
0.000372199554
-0.00070750524
0.000496322106
-0.000580261688
0.00058444628
-0.00043458836
0.000623655559
-0.000283248316
0.00060224422
-0.000144573369
0.000512091055
-4.17551772e-05
0.00035164881
0.000130050881
-3.36094387e-05
-9.77048698e-05
-0.000115973506
-0.000262910376
-0.000228685858
-0.000383658938
-0.000355331112
-0.000454790931
-0.000482448496
-0.00047745159
-0.000599656688
-0.000456298636
-0.000699324762
-0.000397923528
-0.000776050464
-0.000309784493
-0.000826127586
-0.0001995967
-0.00084712412
-7.51445455e-05
-0.000837646118
5.56166457e-05
-0.000797332246
0.000184321437
-0.00072710254
0.000301969902
-0.000629656408
0.000398876049
-0.000510163446
0.00046495334
-0.000377005138
0.000490497213
-0.000242314883
0.000467553918
-0.000121978252
0.000391754412
-3.47332221e-05
0.000264403801
9.53176773e-05
-2.86575216e-05
-6.90473954e-05
-9.96602537e-05
-0.000191907638
-0.000198117001
-0.000285202133
-0.000310357526
-0.00034255035
-0.000424616037
-0.000363193088
-0.000531265904
-0.000349648841
-0.000622765494
-0.00030642399
-0.000693446653
-0.0002391033
-0.000739258788
-0.000153784477
-0.000757557994
-5.68452977e-05
-0.000747003439
4.50620442e-05
-0.000707597966
0.000144915887
-0.000640884433
0.000235256346
-0.000550277071
0.000308268735
-0.000441462327
0.000356138659
-0.000322745836
0.00037178074
-0.000205166583
0.000349974636
-0.000102185455
0.00028877325
-2.8802431e-05
0.000191020769
6.65152647e-05
-2.39812171e-05
-4.50662016e-05
-8.39974653e-05
-0.000131891429
-0.000168257118
-0.000200942468
-0.000265595477
-0.000245211927
-0.000365935554
-0.000262852959
-0.000460594473
-0.000254989943
-0.000542423552
-0.000224594987
-0.000605821356
-0.000175705538
-0.000646681743
-0.000112924048
-0.000662339355
-4.11876036e-05
-0.000651561295
3.42840162e-05
-0.000614612936
0.000107967483
-0.000553400662
0.000174044005
-0.000471663923
0.000226531978
-0.000375154008
0.000259628784
-0.000271701937
0.000268328719
-0.000171058842
0.000249331557
-8.4417068e-05
0.000202131457
-2.35998743e-05
0.000130203554
4.29153935e-05
-1.93492068e-05
-2.57169761e-05
-6.8470044e-05
-8.2770638e-05
-0.000138506781
-0.000130905767
-0.000220638092
-0.000163080598
-0.000306428393
-0.000177062592
-0.000388228718
-0.000173189574
-0.000459474157
-0.000153349577
-0.000514859829
-0.000120319938
-0.000550429825
-7.73540852e-05
-0.00056362757
-2.79898143e-05
-0.000553348399
2.40049169e-05
-0.000520016402
7.46355103e-05
-0.000465682611
0.000119710175
-0.000394114935
0.000154964248
-0.000310823006
0.000176336842
-0.000222941266
0.000180447008
-0.00013889461
0.000165284936
-6.7813507e-05
0.000131050366
-1.87621114e-05
8.11521476e-05
2.41532728e-05
-1.45055021e-05
-1.12114302e-05
-5.25210952e-05
-4.47550607e-05
-0.000108122825
-7.53040847e-05
-0.000174687822
-9.65156346e-05
-0.000245343252
-0.000106407138
-0.000313520795
-0.000105011966
-0.000373387867
-9.34824691e-05
-0.000420129415
-7.35784221e-05
-0.000450116096
-4.73674674e-05
-0.000461009111
-1.70968228e-05
-0.000451841637
1.48374828e-05
-0.000423096883
4.58908155e-05
-0.000376775947
7.33892588e-05
-0.000316426451
9.46147232e-05
-0.000247079566
0.000106989918
-0.000175030368
0.0001083978
-0.000107403062
9.765765e-05
-5.14858381e-05
7.51331659e-05
-1.39146148e-05
4.35809322e-05
1.02386495e-05
-9.20278266e-06
-2.008615e-06
-3.56847185e-05
-1.82731076e-05
-7.6435519e-05
-3.45533011e-05
-0.000126811038
-4.61401601e-05
-0.000181408093
-5.18101083e-05
-0.000234817154
-5.16028779e-05
-0.000282132206
-4.61673598e-05
-0.000319263512
-3.64470895e-05
-0.000343116506
-2.35145038e-05
-0.000351700064
-8.51331571e-06
-0.000344207039
7.34444114e-06
-0.000321084431
2.27682409e-05
-0.000284086142
3.63910141e-05
-0.000236279519
4.68081147e-05
-0.000181958575
5.2668954e-05
-0.000126403758
5.28429571e-05
-7.54285505e-05
4.66824356e-05
-3.46816284e-05
3.43862559e-05
-8.71390396e-06
1.76132216e-05
1.52474534e-06
-3.43752251e-06
1.42891131e-06
-1.8043865e-05
-3.66674396e-06
-4.34060204e-05
-9.19112965e-06
-7.64336617e-05
-1.31125338e-05
-0.000113187171
-1.50566357e-05
-0.000149665135
-1.51249322e-05
-0.00018225155
-1.35809213e-05
-0.000207952829
-1.07457667e-05
-0.000224514073
-6.95324116e-06
-0.000230484757
-2.54265476e-06
-0.00022527266
2.13230954e-06
-0.000209197097
6.69266752e-06
-0.000183535359
1.07292976e-05
-0.0001505368
1.38095853e-05
-0.000113368284
1.55004488e-05
-7.59397591e-05
1.54144223e-05
-4.25472282e-05
1.32898904e-05
-1.72767421e-05
9.1157664e-06
-3.10385814e-06
3.44034384e-06
-1.57910827e-06
1.42889613e-06
-2.23784353e-06
-1.14289476e-05
-2.45414569e-05
-3.9598096e-05
-5.47230568e-05
-6.83040013e-05
-7.90497606e-05
-8.60029718e-05
-8.85456046e-05
-8.64133006e-05
-7.97206563e-05
-6.89913747e-05
-5.51817853e-05
-3.96813204e-05
-2.42668861e-05
-1.09769948e-05
-1.86123311e-06
1.57910756e-06
)
;

boundaryField
{
    walls
    {
        type            calculated;
        value           uniform 0;
    }
    mov_wall
    {
        type            calculated;
        value           uniform 0;
    }
    empty
    {
        type            empty;
        value           nonuniform 0();
    }
}


// ************************************************************************* //
