/*--------------------------------*- C++ -*----------------------------------*\
| =========                 |                                                 |
| \\      /  F ield         | OpenFOAM: The Open Source CFD Toolbox           |
|  \\    /   O peration     | Version:  5.x                                   |
|   \\  /    A nd           | Web:      www.OpenFOAM.org                      |
|    \\/     M anipulation  |                                                 |
\*---------------------------------------------------------------------------*/
FoamFile
{
    version     2.0;
    format      ascii;
    class       volVectorField;
    location    "6.1";
    object      U;
}
// * * * * * * * * * * * * * * * * * * * * * * * * * * * * * * * * * * * * * //

dimensions      [0 1 -1 0 0 0 0];

internalField   nonuniform List<vector> 
400
(
(0.291698397 0.149643846 0)
(0.388187127 0.128007708 0)
(0.55761605 0.0757318313 0)
(0.674785693 0.0433044402 0)
(0.743766591 0.0251591065 0)
(0.787075021 0.0148802993 0)
(0.815462957 0.00893092292 0)
(0.833939557 0.0053099278 0)
(0.845365459 0.00289956012 0)
(0.851349263 0.00108485221 2.66526843e-34)
(0.852640749 -0.00050285208 -2.66526843e-34)
(0.849354293 -0.00216071897 0)
(0.84097337 -0.00421710545 0)
(0.826113771 -0.00722098698 0)
(0.802020424 -0.0122365021 0)
(0.763538946 -0.02138921 0)
(0.699488893 -0.0388386142 0)
(0.584557336 -0.0722732739 0)
(0.407900534 -0.128436308 0)
(0.300688067 -0.152947536 0)
(0.00120416655 0.287432442 0)
(0.0133209323 0.293872147 0)
(0.140044421 0.209904864 0)
(0.264971571 0.142986168 0)
(0.364177728 0.0968019883 0)
(0.440120058 0.0654411263 0)
(0.496541035 0.0439762556 0)
(0.536691063 0.0287011574 0)
(0.56327446 0.0170798521 0)
(0.578137337 0.0074230846 0)
(0.582210284 -0.00150101159 0)
(0.575515253 -0.0107977522 0)
(0.557109248 -0.0217346511 0)
(0.524912992 -0.0361396934 0)
(0.475518404 -0.0569634995 0)
(0.404326002 -0.0889771525 0)
(0.305687295 -0.139150754 0)
(0.174497791 -0.215275201 0)
(0.0341065841 -0.310801155 0)
(0.010869156 -0.305909064 0)
(-0.0321467691 0.241773939 0)
(-0.0634303786 0.333547178 0)
(-0.0219362181 0.299502503 0)
(0.0505996108 0.240051672 0)
(0.127397368 0.183020811 0)
(0.1968186 0.135454528 0)
(0.254167098 0.0974523477 0)
(0.298088297 0.0668891745 0)
(0.32866567 0.041375824 0)
(0.346307818 0.0187814581 -2.35797052e-33)
(0.351211308 -0.0028094929 2.35797052e-33)
(0.343126748 -0.0252950447 0)
(0.32127758 -0.0508299448 0)
(0.284432899 -0.0820948306 0)
(0.231328814 -0.122479777 0)
(0.161916759 -0.175658042 0)
(0.0798350192 -0.243208457 0)
(-0.00333734118 -0.31798196 0)
(-0.0578531328 -0.366363501 0)
(-0.03138932 -0.270690675 0)
(-0.0261204181 0.182361581 0)
(-0.0666192841 0.316884147 0)
(-0.0735377906 0.330901753 0)
(-0.0481307307 0.295352919 0)
(-0.00567218819 0.244253511 0)
(0.0411124642 0.192431745 0)
(0.0845451007 0.145095044 0)
(0.120424328 0.103006635 0)
(0.146585241 0.0651543662 0)
(0.161925472 0.0298884056 2.3554659e-33)
(0.16581281 -0.00469432476 -2.3554659e-33)
(0.157798798 -0.0406696187 0)
(0.137586498 -0.0803027354 0)
(0.105285211 -0.125979578 0)
(0.0620900239 -0.179774808 0)
(0.0116092643 -0.242029719 0)
(-0.0380283814 -0.307764355 0)
(-0.072049094 -0.359579368 0)
(-0.0711639159 -0.355585635 0)
(-0.0287210554 -0.20917858 0)
(-0.0176296856 0.140767917 0)
(-0.05491655 0.281827211 0)
(-0.0828629995 0.324484372 0)
(-0.0880762307 0.31239681 0)
(-0.0751196997 0.274441987 0)
(-0.0526276383 0.226778431 0)
(-0.0275118588 0.177302821 0)
(-0.0045800973 0.12914543 0)
(0.0130234865 0.0829123668 0)
(0.0233567909 0.0379330335 -2.94545565e-34)
(0.025309738 -0.0071013972 2.94545565e-34)
(0.0184151995 -0.0537995242 0)
(0.00288698192 -0.103801259 0)
(-0.0200872007 -0.158367934 0)
(-0.0477707943 -0.217530721 0)
(-0.0750614619 -0.278347556 0)
(-0.0936267125 -0.331694805 0)
(-0.0922270572 -0.357398869 0)
(-0.0635074658 -0.318879888 0)
(-0.0207312584 -0.162076722 0)
(-0.0116542822 0.111592252 0)
(-0.0431522047 0.243765271 0)
(-0.0782839998 0.299859412 0)
(-0.100579263 0.305000841 0)
(-0.108310595 0.280421274 0)
(-0.105716515 0.240369187 0)
(-0.0975361837 0.19327777 0)
(-0.0877934549 0.143545374 0)
(-0.0795351934 0.0930260811 0)
(-0.0748272194 0.0420752371 0)
(-0.0748481391 -0.00975925772 0)
(-0.0799345874 -0.0632506221 0)
(-0.0895000281 -0.119033275 0)
(-0.101812876 -0.17699344 0)
(-0.113690948 -0.235297916 0)
(-0.120284782 -0.288849071 0)
(-0.115237027 -0.327084785 0)
(-0.0922711171 -0.331566554 0)
(-0.0521876281 -0.275119691 0)
(-0.0142847851 -0.127260096 0)
(-0.00803185794 0.0899680203 0)
(-0.0343052872 0.207876699 0)
(-0.0703686637 0.267741361 0)
(-0.100959318 0.283509155 0)
(-0.12150911 0.269753791 0)
(-0.133061968 0.237807853 0)
(-0.138135846 0.195384126 0)
(-0.139450251 0.147216491 0)
(-0.139365669 0.0958906864 0)
(-0.139599231 0.0425957655 0)
(-0.141114115 -0.0122625633 0)
(-0.144054671 -0.0685401676 0)
(-0.147657217 -0.125824598 0)
(-0.150140605 -0.182787206 0)
(-0.148667739 -0.236314551 0)
(-0.139565526 -0.280390163 0)
(-0.119015755 -0.304900545 0)
(-0.084874744 -0.294957288 0)
(-0.0422046486 -0.232154479 0)
(-0.0100065916 -0.100709815 0)
(-0.00589819022 0.0731569074 0)
(-0.0280514421 0.175459929 0)
(-0.0624620819 0.23345497 0)
(-0.0961931139 0.254650696 0)
(-0.123784289 0.248662384 0)
(-0.144336447 0.22397833 0)
(-0.158622043 0.187072461 0)
(-0.168069556 0.142434105 0)
(-0.174171017 0.092943339 0)
(-0.178091652 0.0403533064 0)
(-0.180456259 -0.0142245168 0)
(-0.181230009 -0.0698446746 0)
(-0.17964731 -0.125225757 0)
(-0.174205204 -0.178177565 0)
(-0.162809071 -0.224940952 0)
(-0.143212555 -0.259512831 0)
(-0.113841636 -0.273201299 0)
(-0.0753166189 -0.254896363 0)
(-0.0343189005 -0.19292578 0)
(-0.00728498667 -0.0799917733 0)
(-0.00459312086 0.0595160191 0)
(-0.023544168 0.146542621 0)
(-0.055342995 0.199662156 0)
(-0.0893196783 0.222701634 0)
(-0.12005182 0.22181942 0)
(-0.145609089 0.203131839 0)
(-0.16557065 0.171796557 0)
(-0.180317105 0.13177563 0)
(-0.190531084 0.0859405065 0)
(-0.196813739 0.0363510084 2.97711525e-34)
(-0.199448898 -0.0153915385 -2.97711525e-34)
(-0.198275628 -0.0677566358 0)
(-0.192646156 -0.118867796 0)
(-0.181489359 -0.166059312 0)
(-0.163546094 -0.205440874 0)
(-0.13785873 -0.231577791 0)
(-0.104503392 -0.237504902 0)
(-0.065663724 -0.215386222 0)
(-0.0281737984 -0.158249843 0)
(-0.00551069104 -0.0634668228 0)
(-0.00373314062 0.0480883437 0)
(-0.0201212296 0.120839402 0)
(-0.0490153886 0.167676444 0)
(-0.0816389845 0.190287498 0)
(-0.112989454 0.192487649 0)
(-0.14068056 0.178557136 4.67988095e-33)
(-0.163557387 0.152465458 0)
(-0.18124628 0.117555001 0)
(-0.19378418 0.0765047404 -4.7406384e-33)
(-0.20129698 0.0314709904 2.26596235e-36)
(-0.203789199 -0.0156743949 4.98649205e-36)
(-0.201035363 -0.0630555887 0)
(-0.192565926 -0.108481577 0)
(-0.177765516 -0.149141428 0)
(-0.156124914 -0.181360932 0)
(-0.127679788 -0.200524265 0)
(-0.0935645702 -0.201318535 0)
(-0.0566770414 -0.178463968 0)
(-0.0233146637 -0.128090138 0)
(-0.00429570415 -0.0500435342 0)
(-0.00311503927 0.0383306342 0)
(-0.0173631119 0.0980508564 0)
(-0.0433176157 0.138129971 0)
(-0.0737180771 0.1589792 0)
(-0.104104459 0.16283822 0)
(-0.131970538 0.152618179 -4.67988095e-33)
(-0.155761611 0.131295708 0)
(-0.174612854 0.101603284 0)
(-0.188100217 0.0659289959 4.7406384e-33)
(-0.195997427 0.0263693577 1.49106862e-33)
(-0.198111621 -0.0151233239 -1.49832107e-33)
(-0.194204012 -0.0565442432 0)
(-0.183996554 -0.0956260317 0)
(-0.167277168 -0.129654837 0)
(-0.144124396 -0.155368916 0)
(-0.11525247 -0.169022502 0)
(-0.0823814126 -0.166713894 0)
(-0.0485941033 -0.145040224 0)
(-0.019397593 -0.102103345 0)
(-0.0034209078 -0.0390049988 0)
(-0.00263393681 0.0299262623 0)
(-0.0150226227 0.0779301316 0)
(-0.0380974162 0.111311117 0)
(-0.0658175641 0.129695798 0)
(-0.0942794777 0.134263877 0)
(-0.121044035 0.126925339 0)
(-0.144383613 0.109860568 0)
(-0.163148979 0.0852480517 0)
(-0.1766195 0.0551416452 0)
(-0.184335475 0.0214703166 2.99742679e-34)
(-0.185982946 -0.0138813698 -2.99742679e-34)
(-0.181343682 -0.0489515462 0)
(-0.170313963 -0.0815745552 0)
(-0.152999246 -0.109289264 0)
(-0.129891601 -0.129330732 0)
(-0.102114503 -0.138764247 0)
(-0.0716393861 -0.134816144 0)
(-0.0414365985 -0.115407292 0)
(-0.0161843489 -0.0798582218 0)
(-0.00276403226 -0.0298606565 0)
(-0.00223473935 0.0226800204 0)
(-0.0129541301 0.0602838564 0)
(-0.0332381459 0.087330841 0)
(-0.058055522 0.102954508 0)
(-0.084035378 0.107621825 0)
(-0.10890609 0.102520706 0)
(-0.130914089 0.0892086448 0)
(-0.148775835 0.069381866 0)
(-0.161603543 0.0447501705 0)
(-0.168801282 0.0170067402 3.00137263e-34)
(-0.169993547 -0.0121372139 -3.00137263e-34)
(-0.16499968 -0.0408861865 0)
(-0.153857541 -0.0672953819 0)
(-0.136899079 -0.0892417057 0)
(-0.114876631 -0.104468697 0)
(-0.0891189046 -0.110744415 0)
(-0.0616328458 -0.106158117 0)
(-0.0351269792 -0.0895353402 0)
(-0.0135037454 -0.0609264445 0)
(-0.00225327301 -0.0222578266 0)
(-0.00188545914 0.0164662537 0)
(-0.0110624904 0.044964535 0)
(-0.0286411453 0.0662105053 0)
(-0.0504611247 0.0790278243 0)
(-0.0736531569 0.0834123388 0)
(-0.0961641779 0.0800414923 0)
(-0.116305924 0.0699953552 0)
(-0.132763348 0.0545610828 0)
(-0.144575602 0.0351143631 0)
(-0.151082428 0.0130747411 0)
(-0.151887887 -0.010088148 0)
(-0.146853005 -0.0328250788 0)
(-0.136119511 -0.0534823604 0)
(-0.12016426 -0.0703098602 0)
(-0.0998793382 -0.0815299495 0)
(-0.0766571162 -0.0854921335 0)
(-0.0524122085 -0.0809235361 0)
(-0.0295300352 -0.0672469514 0)
(-0.0112185759 -0.0449266664 0)
(-0.00184129887 -0.0159381065 0)
(-0.0015625186 0.0112077508 0)
(-0.00926988432 0.0318705336 0)
(-0.024202526 0.047936871 0)
(-0.042988447 0.0580490713 0)
(-0.0632319098 0.0619115067 0)
(-0.0831208636 0.0598559258 0)
(-0.101086248 0.0526055565 0)
(-0.115849138 0.0411071688 0)
(-0.126440934 0.0264236288 0)
(-0.132187239 0.00968560884 0)
(-0.132697627 -0.00791670831 0)
(-0.127870713 -0.0251250444 0)
(-0.11791546 -0.0406102738 0)
(-0.103386539 -0.0529974574 0)
(-0.0852272565 -0.0609387036 0)
(-0.0648019873 -0.0632496897 0)
(-0.0438652597 -0.0591133826 0)
(-0.0244674992 -0.0483249878 0)
(-0.0092030938 -0.0315520068 0)
(-0.00149088467 -0.0107193795 0)
(-0.00124268968 0.00687237173 0)
(-0.00749726303 0.0209539397 0)
(-0.0197996814 0.0325014271 0)
(-0.0355242013 0.0400872958 0)
(-0.0527239651 0.0432717634 0)
(-0.0698331002 0.0421741894 0)
(-0.0854326527 0.0372606253 0)
(-0.0983251713 0.0291991495 0)
(-0.107580792 0.0187673554 0)
(-0.112546727 0.00680864043 0)
(-0.112854334 -0.00578010923 0)
(-0.108431625 -0.0180487513 0)
(-0.0995214454 -0.0289997683 0)
(-0.0867021686 -0.0376160643 0)
(-0.070903982 -0.0429246776 0)
(-0.0534054961 -0.0441071907 0)
(-0.0357703078 -0.0406592882 0)
(-0.019728102 -0.0325810774 0)
(-0.00733072708 -0.0205903298 0)
(-0.00116697578 -0.0064922683 0)
(-0.000899879573 0.00347704608 0)
(-0.00566092715 0.0122244322 0)
(-0.0152978472 0.0199179416 0)
(-0.0279091992 0.0251886507 0)
(-0.041970842 0.0275859263 0)
(-0.0561592815 0.0271262711 0)
(-0.0692274766 0.0240986788 0)
(-0.0800968134 0.0189454377 0)
(-0.0879159933 0.0121895933 0)
(-0.0920844252 0.00440206117 0)
(-0.0922681549 -0.00380768052 0)
(-0.0884155123 -0.0117927641 0)
(-0.080772487 -0.0188748713 0)
(-0.0698942019 -0.0243659696 0)
(-0.056645455 -0.0276151923 0)
(-0.0421770535 -0.028088707 0)
(-0.027846901 -0.0254864199 0)
(-0.0150887325 -0.0198866108 0)
(-0.00547449301 -0.0119313552 0)
(-0.000833546592 -0.00322197379 0)
(-0.00050750607 0.00108920805 0)
(-0.00368888809 0.0057401429 0)
(-0.0105872223 0.0102223845 0)
(-0.0199879401 0.0134022149 0)
(-0.0307553003 0.0149400926 0)
(-0.0418076604 0.0148327156 0)
(-0.0521004748 0.0132501848 0)
(-0.0607205893 0.0104516843 0)
(-0.06694258 0.00673882062 0)
(-0.0702538305 0.00243728321 0)
(-0.070371192 -0.00210635519 0)
(-0.0672558432 -0.0065233902 0)
(-0.0611263903 -0.0104252529 0)
(-0.0524664942 -0.0134154667 0)
(-0.0420201053 -0.0151167091 0)
(-0.0307626625 -0.0152183507 0)
(-0.0198243304 -0.0135494066 0)
(-0.0103615222 -0.010176167 0)
(-0.00352670112 -0.00555507432 0)
(-0.000456469922 -0.000945965337 0)
(-6.4491118e-05 -0.000176242696 0)
(-0.00159898773 0.00163661791 0)
(-0.0056951854 0.00359860518 0)
(-0.011719929 0.00501068239 0)
(-0.0188880506 0.00571684636 0)
(-0.0263913926 0.00573382531 0)
(-0.0334549912 0.00514771867 0)
(-0.0394085009 0.00407326906 0)
(-0.0437225452 0.00263489607 0)
(-0.0460238822 0.000961865245 0)
(-0.0461058248 -0.000810105201 0)
(-0.0439388745 -0.00253599278 0)
(-0.0396813853 -0.00406056489 0)
(-0.0336869555 -0.00522175514 0)
(-0.0265027345 -0.0058603026 0)
(-0.0188496242 -0.00583829422 0)
(-0.011567543 -0.00507039398 0)
(-0.00551559684 -0.00357095447 0)
(-0.00148203524 -0.00155258747 0)
(-3.10932792e-05 0.00023397779 0)
(0.000261394879 -0.000255578821 0)
(0.000151439245 0.000102073027 0)
(-0.00117495219 0.000547416763 0)
(-0.00348062925 0.000863518116 0)
(-0.00637558132 0.00102207882 0)
(-0.00946687388 0.00103797581 0)
(-0.0124000392 0.000936216257 0)
(-0.0148817793 0.000743061176 0)
(-0.0166860997 0.000483181885 0)
(-0.0176547231 0.000180090211 1.08300161e-33)
(-0.0176985189 -0.000142307675 -1.08300161e-33)
(-0.0168014869 -0.000458219814 0)
(-0.0150266312 -0.000739020958 0)
(-0.0125219019 -0.000953245183 0)
(-0.00952354853 -0.00106773133 0)
(-0.00635302249 -0.00105052453 0)
(-0.00340014871 -0.000876787335 0)
(-0.0010836152 -0.000539616193 0)
(0.000206110542 -8.25147934e-05 0)
(0.000274563541 0.000266745452 0)
)
;

boundaryField
{
    walls
    {
        type            fixedValue;
        value           uniform (0 0 0);
    }
    mov_wall
    {
        type            fixedValue;
        value           uniform (1 0 0);
    }
    empty
    {
        type            empty;
    }
}


// ************************************************************************* //
