/*--------------------------------*- C++ -*----------------------------------*\
| =========                 |                                                 |
| \\      /  F ield         | OpenFOAM: The Open Source CFD Toolbox           |
|  \\    /   O peration     | Version:  5.x                                   |
|   \\  /    A nd           | Web:      www.OpenFOAM.org                      |
|    \\/     M anipulation  |                                                 |
\*---------------------------------------------------------------------------*/
FoamFile
{
    version     2.0;
    format      ascii;
    class       volScalarField;
    location    "0.5";
    object      p;
}
// * * * * * * * * * * * * * * * * * * * * * * * * * * * * * * * * * * * * * //

dimensions      [0 2 -2 0 0 0 0];

internalField   nonuniform List<scalar> 
400
(
1.66229804e-06
2.45136223
3.4916541
3.89484809
4.10199244
4.22034905
4.29108781
4.33886966
4.37707427
4.41303155
4.45162835
4.497278
4.55491933
4.63201729
4.7419898
4.91096479
5.18759503
5.68811883
6.84397974
9.41331301
1.88765082
2.86715685
3.41849514
3.74539431
3.9625066
4.10749166
4.2064856
4.27930679
4.33874186
4.39321872
4.44917111
4.51237326
4.58949243
4.68929962
4.82513624
5.01820256
5.29754105
5.7010327
6.34006087
7.4288852
2.98477905
3.263873
3.54243266
3.76991278
3.94467126
4.07509478
4.17358664
4.25169129
4.31838114
4.38061232
4.44423881
4.51482401
4.59838119
4.70215468
4.83546733
5.01034301
5.23912617
5.52596191
5.86164835
6.19797434
3.53241059
3.58834413
3.72350539
3.86625351
3.98965341
4.09175879
4.17640106
4.24867556
4.31371551
4.37626076
4.44071368
4.51140095
4.59278986
4.68968734
4.80707799
4.949441
5.11867499
5.3073309
5.47953472
5.55921684
3.85038253
3.83125073
3.88833513
3.971796
4.05437004
4.13022032
4.19883743
4.26165358
4.3211498
4.38017709
4.44168084
4.50858969
4.58376619
4.66983781
4.76854901
4.87973015
4.99980452
5.11749284
5.19747694
5.1836335
4.05243653
4.00883686
4.02554718
4.07139572
4.12475601
4.17938545
4.23314783
4.28569586
4.33790261
4.39124666
4.44743338
4.50816755
4.57493045
4.64862343
4.72889114
4.81316489
4.89586583
4.96598286
4.99535781
4.94751964
4.18742017
4.13915893
4.13634311
4.15949969
4.19292569
4.23146779
4.2727279
4.31563226
4.36015413
4.40684562
4.45647807
4.50977931
4.56716005
4.62833298
4.69174041
4.75389025
4.80914674
4.84856517
4.85165799
4.79549869
4.28161259
4.23571479
4.22399906
4.23385288
4.25413293
4.28101415
4.31236501
4.34691349
4.38417181
4.42410519
4.46683082
4.51237135
4.56039784
4.6099067
4.65880256
4.7035242
4.73921049
4.75926197
4.74938183
4.69512705
4.34917776
4.30768868
4.29237724
4.29462273
4.30642089
4.32505607
4.34879665
4.37640785
4.40719315
4.4407678
4.47682234
4.51491738
4.55427355
4.59353361
4.63049564
4.66195237
4.68404183
4.69216352
4.67645544
4.62758909
4.39800764
4.36128169
4.34505452
4.34309384
4.34949658
4.36236581
4.38034801
4.40233323
4.42755424
4.45543455
4.4854101
4.51677187
4.54851129
4.57916458
4.60666492
4.6283158
4.64119957
4.64223151
4.62456746
4.58194072
4.43292125
4.40078884
4.38501205
4.38087352
4.38389887
4.39276625
4.40643264
4.42393352
4.44450441
4.46748012
4.49216475
4.51771888
4.54305665
4.56675687
4.58699824
4.60160559
4.60844568
4.60551131
4.58797898
4.5514514
4.45714438
4.42929416
4.41466261
4.40956736
4.41054371
4.41666865
4.42714119
4.44113661
4.45793079
4.47683462
4.49710216
4.5178556
4.53802473
4.55630728
4.57115708
4.58086295
4.58389887
4.57899345
4.56268238
4.5317559
4.4729863
4.4490912
4.43595146
4.43064729
4.43046496
4.43476272
4.44292706
4.4542593
4.46809283
4.48375193
4.50048983
4.51744381
4.53360722
4.54782409
4.55880882
4.56523456
4.56602738
4.5604082
4.54584672
4.51992826
4.48217243
4.46193745
4.45045142
4.44540091
4.44466708
4.44781697
4.45438618
4.46378718
4.4754152
4.488625
4.50269257
4.51679402
4.53000207
4.54130399
4.5496394
4.55398715
4.55360506
4.54804543
4.53544878
4.51397165
4.48603222
4.46921793
4.45944203
4.45492019
4.45404599
4.45655721
4.46211453
4.47022751
4.48034842
4.49186362
4.5040753
4.51619962
4.52738194
4.5367313
4.54336932
4.54651231
4.54566381
4.5406114
4.53001943
4.51250424
4.48564073
4.47207018
4.46398261
4.46011665
4.45935808
4.46160493
4.46663014
4.47402659
4.48329071
4.4938284
4.504955
4.51591034
4.52588934
4.53408937
4.539768
4.54232214
4.54144366
4.53710888
4.52845109
4.51452829
4.48197731
4.4715157
4.46501046
4.46178788
4.46126051
4.46349759
4.4683785
4.47556401
4.4845745
4.49481222
4.50557993
4.51611138
4.52561591
4.53333719
4.53862083
4.54099588
4.54030544
4.53670458
4.52981604
4.51920711
4.47613377
4.46856647
4.463367
4.46058862
4.46024979
4.46261414
4.46766004
4.4750932
4.4844275
4.49502724
4.5061449
4.51696679
4.52666972
4.53449166
4.53981177
4.54224212
4.54174828
4.53867739
4.5332215
4.52560998
4.46953856
4.46409647
4.45931786
4.45630916
4.4558169
4.45832033
4.4638629
4.47213755
4.4825874
4.49447289
4.50692775
4.51901672
4.52980221
4.53842688
4.54421112
4.54676714
4.54613529
4.54287942
4.53790082
4.53245341
4.46433794
4.45904836
4.45285082
4.4483361
4.44701453
4.44956634
4.45601687
4.4659385
4.47859761
4.49304969
4.50820847
4.52290853
4.53597706
4.54632639
4.55307363
4.55569405
4.55421259
4.54941513
4.54297567
4.537667
)
;

boundaryField
{
    walls
    {
        type            zeroGradient;
    }
    mov_wall
    {
        type            zeroGradient;
    }
    empty
    {
        type            empty;
    }
}


// ************************************************************************* //
