/*--------------------------------*- C++ -*----------------------------------*\
| =========                 |                                                 |
| \\      /  F ield         | OpenFOAM: The Open Source CFD Toolbox           |
|  \\    /   O peration     | Version:  5.x                                   |
|   \\  /    A nd           | Web:      www.OpenFOAM.org                      |
|    \\/     M anipulation  |                                                 |
\*---------------------------------------------------------------------------*/
FoamFile
{
    version     2.0;
    format      ascii;
    class       surfaceScalarField;
    location    "0.5";
    object      phi;
}
// * * * * * * * * * * * * * * * * * * * * * * * * * * * * * * * * * * * * * //

dimensions      [0 3 -1 0 0 0 0];

internalField   nonuniform List<scalar> 
760
(
0.00134870343
-0.00134870424
0.00245801224
-0.00110930889
0.00313423837
-0.000676226087
0.00355658166
-0.000422343266
0.00382628583
-0.000269704008
0.00400049988
-0.000174214008
0.0041135278
-0.000113027927
0.00418537185
-7.18440575e-05
0.00422722152
-4.18495942e-05
0.00424487493
-1.76534129e-05
0.00424037236
4.50257e-06
0.00421274364
2.7628797e-05
0.00415725306
5.54906488e-05
0.00406375907
9.34940049e-05
0.00391263715
0.000151121933
0.00366718787
0.000245449331
0.00326055404
0.000406633879
0.00257175295
0.000688801077
0.00140854312
0.00116320973
0.00140854304
-5.47708589e-05
-0.00129393323
0.000410831372
-0.00157491109
0.00102456758
-0.00128996225
0.0015678035
-0.000965579108
0.00199736396
-0.000699264515
0.00232044287
-0.000497292926
0.00255441541
-0.000347000365
0.00271539763
-0.000232826229
0.00281523725
-0.000141689148
0.00286101842
-6.34345412e-05
0.00285523641
1.02846223e-05
0.00279540679
8.74584733e-05
0.00267386771
0.000177029765
0.00247659675
0.000290764969
0.00218254477
0.000445173902
0.00176569258
0.000662301529
0.00120828754
0.000964038972
0.000548430629
0.0013486581
1.19275479e-05
0.00169971297
0.00142047055
-0.000272836743
-0.00102109654
-0.000225681073
-0.00162206666
6.07719119e-05
-0.0015764152
0.000427834392
-0.00133264161
0.00078503605
-0.00105646617
0.00109261884
-0.000804875679
0.00133689562
-0.000591277081
0.00151589867
-0.00041182926
0.00163158117
-0.000257371609
0.00168586063
-0.000117713973
0.00167874614
1.73991905e-05
0.00160756804
0.000158636684
0.00146697221
0.000317625661
0.00125015247
0.000507584716
0.000952687764
0.000742638612
0.000581833451
0.00103315585
0.000175351764
0.00137052061
-0.000167222628
0.00169123246
-0.000263725497
0.00179621592
0.00115674504
-0.000229939959
-0.000791156531
-0.000368357705
-0.00148364886
-0.000323117551
-0.00162165529
-0.000159006291
-0.00149675286
5.46979425e-05
-0.00127017031
0.00027013998
-0.00102031767
0.00045905629
-0.000780193425
0.000606522585
-0.000559295579
0.000705138304
-0.000355987277
0.000751052812
-0.000163628451
0.000741746885
2.67051377e-05
0.000675266159
0.000225117418
0.000550739472
0.000442152326
0.000370778832
0.000687545348
0.000146428074
0.000966989439
-9.45747573e-05
0.00127415878
-0.000297800108
0.00157374601
-0.000377951381
0.00177138371
-0.00024943834
0.0016677029
0.000907306681
-0.000171545527
-0.000619611133
-0.000360641769
-0.00129455255
-0.00044861149
-0.0015336855
-0.000435878861
-0.00150948551
-0.00035693785
-0.00134911132
-0.000247874394
-0.00112938109
-0.000136756692
-0.00089131109
-4.26556731e-05
-0.00065339654
2.2405809e-05
-0.000421048699
5.1263505e-05
-0.000192486137
4.01469048e-05
3.78217439e-05
-1.16670899e-05
0.000276931424
-0.000101052598
0.000531537826
-0.000218848772
0.000805341525
-0.000346280082
0.0010944208
-0.000451116008
0.00137899478
-0.00048727635
0.00160990641
-0.000406330614
0.00169043797
-0.000198860418
0.00146023268
0.000708446232
-0.000126882037
-0.000492729085
-0.000317102726
-0.00110433179
-0.000467450541
-0.00138333771
-0.00054950206
-0.00142743397
-0.000571352228
-0.00132726116
-0.000553344049
-0.00114738924
-0.000516413055
-0.00092824206
-0.000477608852
-0.000692200713
-0.000449159815
-0.000449497738
-0.000438803606
-0.000202842387
-0.000450172906
4.91910245e-05
-0.000482733754
0.000309492282
-0.000531039087
0.000579843183
-0.000583365147
0.000857667623
-0.00062032214
0.00113137782
-0.000615013064
0.00137368573
-0.000538222272
0.00153311566
-0.000374068185
0.00152628388
-0.000152649848
0.00123881431
0.000555796361
-9.69431413e-05
-0.000395785932
-0.0002722891
-0.000928985847
-0.000445328734
-0.00121029811
-0.000579318087
-0.00129344454
-0.00066697733
-0.00123960192
-0.000715658327
-0.00109870819
-0.000737751108
-0.000906149238
-0.000745521989
-0.000684429795
-0.000748773014
-0.000446246713
-0.000753934435
-0.000197680985
-0.00076367074
5.89273318e-05
-0.000776518831
0.000322340381
-0.000786401663
0.000589726029
-0.000782227786
0.000853493781
-0.000748257161
0.00109740721
-0.000666636859
0.00129206545
-0.000524319418
0.00139079824
-0.00032667649
0.00132864093
-0.000117977494
0.00103011527
0.000437818853
-7.70701405e-05
-0.000318715762
-0.000233731523
-0.000772324457
-0.000408797426
-0.00103523217
-0.000566347107
-0.00113589478
-0.000691734608
-0.00111421439
-0.00078352364
-0.00100691911
-0.000846772496
-0.000842900356
-0.000888543338
-0.000642658942
-0.000915251045
-0.000419539028
-0.000931211599
-0.000181720449
-0.000937846552
6.55622881e-05
-0.000933228058
0.000317721887
-0.000911894323
0.0005683923
-0.000865173217
0.000806772695
-0.000782573186
0.00101480718
-0.000655155319
0.00116464758
-0.000481907697
0.00121755062
-0.000279450424
0.00112618359
-9.29465423e-05
0.000843611347
0.000344872288
-6.31819284e-05
-0.000255533868
-0.000201358464
-0.000634147933
-0.000368110468
-0.000868480161
-0.000531562374
-0.000972442876
-0.000674462738
-0.000971314023
-0.000790184482
-0.000891197312
-0.000878429137
-0.000754655669
-0.000941805474
-0.000579282576
-0.000983452601
-0.00037789189
-0.00100553108
-0.000159641957
-0.00100834081
6.83720325e-05
-0.000989912478
0.000299293548
-0.000946070812
0.000524550627
-0.000871163083
0.00073186496
-0.000759814616
0.000903458696
-0.000610157511
0.00101499045
-0.000428762626
0.00103615573
-0.000236709144
0.000934130024
-7.44589288e-05
0.000681361122
0.000270413333
-5.27764724e-05
-0.000202757387
-0.000173742282
-0.000513182102
-0.000327216392
-0.000715006046
-0.000486015133
-0.000813644093
-0.000632803129
-0.000824525963
-0.000758310084
-0.000765690269
-0.000858747072
-0.000654218626
-0.000933402707
-0.000504626899
-0.000982760319
-0.000328534253
-0.0010071915
-0.000135210756
-0.00100617415
6.73546726e-05
-0.000977994527
0.000271113891
-0.000919966524
0.000466522612
-0.000829294599
0.000641193017
-0.000704759818
0.000778923918
-0.000549349607
0.000859580213
-0.000373657483
0.000860463623
-0.000199265606
0.000759738098
-6.03081786e-05
0.000542403716
0.00021010515
-4.44828272e-05
-0.000158274538
-0.00014968305
-0.000407981822
-0.000287748987
-0.000576940133
-0.000435886382
-0.000665506619
-0.000577887283
-0.000682524989
-0.000703478052
-0.000640099439
-0.000806851136
-0.000550845528
-0.000885077928
-0.000426400103
-0.000936739619
-0.000276872556
-0.000960918634
-0.000111031741
-0.000956594531
6.30305368e-05
-0.000922465266
0.000236984593
-0.000857234428
0.000401291779
-0.000760429853
0.000544388429
-0.000633802686
0.00065229678
-0.0004832477
0.000709025192
-0.000320929945
0.000698145899
-0.000166919682
0.000605727823
-4.91528958e-05
0.000424636921
0.000160952246
-3.75758284e-05
-0.000120698744
-0.000128404515
-0.000317153096
-0.000250473565
-0.000454871121
-0.000384822416
-0.000531157702
-0.000516881784
-0.000550465587
-0.000636366817
-0.000520614398
-0.000736505606
-0.000450706762
-0.000813057105
-0.00034984862
-0.000863388583
-0.000226541068
-0.000885766389
-8.86539325e-05
-0.000878938835
5.62029469e-05
-0.000842055888
0.00020010162
-0.000774959567
0.000334195464
-0.000678865124
0.000448293953
-0.00055740667
0.000530838341
-0.000417914445
0.000569532894
-0.000272609124
0.000552840588
-0.000139198969
0.000472317646
-4.01840327e-05
0.000325621928
0.000120768181
-3.16592858e-05
-8.90394864e-05
-0.000109406431
-0.00023940593
-0.000215728461
-0.000348549078
-0.000334955031
-0.000411931072
-0.00045431631
-0.0004311043
-0.000564083042
-0.000410847679
-0.00065722432
-0.000357565499
-0.00072885683
-0.000278216105
-0.000775678012
-0.000179719855
-0.000795514811
-6.88171281e-05
-0.00078706892
4.77570127e-05
-0.000749905596
0.00016293827
-0.000684708663
0.000268998513
-0.000593793316
0.000357378548
-0.000481816891
0.000418861927
-0.000356543445
0.000444259381
-0.000229406562
0.00042570374
-0.000115535115
0.000358446182
-3.28751509e-05
0.000242961942
8.78930464e-05
-2.64783143e-05
-6.25611646e-05
-9.22816989e-05
-0.000173602526
-0.000183510467
-0.000257320267
-0.000287337473
-0.000308104026
-0.000392787711
-0.000325654072
-0.000490986144
-0.000312649263
-0.000575085725
-0.000273465914
-0.000640020698
-0.0002132811
-0.00068220932
-0.000137531195
-0.00069930638
-5.17200799e-05
-0.000690074919
3.85254954e-05
-0.000654417618
0.000127280949
-0.000593579806
0.000208160674
-0.000510500953
0.000274299641
-0.000410246661
0.000318607662
-0.000300394527
0.000334407208
-0.000191189381
0.000316498639
-9.52728915e-05
0.000262529662
-2.68291902e-05
0.000174518242
6.10638738e-05
-2.18119397e-05
-4.07492293e-05
-7.65807115e-05
-0.000118833741
-0.000153467832
-0.000180433141
-0.000242151078
-0.000219420775
-0.000333371349
-0.000234433823
-0.000419241342
-0.000226779289
-0.00049335755
-0.000199349703
-0.000550769526
-0.000155869098
-0.000587879425
-0.00010042128
-0.000602344852
-3.72547028e-05
-0.000593041139
2.92217021e-05
-0.000560115417
9.43552023e-05
-0.000505136662
0.000153181864
-0.00043131266
0.000200475563
-0.000343709705
0.000231004709
-0.000249373382
0.000240070827
-0.000157226509
0.000224351749
-7.76459486e-05
0.000182949072
-2.16891207e-05
0.000118561424
3.93747343e-05
-1.74164171e-05
-2.33328513e-05
-6.17426237e-05
-7.45075273e-05
-0.00012491078
-0.000117265033
-0.000198853158
-0.000145478412
-0.000275913493
-0.000157373498
-0.000349229761
-0.000153463039
-0.000412988576
-0.000135590911
-0.000462547879
-0.00010630981
-0.000494471768
-6.84974189e-05
-0.000506534458
-2.51920909e-05
-0.00049774064
2.04278181e-05
-0.000468388852
6.50034279e-05
-0.000420177105
0.000104970084
-0.000356320687
0.000136619101
-0.000281624769
0.000156308819
-0.00020243095
0.000160876997
-0.000126354514
0.000148275289
-6.17700291e-05
0.00011836463
-1.70896295e-05
7.38810284e-05
2.22851241e-05
-1.30099965e-05
-1.03229011e-05
-4.71113163e-05
-4.04061726e-05
-9.69015811e-05
-6.74748163e-05
-0.000156358178
-8.60218284e-05
-0.000219297548
-9.44341251e-05
-0.000279882051
-9.28785625e-05
-0.000332991644
-8.24813732e-05
-0.00037444529
-6.48562076e-05
-0.000401113419
-4.18293294e-05
-0.000410976516
-1.53290666e-05
-0.000403174278
1.26255271e-05
-0.000378069272
3.98984278e-05
-0.00033732124
6.42219748e-05
-0.00028394344
8.32412064e-05
-0.000222289414
9.46547596e-05
-0.000157901757
9.64893355e-05
-9.71584849e-05
8.75320129e-05
-4.66923862e-05
6.78985685e-05
-1.26451924e-05
3.98337114e-05
9.6399423e-06
-8.30207607e-06
-2.02085107e-06
-3.20622959e-05
-1.6645872e-05
-6.84740357e-05
-3.10630853e-05
-0.000113313097
-4.11827857e-05
-0.000161741444
-4.60058057e-05
-0.000208978343
-4.5641729e-05
-0.000250740049
-4.07197406e-05
-0.000283492723
-3.2103552e-05
-0.000304581244
-2.07407832e-05
-0.000312297128
-7.61319436e-06
-0.000305930275
6.25863144e-06
-0.00028582521
1.97933264e-05
-0.000253437722
3.18344156e-05
-0.000211364871
4.11683715e-05
-0.000163303089
4.65930263e-05
-0.000113872535
4.70587355e-05
-6.82453005e-05
4.19046651e-05
-3.15397515e-05
3.11930211e-05
-7.983064e-06
1.62770132e-05
1.65682097e-06
-3.19668588e-06
1.17582433e-06
-1.64186457e-05
-3.42381085e-06
-3.91528699e-05
-8.32883175e-06
-6.85800231e-05
-1.17556501e-05
-0.000101175682
-1.34101808e-05
-0.000133409837
-1.34075951e-05
-0.000162131168
-1.19983898e-05
-0.000184758602
-9.47607917e-06
-0.000199363083
-6.13632658e-06
-0.000204705582
-2.27080762e-06
-0.000200270007
1.82299455e-06
-0.000186305044
5.82841052e-06
-0.000163870937
9.40030769e-06
-0.000134868506
1.21658778e-05
-0.000102016282
1.37406994e-05
-6.87245843e-05
1.37670529e-05
-3.88051051e-05
1.19852012e-05
-1.59574409e-05
8.34528495e-06
-2.96106554e-06
3.28060526e-06
-1.30435422e-06
1.17581733e-06
-2.24803252e-06
-1.05768952e-05
-2.23325407e-05
-3.57426887e-05
-4.91502678e-05
-6.11486844e-05
-7.06247967e-05
-7.67611313e-05
-7.90319425e-05
-7.7208939e-05
-7.13805295e-05
-6.19802822e-05
-4.9814409e-05
-3.60737342e-05
-2.23067088e-05
-1.03215618e-05
-1.97630014e-06
1.30435423e-06
)
;

boundaryField
{
    walls
    {
        type            calculated;
        value           uniform 0;
    }
    mov_wall
    {
        type            calculated;
        value           uniform 0;
    }
    empty
    {
        type            empty;
        value           nonuniform 0();
    }
}


// ************************************************************************* //
