/*--------------------------------*- C++ -*----------------------------------*\
| =========                 |                                                 |
| \\      /  F ield         | OpenFOAM: The Open Source CFD Toolbox           |
|  \\    /   O peration     | Version:  5.x                                   |
|   \\  /    A nd           | Web:      www.OpenFOAM.org                      |
|    \\/     M anipulation  |                                                 |
\*---------------------------------------------------------------------------*/
FoamFile
{
    version     2.0;
    format      ascii;
    class       volVectorField;
    location    "0.5";
    object      U;
}
// * * * * * * * * * * * * * * * * * * * * * * * * * * * * * * * * * * * * * //

dimensions      [0 1 -1 0 0 0 0];

internalField   nonuniform List<vector> 
400
(
(0.291771045 0.149714185 0)
(0.38831717 0.128037983 0)
(0.557602264 0.0756719577 0)
(0.674414817 0.0431640201 0)
(0.742874581 0.0249687672 0)
(0.785584129 0.0146760112 0)
(0.813384057 0.00874518359 0)
(0.831358784 0.00516730902 0)
(0.842423997 0.0028153262 0)
(0.84822073 0.00106517727 2.66761155e-34)
(0.849508938 -0.000459863337 -2.66761155e-34)
(0.846393324 -0.00206376881 0)
(0.838331058 -0.00407928778 0)
(0.823899499 -0.00705800561 0)
(0.800298629 -0.0120646238 0)
(0.762327128 -0.0212237174 0)
(0.698758668 -0.038693876 0)
(0.584235988 -0.0721662862 0)
(0.407860777 -0.128393003 0)
(0.300718807 -0.152976121 0)
(0.00124277286 0.28756586 0)
(0.0132300828 0.293760763 0)
(0.139409036 0.209404698 0)
(0.263401734 0.142143566 0)
(0.361376677 0.0957441055 0)
(0.435939792 0.0643224943 0)
(0.491001268 0.0429449195 0)
(0.529967116 0.0278781241 0)
(0.555666104 0.0165490642 0)
(0.570027386 0.00722799336 0)
(0.574019624 -0.00135607128 0)
(0.567658624 -0.0103432602 0)
(0.54995626 -0.0210285994 0)
(0.518757631 -0.0352588673 0)
(0.470557942 -0.0559944621 0)
(0.400649087 -0.0880088875 0)
(0.303269812 -0.138272309 0)
(0.17320484 -0.214580779 0)
(0.0336674379 -0.310396275 0)
(0.0108185271 -0.30585047 0)
(-0.0321921713 0.241789527 0)
(-0.0638833403 0.332901622 0)
(-0.0233575629 0.298010393 0)
(0.0477679466 0.237830819 0)
(0.122843486 0.180343891 0)
(0.190398385 0.132656672 0)
(0.24592963 0.0948654694 0)
(0.288269161 0.0647965034 0)
(0.3176565 0.0399850437 0)
(0.334610814 0.0182111272 -2.36056181e-33)
(0.339386242 -0.0025310275 2.36056181e-33)
(0.331736749 -0.024223589 0)
(0.310838014 -0.0490919948 0)
(0.275368652 -0.079868539 0)
(0.22394187 -0.119975637 0)
(0.156363241 -0.17310228 0)
(0.0761111564 -0.240835763 0)
(-0.00540069367 -0.316037603 0)
(-0.0586268116 -0.365099867 0)
(-0.0315166019 -0.270294058 0)
(-0.0262469274 0.182058834 0)
(-0.0673978204 0.315342136 0)
(-0.0756259549 0.328009839 0)
(-0.0519643054 0.29134697 0)
(-0.0115169764 0.239570903 0)
(0.0331602293 0.18760086 0)
(0.0745789905 0.140645076 0)
(0.108723953 0.0993995784 0)
(0.13358987 0.0627394709 0)
(0.148191022 0.028874963 2.35845487e-33)
(0.15196028 -0.0042425315 -2.35845488e-33)
(0.144459592 -0.0388295938 0)
(0.125346743 -0.0772731817 0)
(0.0946377288 -0.122052618 0)
(0.0533941325 -0.175307741 0)
(0.00505840979 -0.237419291 0)
(-0.04242964 -0.303432928 0)
(-0.0744978389 -0.355971372 0)
(-0.0721008603 -0.353152169 0)
(-0.0288860369 -0.208306463 0)
(-0.0178065788 0.139991693 0)
(-0.0558909266 0.279129935 0)
(-0.0853303001 0.319941705 0)
(-0.0924300414 0.306408839 0)
(-0.081557748 0.267619413 0)
(-0.0611853651 0.21983373 0)
(-0.0380533718 0.170948504 0)
(-0.0168033859 0.124010652 0)
(-0.000434291276 0.0794812991 0)
(0.00921848836 0.0365065567 -2.94970145e-34)
(0.0111064934 -0.00642166545 2.94970145e-34)
(0.00477590934 -0.0511068556 0)
(-0.00960172353 -0.0993625226 0)
(-0.0309284325 -0.152590783 0)
(-0.0566008018 -0.210926655 0)
(-0.0816883683 -0.271499232 0)
(-0.0980564369 -0.325233159 0)
(-0.0946763575 -0.351987387 0)
(-0.0644371956 -0.31518382 0)
(-0.0208922754 -0.160699533 0)
(-0.0118449688 0.110271469 0)
(-0.0441595523 0.239816429 0)
(-0.0807688711 0.293607393 0)
(-0.104871503 0.297038285 0)
(-0.114540073 0.271532481 0)
(-0.113867243 0.231432346 0)
(-0.107448308 0.185163398 0)
(-0.0991710374 0.137025014 0)
(-0.0919643867 0.088699727 0)
(-0.0878057565 0.0403239216 0)
(-0.0878219428 -0.0087999811 0)
(-0.0923398049 -0.059688398 0)
(-0.100810152 -0.113198132 0)
(-0.111583574 -0.169403335 0)
(-0.121602353 -0.226615089 0)
(-0.126178606 -0.279840275 0)
(-0.119140761 -0.318586867 0)
(-0.0944053251 -0.324452697 0)
(-0.0529837464 -0.270250617 0)
(-0.0144174591 -0.125421473 0)
(-0.00820275905 0.0881256879 0)
(-0.0351911065 0.202758109 0)
(-0.0725235855 0.259932514 0)
(-0.104632923 0.273794507 0)
(-0.126772791 0.259075591 0)
(-0.139868227 0.227182821 0)
(-0.146327715 0.18580794 0)
(-0.148770699 0.139571231 0)
(-0.149472241 0.0908663512 0)
(-0.150084887 0.0406341793 0)
(-0.151534232 -0.0109995561 0)
(-0.153959762 -0.0641744359 0)
(-0.156629971 -0.11874292 0)
(-0.157833615 -0.173605182 0)
(-0.154839662 -0.225829683 0)
(-0.14411163 -0.269533111 0)
(-0.121985517 -0.294686841 0)
(-0.086471078 -0.286434309 0)
(-0.0427853882 -0.226334699 0)
(-0.0100984329 -0.0985078319 0)
(-0.00602415711 0.0708941002 0)
(-0.0286967884 0.169409546 0)
(-0.0640154149 0.224428312 0)
(-0.0988106165 0.243594083 0)
(-0.127489449 0.236643176 0)
(-0.14907113 0.212115242 0)
(-0.16425861 0.176448173 0)
(-0.174419619 0.134005284 0)
(-0.180995258 0.0874600119 0)
(-0.185112273 0.0382975621 0)
(-0.18737368 -0.0126750301 0)
(-0.187744415 -0.0648257306 0)
(-0.185484234 -0.117170576 0)
(-0.179142802 -0.167780471 0)
(-0.166704289 -0.213107035 0)
(-0.146021679 -0.247300174 0)
(-0.115628834 -0.261758351 0)
(-0.0762457002 -0.245391142 0)
(-0.0346405876 -0.18646447 0)
(-0.00733081057 -0.0775557127 0)
(-0.00465975523 0.0569859889 0)
(-0.0238784226 0.139907659 0)
(-0.0561305653 0.18988836 0)
(-0.090615442 0.210844481 0)
(-0.121839919 0.209024636 0)
(-0.147836896 0.190576028 0)
(-0.168159558 0.160607657 0)
(-0.183168347 0.122947273 0)
(-0.193529578 0.0802519661 0)
(-0.199831962 0.0343035748 2.98171074e-34)
(-0.20235294 -0.0136146021 -2.98171074e-34)
(-0.200934717 -0.0623031251 0)
(-0.194945596 -0.110203371 0)
(-0.183345358 -0.154931479 0)
(-0.164919758 -0.192825325 0)
(-0.138765104 -0.21861239 0)
(-0.105010874 -0.225414326 0)
(-0.0658806025 -0.205396922 0)
(-0.0282244972 -0.15149867 0)
(-0.00551039385 -0.0609384419 0)
(-0.00373657408 0.0454683172 0)
(-0.0201234484 0.114020038 0)
(-0.0489868236 0.157690281 0)
(-0.0815322169 0.178233462 0)
(-0.112755354 0.179535013 0)
(-0.140281253 0.165892186 4.68382528e-33)
(-0.162973283 0.141218311 0)
(-0.180477431 0.108718847 0)
(-0.192847461 0.0708582099 -4.74637873e-33)
(-0.200221302 0.0295144585 2.39804775e-36)
(-0.20261095 -0.0137607245 4.91248588e-36)
(-0.199795731 -0.0574275143 0)
(-0.191310743 -0.0996200208 0)
(-0.176546918 -0.13781694 0)
(-0.155002681 -0.168577461 0)
(-0.126719189 -0.187446683 0)
(-0.0928281712 -0.189187701 0)
(-0.0562087613 -0.168502054 0)
(-0.0231083858 -0.121403979 0)
(-0.00425295834 -0.0475625167 0)
(-0.0030601981 0.0357958893 0)
(-0.0170558155 0.0914456749 0)
(-0.0425247243 0.128463135 0)
(-0.0722963388 0.147324776 0)
(-0.10197566 0.150332901 0)
(-0.12911403 0.14040992 -4.68382528e-33)
(-0.152216821 0.120475101 0)
(-0.170475736 0.0931276956 0)
(-0.183513751 0.0605487191 4.74637873e-33)
(-0.19113853 0.0245657447 1.49297366e-33)
(-0.193176451 -0.0131798993 -1.50028419e-33)
(-0.189393565 -0.0510117297 0)
(-0.179503863 -0.0869816122 0)
(-0.163276283 -0.118660273 0)
(-0.140759961 -0.143013104 0)
(-0.11262801 -0.156445204 0)
(-0.0805458234 -0.155115227 0)
(-0.0475258264 -0.135581144 0)
(-0.0189689154 -0.0958076993 0)
(-0.00334226128 -0.0366973294 0)
(-0.00253213031 0.0276293541 0)
(-0.0144614804 0.0718904675 0)
(-0.0366719346 0.102434617 0)
(-0.0633018972 0.118970023 0)
(-0.0905694441 0.12274189 0)
(-0.116133192 0.115673158 0)
(-0.138361937 0.0998916512 0)
(-0.15619497 0.0774523494 0)
(-0.168984729 0.0502167134 0)
(-0.176324044 0.0198629992 3.00055097e-34)
(-0.177927662 -0.0120154366 -3.00055097e-34)
(-0.173581063 -0.0437655913 0)
(-0.16316004 -0.0735229816 0)
(-0.146727334 -0.0990944658 0)
(-0.12471198 -0.117926309 0)
(-0.098155478 -0.127218141 0)
(-0.0689309743 -0.12423881 0)
(-0.0398969944 -0.106851755 0)
(-0.015583242 -0.0742238134 0)
(-0.00265819594 -0.0278295743 0)
(-0.00210118605 0.02073633 0)
(-0.0122163518 0.0550805978 0)
(-0.0313652113 0.0796121685 0)
(-0.0547573902 0.0935735986 0)
(-0.0791845781 0.0975072113 0)
(-0.102503602 0.0926207353 0)
(-0.123085922 0.0804284082 0)
(-0.139762097 0.0625175558 0)
(-0.151738361 0.040426356 0)
(-0.158486157 0.0156232102 3.00399657e-34)
(-0.159665878 -0.0104428863 -3.00399657e-34)
(-0.155098859 -0.0362555858 0)
(-0.144791263 -0.0601427783 0)
(-0.129012009 -0.0802232843 0)
(-0.108422568 -0.0944286315 0)
(-0.0842371879 -0.100640824 0)
(-0.0583315851 -0.0969740262 0)
(-0.0332735474 -0.0821821128 0)
(-0.0127905792 -0.0561512507 0)
(-0.00213049349 -0.0205773209 0)
(-0.00173716879 0.0149457869 0)
(-0.0102359888 0.040768233 0)
(-0.0265333239 0.0598873885 0)
(-0.0467391371 0.0712670672 0)
(-0.0681688489 0.0749905136 0)
(-0.0889172197 0.0717637233 0)
(-0.107440512 0.0626350709 0)
(-0.12255596 0.04880062 0)
(-0.133411975 0.0314897618 0)
(-0.139426512 0.0119292449 0)
(-0.140244594 -0.00863713478 0)
(-0.135727507 -0.0289013944 0)
(-0.125976366 -0.04744585 0)
(-0.111389417 -0.0627291334 0)
(-0.0927472878 -0.0731336259 0)
(-0.0713050667 -0.0771009617 0)
(-0.0488248138 -0.0733679533 0)
(-0.0275352264 -0.0612771464 0)
(-0.0104595188 -0.0411251892 0)
(-0.00171282556 -0.0146487957 0)
(-0.00141675194 0.0101322143 0)
(-0.00844438823 0.0287436834 0)
(-0.0220773254 0.0431068108 0)
(-0.0392099625 0.052031445 0)
(-0.0576341186 0.0553183501 0)
(-0.0756932221 0.053334802 0)
(-0.0919726696 0.0467836551 0)
(-0.105336116 0.0365396924 0)
(-0.114933351 0.0235475743 0)
(-0.120174835 0.00878126471 0)
(-0.120714177 -0.00675332626 0)
(-0.11644896 -0.0219954348 0)
(-0.107541635 -0.035809573 0)
(-0.0944582439 -0.046991825 0)
(-0.0780179513 -0.0543239026 0)
(-0.0594349429 -0.0566924407 0)
(-0.0403011454 -0.0532789837 0)
(-0.0225063505 -0.0437969636 0)
(-0.00846616433 -0.0287511592 0)
(-0.00136859582 -0.00982644589 0)
(-0.0011159989 0.00621613737 0)
(-0.00675754303 0.0188533763 0)
(-0.0178613092 0.0291248484 0)
(-0.0320337404 0.0357865945 0)
(-0.0475011611 0.0384961712 0)
(-0.0628500428 0.0374104449 0)
(-0.076816425 0.0329840153 0)
(-0.088347549 0.0258316182 0)
(-0.096634499 0.0166416509 0)
(-0.10111147 0.00613883669 0)
(-0.10145488 -0.00491993085 0)
(-0.0975911643 -0.0157351496 0)
(-0.0897143211 -0.0254575221 0)
(-0.0783102151 -0.0332010331 0)
(-0.064180449 -0.0380914417 0)
(-0.0484502073 -0.0393621999 0)
(-0.0325206644 -0.0365016223 0)
(-0.017967195 -0.0294346291 0)
(-0.00668233173 -0.0187311707 0)
(-0.00106313504 -0.00596503382 0)
(-0.0008074115 0.00317106437 0)
(-0.00508105599 0.0110124867 0)
(-0.0137216489 0.0178335266 0)
(-0.0250024374 0.0224455542 0)
(-0.0375451325 0.0244841746 0)
(-0.0501663271 0.0239983981 0)
(-0.0617652984 0.0212710823 0)
(-0.0714014119 0.0167080997 0)
(-0.0783393966 0.0107714924 0)
(-0.0820624708 0.0039511749 0)
(-0.0822803484 -0.00323911874 0)
(-0.0789400664 -0.0102560623 0)
(-0.0722404867 -0.0165238484 0)
(-0.0626471975 -0.0214456338 0)
(-0.0509007969 -0.0244394021 0)
(-0.0380051381 -0.0250068343 0)
(-0.0251651812 -0.0228397526 0)
(-0.0136746945 -0.0179561457 0)
(-0.00497534754 -0.0108767367 0)
(-0.000760389475 -0.00299513648 0)
(-0.000461730415 0.00102808298 0)
(-0.0033250477 0.00520413331 0)
(-0.00950317925 0.00917290181 0)
(-0.0178875598 0.0119501102 0)
(-0.0274540682 0.0132578119 0)
(-0.0372411146 0.0131135977 0)
(-0.0463318297 0.0116834367 0)
(-0.0539338513 0.00920475762 0)
(-0.0594235884 0.00594392381 0)
(-0.062362305 0.002180399 0)
(-0.0625058273 -0.00179390386 0)
(-0.0598149867 -0.00566981763 0)
(-0.0544675999 -0.00911832576 0)
(-0.0468687778 -0.0117965994 0)
(-0.0376529562 -0.0133684655 0)
(-0.0276660733 -0.0135450261 0)
(-0.0179044974 -0.012150485 0)
(-0.00940552298 -0.00921248879 0)
(-0.0032246285 -0.00510427677 0)
(-0.000424747972 -0.00092377492 0)
(-7.04033965e-05 -0.000123965446 0)
(-0.00147359837 0.00151224415 0)
(-0.00516186904 0.00325154465 0)
(-0.0105455607 0.00448489741 0)
(-0.0169162141 0.00508575022 0)
(-0.023556702 0.00507802049 0)
(-0.0297880452 0.00454434296 0)
(-0.0350296932 0.00358966364 0)
(-0.0388276624 0.00232408417 0)
(-0.0408636126 0.000858682105 0)
(-0.0409603799 -0.000692298948 0)
(-0.0390892462 -0.00220751005 0)
(-0.0353793751 -0.00355584688 0)
(-0.0301266434 -0.00459752916 0)
(-0.0237965493 -0.00519107238 0)
(-0.0170124003 -0.00520887656 0)
(-0.0105124299 -0.00456506926 0)
(-0.00506542386 -0.00325820205 0)
(-0.00139447463 -0.00146063289 0)
(-4.45636294e-05 0.000170121855 0)
(0.000224709662 -0.000218793575 0)
(0.000100336054 0.00010726018 0)
(-0.00111425954 0.000503572852 0)
(-0.00319050016 0.000780171926 0)
(-0.00577625452 0.000915245638 0)
(-0.00852202365 0.000924027728 0)
(-0.0111167278 0.00082996544 0)
(-0.0133061761 0.000657028701 0)
(-0.0148967012 0.000427153679 0)
(-0.01575367 0.00016061344 1.08348704e-33)
(-0.015801097 -0.000122493572 -1.08348704e-33)
(-0.0150241048 -0.000400668836 0)
(-0.0134739579 -0.000649827506 0)
(-0.0112741769 -0.000842903967 0)
(-0.0086254004 -0.000950524225 0)
(-0.00580526105 -0.000943339588 0)
(-0.00315636809 -0.000797189279 0)
(-0.00105408138 -0.000502601239 0)
(0.000143347995 -9.35042309e-05 0)
(0.000236935607 0.000229283545 0)
)
;

boundaryField
{
    walls
    {
        type            fixedValue;
        value           uniform (0 0 0);
    }
    mov_wall
    {
        type            fixedValue;
        value           uniform (1 0 0);
    }
    empty
    {
        type            empty;
    }
}


// ************************************************************************* //
