/*--------------------------------*- C++ -*----------------------------------*\
| =========                 |                                                 |
| \\      /  F ield         | OpenFOAM: The Open Source CFD Toolbox           |
|  \\    /   O peration     | Version:  5.x                                   |
|   \\  /    A nd           | Web:      www.OpenFOAM.org                      |
|    \\/     M anipulation  |                                                 |
\*---------------------------------------------------------------------------*/
FoamFile
{
    version     2.0;
    format      ascii;
    class       volScalarField;
    location    "4.6";
    object      p;
}
// * * * * * * * * * * * * * * * * * * * * * * * * * * * * * * * * * * * * * //

dimensions      [0 2 -2 0 0 0 0];

internalField   nonuniform List<scalar> 
400
(
2.731958e-06
2.45246274
3.49432649
3.89888267
4.10665066
4.22471016
4.2942948
4.34028163
4.37634211
4.41011425
4.44676322
4.49091811
4.54765772
4.62449278
4.73480101
4.90459954
5.18238319
5.68420449
6.841319
9.411728
1.8867084
2.86729266
3.41988688
3.74774716
3.96518415
4.10975065
4.20767771
4.27899564
4.33674817
4.38961649
4.44424872
4.50657526
4.58333683
4.68330107
4.81972957
5.0136824
5.2940257
5.69847243
6.33841887
7.42837451
2.98208105
3.26253348
3.54233439
3.77068286
3.94570898
4.0757191
4.17322902
4.25000667
4.31527895
4.37623923
4.4389284
4.50902496
4.59257847
4.69678604
4.83085339
5.00664145
5.23632505
5.52394265
5.86049411
6.1982408
3.52778746
3.58534608
3.72178873
3.86538006
3.98906736
4.09083563
4.17461357
4.24571736
4.30953025
4.37102645
4.43477787
4.50520768
4.58679183
4.68425793
4.80245447
4.94569594
5.1157527
5.30515131
5.47834033
5.55964225
3.84422037
3.82688375
3.88518315
3.96938627
4.05222303
4.12779423
4.19567187
4.25748111
4.31592622
4.37409555
4.4350683
4.50186082
4.57733444
4.6640094
4.76350734
4.87551428
4.9963623
5.11480514
5.19584927
5.18371915
4.04550434
4.00366203
4.02142934
4.06785312
4.12138563
4.17574415
4.228858
4.28054096
4.33186343
4.38449497
4.4402742
4.50097125
4.56805201
4.64232966
4.72332966
4.80836964
4.89180998
4.96268118
4.99308388
4.94681125
4.18058893
4.13383404
4.13184198
4.15537178
4.18883672
4.22706985
4.26773011
4.30987491
4.35364055
4.39973457
4.44904156
4.50234004
4.56002205
4.62172496
4.68578865
4.74862926
4.804563
4.8446689
4.8486278
4.79368323
4.27566171
4.23084559
4.21966315
4.22967743
4.24984891
4.27635784
4.30712542
4.34098576
4.37758157
4.41700218
4.45945464
4.50499944
4.55328837
4.60325229
4.65270814
4.69801444
4.73426183
4.75484995
4.74556362
4.69204531
4.34467721
4.30373407
4.28863197
4.29083052
4.30237927
4.32057472
4.34373307
4.37070478
4.40089596
4.4340185
4.46983138
4.50792088
4.5474866
4.58711205
4.62451638
4.65641631
4.6788967
4.68733627
4.67188235
4.62321961
4.3952622
4.3585074
4.34216011
4.33996103
4.34599198
4.35836416
4.37576394
4.39714792
4.42182813
4.44930146
4.47905364
4.51038989
4.54227723
4.57319546
4.60100318
4.62292901
4.63599864
4.63709531
4.61932772
4.57638062
4.4319664
4.39926047
4.38305723
4.37851329
4.38106851
4.38939877
4.40249015
4.41942724
4.4395048
4.46211147
4.48658497
4.51208959
4.53751082
4.56137171
4.58177894
4.59648397
4.60329724
4.60017636
4.58220863
4.54489673
4.45777924
4.42889847
4.4135831
4.4079476
4.40838223
4.41394988
4.4238668
4.43734121
4.45369089
4.47226378
4.49233352
4.51301641
4.53320929
4.55155424
4.56643585
4.57607318
4.57888832
4.57357733
4.55655796
4.52448075
4.47483023
4.4495761
4.43556406
4.42962329
4.42885573
4.43259632
4.4402381
4.45110114
4.46454565
4.47991848
4.49648001
4.51335298
4.52949377
4.54369129
4.55459469
4.56081358
4.56122995
4.55503863
4.53957595
4.51226214
4.48473325
4.46296203
4.45049578
4.44475419
4.44341943
4.44603157
4.45212517
4.46112008
4.47242553
4.48540605
4.49933358
4.51336169
4.52652244
4.53774894
4.54592084
4.54996199
4.5490964
4.54285975
4.52925809
4.50627461
4.48877688
4.47040543
4.45962342
4.45439621
4.45293012
4.45493967
4.46008149
4.4678646
4.47774446
4.48910557
4.50123535
4.51331946
4.52445872
4.53370885
4.54013739
4.54291571
4.54152589
4.53575138
4.52413729
4.50513843
4.48806421
4.47305981
4.46401211
4.45945797
4.45813395
4.45992696
4.46460817
4.47176565
4.48088985
4.49137327
4.50250526
4.5134861
4.52346099
4.53157375
4.53703328
4.53920229
4.53776517
4.53271062
4.52308637
4.50782398
4.4836713
4.47201331
4.4646437
4.46076552
4.45970471
4.46153995
4.46615641
4.47320894
4.48220362
4.49251693
4.50341245
4.51407293
4.52365023
4.53133187
4.53641853
4.53841531
4.53717318
4.5328811
4.52512929
4.51341901
4.47685839
4.46839077
4.46243236
4.45901871
4.45816512
4.46017299
4.46503799
4.4724604
4.48193086
4.49277325
4.50418415
4.51528318
4.52517745
4.53304187
4.53821092
4.5402811
4.53924186
4.53550133
4.52929057
4.52085907
4.46928891
4.46319742
4.45767741
4.45397114
4.45292509
4.45509227
4.46054597
4.46897138
4.47977407
4.49215199
4.50515708
4.51776134
4.52893409
4.53773727
4.54343744
4.54563387
4.54440728
4.54041903
4.53470197
4.52866895
4.46345178
4.45752604
4.45037358
4.44493012
4.44290654
4.44509855
4.45157051
4.46187584
4.47521778
4.49055411
4.50667532
4.52227899
4.53605639
4.54680241
4.55355506
4.55576839
4.55352323
4.54775236
4.54035447
4.53446509
)
;

boundaryField
{
    walls
    {
        type            zeroGradient;
    }
    mov_wall
    {
        type            zeroGradient;
    }
    empty
    {
        type            empty;
    }
}


// ************************************************************************* //
