/*--------------------------------*- C++ -*----------------------------------*\
| =========                 |                                                 |
| \\      /  F ield         | OpenFOAM: The Open Source CFD Toolbox           |
|  \\    /   O peration     | Version:  5.x                                   |
|   \\  /    A nd           | Web:      www.OpenFOAM.org                      |
|    \\/     M anipulation  |                                                 |
\*---------------------------------------------------------------------------*/
FoamFile
{
    version     2.0;
    format      ascii;
    class       surfaceScalarField;
    location    "4.6";
    object      phi;
}
// * * * * * * * * * * * * * * * * * * * * * * * * * * * * * * * * * * * * * //

dimensions      [0 3 -1 0 0 0 0];

internalField   nonuniform List<scalar> 
760
(
0.0013481763
-0.0013481776
0.00245763962
-0.00110946332
0.00313513459
-0.000677494983
0.00355971566
-0.000424581076
0.00383225127
-0.000272535605
0.00400945214
-0.000177200847
0.0041252145
-0.000115762353
0.00419921708
-7.400258e-05
0.00424243235
-4.3215285e-05
0.00426055357
-1.81212264e-05
0.00425562235
4.9312414e-06
0.00422675778
2.88645774e-05
0.0041693894
5.73683765e-05
0.00407358504
9.580435e-05
0.00391995093
0.000153634113
0.00367201929
0.000247931653
0.00326316024
0.000408859069
0.00257264078
0.00069051945
0.00140850174
0.00116413902
0.00140850172
-5.46954566e-05
-0.00129348214
0.000412592473
-0.00157675123
0.00103002968
-0.00129493219
0.00157871378
-0.000973265179
0.00201483262
-0.000708654459
0.0023447772
-0.000507145422
0.00258511627
-0.000356101408
0.00275126939
-0.000240155677
0.00285456777
-0.000146513673
0.00290179529
-6.53487591e-05
0.00289536657
1.13599603e-05
0.00283293035
9.13008198e-05
0.00270712574
0.000183173006
0.00250436374
0.000298566342
0.00220410987
0.000453887967
0.0017809017
0.000671139815
0.00121756799
0.000972192815
0.000552812571
0.0013552749
1.30664952e-05
0.00170388511
0.0014215682
-0.000271734747
-0.0010217474
-0.00022102672
-0.00162745924
7.13676876e-05
-0.00158732657
0.000446285553
-0.00134818304
0.000812489594
-0.00107485851
0.00112929918
-0.000823955023
0.00138207824
-0.000608880458
0.00156800783
-0.000426085242
0.00168837693
-0.000266882759
0.0017446845
-0.000121656343
0.00173678972
1.92547317e-05
0.00166213438
0.000165956164
0.00151571286
0.000329594547
0.00129125423
0.000523024986
0.000985011681
0.000760130505
0.000605009627
0.00105114184
0.000189850686
0.00138735176
-0.000160045081
0.0017051707
-0.000261640616
0.00180548067
0.00115992757
-0.000227941633
-0.000793805774
-0.00036119741
-0.00149420346
-0.000308328317
-0.00164019565
-0.000134821295
-0.00152169004
8.92093034e-05
-0.00129888911
0.000314971784
-0.00104971752
0.000513262915
-0.000807171597
0.000668299949
-0.000581122257
0.000771990282
-0.000370573066
0.000820036083
-0.000169702142
0.00080972761
2.9563184e-05
0.000739200974
0.000236482789
0.000607935632
0.000460859911
0.000419110861
0.000711849789
0.000184524324
0.000994717045
-6.71911917e-05
0.00130285733
-0.000280617571
0.00160077812
-0.000369418497
0.00179397164
-0.00024699363
0.00168305584
0.000912933947
-0.00016896524
-0.000624840538
-0.000352016249
-0.00131115246
-0.000431557767
-0.00156065412
-0.000408909058
-0.00154433873
-0.000319435245
-0.00138836291
-0.000200095252
-0.00116905753
-7.98101644e-05
-0.000927456706
2.15781707e-05
-0.000682510589
9.14286393e-05
-0.000440423505
0.000122135352
-0.000200408833
0.000109757163
4.19413598e-05
5.36456663e-05
0.000292594257
-4.27490584e-05
0.000557254636
-0.000169694062
0.000838794828
-0.000307652434
0.00113267545
-0.000423468629
0.00141867352
-0.000470024889
0.00164733434
-0.000397824847
0.00172177158
-0.000196431039
0.00148166204
0.000716502928
-0.000124192139
-0.000500648389
-0.000308335677
-0.00112700894
-0.00045049417
-0.00141849563
-0.000523204091
-0.00147162879
-0.000535391116
-0.00137617585
-0.000508160869
-0.00119628777
-0.000463156951
-0.000972460649
-0.000418061016
-0.000727606543
-0.00038561908
-0.000472865423
-0.000373912107
-0.000212115767
-0.000386727949
5.47572141e-05
-0.000423459532
0.000329325811
-0.000478356423
0.000612151498
-0.000539178315
0.000899616735
-0.000585818893
0.00117931607
-0.000590512328
0.00142336698
-0.00052308513
0.00157990713
-0.000366699098
0.00156538552
-0.000150586002
0.00126554894
0.000565916947
-9.45729239e-05
-0.000406075443
-0.000264649756
-0.000956932123
-0.000430738433
-0.00125240698
-0.000556977009
-0.00134539021
-0.000636793273
-0.00129635956
-0.000678141799
-0.00115493921
-0.00069394396
-0.000956658494
-0.000696929299
-0.00072462124
-0.000697274128
-0.000472520606
-0.000701661808
-0.000207728052
-0.00071286073
6.59561797e-05
-0.000729336373
0.000345801451
-0.000744753838
0.00062756892
-0.000747580349
0.000902443219
-0.000721469933
0.00115320568
-0.000647843393
0.00134974049
-0.00051287691
0.00144494067
-0.000321206276
0.00137371486
-0.00011648571
0.00106082835
0.000449431239
-7.53437273e-05
-0.000330731695
-0.000228206809
-0.000804069033
-0.000398353681
-0.00108226013
-0.000550539575
-0.00119320434
-0.000670626511
-0.00117627261
-0.000757578378
-0.0010679873
-0.000816784828
-0.000897452019
-0.000855587473
-0.000685818619
-0.000880624356
-0.000447483765
-0.000896360387
-0.000191992019
-0.000904270119
7.38659627e-05
-0.000902360313
0.000343891686
-0.000884972212
0.000610180802
-0.000843104192
0.000860575149
-0.000765820233
0.00107592171
-0.000643664761
0.00122758505
-0.000475103937
0.00127637989
-0.000276309832
0.00117492078
-9.21328551e-05
0.000876651358
0.000357298368
-6.2288311e-05
-0.000268443375
-0.000198541311
-0.000667816004
-0.000362893649
-0.000917907794
-0.00052385075
-0.00103224727
-0.000664415279
-0.00103570811
-0.000778128966
-0.000954273586
-0.00086481219
-0.000810768744
-0.000927165477
-0.000623465317
-0.000968399711
-0.000406249573
-0.00099072127
-0.000169670503
-0.00099443642
7.75811298e-05
-0.000977525754
0.000326981083
-0.000935694993
0.000568350075
-0.00086310124
0.000787981368
-0.000754123186
0.000966943601
-0.000606626343
0.00108008819
-0.000426950424
0.001096704
-0.000236038282
0.000984008676
-7.43490079e-05
0.000714962096
0.000282949342
-5.27689883e-05
-0.0002156744
-0.00017381279
-0.000546772166
-0.00032755739
-0.000764163166
-0.000486865979
-0.000872938699
-0.000634380219
-0.000888193909
-0.000760757907
-0.000827895912
-0.000862116694
-0.000709409914
-0.000937654759
-0.000547927197
-0.000987783223
-0.000356121109
-0.00101282399
-0.000144629791
-0.00101222282
7.69799184e-05
-0.00098424074
0.000298999037
-0.000926163069
0.000510272471
-0.0008351588
0.000696977128
-0.00070997609
0.000841760859
-0.000553597353
0.000923709408
-0.000376677007
0.000919783647
-0.000200960058
0.000808291755
-6.08626202e-05
0.000574864689
0.000222086723
-4.5297951e-05
-0.000170376476
-0.000152453991
-0.000439616106
-0.000293299608
-0.000623317504
-0.000444763086
-0.000721475198
-0.000590345844
-0.000742611179
-0.000719473393
-0.000698768412
-0.000826046394
-0.000602836915
-0.00090687823
-0.000467095303
-0.000960347565
-0.000302651721
-0.000985403144
-0.000119574227
-0.000980963188
7.25398983e-05
-0.000945732162
0.000263767979
-0.000878480062
0.000443020411
-0.000778855057
0.000597352187
-0.000648784037
0.000711689863
-0.000494403548
0.00076932889
-0.000328204172
0.000753584231
-0.000170678388
0.000650765961
-5.02806646e-05
0.000454466986
0.000171806077
-3.90621927e-05
-0.000131314306
-0.000133403824
-0.000345274487
-0.000260349982
-0.000496371314
-0.000400388956
-0.000581436173
-0.000538431173
-0.000604568949
-0.000663692788
-0.00057350684
-0.000768938088
-0.000497591664
-0.000849523121
-0.000386510257
-0.000902500942
-0.000249673832
-0.000925934077
-9.61410448e-05
-0.000918488869
6.50946642e-05
-0.000879356223
0.000224635269
-0.000808535377
0.000372199541
-0.000707505294
0.000496322144
-0.000580261686
0.000584446313
-0.000434588323
0.000623655547
-0.000283248291
0.000602244175
-0.000144573377
0.000512091017
-4.17551997e-05
0.000351648803
0.000130050895
-3.36093987e-05
-9.77049059e-05
-0.000115973518
-0.000262910405
-0.000228685912
-0.000383658925
-0.00035533115
-0.000454790892
-0.000482448468
-0.000477451577
-0.000599656623
-0.000456298684
-0.000699324741
-0.000397923602
-0.00077605052
-0.000309784524
-0.000826127661
-0.000199596666
-0.000847124133
-7.51445006e-05
-0.000837646064
5.56166353e-05
-0.000797332197
0.00018432137
-0.000727102553
0.000301969837
-0.000629656466
0.000398876038
-0.00051016349
0.000464953373
-0.000377005135
0.000490497242
-0.000242314853
0.000467553911
-0.000121978232
0.00039175438
-3.47332237e-05
0.000264403775
9.53176737e-05
-2.8657466e-05
-6.90474095e-05
-9.96602203e-05
-0.000191907682
-0.000198117026
-0.000285202159
-0.000310357586
-0.000342550329
-0.000424616064
-0.000363193045
-0.000531265861
-0.000349648834
-0.000622765428
-0.000306424044
-0.000693446642
-0.000239103371
-0.000739258849
-0.000153784498
-0.000757558059
-5.68452583e-05
-0.000747003441
4.50620869e-05
-0.000707597913
0.000144915875
-0.000640884391
0.000235256284
-0.000550277084
0.000308268679
-0.000441462375
0.000356138649
-0.00032274587
0.000371780767
-0.000205166579
0.00034997466
-0.000102185432
0.000288773248
-2.88024141e-05
0.000191020748
6.65152489e-05
-2.39811854e-05
-4.50661837e-05
-8.39974107e-05
-0.000131891457
-0.000168257095
-0.000200942516
-0.000265595513
-0.000245211949
-0.000365935614
-0.000262852931
-0.000460594488
-0.000254989899
-0.0005424235
-0.000224594985
-0.000605821295
-0.000175705594
-0.000646681742
-0.000112924113
-0.000662339415
-4.11876171e-05
-0.000651561349
3.42840557e-05
-0.000614612932
0.000107967521
-0.000553400615
0.000174043995
-0.000471663889
0.000226531927
-0.000375154019
0.000259628738
-0.000271701973
0.000268328709
-0.000171058866
0.000249331575
-8.44170645e-05
0.000202131475
-2.35998579e-05
0.000130203553
4.29153817e-05
-1.93492195e-05
-2.57169419e-05
-6.84700074e-05
-8.27706331e-05
-0.000138506729
-0.000130905803
-0.000220638077
-0.000163080647
-0.000306428435
-0.000177062608
-0.000388228773
-0.000173189542
-0.000459474162
-0.000153349534
-0.000514859776
-0.000120319939
-0.000550429772
-7.73541374e-05
-0.000563627575
-2.79898694e-05
-0.000553348452
2.40049083e-05
-0.000520016444
7.46355455e-05
-0.000465682605
0.000119710208
-0.000394114897
0.000154964242
-0.000310822981
0.000176336803
-0.000222941275
0.000180446973
-0.000138894636
0.000165284927
-6.78135231e-05
0.000131050377
-1.87621098e-05
8.11521587e-05
2.41532731e-05
-1.45055466e-05
-1.12114057e-05
-5.25210977e-05
-4.47550343e-05
-0.000108122785
-7.53040859e-05
-0.000174687772
-9.65156716e-05
-0.000245343244
-0.000106407183
-0.000313520839
-0.000105011978
-0.000373387913
-9.34824364e-05
-0.000420129411
-7.35783836e-05
-0.000450116046
-4.73674691e-05
-0.000461009069
-1.70968669e-05
-0.000451841645
1.48374383e-05
-0.000423096927
4.58908091e-05
-0.000376775979
7.33892865e-05
-0.000316426446
9.46147493e-05
-0.000247079539
0.000106989915
-0.000175030351
0.000108397774
-0.000107403069
9.76576262e-05
-5.14858553e-05
7.51331591e-05
-1.3914625e-05
4.35809383e-05
1.02386561e-05
-9.20282757e-06
-2.00861074e-06
-3.56847477e-05
-1.82730816e-05
-7.6435514e-05
-3.45532745e-05
-0.000126810997
-4.6140161e-05
-0.000181408051
-5.18101439e-05
-0.000234817153
-5.16029189e-05
-0.000282132246
-4.61673676e-05
-0.000319263548
-3.64470588e-05
-0.000343116499
-2.35144699e-05
-0.000351700024
-8.51331608e-06
-0.000344207009
7.34440661e-06
-0.00032108444
2.27682062e-05
-0.000284086175
3.63910086e-05
-0.000236279541
4.68081352e-05
-0.000181958571
5.26689746e-05
-0.00012640374
5.28429585e-05
-7.54285407e-05
4.66824212e-05
-3.46816331e-05
3.43862416e-05
-8.71391332e-06
1.76132173e-05
1.52474876e-06
-3.43754626e-06
1.42890663e-06
-1.80438934e-05
-3.66672633e-06
-4.34060426e-05
-9.19109674e-06
-7.64336555e-05
-1.31125074e-05
-0.000113187136
-1.50566385e-05
-0.000149665103
-1.51249629e-05
-0.000182251552
-1.35809508e-05
-0.000207952861
-1.07457665e-05
-0.000224514099
-6.95321358e-06
-0.00023048475
-2.54262992e-06
-0.000225272631
2.13230666e-06
-0.000209197077
6.69264169e-06
-0.000183535365
1.07292747e-05
-0.000150536821
1.3809584e-05
-0.000113368298
1.55004644e-05
-7.59397575e-05
1.5414437e-05
-4.25472189e-05
1.32898927e-05
-1.72767374e-05
9.11575951e-06
-3.1038598e-06
3.44033726e-06
-1.57910946e-06
1.42889533e-06
-2.23785514e-06
-1.14289732e-05
-2.45414784e-05
-3.95980914e-05
-5.47230286e-05
-6.83039773e-05
-7.90497642e-05
-8.60029967e-05
-8.85456238e-05
-8.64132963e-05
-7.97206364e-05
-6.89913605e-05
-5.51817879e-05
-3.9681333e-05
-2.42668952e-05
-1.09769948e-05
-1.861229e-06
1.57911045e-06
)
;

boundaryField
{
    walls
    {
        type            calculated;
        value           uniform 0;
    }
    mov_wall
    {
        type            calculated;
        value           uniform 0;
    }
    empty
    {
        type            empty;
        value           nonuniform 0();
    }
}


// ************************************************************************* //
