/*--------------------------------*- C++ -*----------------------------------*\
| =========                 |                                                 |
| \\      /  F ield         | OpenFOAM: The Open Source CFD Toolbox           |
|  \\    /   O peration     | Version:  5.x                                   |
|   \\  /    A nd           | Web:      www.OpenFOAM.org                      |
|    \\/     M anipulation  |                                                 |
\*---------------------------------------------------------------------------*/
FoamFile
{
    version     2.0;
    format      ascii;
    class       volVectorField;
    location    "4.6";
    object      U;
}
// * * * * * * * * * * * * * * * * * * * * * * * * * * * * * * * * * * * * * //

dimensions      [0 1 -1 0 0 0 0];

internalField   nonuniform List<vector> 
400
(
(0.291698362 0.149643884 0)
(0.388187074 0.128007729 0)
(0.557616026 0.0757318415 0)
(0.67478568 0.0433044452 0)
(0.743766581 0.0251591075 0)
(0.787075013 0.014880298 0)
(0.815462953 0.00893092209 0)
(0.833939558 0.00530992904 0)
(0.84536546 0.00289956221 0)
(0.85134926 0.00108485274 2.66526962e-34)
(0.852640745 -0.00050285373 -2.66526962e-34)
(0.84935429 -0.00216072068 0)
(0.840973371 -0.00421710526 0)
(0.826113773 -0.00722098554 0)
(0.802020424 -0.0122365017 0)
(0.763538943 -0.0213892112 0)
(0.699488891 -0.0388386153 0)
(0.584557337 -0.0722732732 0)
(0.407900537 -0.128436306 0)
(0.300688068 -0.152947535 0)
(0.00120414344 0.287432494 0)
(0.0133208925 0.293872182 0)
(0.140044394 0.209904886 0)
(0.264971553 0.142986181 0)
(0.364177713 0.0968019942 0)
(0.440120042 0.0654411261 0)
(0.496541023 0.0439762542 0)
(0.536691056 0.0287011591 0)
(0.563274458 0.0170798565 0)
(0.578137335 0.00742308718 0)
(0.582210279 -0.0015010134 0)
(0.575515246 -0.0107977556 0)
(0.557109245 -0.0217346517 0)
(0.524912993 -0.0361396908 0)
(0.475518405 -0.0569634978 0)
(0.404325999 -0.0889771543 0)
(0.30568729 -0.139150757 0)
(0.17449779 -0.215275201 0)
(0.0341065864 -0.310801152 0)
(0.0108691576 -0.305909061 0)
(-0.0321467798 0.241773962 0)
(-0.0634304019 0.333547202 0)
(-0.0219362407 0.299502524 0)
(0.050599594 0.24005169 0)
(0.127397355 0.183020823 0)
(0.196818585 0.135454533 0)
(0.254167081 0.0974523479 0)
(0.298088284 0.0668891749 0)
(0.328665664 0.0413758278 0)
(0.346307817 0.018781463 -2.35797157e-33)
(0.351211304 -0.00280949153 2.35797157e-33)
(0.343126739 -0.0252950473 0)
(0.321277572 -0.050829947 0)
(0.284432897 -0.082094829 0)
(0.231328816 -0.122479773 0)
(0.161916758 -0.175658041 0)
(0.0798350147 -0.24320846 0)
(-0.00333734545 -0.317981963 0)
(-0.0578531333 -0.366363501 0)
(-0.0313893193 -0.270690673 0)
(-0.0261204227 0.182361592 0)
(-0.066619298 0.316884163 0)
(-0.073537809 0.330901768 0)
(-0.048130746 0.295352935 0)
(-0.0056721986 0.244253526 0)
(0.0411124538 0.192431755 0)
(0.0845450861 0.145095048 0)
(0.120424311 0.103006635 0)
(0.146585231 0.0651543682 0)
(0.161925469 0.0298884111 2.35546697e-33)
(0.165812808 -0.00469432009 -2.35546697e-33)
(0.157798791 -0.040669619 0)
(0.137586488 -0.0803027387 0)
(0.105285205 -0.125979578 0)
(0.0620900245 -0.179774805 0)
(0.0116092667 -0.242029715 0)
(-0.0380283831 -0.307764356 0)
(-0.0720490991 -0.359579372 0)
(-0.0711639197 -0.355585638 0)
(-0.0287210564 -0.209178579 0)
(-0.0176296858 0.140767926 0)
(-0.054916556 0.281827223 0)
(-0.0828630138 0.324484382 0)
(-0.0880762458 0.312396822 0)
(-0.0751197093 0.274442002 0)
(-0.0526276442 0.226778445 0)
(-0.027511868 0.177302829 0)
(-0.00458011243 0.129145431 0)
(0.0130234717 0.0829123666 0)
(0.0233567838 0.0379330376 -2.94545702e-34)
(0.0253097376 -0.00710139015 2.94545702e-34)
(0.0184151971 -0.0537995206 0)
(0.00288697291 -0.103801261 0)
(-0.0200872109 -0.158367937 0)
(-0.0477707978 -0.21753072 0)
(-0.075061459 -0.27834755 0)
(-0.0936267101 -0.331694801 0)
(-0.0922270597 -0.35739887 0)
(-0.0635074708 -0.318879892 0)
(-0.0207312608 -0.162076725 0)
(-0.0116542796 0.111592259 0)
(-0.0431522039 0.243765282 0)
(-0.0782840085 0.29985942 0)
(-0.100579278 0.305000847 0)
(-0.108310606 0.280421283 0)
(-0.10571652 0.2403692 0)
(-0.0975361868 0.193277781 0)
(-0.0877934646 0.143545378 0)
(-0.0795352091 0.0930260798 0)
(-0.0748272316 0.0420752377 0)
(-0.0748481416 -0.0097592511 0)
(-0.0799345857 -0.0632506142 0)
(-0.0895000319 -0.119033273 0)
(-0.101812886 -0.176993445 0)
(-0.113690957 -0.235297919 0)
(-0.120284783 -0.288849068 0)
(-0.115237023 -0.327084778 0)
(-0.0922711149 -0.33156655 0)
(-0.0521876303 -0.275119692 0)
(-0.0142847871 -0.1272601 0)
(-0.00803185489 0.0899680247 0)
(-0.0343052825 0.207876709 0)
(-0.0703686654 0.267741371 0)
(-0.100959329 0.28350916 0)
(-0.121509124 0.269753794 0)
(-0.133061975 0.237807862 0)
(-0.138135846 0.195384139 0)
(-0.139450254 0.147216501 0)
(-0.139365681 0.0958906874 0)
(-0.139599246 0.0425957627 0)
(-0.141114123 -0.012262561 0)
(-0.144054669 -0.0685401586 0)
(-0.147657214 -0.12582459 0)
(-0.15014061 -0.182787205 0)
(-0.14866775 -0.236314557 0)
(-0.139565533 -0.280390166 0)
(-0.119015753 -0.304900541 0)
(-0.0848747391 -0.294957281 0)
(-0.042204646 -0.232154475 0)
(-0.0100065914 -0.100709817 0)
(-0.00589818924 0.0731569076 0)
(-0.0280514379 0.175459938 0)
(-0.062462078 0.233454982 0)
(-0.0961931179 0.254650703 0)
(-0.123784302 0.248662385 0)
(-0.144336459 0.223978333 0)
(-0.158622046 0.187072471 0)
(-0.168069553 0.142434118 0)
(-0.17417102 0.0929433459 0)
(-0.178091665 0.0403533041 0)
(-0.180456273 -0.0142245203 0)
(-0.181230013 -0.0698446701 0)
(-0.179647305 -0.125225746 0)
(-0.174205201 -0.178177558 0)
(-0.162809078 -0.224940954 0)
(-0.143212565 -0.259512836 0)
(-0.113841641 -0.273201301 0)
(-0.0753166165 -0.254896359 0)
(-0.0343188954 -0.192925774 0)
(-0.00728498435 -0.0799917705 0)
(-0.00459312329 0.0595160158 0)
(-0.0235441687 0.146542625 0)
(-0.0553429896 0.199662167 0)
(-0.0893196747 0.222701645 0)
(-0.120051826 0.221819423 0)
(-0.145609103 0.203131837 0)
(-0.165570659 0.171796559 0)
(-0.180317103 0.131775641 0)
(-0.190531079 0.0859405194 0)
(-0.196813743 0.0363510123 2.97711651e-34)
(-0.199448912 -0.0153915435 -2.97711651e-34)
(-0.19827564 -0.067756639 0)
(-0.192646156 -0.11886779 0)
(-0.181489351 -0.1660593 0)
(-0.163546092 -0.205440867 0)
(-0.137858736 -0.231577793 0)
(-0.104503401 -0.237504908 0)
(-0.0656637276 -0.215386224 0)
(-0.0281737959 -0.15824984 0)
(-0.0055106888 -0.0634668184 0)
(-0.0037331454 0.0480883398 0)
(-0.0201212362 0.120839401 0)
(-0.049015387 0.167676451 0)
(-0.0816389771 0.19028751 0)
(-0.112989452 0.192487658 0)
(-0.140680569 0.178557136 4.67988294e-33)
(-0.163557402 0.152465454 0)
(-0.181246286 0.117555005 0)
(-0.193784174 0.0765047535 -4.74064068e-33)
(-0.201296974 0.0314710023 2.26593266e-36)
(-0.203789205 -0.0156743939 4.98648734e-36)
(-0.201035377 -0.0630555956 0)
(-0.192565936 -0.108481579 0)
(-0.177765513 -0.14914142 0)
(-0.156124906 -0.18136092 0)
(-0.127679785 -0.200524259 0)
(-0.0935645757 -0.201318537 0)
(-0.0566770485 -0.178463973 0)
(-0.0233146667 -0.12809014 0)
(-0.00429570424 -0.0500435323 0)
(-0.00311504328 0.0383306333 0)
(-0.0173631207 0.098050852 0)
(-0.0433176207 0.138129971 0)
(-0.0737180725 0.158979209 0)
(-0.10410445 0.162838233 0)
(-0.131970538 0.152618185 -4.67988294e-33)
(-0.155761623 0.131295704 0)
(-0.174612868 0.10160328 0)
(-0.188100219 0.0659290014 4.74064068e-33)
(-0.195997417 0.026369372 1.49106928e-33)
(-0.198111615 -0.0151233133 -1.4983217e-33)
(-0.194204019 -0.0565442445 0)
(-0.183996568 -0.0956260394 0)
(-0.167277175 -0.129654839 0)
(-0.144124392 -0.155368908 0)
(-0.115252463 -0.169022491 0)
(-0.0823814105 -0.166713888 0)
(-0.0485941078 -0.145040226 0)
(-0.0193975989 -0.102103349 0)
(-0.00342091016 -0.0390050007 0)
(-0.00263393697 0.0299262663 0)
(-0.0150226276 0.0779301288 0)
(-0.0380974253 0.111311112 0)
(-0.0658175673 0.129695799 0)
(-0.0942794703 0.134263888 0)
(-0.121044026 0.126925351 0)
(-0.144383614 0.109860572 0)
(-0.163148992 0.0852480453 0)
(-0.176619512 0.0551416406 0)
(-0.184335473 0.0214703237 2.99742819e-34)
(-0.185982935 -0.0138813551 -2.99742819e-34)
(-0.181343678 -0.0489515369 0)
(-0.170313971 -0.0815745578 0)
(-0.152999258 -0.109289272 0)
(-0.129891606 -0.129330734 0)
(-0.102114499 -0.13876424 0)
(-0.0716393796 -0.134816134 0)
(-0.0414365967 -0.115407287 0)
(-0.0161843522 -0.0798582228 0)
(-0.0027640346 -0.0298606598 0)
(-0.00223473515 0.0226800273 0)
(-0.012954127 0.060283859 0)
(-0.0332381527 0.0873308361 0)
(-0.0580555316 0.102954502 0)
(-0.084035379 0.107621828 0)
(-0.10890608 0.102520719 0)
(-0.130914079 0.0892086566 0)
(-0.148775839 0.0693818667 0)
(-0.161603557 0.0447501624 0)
(-0.168801291 0.0170067361 3.00137407e-34)
(-0.169993543 -0.0121372059 -3.00137407e-34)
(-0.16499967 -0.0408861723 0)
(-0.153857538 -0.0672953739 0)
(-0.136899087 -0.0892417086 0)
(-0.114876641 -0.104468704 0)
(-0.0891189086 -0.110744417 0)
(-0.0616328422 -0.106158112 0)
(-0.035126974 -0.089535333 0)
(-0.0135037435 -0.060926441 0)
(-0.00225327321 -0.0222578276 0)
(-0.00188545337 0.0164662588 0)
(-0.011062481 0.0449645424 0)
(-0.0286411444 0.0662105066 0)
(-0.0504611335 0.079027818 0)
(-0.073653166 0.0834123331 0)
(-0.0961641763 0.0800414964 0)
(-0.116305913 0.0699953682 0)
(-0.13276334 0.0545610931 0)
(-0.144575607 0.0351143617 0)
(-0.151082441 0.0130747323 0)
(-0.151887894 -0.0100881514 0)
(-0.146853 -0.0328250706 0)
(-0.136119501 -0.0534823474 0)
(-0.120164257 -0.0703098534 0)
(-0.0998793445 -0.081529952 0)
(-0.0766571246 -0.0854921394 0)
(-0.0524122115 -0.080923538 0)
(-0.0295300323 -0.0672469479 0)
(-0.0112185716 -0.0449266616 0)
(-0.00184129712 -0.0159381044 0)
(-0.00156251535 0.0112077504 0)
(-0.00926987531 0.0318705409 0)
(-0.0242025179 0.0479368786 0)
(-0.0429884482 0.0580490713 0)
(-0.0632319198 0.0619114994 0)
(-0.0831208714 0.0598559204 0)
(-0.101086244 0.0526055618 0)
(-0.115849126 0.0411071817 0)
(-0.126440928 0.0264236375 0)
(-0.132187245 0.00968560612 0)
(-0.132697639 -0.00791671687 0)
(-0.127870718 -0.0251250472 0)
(-0.117915454 -0.0406102665 0)
(-0.10338653 -0.0529974464 0)
(-0.0852272542 -0.0609386978 0)
(-0.0648019923 -0.0632496915 0)
(-0.043865266 -0.059113387 0)
(-0.0244675013 -0.0483249894 0)
(-0.00920309163 -0.0315520047 0)
(-0.00149088295 -0.0107193767 0)
(-0.00124269108 0.00687236643 0)
(-0.0074972607 0.020953942 0)
(-0.0197996723 0.0325014358 0)
(-0.0355241944 0.0400873031 0)
(-0.0527239678 0.0432717621 0)
(-0.0698331103 0.0421741814 0)
(-0.0854326589 0.0372606206 0)
(-0.0983251662 0.0291991552 0)
(-0.107580781 0.0187673673 0)
(-0.112546722 0.0068086475 0)
(-0.11285434 -0.00578011245 0)
(-0.108431635 -0.018048759 0)
(-0.099521449 -0.0289997707 0)
(-0.086702164 -0.0376160584 0)
(-0.0709039755 -0.0429246689 0)
(-0.0534054945 -0.0441071861 0)
(-0.0357703114 -0.0406592893 0)
(-0.0197281064 -0.0325810804 0)
(-0.0073307285 -0.0205903309 0)
(-0.00116697558 -0.00649226717 0)
(-0.000899884242 0.00347704008 0)
(-0.00566093224 0.012224429 0)
(-0.0152978434 0.0199179454 0)
(-0.0279091899 0.0251886596 0)
(-0.0419708361 0.0275859325 0)
(-0.0561592852 0.0271262689 0)
(-0.069227486 0.024098671 0)
(-0.0800968179 0.0189454338 0)
(-0.0879159878 0.0121895988 0)
(-0.0920844158 0.00440207138 0)
(-0.0922681515 -0.00380767502 0)
(-0.0884155177 -0.011792767 0)
(-0.0807724949 -0.0188748777 0)
(-0.0698942046 -0.0243659717 0)
(-0.0566454515 -0.0276151882 0)
(-0.0421770489 -0.0280887008 0)
(-0.0278469 -0.0254864165 0)
(-0.015088735 -0.0198866112 0)
(-0.00547449583 -0.011931357 0)
(-0.000833547615 -0.00322197452 0)
(-0.000507510747 0.00108920514 0)
(-0.00368889594 0.00574013754 0)
(-0.0105872248 0.0102223818 0)
(-0.0199879353 0.0134022188 0)
(-0.0307552918 0.0149401009 0)
(-0.041807656 0.014832721 0)
(-0.052100479 0.0132501823 0)
(-0.0607205972 0.0104516772 0)
(-0.0669425829 0.00673881721 0)
(-0.0702538254 0.00243728768 0)
(-0.0703711846 -0.00210634709 0)
(-0.067255841 -0.00652338594 0)
(-0.0611263946 -0.0104252552 0)
(-0.0524664999 -0.0134154715 0)
(-0.0420201071 -0.0151167111 0)
(-0.0307626603 -0.0152183483 0)
(-0.0198243276 -0.0135494027 0)
(-0.0103615218 -0.0101761648 0)
(-0.00352670263 -0.00555507448 0)
(-0.000456470886 -0.000945966348 0)
(-6.44935483e-05 -0.000176242628 0)
(-0.00159899317 0.00163661339 0)
(-0.00569519058 0.00359859888 0)
(-0.0117199307 0.00501067957 0)
(-0.0188880463 0.00571685023 0)
(-0.0263913856 0.00573383277 0)
(-0.033454988 0.00514772265 0)
(-0.0394085044 0.00407326589 0)
(-0.0437225512 0.00263488959 0)
(-0.0460238842 0.000961862515 0)
(-0.0461058212 -0.000810101447 0)
(-0.0439388694 -0.00253598649 0)
(-0.0396813839 -0.00406056186 0)
(-0.0336869584 -0.0052217571 0)
(-0.0265027382 -0.00586030643 0)
(-0.0188496255 -0.00583829602 0)
(-0.0115675418 -0.00507039282 0)
(-0.00551559541 -0.0035709523 0)
(-0.00148203496 -0.00155258633 0)
(-3.10934577e-05 0.000233977585 0)
(0.000261394817 -0.000255578305 0)
(0.000151437967 0.000102071237 0)
(-0.00117495599 0.000547413335 0)
(-0.00348063409 0.000863515312 0)
(-0.006375583 0.00102207904 0)
(-0.00946687044 0.00103797896 0)
(-0.0124000338 0.000936219335 0)
(-0.0148817773 0.000743061181 0)
(-0.0166861027 0.000483179012 0)
(-0.0176547276 0.000180087572 1.0830021e-33)
(-0.0176985204 -0.000142307449 -1.0830021e-33)
(-0.0168014844 -0.000458217175 0)
(-0.0150266277 -0.000739018584 0)
(-0.0125219008 -0.000953245031 0)
(-0.00952355013 -0.00106773296 0)
(-0.00635302471 -0.0010505261 0)
(-0.0034001496 -0.00087678762 0)
(-0.00108361476 -0.000539615508 0)
(0.000206111259 -8.25141212e-05 0)
(0.000274563835 0.000266745574 0)
)
;

boundaryField
{
    walls
    {
        type            fixedValue;
        value           uniform (0 0 0);
    }
    mov_wall
    {
        type            fixedValue;
        value           uniform (1 0 0);
    }
    empty
    {
        type            empty;
    }
}


// ************************************************************************* //
