/*--------------------------------*- C++ -*----------------------------------*\
| =========                 |                                                 |
| \\      /  F ield         | OpenFOAM: The Open Source CFD Toolbox           |
|  \\    /   O peration     | Version:  5.x                                   |
|   \\  /    A nd           | Web:      www.OpenFOAM.org                      |
|    \\/     M anipulation  |                                                 |
\*---------------------------------------------------------------------------*/
FoamFile
{
    version     2.0;
    format      ascii;
    class       volScalarField;
    location    "1.3";
    object      p;
}
// * * * * * * * * * * * * * * * * * * * * * * * * * * * * * * * * * * * * * //

dimensions      [0 2 -2 0 0 0 0];

internalField   nonuniform List<scalar> 
400
(
-4.0035313e-07
2.45244173
3.49428064
3.89881398
4.10656965
4.22463047
4.29422897
4.34023903
4.37632763
4.41012827
4.44680204
4.49097502
4.54772428
4.62456015
4.73486117
4.90464619
5.18241232
5.68421465
6.84131125
9.41170525
1.88671747
2.86728521
3.41985939
3.74770276
3.96513166
4.109701
4.20764043
4.27897722
4.33675108
4.38963949
4.44428753
4.50662345
4.58338715
4.68334653
4.81976451
5.01370322
5.29403128
5.69846392
6.3383971
7.42833674
2.98211752
3.26254838
3.5423289
3.77066158
3.94568026
4.07569298
4.17321389
4.25000768
4.31529739
4.37627286
4.43897228
4.50907267
4.5926233
4.69682218
4.83087683
5.00665053
5.2363204
5.5239263
5.860465
6.19819105
3.52785622
3.58538772
3.72180828
3.86538356
3.98906273
4.09083222
4.17461931
4.2457369
4.30956432
4.37107251
4.43483075
4.50526101
4.58683935
4.68429479
4.80247792
4.94570557
5.11574967
5.30513695
5.47831103
5.55958848
3.84431695
3.82694896
3.88522607
3.96941387
4.05224236
4.12781358
4.19569841
4.25751914
4.31597569
4.37415443
4.43513154
4.50192248
4.57738885
4.66405257
4.7635373
4.87553112
4.99636709
5.1147981
5.19582546
5.18366813
4.04561719
4.00374239
4.02148888
4.06789932
4.12142455
4.17578273
4.22890229
4.28059445
4.33192637
4.38456496
4.44034677
4.50104118
4.56811441
4.64238109
4.72336855
4.80839606
4.89182456
4.96268341
4.99306887
4.94676959
4.18070382
4.13391869
4.13190877
4.15542813
4.1888878
4.2271212
4.26778653
4.30993906
4.35371246
4.39981191
4.44912036
4.50241576
4.56009057
4.62178331
4.68583539
4.74866425
4.80458657
4.84468048
4.84862354
4.79365603
4.2757646
4.23092372
4.21972761
4.22973495
4.24990373
4.27641422
4.30718696
4.34105429
4.37765678
4.41708181
4.45953513
4.50507683
4.55335915
4.60331397
4.65275944
4.69805513
4.73429221
4.75486994
4.74557102
4.69203584
4.34475627
4.30379653
4.28868599
4.29088136
4.30243025
4.32062891
4.34379296
4.3707714
4.40096867
4.43409508
4.46990858
4.50799522
4.54755508
4.58717266
4.62456816
4.65645922
4.67893134
4.68736334
4.67190149
4.62322952
4.39530932
4.35854786
4.34219797
4.33999946
4.34603335
4.35841047
4.37581664
4.39720736
4.42189334
4.44937027
4.4791231
4.51045689
4.54233923
4.57325092
4.60105163
4.62297094
4.63603515
4.63712797
4.61935794
4.57640997
4.431978
4.399276
4.38307616
4.37853632
4.38109697
4.38943373
4.40253214
4.41947598
4.43955904
4.4621691
4.48664334
4.51214602
4.53756321
4.56141898
4.58182122
4.5965224
4.6033336
4.60021301
4.58224855
4.54494408
4.45775637
4.42888964
4.4135833
4.40795498
4.40839707
4.41397241
4.42389676
4.43737778
4.45373256
4.47230851
4.49237898
4.51306041
4.5332502
4.55159151
4.56647015
4.57610633
4.57892277
4.57361613
4.5566054
4.52454318
4.47477809
4.44954649
4.43554828
4.42961722
4.42885854
4.4326075
4.44025676
4.451126
4.46457497
4.47995027
4.49651227
4.51338399
4.52952252
4.54371777
4.55462008
4.56084027
4.5612609
4.55507741
4.53962782
4.51233518
4.48466043
4.46291763
4.45046873
4.44473871
4.44341366
4.44603425
4.45213491
4.46113525
4.47244422
4.48542626
4.49935359
4.5133803
4.52653925
4.53776453
4.54593692
4.54998134
4.5491223
4.54289605
4.52931061
4.50635249
4.48869415
4.47035379
4.45959102
4.45437649
4.45292041
4.45493797
4.4600859
4.4678732
4.47775522
4.48911652
4.50124496
4.51332695
4.52446428
4.53371369
4.54014376
4.54292675
4.54154501
4.53578238
4.52418607
4.50521428
4.48798301
4.473009
4.46398066
4.45943956
4.45812547
4.45992571
4.46461162
4.47177147
4.48089588
4.4913776
4.50250654
4.51348391
4.52345608
4.53156794
4.53702939
4.53920385
4.53777566
4.53273357
4.52312711
4.50789076
4.48360196
4.4719706
4.46461901
4.46075363
4.4597024
4.46154395
4.46616346
4.4732161
4.48220835
4.4925173
4.50340731
4.51406225
4.52363526
4.53131507
4.53640334
4.53840573
4.53717288
4.53289328
4.52515808
4.51347039
4.47680807
4.46836136
4.46241904
4.45901785
4.45817351
4.46018673
4.46505295
4.47247277
4.48193751
4.492772
4.50417402
4.51526457
4.52515225
4.53301325
4.53818308
4.54025869
4.53922892
4.53550081
4.529305
4.52089107
4.46925959
4.46318374
4.45767958
4.45398704
4.45295082
4.45512261
4.46057527
4.4689944
4.47978656
4.4921512
4.50514201
4.51773294
4.52889522
4.53769234
4.54339203
4.54559396
4.54437803
4.54040372
4.53470153
4.52868146
4.46343764
4.45752717
4.45039524
4.44497032
4.44295926
4.44515572
4.45162367
4.46191726
4.47524137
4.490556
4.50665427
4.52223656
4.53599692
4.54673251
4.55348288
4.55570259
4.55347151
4.54771957
4.54034112
4.53446464
)
;

boundaryField
{
    walls
    {
        type            zeroGradient;
    }
    mov_wall
    {
        type            zeroGradient;
    }
    empty
    {
        type            empty;
    }
}


// ************************************************************************* //
