/*--------------------------------*- C++ -*----------------------------------*\
| =========                 |                                                 |
| \\      /  F ield         | OpenFOAM: The Open Source CFD Toolbox           |
|  \\    /   O peration     | Version:  5.x                                   |
|   \\  /    A nd           | Web:      www.OpenFOAM.org                      |
|    \\/     M anipulation  |                                                 |
\*---------------------------------------------------------------------------*/
FoamFile
{
    version     2.0;
    format      ascii;
    class       surfaceScalarField;
    location    "1.3";
    object      phi;
}
// * * * * * * * * * * * * * * * * * * * * * * * * * * * * * * * * * * * * * //

dimensions      [0 3 -1 0 0 0 0];

internalField   nonuniform List<scalar> 
760
(
0.00134818566
-0.00134818546
0.00245764787
-0.00110946222
0.0031351255
-0.000677477592
0.00355967465
-0.000424549163
0.0038321694
-0.000272494733
0.00400932717
-0.000177157691
0.00412505037
-0.000115723133
0.00419902255
-7.39721396e-05
0.00424221926
-4.31967007e-05
0.00426033505
-1.81157919e-05
0.00425541116
4.92387641e-06
0.00422656511
2.88460232e-05
0.00416922382
5.73412555e-05
0.00407345203
9.57717528e-05
0.00391985276
0.000153599262
0.0036719551
0.000247897649
0.00326312619
0.000408828897
0.00257262974
0.000690496415
0.00140850279
0.00116412692
0.00140850278
-5.46944576e-05
-0.00129349099
0.000412570566
-0.00157672727
0.0010299547
-0.00129486153
0.0015785594
-0.000973153695
0.0020145823
-0.000708517561
0.00234442679
-0.000507002154
0.0025846739
-0.000355970247
0.00275075359
-0.000240051812
0.00285400442
-0.00014644753
0.00290121416
-6.53255516e-05
0.00289479794
1.13400715e-05
0.00283240185
9.12421039e-05
0.00270666012
0.000183082968
0.00250397725
0.000298454596
0.00220381136
0.000453765105
0.00178069234
0.000671016639
0.00121744104
0.000972080192
0.000552753197
0.00135518428
1.30514071e-05
0.00170382875
0.0014215542
-0.00027174981
-0.00102174117
-0.000221094428
-0.00162738285
7.12106115e-05
-0.00158716652
0.000446009913
-0.0013479529
0.000812078458
-0.00107458605
0.00112875026
-0.000823673913
0.00138140392
-0.000608623912
0.00156723334
-0.000425881251
0.00168753704
-0.000266751244
0.00174381954
-0.00012160807
0.00173594129
1.92183041e-05
0.00166134149
0.000165841897
0.00151500861
0.000329415848
0.00129066345
0.000522799782
0.000984549266
0.000759879316
0.000604679515
0.0010508864
0.000189645029
0.00138711467
-0.000160146386
0.0017049757
-0.000261669779
0.00180535219
0.00115988443
-0.000227972169
-0.000793768952
-0.00036130926
-0.00149404594
-0.000308560897
-0.00163991492
-0.000135202143
-0.0015213116
8.86667253e-05
-0.00129845488
0.000314269458
-0.00104927661
0.000512417854
-0.000806772294
0.000667342444
-0.000580805844
0.000770960428
-0.000370369223
0.000818980259
-0.000169627895
0.000808693828
2.95047434e-05
0.000738234731
0.00023630101
0.000607076169
0.000460574433
0.000418388288
0.000711487699
0.000183957266
0.000994310381
-6.75973104e-05
0.00130244101
-0.000280871598
0.00160038897
-0.000369544259
0.00179364835
-0.000247029459
0.00168283745
0.000912855006
-0.000169007672
-0.000624761259
-0.00035215977
-0.00131089393
-0.00043184242
-0.00156023228
-0.000409358892
-0.00154379511
-0.000320058756
-0.00138775499
-0.000200885708
-0.00116844964
-8.07466351e-05
-0.000926911355
2.05287318e-05
-0.00068208121
9.03092969e-05
-0.000440149788
0.000120994254
-0.000200312852
0.000108644163
4.18548427e-05
5.26081845e-05
0.000292337006
-4.36698124e-05
0.000556852451
-0.00017046649
0.000838284401
-0.000308257039
0.00113210095
-0.000423900117
0.0014180841
-0.000470293627
0.00164678248
-0.000397957193
0.0017213119
-0.000196468737
0.00148134905
0.000716386307
-0.000124239801
-0.000500521517
-0.000308492159
-0.00112664161
-0.000450797371
-0.00141792704
-0.000523673749
-0.0014709187
-0.000536031078
-0.00137539763
-0.000508960714
-0.00119551998
-0.000464093583
-0.000971778476
-0.000419100645
-0.000727074149
-0.000386720211
-0.000472530227
-0.00037502823
-0.000212004844
-0.000387811396
5.46380018e-05
-0.000424465142
0.000328990757
-0.000479245155
0.000611632478
-0.000539920408
0.000898959668
-0.000586396628
0.00117857717
-0.000590922032
0.0014226095
-0.00052333835
0.00157919879
-0.000366822613
0.00156479613
-0.000150620666
0.00126514715
0.000565765677
-9.46189125e-05
-0.000405902682
-0.000264798789
-0.000956461775
-0.000431023578
-0.00125170223
-0.000557413348
-0.0013445289
-0.000637381149
-0.0012954298
-0.000678869137
-0.00115403196
-0.000694788176
-0.000955859417
-0.000697859303
-0.000724003016
-0.000698252642
-0.000472136882
-0.000702647934
-0.000207609548
-0.000713812901
6.5802967e-05
-0.000730215476
0.000345393329
-0.000745526353
0.000626943355
-0.000748221268
0.000901654585
-0.00072196522
0.00115232112
-0.000648191656
0.00134883591
-0.000513090071
0.00144409718
-0.000321309056
0.0013730151
-0.00011651408
0.0010603522
0.000449251623
-7.53819498e-05
-0.000330520787
-0.00022832985
-0.000803513908
-0.000398587173
-0.0010814449
-0.000550893728
-0.00119222234
-0.000671099488
-0.00117522402
-0.000758158722
-0.00106697272
-0.000817453287
-0.000896564831
-0.000856318712
-0.00068513758
-0.000881388736
-0.000447066856
-0.000897125914
-0.000191872364
-0.000905004646
7.36817064e-05
-0.000903033912
0.000343422597
-0.000885559627
0.000609469068
-0.000843587199
0.000859682156
-0.000766189587
0.00107492349
-0.000643921343
0.00122656764
-0.00047525884
0.00127543464
-0.000276383349
0.0011741396
-9.21527282e-05
0.000876121605
0.000357098913
-6.23141752e-05
-0.000268206636
-0.000198624031
-0.000667204064
-0.000363049239
-0.000917019692
-0.000524084356
-0.00103118721
-0.000664724004
-0.00103458436
-0.00077850392
-0.000953192797
-0.000865239896
-0.000809828832
-0.000927629038
-0.000622748419
-0.000968879904
-0.000405815993
-0.000991197721
-0.000169554553
-0.00099488897
7.73729571e-05
-0.00097793597
0.000326469605
-0.000936047775
0.000567580878
-0.000863386404
0.000787020783
-0.000754336714
0.000965873801
-0.000606770948
0.00107900186
-0.00042703513
0.0010956988
-0.000236077062
0.000983181534
-7.43590043e-05
0.000714403565
0.000282739921
-5.2779744e-05
-0.000215426906
-0.000173846374
-0.000546137432
-0.000327618748
-0.00076324734
-0.000486955074
-0.000871850899
-0.000634493847
-0.000887045595
-0.000760891056
-0.000826795599
-0.00086226332
-0.000708456557
-0.000937808236
-0.000547203481
-0.000987936619
-0.000355687608
-0.00101297034
-0.000144520843
-0.00101235556
7.67581705e-05
-0.000984354283
0.000298468337
-0.000926253463
0.00050948007
-0.000835224419
0.000695991743
-0.000710018105
0.000840667486
-0.000553619716
0.000922603456
-0.000376685679
0.000918764737
-0.000200961495
0.000807457365
-6.08620901e-05
0.000574304166
0.000221877839
-4.52927776e-05
-0.000170134137
-0.000152435616
-0.000438994569
-0.000293261397
-0.000622421594
-0.000444699837
-0.000720412496
-0.000590254403
-0.000741491038
-0.000719353181
-0.000697696835
-0.000825899473
-0.00060191027
-0.000906708975
-0.000466393962
-0.00096016207
-0.000302234501
-0.000985208526
-0.000119474392
-0.000980766998
7.23166296e-05
-0.000945541967
0.000263243303
-0.00087830315
0.000442241265
-0.000778698208
0.000596386814
-0.000648653229
0.000710622516
-0.00049430341
0.000768253641
-0.000328137012
0.000752598327
-0.00017064271
0.000649963089
-5.02696875e-05
0.000453931137
0.000171608157
-3.90420953e-05
-0.000131092048
-0.000133336502
-0.000344700111
-0.000260217714
-0.000495540419
-0.000400181584
-0.000580448681
-0.000538145601
-0.00060352704
-0.000663332684
-0.000572509759
-0.000768513284
-0.000496729685
-0.00084904856
-0.000385858686
-0.000901995255
-0.000249287798
-0.000925417925
-9.60517198e-05
-0.000917983318
6.48820144e-05
-0.000878881302
0.000224141279
-0.000808108847
0.000371468816
-0.000707141579
0.000495419562
-0.000579970898
0.000583451856
-0.000434375286
0.000622658059
-0.000283111503
0.000601334551
-0.000144503691
0.00051135532
-4.17346315e-05
0.000351162066
0.00012987352
-3.35769729e-05
-9.75150843e-05
-0.000115865464
-0.000262411565
-0.000228474874
-0.000382931045
-0.000355002434
-0.000453921185
-0.000481998751
-0.000476530759
-0.000599093003
-0.000455415515
-0.000698663593
-0.000397159105
-0.000775315863
-0.00030920643
-0.000825349014
-0.000199254653
-0.000846334006
-7.50667263e-05
-0.000836877358
5.54253709e-05
-0.000796615785
0.000183879707
-0.000726465156
0.00030131819
-0.000629118848
0.000398073266
-0.00050973895
0.000464071977
-0.000376698253
0.000489617399
-0.000242120499
0.000466756806
-0.000121880533
0.000391115396
-3.47047472e-05
0.00026398626
9.51687452e-05
-2.86165891e-05
-6.88984954e-05
-9.9523871e-05
-0.000191504245
-0.000197850488
-0.000284604456
-0.000309942262
-0.000341829466
-0.000424047904
-0.00036242517
-0.00053055409
-0.000348909348
-0.000621931061
-0.000305782136
-0.00069252043
-0.000238617067
-0.000738278591
-0.000153496506
-0.000756565416
-5.67799144e-05
-0.000746040528
4.49004766e-05
-0.000706704014
0.000144543193
-0.000640093044
0.000234707222
-0.000549613652
0.000307593885
-0.000440942161
0.000355400509
-0.000322372739
0.000371048026
-0.000204932158
0.000349316248
-0.00010206849
0.00028825178
-2.87685503e-05
0.000190686306
6.64001788e-05
-2.39366799e-05
-4.49617937e-05
-8.38482081e-05
-0.000131592703
-0.000167963989
-0.000200488702
-0.000265136826
-0.000244656655
-0.000365305972
-0.00026225607
-0.000459803652
-0.000254411698
-0.000541494789
-0.000224091005
-0.000604789287
-0.000175322568
-0.000645589222
-0.000112696573
-0.000661233734
-4.11354132e-05
-0.000650490446
3.41571798e-05
-0.000613621409
0.00010767415
-0.000552526183
0.000173611996
-0.000470934457
0.000226002162
-0.000374585542
0.000259051603
-0.000271297095
0.000267759614
-0.000170806435
0.000248825592
-8.42920955e-05
0.000201737464
-2.35639147e-05
0.000129958073
4.28362279e-05
-1.93064875e-05
-2.56552669e-05
-6.83249904e-05
-8.25742008e-05
-0.000138218875
-0.000130594865
-0.000220183648
-0.000162691895
-0.000305800229
-0.000176639508
-0.000387435461
-0.000172776481
-0.000458538872
-0.000152987602
-0.000513817726
-0.000120043719
-0.000549325047
-7.71892581e-05
-0.000562509257
-2.79512158e-05
-0.000552266378
2.39142881e-05
-0.000519016936
7.44246996e-05
-0.00046480454
0.0001193996
-0.000393386474
0.000154584104
-0.000310259411
0.000175924557
-0.000222543511
0.000180043769
-0.000138649283
0.000164931395
-6.76935236e-05
0.000130781731
-1.87280503e-05
8.09925548e-05
2.41081365e-05
-1.44701139e-05
-1.11851205e-05
-5.23972153e-05
-4.46470905e-05
-0.000107871622
-7.51205333e-05
-0.000174284816
-9.62787351e-05
-0.000244779352
-0.000106144981
-0.000312802287
-0.000104753543
-0.000372535275
-9.32546018e-05
-0.000419175321
-7.34036604e-05
-0.000449102022
-4.72625483e-05
-0.0004599817
-1.7071542e-05
-0.000450848403
1.4780975e-05
-0.000422181929
4.57581979e-05
-0.000375976016
7.31936562e-05
-0.000315767669
9.43757282e-05
-0.000246575125
0.000106731981
-0.000174679316
0.00010814796
-0.000107190518
9.74425937e-05
-5.13843931e-05
7.49755972e-05
-1.38867884e-05
4.34948976e-05
1.02213136e-05
-9.17967229e-06
-2.00545104e-06
-3.55966685e-05
-1.82300617e-05
-7.62481882e-05
-3.44690805e-05
-0.0001265009
-4.60260883e-05
-0.000180964774
-5.16811531e-05
-0.000234243975
-5.14743734e-05
-0.000281445296
-4.60533038e-05
-0.000318489831
-3.635914e-05
-0.000342291068
-2.34613158e-05
-0.000350862577
-8.50002969e-06
-0.000343398173
7.31657659e-06
-0.000320341982
2.2702014e-05
-0.00028344141
3.62931007e-05
-0.000235754286
4.66886222e-05
-0.000181562937
5.25406409e-05
-0.000126135029
5.27200895e-05
-7.52716346e-05
4.65792264e-05
-3.46108328e-05
3.43147968e-05
-8.69638179e-06
1.75803959e-05
1.5249163e-06
-3.42969368e-06
1.42419706e-06
-1.80006624e-05
-3.65904906e-06
-4.33003005e-05
-9.16945578e-06
-7.62457529e-05
-1.30806754e-05
-0.000112907352
-1.50196055e-05
-0.000149294169
-1.50876217e-05
-0.000181799926
-1.35476209e-05
-0.000207439176
-1.07199623e-05
-0.000223963047
-6.93751032e-06
-0.000229924565
-2.53856362e-06
-0.000224732354
2.12432445e-06
-0.000208703757
6.67338017e-06
-0.000183111335
1.07006727e-05
-0.000150197351
1.37746592e-05
-0.000113119814
1.54631316e-05
-7.57788549e-05
1.53791912e-05
-4.24608853e-05
1.3261331e-05
-1.7243977e-05
9.09793833e-06
-3.09898311e-06
3.43540184e-06
-1.57404331e-06
1.42414754e-06
-2.23495534e-06
-1.14044639e-05
-2.4485192e-05
-3.95048416e-05
-5.45924938e-05
-6.81401351e-05
-7.88601107e-05
-8.57976273e-05
-8.83361819e-05
-8.62118322e-05
-7.95384353e-05
-6.88377463e-05
-5.50630533e-05
-3.95998847e-05
-2.42206566e-05
-1.09592835e-05
-1.86132968e-06
1.57404333e-06
)
;

boundaryField
{
    walls
    {
        type            calculated;
        value           uniform 0;
    }
    mov_wall
    {
        type            calculated;
        value           uniform 0;
    }
    empty
    {
        type            empty;
        value           nonuniform 0();
    }
}


// ************************************************************************* //
