/*--------------------------------*- C++ -*----------------------------------*\
| =========                 |                                                 |
| \\      /  F ield         | OpenFOAM: The Open Source CFD Toolbox           |
|  \\    /   O peration     | Version:  5.x                                   |
|   \\  /    A nd           | Web:      www.OpenFOAM.org                      |
|    \\/     M anipulation  |                                                 |
\*---------------------------------------------------------------------------*/
FoamFile
{
    version     2.0;
    format      ascii;
    class       volVectorField;
    location    "1.3";
    object      U;
}
// * * * * * * * * * * * * * * * * * * * * * * * * * * * * * * * * * * * * * //

dimensions      [0 1 -1 0 0 0 0];

internalField   nonuniform List<vector> 
400
(
(0.291699601 0.149644904 0)
(0.388189441 0.128008276 0)
(0.557616517 0.0757310874 0)
(0.674781147 0.043302484 0)
(0.743754556 0.0251563862 0)
(0.787054333 0.0148773619 0)
(0.815433809 0.00892826793 0)
(0.833903275 0.00530792669 0)
(0.845324167 0.00289842863 0)
(0.851305525 0.00108465938 2.66528551e-34)
(0.852597222 -0.000502159704 -2.66528551e-34)
(0.849313429 -0.00215929084 0)
(0.840937183 -0.00421514501 0)
(0.826083686 -0.00721872415 0)
(0.80199722 -0.012234162 0)
(0.763522762 -0.0213869917 0)
(0.699479265 -0.0388366986 0)
(0.584553221 -0.0722718811 0)
(0.407900156 -0.128435786 0)
(0.300688539 -0.152947976 0)
(0.00120493315 0.287434682 0)
(0.0133201868 0.293871015 0)
(0.140036002 0.209897988 0)
(0.264949619 0.142974149 0)
(0.364137775 0.0967867311 0)
(0.440059937 0.0654249861 0)
(0.496461165 0.0439614865 0)
(0.536594214 0.028689566 0)
(0.56316522 0.0170726301 0)
(0.578021429 0.00742077681 0)
(0.582093868 -0.00149846404 0)
(0.575404257 -0.010790907 0)
(0.557008818 -0.0217244269 0)
(0.524827091 -0.0361272258 0)
(0.475449577 -0.0569500068 0)
(0.404275266 -0.0889638375 0)
(0.305654134 -0.139138793 0)
(0.174480198 -0.215265842 0)
(0.0341007118 -0.310795813 0)
(0.0108685214 -0.305908432 0)
(-0.0321472881 0.241774812 0)
(-0.0634367855 0.333538488 0)
(-0.0219571332 0.299481114 0)
(0.0505574137 0.240019307 0)
(0.127329186 0.182981652 0)
(0.196722406 0.135413734 0)
(0.254043903 0.0974149831 0)
(0.297941978 0.066859464 0)
(0.328502399 0.0413567188 0)
(0.346135299 0.0187745001 -2.3579923e-33)
(0.351037933 -0.0028041763 2.3579923e-33)
(0.342960758 -0.0252785499 0)
(0.321126339 -0.0508043209 0)
(0.284302314 -0.0820627542 0)
(0.231222936 -0.122444258 0)
(0.161837525 -0.175622203 0)
(0.0797821161 -0.243175477 0)
(-0.00336652066 -0.317955145 0)
(-0.0578639962 -0.366346272 0)
(-0.0313910843 -0.270685452 0)
(-0.026122294 0.18235781 0)
(-0.0666313196 0.316861834 0)
(-0.0735705605 0.330858854 0)
(-0.0481911284 0.295293111 0)
(-0.00576423938 0.244183685 0)
(0.0409875678 0.192360169 0)
(0.0843892557 0.145029876 0)
(0.12024237 0.102954811 0)
(0.146384378 0.065120856 0)
(0.161714547 0.0298759787 2.35549344e-33)
(0.165601476 -0.00468522494 -2.35549344e-33)
(0.157596603 -0.0406406223 0)
(0.137402092 -0.0802571409 0)
(0.105125681 -0.125921858 0)
(0.0619603688 -0.179710165 0)
(0.011511996 -0.241963735 0)
(-0.0380935107 -0.307702863 0)
(-0.072085227 -0.359528477 0)
(-0.0711776918 -0.355551569 0)
(-0.0287234708 -0.209166583 0)
(-0.0176325518 0.140756632 0)
(-0.0549326642 0.281786226 0)
(-0.0829041588 0.324414689 0)
(-0.0881489561 0.312304962 0)
(-0.0752270093 0.274337877 0)
(-0.0527696753 0.226673438 0)
(-0.0276858371 0.17720809 0)
(-0.00478046688 0.129070499 0)
(0.0128044314 0.0828642298 0)
(0.023128292 0.0379156351 -2.94549785e-34)
(0.0250818559 -0.00708726434 2.94549785e-34)
(0.0181978677 -0.0537559841 0)
(0.00268923317 -0.103732865 0)
(-0.020257914 -0.158281058 0)
(-0.0479091981 -0.21743296 0)
(-0.075164967 -0.278247281 0)
(-0.0936957387 -0.33160091 0)
(-0.0922651807 -0.357320667 0)
(-0.0635219274 -0.31882676 0)
(-0.020733765 -0.162057143 0)
(-0.0116576282 0.111571695 0)
(-0.0431701037 0.243702708 0)
(-0.0783284223 0.299760215 0)
(-0.100656045 0.304875075 0)
(-0.108421757 0.280282045 0)
(-0.105861296 0.240230862 0)
(-0.0977111865 0.193154214 0)
(-0.0879929081 0.143448445 0)
(-0.0797514475 0.0929645666 0)
(-0.075051312 0.0420541145 0)
(-0.0750704613 -0.00973890311 0)
(-0.080145672 -0.0631914055 0)
(-0.0896912819 -0.118940988 0)
(-0.101977248 -0.176876364 0)
(-0.113823534 -0.235166106 0)
(-0.120383336 -0.288713792 0)
(-0.11530228 -0.326958102 0)
(-0.0923068536 -0.331461002 0)
(-0.0522010095 -0.275047713 0)
(-0.0142870355 -0.127233107 0)
(-0.00803514884 0.0899378443 0)
(-0.0343224956 0.207792345 0)
(-0.0704107495 0.267613125 0)
(-0.101031148 0.283350861 0)
(-0.121611866 0.269581682 0)
(-0.133194334 0.237639007 0)
(-0.138294288 0.195234753 0)
(-0.139629329 0.147100386 0)
(-0.139558453 0.0958180488 0)
(-0.139797774 0.0425724371 0)
(-0.141310008 -0.0122353116 0)
(-0.14423968 -0.0684654533 0)
(-0.147823922 -0.125709395 0)
(-0.150283006 -0.182641602 0)
(-0.148781801 -0.236150953 0)
(-0.139649622 -0.280222575 0)
(-0.119070916 -0.304743972 0)
(-0.084904627 -0.29482714 0)
(-0.0422156623 -0.232065802 0)
(-0.0100083816 -0.100676389 0)
(-0.00590095765 0.0731180989 0)
(-0.0280657351 0.17535627 0)
(-0.0624967195 0.233301418 0)
(-0.0962517124 0.25446455 0)
(-0.123867369 0.248462642 0)
(-0.144442536 0.223784316 0)
(-0.158747995 0.186902236 0)
(-0.16821085 0.142302938 0)
(-0.174322093 0.0928624851 0)
(-0.17824626 0.0403292098 0)
(-0.180607863 -0.0141905105 0)
(-0.181372262 -0.069756164 0)
(-0.179774562 -0.125090763 0)
(-0.174312991 -0.178007761 0)
(-0.162894557 -0.22475078 0)
(-0.143274857 -0.259318633 0)
(-0.113881958 -0.273020499 0)
(-0.0753381258 -0.25474662 0)
(-0.0343266584 -0.192824042 0)
(-0.00728619435 -0.0799534341 0)
(-0.00459501655 0.0594706515 0)
(-0.0235538458 0.146424422 0)
(-0.0553662161 0.199489793 0)
(-0.0893585632 0.222495134 0)
(-0.120106365 0.221599851 0)
(-0.145678009 0.202920123 0)
(-0.165651645 0.171612004 0)
(-0.180407091 0.131634473 0)
(-0.190626416 0.0858546695 0)
(-0.196910418 0.0363272854 2.97716793e-34)
(-0.199542802 -0.0153518179 -2.97716793e-34)
(-0.198362801 -0.0676574827 0)
(-0.192723143 -0.118718056 0)
(-0.181553549 -0.165871879 0)
(-0.163596021 -0.205231736 0)
(-0.137894256 -0.231365014 0)
(-0.104525727 -0.2373076 0)
(-0.0656752218 -0.2152235 0)
(-0.0281777463 -0.158139718 0)
(-0.00551124783 -0.0634254506 0)
(-0.00373395811 0.0480392377 0)
(-0.0201252559 0.120713045 0)
(-0.0490247405 0.16749377 0)
(-0.0816541196 0.190070168 0)
(-0.11300993 0.192257892 0)
(-0.1407055 0.178336678 4.67992641e-33)
(-0.163585659 0.152274173 0)
(-0.181276595 0.117409528 0)
(-0.193815179 0.0764172698 -4.74070458e-33)
(-0.201327278 0.0314484342 2.26751443e-36)
(-0.203817433 -0.0156307759 4.98509184e-36)
(-0.201060279 -0.0629500917 0)
(-0.192586512 -0.108323567 0)
(-0.177781164 -0.148944542 0)
(-0.156135565 -0.181142072 0)
(-0.127685977 -0.200302458 0)
(-0.0935673499 -0.201113739 0)
(-0.0566777425 -0.178295847 0)
(-0.0233145446 -0.127976896 0)
(-0.00429558174 -0.0500012073 0)
(-0.00311471651 0.0382809724 0)
(-0.0173611586 0.0979235355 0)
(-0.0433123045 0.137946508 0)
(-0.0737081475 0.158761605 0)
(-0.104089066 0.162608838 0)
(-0.13194931 0.15239867 -4.67992641e-33)
(-0.155734711 0.131105783 0)
(-0.174580948 0.101459401 0)
(-0.188064381 0.0658432033 4.74070458e-33)
(-0.195959023 0.0263484676 1.49109007e-33)
(-0.198072161 -0.0150781361 -1.49834268e-33)
(-0.194165034 -0.0564373806 0)
(-0.183959539 -0.0954670093 0)
(-0.167243513 -0.129457486 0)
(-0.144095382 -0.155150339 0)
(-0.115229197 -0.168801862 0)
(-0.0823646491 -0.166511101 0)
(-0.0485840563 -0.144874608 0)
(-0.0193934395 -0.101992433 0)
(-0.00342011563 -0.0389638487 0)
(-0.0026325468 0.0298792046 0)
(-0.0150150442 0.0778090287 0)
(-0.0380782714 0.111136376 0)
(-0.0657839469 0.129488476 0)
(-0.0942301472 0.134045374 0)
(-0.120979093 0.126716375 0)
(-0.144304465 0.109679966 0)
(-0.163058174 0.085111511 0)
(-0.176520469 0.0550606659 0)
(-0.184232223 0.0214514008 2.99745835e-34)
(-0.185879733 -0.0138371283 -2.99745835e-34)
(-0.181244699 -0.0488484446 0)
(-0.170223046 -0.0814218536 0)
(-0.152919648 -0.109100409 0)
(-0.129825803 -0.129122309 0)
(-0.102064036 -0.138554734 0)
(-0.0716046575 -0.134624549 0)
(-0.0414166968 -0.115251775 0)
(-0.0161764961 -0.0797548508 0)
(-0.00276262312 -0.0298227195 0)
(-0.00223247317 0.0226383566 0)
(-0.0129418877 0.0601753651 0)
(-0.0332074528 0.0871733416 0)
(-0.0580020212 0.102766947 0)
(-0.0839574255 0.107423694 0)
(-0.108804132 0.102330975 0)
(-0.130790553 0.0890445779 0)
(-0.148634876 0.0692578731 0)
(-0.161450637 0.0446768175 0)
(-0.168642751 0.0169900167 3.00139548e-34)
(-0.169836052 -0.0120962931 -3.00139548e-34)
(-0.164849722 -0.0407915997 0)
(-0.153720986 -0.0671557312 0)
(-0.136780756 -0.0890694937 0)
(-0.114779997 -0.104279314 0)
(-0.0890457827 -0.11055491 0)
(-0.0615832427 -0.105985847 0)
(-0.0350989573 -0.0893965866 0)
(-0.0134928473 -0.0608351656 0)
(-0.00225135265 -0.0222248853 0)
(-0.0018826039 0.0164321112 0)
(-0.0110470404 0.0448735991 0)
(-0.0286023794 0.0660769279 0)
(-0.050393531 0.0788675651 0)
(-0.073554674 0.0832422163 0)
(-0.0960354021 0.0798780517 0)
(-0.116149965 0.0698537259 0)
(-0.132585523 0.0544539213 0)
(-0.144382932 0.0350509667 0)
(-0.150883026 0.0130604009 0)
(-0.151690285 -0.0100525059 0)
(-0.146665495 -0.0327429342 0)
(-0.135949513 -0.0533612992 0)
(-0.120017779 -0.0701609409 0)
(-0.0997605173 -0.0813667779 0)
(-0.0765679057 -0.085329712 0)
(-0.0523522006 -0.0807769717 0)
(-0.0294964199 -0.0671301199 0)
(-0.0112056064 -0.0448509658 0)
(-0.00183903364 -0.015911527 0)
(-0.00155943328 0.011182367 0)
(-0.00925304137 0.0318001388 0)
(-0.0241600125 0.0478314019 0)
(-0.042913964 0.0579210079 0)
(-0.0631229658 0.0617745022 0)
(-0.0829779756 0.0597236146 0)
(-0.100912805 0.0524904885 0)
(-0.115651076 0.0410198771 0)
(-0.12622618 0.0263718721 0)
(-0.13196501 0.00967382687 0)
(-0.132477647 -0.00788769955 0)
(-0.127662409 -0.0250580991 0)
(-0.117727221 -0.0405116865 0)
(-0.103225058 -0.0528764474 0)
(-0.0850970108 -0.0608066297 0)
(-0.0647048717 -0.063119039 0)
(-0.0438004469 -0.0589966013 0)
(-0.0244314941 -0.0482332368 0)
(-0.00918931929 -0.0314939282 0)
(-0.00148850324 -0.0106999404 0)
(-0.00123978032 0.00685593878 0)
(-0.00748104179 0.0209047929 0)
(-0.0197581858 0.032425355 0)
(-0.0354507557 0.0399932309 0)
(-0.052615657 0.0431700082 0)
(-0.0696901465 0.0420752101 0)
(-0.0852583093 0.0371741135 0)
(-0.0981254106 0.0291332643 0)
(-0.107363736 0.0187281276 0)
(-0.112321914 0.00679954681 0)
(-0.112631878 -0.00575838776 0)
(-0.108221338 -0.0179983744 0)
(-0.0993320143 -0.0289255717 0)
(-0.0865404355 -0.0375251752 0)
(-0.0707743794 -0.0428259073 0)
(-0.0533096719 -0.0440102205 0)
(-0.0357070209 -0.0405736892 0)
(-0.0196933769 -0.0325152162 0)
(-0.00731764081 -0.0205501818 0)
(-0.00116476445 -0.00648000383 0)
(-0.000897570282 0.00346863984 0)
(-0.00564735057 0.0121948736 0)
(-0.015262082 0.0198695713 0)
(-0.0278446279 0.025127186 0)
(-0.04187421 0.0275184223 0)
(-0.0560303543 0.027060003 0)
(-0.0690690131 0.0240403981 0)
(-0.0799142623 0.018900831 0)
(-0.0877169451 0.0121628777 0)
(-0.091877902 0.00439569259 0)
(-0.0920637867 -0.00379318167 0)
(-0.0882226656 -0.0117588537 0)
(-0.0805994247 -0.0188248789 0)
(-0.0697473498 -0.0243048439 0)
(-0.0565288295 -0.0275490872 0)
(-0.0420918957 -0.028024404 0)
(-0.0277916032 -0.0254305975 0)
(-0.0150590743 -0.0198449742 0)
(-0.00546368715 -0.0119075743 0)
(-0.000831833759 -0.00321606743 0)
(-0.000506191769 0.00108683395 0)
(-0.00367972494 0.0057263448 0)
(-0.0105612282 0.0101973063 0)
(-0.0199390331 0.0133689887 0)
(-0.030680113 0.014902859 0)
(-0.0417055097 0.0147957596 0)
(-0.0519733728 0.0132174549 0)
(-0.0605729653 0.0104264887 0)
(-0.0667807887 0.00672361682 0)
(-0.0700855237 0.00243352144 0)
(-0.0702045964 -0.00209833654 0)
(-0.0670989884 -0.00650439933 0)
(-0.0609863484 -0.0103971955 0)
(-0.0523487015 -0.0133812105 0)
(-0.0419278284 -0.0150798548 0)
(-0.0306966565 -0.0151829004 0)
(-0.0197827753 -0.0135193194 0)
(-0.0103402836 -0.0101547862 0)
(-0.00351962441 -0.00554431809 0)
(-0.000455578628 -0.000944740293 0)
(-6.44085112e-05 -0.000175466802 0)
(-0.00159527661 0.00163299121 0)
(-0.00568145329 0.00358999519 0)
(-0.0116912583 0.00499840155 0)
(-0.0188414724 0.00570268572 0)
(-0.0263260212 0.00571958588 0)
(-0.0333720048 0.00513501376 0)
(-0.0393109009 0.00406342619 0)
(-0.0436147734 0.00262889923 0)
(-0.0459113535 0.000960306443 0)
(-0.0459944006 -0.000807069195 0)
(-0.0438343013 -0.00252866331 0)
(-0.0395887279 -0.0040496902 0)
(-0.0336100734 -0.00520848431 0)
(-0.0264438572 -0.00584610427 0)
(-0.0188090655 -0.00582483326 0)
(-0.0115436227 -0.00505935338 0)
(-0.00550482954 -0.00356378348 0)
(-0.00147951393 -0.00155004912 0)
(-3.12049457e-05 0.000232937067 0)
(0.000260630535 -0.000254810373 0)
(0.000150666753 0.000102008806 0)
(-0.00117271903 0.000546229653 0)
(-0.00347286505 0.000861508258 0)
(-0.00636073435 0.00101964219 0)
(-0.00944439907 0.00103548007 0)
(-0.01237033 0.000933969433 0)
(-0.0148460254 0.000741306188 0)
(-0.0166461062 0.000482097376 0)
(-0.01761271 0.000179787406 1.08299979e-33)
(-0.0176569035 -0.000141793543 -1.08299979e-33)
(-0.0167626543 -0.000456937019 0)
(-0.0149926944 -0.000737101958 0)
(-0.0124944672 -0.000950900929 0)
(-0.00950351504 -0.00106524116 0)
(-0.00634043072 -0.00104821842 0)
(-0.00339410796 -0.000875015568 0)
(-0.0010823556 -0.000538701006 0)
(0.000205074994 -8.26207929e-05 0)
(0.000273820571 0.000266000169 0)
)
;

boundaryField
{
    walls
    {
        type            fixedValue;
        value           uniform (0 0 0);
    }
    mov_wall
    {
        type            fixedValue;
        value           uniform (1 0 0);
    }
    empty
    {
        type            empty;
    }
}


// ************************************************************************* //
