/*--------------------------------*- C++ -*----------------------------------*\
| =========                 |                                                 |
| \\      /  F ield         | OpenFOAM: The Open Source CFD Toolbox           |
|  \\    /   O peration     | Version:  5.x                                   |
|   \\  /    A nd           | Web:      www.OpenFOAM.org                      |
|    \\/     M anipulation  |                                                 |
\*---------------------------------------------------------------------------*/
FoamFile
{
    version     2.0;
    format      ascii;
    class       volScalarField;
    location    "1.9";
    object      p;
}
// * * * * * * * * * * * * * * * * * * * * * * * * * * * * * * * * * * * * * //

dimensions      [0 2 -2 0 0 0 0];

internalField   nonuniform List<scalar> 
400
(
8.78201249e-06
2.45247027
3.49433244
3.89888682
4.10665383
4.22471344
4.29429927
4.34028813
4.37635104
4.41012557
4.44677657
4.49093298
4.54767352
4.62450876
4.73481632
4.90461351
5.18239565
5.68421567
6.84132912
9.41173709
1.88671817
2.86730156
3.41989426
3.74775328
3.96518972
4.10975649
4.20768458
4.27900412
4.33675852
4.38962859
4.44426209
4.50658932
4.58335108
4.68331511
4.81974289
5.01369443
5.29403616
5.69848161
6.33842727
7.42838207
2.98209366
3.26254433
3.54234359
3.77069086
3.94571649
4.07572691
4.17323775
4.25001674
4.31529053
4.37625219
4.43894226
4.50903902
4.59259217
4.69679911
4.83086569
5.00665271
5.23633498
5.52395131
5.8605017
6.1982471
3.52780284
3.58535924
3.72180007
3.86539011
3.98907684
4.09084532
4.17462405
4.24572894
4.30954303
4.37104033
4.43479246
4.50522229
4.58680578
4.68427089
4.80246651
4.94570716
5.11576296
5.30516039
5.47834796
5.55964803
3.84423809
3.82689893
3.8851965
3.96939835
4.05223447
4.12780578
4.19568408
4.25749424
4.31594024
4.37411037
4.43508364
4.50187616
4.57734909
4.6640229
4.7635197
4.87552582
4.99637314
5.11481502
5.19585754
5.18372511
4.04552343
4.0036785
4.02144412
4.06786679
4.12139869
4.17575724
4.22887166
4.28055541
4.33187859
4.38451062
4.44029013
4.50098717
4.5680674
4.642344
4.72334275
4.80838174
4.89182139
4.96269179
4.99309302
4.94681806
4.18060823
4.13385091
4.13185742
4.15538636
4.18885082
4.22708397
4.26774472
4.30989025
4.35365651
4.39975084
4.44905789
4.50235624
4.56003789
4.62174001
4.68580256
4.74864202
4.80457492
4.84468008
4.84863781
4.79369132
4.2756801
4.23086198
4.21967844
4.22969217
4.24986339
4.27637239
4.3071404
4.34100143
4.37759785
4.41701875
4.45947112
4.50501563
4.55330419
4.60326759
4.65272258
4.69802782
4.73427425
4.75486162
4.74557444
4.69205482
4.34469375
4.30374923
4.28864646
4.29084477
4.30239351
4.32058915
4.34374791
4.37072021
4.40091201
4.4340349
4.46984771
4.50793682
4.54750206
4.58712708
4.62453086
4.65643002
4.67890956
4.68734844
4.67189397
4.62323058
4.39527624
4.35852083
4.34217332
4.33997432
4.34600551
4.35837803
4.37577824
4.39716272
4.42184348
4.44931723
4.47906946
4.51040535
4.54229214
4.57320989
4.60101723
4.62294265
4.63601175
4.63710797
4.61934014
4.57639301
4.43197763
4.39927192
4.38306892
4.37852535
4.38108104
4.3894118
4.40250366
4.41944119
4.43951918
4.46212623
4.4865999
4.51210433
4.53752506
4.56138542
4.58179231
4.59649718
4.60331035
4.6001894
4.58222183
4.54491047
4.45778774
4.428908
4.41359327
4.40795836
4.40839365
4.41396195
4.42387942
4.43735425
4.45370424
4.47227739
4.4923473
4.51303017
4.53322273
4.55156723
4.5664485
4.57608579
4.57890114
4.57359052
4.55657179
4.52449569
4.47483637
4.44958402
4.43557298
4.42963293
4.42886612
4.43260745
4.44024986
4.45111333
4.46455807
4.479931
4.4964926
4.51336558
4.52950625
4.54370351
4.55460667
4.5608256
4.56124235
4.55505172
4.53959011
4.51227793
4.48473767
4.46296881
4.45050387
4.44476308
4.44342907
4.44604194
4.45213619
4.46113155
4.4724372
4.48541769
4.49934512
4.51337315
4.52653385
4.53776029
4.54593214
4.54997343
4.54910833
4.54287254
4.52927223
4.50629078
4.48878038
4.47041162
4.45963118
4.45440486
4.45293945
4.45494961
4.46009198
4.4678755
4.47775555
4.48911656
4.50124609
4.51332996
4.52446909
4.53371923
4.5401479
4.54292653
4.54153729
4.53576369
4.52415106
4.50515441
4.48806773
4.47306596
4.46401998
4.45946685
4.45814349
4.45993695
4.46461851
4.47177623
4.48090051
4.49138379
4.50251542
4.51349584
4.52347044
4.53158314
4.53704287
4.53921233
4.53777588
4.53272228
4.52309946
4.50783918
4.48367579
4.47201997
4.46465201
4.46077497
4.45971489
4.4615505
4.46616707
4.47321957
4.48221407
4.49252708
4.50342213
4.51408206
4.52365888
4.53134031
4.5364271
4.53842437
4.537183
4.5328919
4.5251414
4.51343294
4.47686458
4.46839846
4.46244145
4.45902897
4.45817621
4.46018447
4.46504944
4.47247151
4.48194143
4.49278317
4.50419336
4.51529167
4.5251853
4.53304934
4.5382184
4.54028903
4.53925059
4.53551107
4.52930151
4.52087142
4.46929703
4.46320655
4.45768775
4.45398266
4.45293752
4.45510514
4.4605587
4.46898348
4.47978517
4.49216191
4.50516579
4.51776895
4.52894079
4.5377434
4.54344347
4.54564032
4.54441461
4.54042753
4.53471169
4.52867971
4.46346131
4.45753668
4.45038576
4.44494374
4.4429212
4.44511362
4.45158526
4.46188956
4.4752299
4.49056428
4.50668348
4.52228533
4.53606128
4.5468064
4.55355882
4.55577264
4.55352865
4.54775937
4.54036311
4.53447478
)
;

boundaryField
{
    walls
    {
        type            zeroGradient;
    }
    mov_wall
    {
        type            zeroGradient;
    }
    empty
    {
        type            empty;
    }
}


// ************************************************************************* //
