/*--------------------------------*- C++ -*----------------------------------*\
| =========                 |                                                 |
| \\      /  F ield         | OpenFOAM: The Open Source CFD Toolbox           |
|  \\    /   O peration     | Version:  5.x                                   |
|   \\  /    A nd           | Web:      www.OpenFOAM.org                      |
|    \\/     M anipulation  |                                                 |
\*---------------------------------------------------------------------------*/
FoamFile
{
    version     2.0;
    format      ascii;
    class       surfaceScalarField;
    location    "1.9";
    object      phi;
}
// * * * * * * * * * * * * * * * * * * * * * * * * * * * * * * * * * * * * * //

dimensions      [0 3 -1 0 0 0 0];

internalField   nonuniform List<scalar> 
760
(
0.00134817561
-0.0013481798
0.00245763956
-0.00110946395
0.00313513342
-0.00067749386
0.00355971202
-0.000424578616
0.00383224434
-0.000272532341
0.00400944167
-0.000177197357
0.00412520081
-0.000115759157
0.00419920089
-7.40000889e-05
0.00424241466
-4.32137716e-05
0.00426053547
-1.81208112e-05
0.00425560488
4.93059747e-06
0.00422674186
2.88630309e-05
0.00416937575
5.73661462e-05
0.00407357414
9.58016634e-05
0.00391994293
0.000153631216
0.00367201408
0.000247928829
0.00326315745
0.000408856616
0.00257263985
0.000690517652
0.0014085018
0.00116413813
0.00140850186
-5.46961678e-05
-0.00129348363
0.000412589916
-0.00157675003
0.00103002296
-0.00129492691
0.00157870069
-0.000973256355
0.00201481176
-0.000708643416
0.00234474818
-0.000507133778
0.00258507973
-0.000356090714
0.00275122684
-0.000240147203
0.00285452138
-0.000146508296
0.00290174753
-6.53469321e-05
0.00289531993
1.13582189e-05
0.00283288707
9.12958878e-05
0.00270708769
0.000183165534
0.00250433226
0.000298557129
0.00220408568
0.000453877861
0.00178088485
0.000671129693
0.0012175578
0.000972183598
0.000552807783
0.00135526756
1.30652178e-05
0.00170388062
0.00142156713
-0.000271736295
-0.00102174733
-0.00022103266
-0.00162745366
7.13544819e-05
-0.00158731406
0.000446262724
-0.00134816461
0.00081245576
-0.00107483646
0.00112925415
-0.000823932161
0.001382023
-0.000608859566
0.00156794444
-0.000426068644
0.00168830827
-0.000266872109
0.00174461391
-0.000121652544
0.00173672063
1.92515474e-05
0.00166206995
0.000165946581
0.00151565575
0.000329579721
0.00129120644
0.000523006439
0.000984974411
0.000760109931
0.000604983176
0.00105112101
0.000189834311
0.0013873325
-0.000160053127
0.00170515495
-0.000261642977
0.00180547039
0.00115992417
-0.000227944221
-0.000793803095
-0.000361206649
-0.00149419122
-0.000308347379
-0.00164017332
-0.000134852417
-0.00152165957
8.91650354e-05
-0.00129885391
0.000314914547
-0.00104968166
0.000513194105
-0.000807139111
0.000668222035
-0.000581096565
0.000771906546
-0.000370556615
0.00081995035
-0.000169696326
0.000809643839
2.95581066e-05
0.000739122865
0.0002364676
0.000607866312
0.000460836278
0.000419052703
0.000711820015
0.00018447881
0.000994683813
-6.72236361e-05
0.0013028235
-0.000280637727
0.00160074665
-0.000369428405
0.00179394564
-0.000246996461
0.00168303839
0.000912927697
-0.000168968691
-0.000624834382
-0.000352027874
-0.001311132
-0.000431580834
-0.00156062033
-0.000408945552
-0.00154429484
-0.000319485864
-0.00138831359
-0.000200159423
-0.00116900809
-7.98861536e-05
-0.000927412359
2.14930666e-05
-0.000682475763
9.13379233e-05
-0.000440401461
0.000122042964
-0.000200401357
0.000109667204
4.19338997e-05
5.3562017e-05
0.000292572847
-4.28230979e-05
0.000557221438
-0.000169756028
0.000838752935
-0.000307700827
0.00113262857
-0.000423503045
0.00141862571
-0.000470046192
0.00164728985
-0.000397835239
0.00172173474
-0.000196433969
0.00148163712
0.000716493693
-0.00012419597
-0.000500638387
-0.000308348268
-0.00112697967
-0.000450518631
-0.00141844995
-0.00052324207
-0.00147157138
-0.000535442958
-0.00137611269
-0.000508225713
-0.00119622532
-0.000463232874
-0.000972405173
-0.000418145235
-0.000727563367
-0.000385708217
-0.000472838452
-0.000374002385
-0.000212107181
-0.000386815471
5.47469962e-05
-0.000423540588
0.000329298008
-0.000478427848
0.000612108765
-0.00053923778
0.000899562905
-0.000585865072
0.00117925585
-0.000590544988
0.0014233056
-0.00052310522
0.00157985009
-0.000366708805
0.00156533838
-0.000150588675
0.00126551702
0.000565904991
-9.45766115e-05
-0.000406061748
-0.000264661741
-0.000956894517
-0.00043076143
-0.00125235023
-0.000557012289
-0.0013453205
-0.000636840908
-0.00129628405
-0.000678200814
-0.0011548654
-0.000694012478
-0.000956593487
-0.000697004734
-0.000724571075
-0.000697353423
-0.000472489719
-0.000701741651
-0.000207718926
-0.000712937752
6.59431008e-05
-0.000729407367
0.000345767636
-0.00074481605
0.000627517501
-0.000747631781
0.000902378703
-0.000721509547
0.00115313364
-0.000647871173
0.0013496672
-0.000512893857
0.00144487276
-0.00032121439
0.00137365893
-0.000116487908
0.00106079057
0.000449417079
-7.53467954e-05
-0.000330714923
-0.000228216739
-0.000804024548
-0.000398372579
-0.00108219437
-0.000550568303
-0.00119312475
-0.000670664955
-0.00117618737
-0.000757625632
-0.0010679047
-0.000816839304
-0.000897379796
-0.000855647047
-0.000685763304
-0.000880686559
-0.000447450162
-0.00089642261
-0.00019198283
-0.000904329772
7.3850283e-05
-0.000902414965
0.000343852828
-0.000885019773
0.000610122326
-0.000843143158
0.000860502144
-0.000765849899
0.00107584044
-0.000643685292
0.00122750261
-0.000475116299
0.00127630375
-0.000276315682
0.0011748583
-9.21344224e-05
0.000876609333
0.000357282669
-6.22903951e-05
-0.000268424502
-0.000198548048
-0.000667766869
-0.000362906368
-0.000917836032
-0.00052386988
-0.00103216122
-0.0006644406
-0.00103561663
-0.000778159777
-0.0009541855
-0.000864847397
-0.000810692154
-0.000927203659
-0.000623407021
-0.000968439226
-0.00040621456
-0.000990760413
-0.000169661593
-0.000994473557
7.75634703e-05
-0.000977559411
0.000326938694
-0.000935723925
0.000568286838
-0.000863124572
0.000787902811
-0.000754140572
0.000966856495
-0.000606638049
0.00108000014
-0.000426957256
0.00109662296
-0.000236041415
0.00098394245
-7.43498254e-05
0.000714917745
0.000282932858
-5.27698683e-05
-0.000215654617
-0.000173815621
-0.000546721097
-0.000327562608
-0.000764089025
-0.000486873578
-0.000872850231
-0.000634389927
-0.000888100264
-0.00076076932
-0.000827806089
-0.000862129331
-0.00070933212
-0.000937668065
-0.000547868267
-0.000987796567
-0.000356086037
-0.00101283672
-0.000144621399
-0.00101223437
7.69611667e-05
-0.000984250673
0.000298955031
-0.00092617107
0.00051020724
-0.0008351647
0.000696896438
-0.000709979927
0.000841671745
-0.000553599433
0.000923619685
-0.000376677854
0.000919701417
-0.000200960253
0.000808224855
-6.08626143e-05
0.000574820106
0.000222070253
-4.52975623e-05
-0.000170357047
-0.000152452668
-0.000439565985
-0.000293296856
-0.000623244824
-0.000444758475
-0.000721388591
-0.000590339086
-0.000742519636
-0.000719464415
-0.000698680746
-0.000826035364
-0.000602761153
-0.000906865512
-0.000467038099
-0.000960333624
-0.00030261791
-0.000985388482
-0.00011956652
-0.000980948341
7.25210628e-05
-0.00094571772
0.000263724454
-0.000878466629
0.000442956173
-0.000778843173
0.000597272983
-0.000648774136
0.000711602708
-0.00049439595
0.000769241519
-0.000328199051
0.000753504551
-0.000170675661
0.000650701487
-5.02798284e-05
0.000454424283
0.000171790431
-3.90606199e-05
-0.000131296423
-0.000133398568
-0.000345228044
-0.000260339647
-0.000496303748
-0.000400372715
-0.000581355508
-0.000538408737
-0.00060448359
-0.000663664409
-0.000573425058
-0.000768904543
-0.000497521007
-0.000849485635
-0.000386456991
-0.000902461038
-0.000249642492
-0.000925893396
-9.613415e-05
-0.000918449047
6.50767319e-05
-0.00087931882
0.00022459426
-0.000808501817
0.000372139205
-0.000707476749
0.000496247931
-0.000580238951
0.000584364908
-0.00043457173
0.000623574301
-0.000283237664
0.000602170503
-0.000144567974
0.000512031822
-4.17536041e-05
0.000351609934
0.000130036836
-3.36068539e-05
-9.76895673e-05
-0.00011596497
-0.000262869934
-0.000228669168
-0.000383599568
-0.000355305019
-0.000454719662
-0.000482412653
-0.000477375938
-0.000599611653
-0.000456226035
-0.000699271907
-0.000397860738
-0.000775991771
-0.000309737116
-0.000826065422
-0.000199568828
-0.000847061059
-7.51385042e-05
-0.00083758479
5.56004706e-05
-0.000797275159
0.000184284645
-0.000727051865
0.000301915939
-0.000629613796
0.000398809887
-0.000510129904
0.000464881026
-0.000376980966
0.000490425363
-0.00024229962
0.000467489164
-0.000121970612
0.00039170283
-3.4731009e-05
0.000264370354
9.53058422e-05
-2.86542562e-05
-6.90353185e-05
-9.96493666e-05
-0.000191874815
-0.000198095706
-0.000285153244
-0.000310324284
-0.000342491106
-0.000424570438
-0.000363129786
-0.000531208635
-0.00034958782
-0.000622698273
-0.000306371078
-0.00069337204
-0.000239063335
-0.000739179893
-0.000153760964
-0.000757478179
-5.68402106e-05
-0.000746926075
4.5048371e-05
-0.000707526219
0.000144884793
-0.000640821028
0.000235210761
-0.000550224061
0.00030821294
-0.000441420909
0.000356077891
-0.000322716247
0.000371720707
-0.000205148066
0.000349920987
-0.000102176257
0.000288731031
-2.87997765e-05
0.000190993892
6.65060848e-05
-2.3977678e-05
-4.50576678e-05
-8.39854784e-05
-0.000131866995
-0.000168233507
-0.000200905208
-0.00026555848
-0.000245166151
-0.000365884692
-0.000262803595
-0.000460530472
-0.000254942042
-0.000542348277
-0.000224553258
-0.000605737665
-0.000175673929
-0.000646593194
-0.000112905422
-0.000662249846
-4.11835498e-05
-0.000651474711
3.42732401e-05
-0.000614532868
0.000107942949
-0.000553330156
0.000174008049
-0.000471605241
0.000226488034
-0.000375108426
0.000259581089
-0.000271669613
0.000268281906
-0.000171038786
0.000249290168
-8.44071906e-05
0.000202099442
-2.3597045e-05
0.000130183761
4.29090588e-05
-1.93458171e-05
-2.57118934e-05
-6.84583486e-05
-8.27544578e-05
-0.000138483433
-0.000130880095
-0.000220601153
-0.000163048421
-0.000306377278
-0.000177027486
-0.000388164104
-0.000173155232
-0.000459397893
-0.00015331947
-0.000514774792
-0.000120297019
-0.000550339678
-7.73405201e-05
-0.000563536403
-2.79868132e-05
-0.000553260318
2.39971629e-05
-0.000519935172
7.46178043e-05
-0.000465611369
0.000119684242
-0.000394055954
0.000154932615
-0.000310777503
0.000176302643
-0.000222909281
0.000180413692
-0.000138874983
0.000165255879
-6.78039676e-05
0.000131028435
-1.87594221e-05
8.11392255e-05
2.41496524e-05
-1.45026706e-05
-1.12092568e-05
-5.25110604e-05
-4.47460988e-05
-0.000108102323
-7.52888143e-05
-0.000174654808
-9.64959061e-05
-0.000245296988
-0.000106385293
-0.000313461813
-0.000104990413
-0.000373317845
-9.3463448e-05
-0.000420051019
-7.35638457e-05
-0.000450032759
-4.73587722e-05
-0.000460924724
-1.70948366e-05
-0.000451760164
1.48326118e-05
-0.000423021966
4.58796111e-05
-0.000376710579
7.33728528e-05
-0.000316372735
9.45947634e-05
-0.000247038542
0.000106968445
-0.00017500192
0.00010837707
-0.000107385922
9.7639886e-05
-5.14777097e-05
7.51202305e-05
-1.39124043e-05
4.35739279e-05
1.0237258e-05
-9.20088937e-06
-2.00836808e-06
-3.56775237e-05
-1.8269518e-05
-7.6420114e-05
-3.45462383e-05
-0.000126785418
-4.61305833e-05
-0.000181371384
-5.17992964e-05
-0.000234769658
-5.15921218e-05
-0.000282075286
-4.61578173e-05
-0.000319199405
-3.64397287e-05
-0.000343048113
-2.35100637e-05
-0.000351630697
-8.51224806e-06
-0.000344140108
7.34202961e-06
-0.000321023099
2.27626081e-05
-0.000284032998
3.63827525e-05
-0.000236236331
4.67980903e-05
-0.000181926129
5.26582347e-05
-0.000126381792
5.28327266e-05
-7.54157796e-05
4.66738722e-05
-3.46759005e-05
3.43803549e-05
-8.71249768e-06
1.76105293e-05
1.52476343e-06
-3.43683873e-06
1.42850139e-06
-1.8040273e-05
-3.66612634e-06
-4.33972297e-05
-9.18931732e-06
-7.6417984e-05
-1.31098408e-05
-0.00011316376
-1.50535047e-05
-0.000149634062
-1.51217952e-05
-0.000182213724
-1.3578137e-05
-0.000207909835
-1.07436107e-05
-0.000224467977
-6.9519206e-06
-0.000230437917
-2.54231e-06
-0.000225227517
2.13162765e-06
-0.000209155932
6.6910219e-06
-0.000183500049
1.07268668e-05
-0.000150508606
1.38066411e-05
-0.000113347706
1.54973247e-05
-7.5926476e-05
1.54114868e-05
-4.25401272e-05
1.32875177e-05
-1.72740596e-05
9.11428744e-06
-3.10345943e-06
3.43993169e-06
-1.57869628e-06
1.42853129e-06
-2.2375645e-06
-1.14268661e-05
-2.45367038e-05
-3.95902053e-05
-5.47119891e-05
-6.82901087e-05
-7.9033703e-05
-8.59856141e-05
-8.85279234e-05
-8.63963029e-05
-7.97052928e-05
-6.89784392e-05
-5.51718118e-05
-3.96745014e-05
-2.42630285e-05
-1.09755211e-05
-1.86123702e-06
1.57869617e-06
)
;

boundaryField
{
    walls
    {
        type            calculated;
        value           uniform 0;
    }
    mov_wall
    {
        type            calculated;
        value           uniform 0;
    }
    empty
    {
        type            empty;
        value           nonuniform 0();
    }
}


// ************************************************************************* //
