/*--------------------------------*- C++ -*----------------------------------*\
| =========                 |                                                 |
| \\      /  F ield         | OpenFOAM: The Open Source CFD Toolbox           |
|  \\    /   O peration     | Version:  5.x                                   |
|   \\  /    A nd           | Web:      www.OpenFOAM.org                      |
|    \\/     M anipulation  |                                                 |
\*---------------------------------------------------------------------------*/
FoamFile
{
    version     2.0;
    format      ascii;
    class       volVectorField;
    location    "1.9";
    object      U;
}
// * * * * * * * * * * * * * * * * * * * * * * * * * * * * * * * * * * * * * //

dimensions      [0 1 -1 0 0 0 0];

internalField   nonuniform List<vector> 
400
(
(0.291698292 0.14964415 0)
(0.388187 0.128007868 0)
(0.557615941 0.0757318185 0)
(0.674785244 0.0433043018 0)
(0.743765548 0.0251588926 0)
(0.787073275 0.0148800609 0)
(0.815460518 0.00893070523 0)
(0.833936535 0.0053097641 0)
(0.845362028 0.00289946911 0)
(0.851345634 0.00108483882 2.66527704e-34)
(0.852637142 -0.000502793687 -2.66527704e-34)
(0.849350912 -0.00216060142 0)
(0.840970384 -0.00421694405 0)
(0.826111299 -0.00722079873 0)
(0.802018527 -0.0122363056 0)
(0.763537628 -0.0213890245 0)
(0.699488108 -0.0388384585 0)
(0.584556998 -0.0722731666 0)
(0.4079005 -0.128436272 0)
(0.300688105 -0.152947575 0)
(0.00120410038 0.287432934 0)
(0.0133206478 0.293872257 0)
(0.140043571 0.20990441 0)
(0.264969658 0.142985244 0)
(0.364174364 0.0968007688 0)
(0.440115053 0.065439816 0)
(0.496534418 0.0439750493 0)
(0.536683062 0.0287002109 0)
(0.563265455 0.0170792673 0)
(0.5781278 0.00742290617 0)
(0.582200721 -0.00150079114 0)
(0.57550615 -0.0107971809 0)
(0.55710103 -0.0217338041 0)
(0.524905984 -0.036138662 0)
(0.475512814 -0.0569623833 0)
(0.404321902 -0.088976054 0)
(0.305684627 -0.139149776 0)
(0.174496378 -0.215274447 0)
(0.0341061093 -0.310800734 0)
(0.0108691018 -0.30590902 0)
(-0.0321468626 0.241774158 0)
(-0.0634310074 0.333546632 0)
(-0.021938028 0.299500881 0)
(0.0505960803 0.24004911 0)
(0.127391731 0.183017657 0)
(0.196810685 0.135451215 0)
(0.254156984 0.0974493024 0)
(0.298076304 0.0668867535 0)
(0.328652309 0.0413742768 0)
(0.346293724 0.0187809139 -2.35797874e-33)
(0.35119717 -0.00280902602 2.35797874e-33)
(0.343113237 -0.0252936617 0)
(0.321265295 -0.0508278187 0)
(0.284422319 -0.0820921838 0)
(0.231320266 -0.122476857 0)
(0.161910391 -0.175655107 0)
(0.0798307906 -0.24320577 0)
(-0.00333966245 -0.317979791 0)
(-0.0578539973 -0.366362122 0)
(-0.0313894627 -0.270690265 0)
(-0.0261205884 0.182361355 0)
(-0.0666203042 0.316882462 0)
(-0.0735405025 0.330898377 0)
(-0.048135686 0.295348128 0)
(-0.00567971281 0.244247867 0)
(0.0411022709 0.192425933 0)
(0.0845323918 0.145089743 0)
(0.1204095 0.103002423 0)
(0.146568892 0.065151659 0)
(0.161908329 0.0298874345 2.35547459e-33)
(0.165795664 -0.00469352582 -2.35547459e-33)
(0.157782426 -0.0406671907 0)
(0.137571598 -0.0802989581 0)
(0.105272352 -0.125974826 0)
(0.0620796042 -0.179769515 0)
(0.0116014784 -0.242024342 0)
(-0.0380335676 -0.307759371 0)
(-0.0720519539 -0.35957527 0)
(-0.0711650016 -0.355582913 0)
(-0.028721246 -0.209177631 0)
(-0.0176299201 0.140767065 0)
(-0.0549178625 0.281823999 0)
(-0.0828663466 0.324478816 0)
(-0.0880821411 0.312389414 0)
(-0.0751284175 0.274433557 0)
(-0.0526391753 0.226769906 0)
(-0.027525989 0.177295124 0)
(-0.00459636686 0.129139351 0)
(0.0130057121 0.0829084864 0)
(0.0233382731 0.0379316781 -2.9454671e-34)
(0.0252913014 -0.00710016569 2.9454671e-34)
(0.0183976515 -0.0537958893 0)
(0.00287105028 -0.103795607 0)
(-0.020100921 -0.158360799 0)
(-0.0477818866 -0.217522736 0)
(-0.0750697277 -0.27833941 0)
(-0.093632198 -0.331687221 0)
(-0.0922300669 -0.357392593 0)
(-0.0635085984 -0.318875655 0)
(-0.0207314526 -0.162075174 0)
(-0.011654548 0.111590647 0)
(-0.0431536419 0.24376031 0)
(-0.0782875859 0.29985146 0)
(-0.100585478 0.304990686 0)
(-0.108319603 0.280409985 0)
(-0.105728254 0.240357951 0)
(-0.0975503748 0.193267734 0)
(-0.087809628 0.143537518 0)
(-0.0795527217 0.093021129 0)
(-0.0748453654 0.0420735975 0)
(-0.074866114 -0.0097575005 0)
(-0.07995162 -0.0632456937 0)
(-0.0895154257 -0.119025666 0)
(-0.101826076 -0.176983845 0)
(-0.113701566 -0.23528717 0)
(-0.120292648 -0.288838102 0)
(-0.115242211 -0.327074573 0)
(-0.0922739368 -0.331558101 0)
(-0.0521886729 -0.275113967 0)
(-0.0142849573 -0.127257964 0)
(-0.00803211772 0.0899656377 0)
(-0.0343066632 0.207869974 0)
(-0.0703720534 0.267731054 0)
(-0.100965129 0.283496354 0)
(-0.121517441 0.269739822 0)
(-0.133072709 0.237794129 0)
(-0.138148705 0.19537199 0)
(-0.139464785 0.147207083 0)
(-0.139381311 0.0958848427 0)
(-0.139615329 0.0425939619 0)
(-0.141129977 -0.0122602296 0)
(-0.144069624 -0.0685339647 0)
(-0.147670659 -0.125815115 0)
(-0.150152058 -0.182775287 0)
(-0.148676887 -0.236301229 0)
(-0.139572247 -0.280376588 0)
(-0.119020144 -0.304887937 0)
(-0.0848771061 -0.294946877 0)
(-0.042205509 -0.232147437 0)
(-0.0100067277 -0.100707178 0)
(-0.00589841009 0.0731538259 0)
(-0.0280525879 0.17545164 0)
(-0.0624648765 0.233442606 0)
(-0.0961978651 0.254635626 0)
(-0.123791047 0.248646157 0)
(-0.14434509 0.223962545 0)
(-0.158632307 0.187058619 0)
(-0.168081067 0.14242347 0)
(-0.174183322 0.092936834 0)
(-0.178104239 0.0403514516 0)
(-0.18046859 -0.0142216219 0)
(-0.18124156 -0.0698373386 0)
(-0.17965762 -0.125214656 0)
(-0.174213913 -0.178163674 0)
(-0.162815958 -0.224925471 0)
(-0.143217558 -0.259497104 0)
(-0.11384486 -0.273186743 0)
(-0.0753183286 -0.254884388 0)
(-0.0343195101 -0.192917705 0)
(-0.0072850788 -0.0799887512 0)
(-0.00459327448 0.0595124037 0)
(-0.0235449529 0.146533144 0)
(-0.0553448841 0.199648252 0)
(-0.0893228559 0.222684895 0)
(-0.120056296 0.221801563 0)
(-0.14561476 0.203114594 0)
(-0.165577321 0.17178153 0)
(-0.180324514 0.13176417 0)
(-0.190538928 0.0859335942 0)
(-0.196821693 0.0363491903 2.97712746e-34)
(-0.199456622 -0.0153881693 -2.97712746e-34)
(-0.198282792 -0.0677484247 0)
(-0.192652471 -0.118855486 0)
(-0.18149461 -0.166043978 0)
(-0.163550167 -0.205423843 0)
(-0.13786162 -0.231560551 0)
(-0.104505204 -0.23748901 0)
(-0.0656646535 -0.215373204 0)
(-0.0281741154 -0.158241101 0)
(-0.00551073475 -0.0634635629 0)
(-0.00373321061 0.0480844202 0)
(-0.0201215709 0.120829246 0)
(-0.0490161787 0.167661677 0)
(-0.0816402662 0.190269852 0)
(-0.112991199 0.192468939 0)
(-0.140682702 0.178539155 4.67989733e-33)
(-0.16355983 0.152449858 0)
(-0.181248906 0.117543168 0)
(-0.193786867 0.0764976831 -4.74065658e-33)
(-0.201299611 0.0314692669 2.2660746e-36)
(-0.203791661 -0.015670701 4.98637603e-36)
(-0.20103755 -0.0630468512 0)
(-0.192567745 -0.108468582 0)
(-0.177766908 -0.149125311 0)
(-0.156125872 -0.181343094 0)
(-0.127680357 -0.200506275 0)
(-0.0935648407 -0.20130202 0)
(-0.0566771256 -0.178450504 0)
(-0.0233146668 -0.128081141 0)
(-0.0042956972 -0.0500401983 0)
(-0.00311501817 0.038326658 0)
(-0.0173629785 0.0980405974 0)
(-0.0433172398 0.138115104 0)
(-0.0737173543 0.158961495 0)
(-0.104103321 0.162819507 0)
(-0.13196896 0.152600247 -4.67989733e-33)
(-0.155759607 0.131280192 0)
(-0.17461047 0.101591555 0)
(-0.188097525 0.0659220546 4.74065658e-33)
(-0.195994528 0.0263677607 1.49107435e-33)
(-0.198108636 -0.0151194987 -1.49832681e-33)
(-0.194201064 -0.0565353827 0)
(-0.183993756 -0.0956129396 0)
(-0.167274622 -0.129638665 0)
(-0.144122195 -0.155351079 0)
(-0.115250699 -0.16900458 0)
(-0.0823801358 -0.166697512 0)
(-0.0485933405 -0.145026938 0)
(-0.0193972811 -0.102094519 0)
(-0.00342084974 -0.0390017521 0)
(-0.00263382831 0.0299224866 0)
(-0.0150220361 0.0779203504 0)
(-0.038095931 0.11129692 0)
(-0.0658149384 0.129678884 0)
(-0.0942756014 0.134246009 0)
(-0.121038916 0.126908234 0)
(-0.144377369 0.109845787 0)
(-0.163141818 0.0852368969 0)
(-0.176611691 0.0551350727 0)
(-0.18432733 0.0214688635 2.99743735e-34)
(-0.185974803 -0.0138776258 -2.99743735e-34)
(-0.181335881 -0.0489429827 0)
(-0.170306813 -0.0815619596 0)
(-0.152993002 -0.109273761 0)
(-0.129886452 -0.129313695 0)
(-0.102110561 -0.138747197 0)
(-0.0716366796 -0.134800635 0)
(-0.0414350535 -0.115394787 0)
(-0.0161837442 -0.0798499769 0)
(-0.0027639256 -0.0298576567 0)
(-0.00223455881 0.0226766674 0)
(-0.0129531626 0.0602750719 0)
(-0.0332357219 0.0873180112 0)
(-0.0580512831 0.102939162 0)
(-0.0840291767 0.107605574 0)
(-0.108897952 0.102505133 0)
(-0.130904215 0.0891951861 0)
(-0.148764568 0.0693717146 0)
(-0.161591329 0.0447442002 0)
(-0.168788626 0.0170054465 3.00138247e-34)
(-0.169980979 -0.0121337529 -3.00138247e-34)
(-0.164987724 -0.0408783156 0)
(-0.153846672 -0.0672838343 0)
(-0.136889686 -0.0892275334 0)
(-0.114868983 -0.10445318 0)
(-0.0891131367 -0.110728959 0)
(-0.0616289463 -0.10614414 0)
(-0.035124785 -0.0895241547 0)
(-0.0135028968 -0.0609191435 0)
(-0.00225312502 -0.0222552135 0)
(-0.00188523177 0.016463493 0)
(-0.0110612588 0.0449571489 0)
(-0.0286380518 0.066199594 0)
(-0.0504557204 0.0790146725 0)
(-0.0736452628 0.0833983383 0)
(-0.0961538285 0.0800280307 0)
(-0.116293366 0.0699837007 0)
(-0.132749021 0.0545522872 0)
(-0.144560086 0.0351091915 0)
(-0.151066385 0.0130736264 0)
(-0.151872003 -0.0100851332 0)
(-0.146837947 -0.0328182311 0)
(-0.136105879 -0.0534723234 0)
(-0.120152539 -0.0702975674 0)
(-0.0998698606 -0.0815165391 0)
(-0.0766500278 -0.0854788475 0)
(-0.0524074607 -0.0809116111 0)
(-0.0295273877 -0.0672375061 0)
(-0.0112175596 -0.0449205925 0)
(-0.00184112269 -0.0159359902 0)
(-0.00156227502 0.0112056844 0)
(-0.00926853715 0.0318647906 0)
(-0.0241991081 0.0479282264 0)
(-0.0429824448 0.0580385289 0)
(-0.0632231157 0.0619001931 0)
(-0.0831093089 0.0598449854 0)
(-0.101072199 0.0525960494 0)
(-0.115833079 0.0410999787 0)
(-0.126423522 0.0264193962 0)
(-0.132169236 0.00968469244 0)
(-0.132679827 -0.00791424893 0)
(-0.12785388 -0.0251194518 0)
(-0.11790027 -0.0406020782 0)
(-0.103373533 -0.0529874355 0)
(-0.0852167961 -0.0609278093 0)
(-0.0647942175 -0.0632389631 0)
(-0.0438600989 -0.0591038472 0)
(-0.0244646479 -0.0483175449 0)
(-0.00920200953 -0.0315473311 0)
(-0.00149069882 -0.0107178262 0)
(-0.00124246144 0.00687102332 0)
(-0.00749596317 0.0209499054 0)
(-0.019796326 0.0324951623 0)
(-0.0355182392 0.0400795233 0)
(-0.0527151572 0.0432633316 0)
(-0.0698214614 0.0421659732 0)
(-0.0854184426 0.0372534447 0)
(-0.0983088743 0.0291936965 0)
(-0.107563078 0.0187641347 0)
(-0.11252839 0.00680793334 0)
(-0.112836211 -0.00577825754 0)
(-0.108414519 -0.0180445286 0)
(-0.0995060623 -0.0289935815 0)
(-0.08668906 -0.0376085115 0)
(-0.0708935037 -0.0429164984 0)
(-0.0533977758 -0.0440991948 0)
(-0.035765233 -0.0406522681 0)
(-0.0197253341 -0.0325757119 0)
(-0.0073296917 -0.0205870849 0)
(-0.00116680287 -0.0064912852 0)
(-0.000899697304 0.00347635141 0)
(-0.00565983412 0.012221987 0)
(-0.0152949386 0.0199139314 0)
(-0.0279039195 0.0251835457 0)
(-0.0419629202 0.0275803105 0)
(-0.0561487006 0.0271207499 0)
(-0.0692144642 0.0240938201 0)
(-0.0800818154 0.0189417254 0)
(-0.0878996347 0.0121873866 0)
(-0.0920674559 0.00440156343 0)
(-0.0922513785 -0.00380643505 0)
(-0.0883997065 -0.0117899069 0)
(-0.0807583301 -0.0188706862 0)
(-0.0698822147 -0.0243608715 0)
(-0.0566359584 -0.0276096962 0)
(-0.0421701412 -0.0280833803 0)
(-0.027842432 -0.0254818182 0)
(-0.0150863497 -0.0198832006 0)
(-0.00547363179 -0.0119294235 0)
(-0.000833412042 -0.00322149918 0)
(-0.000507399428 0.00108901185 0)
(-0.00368814175 0.00573899247 0)
(-0.0105850916 0.0102202879 0)
(-0.0199839088 0.0133994353 0)
(-0.0307490815 0.0149369787 0)
(-0.0417991984 0.0148296251 0)
(-0.0520899419 0.0132474466 0)
(-0.0607083557 0.0104495771 0)
(-0.0669291728 0.00673755544 0)
(-0.0702398861 0.0024369847 0)
(-0.0703573988 -0.00210566155 0)
(-0.067242874 -0.0065217794 0)
(-0.0611148338 -0.0104228913 0)
(-0.0524567965 -0.0134125973 0)
(-0.0420125283 -0.0151136329 0)
(-0.0307572593 -0.0152154012 0)
(-0.0198209422 -0.0135469133 0)
(-0.0103597999 -0.0101744049 0)
(-0.00352613148 -0.00555419458 0)
(-0.000456399316 -0.000945867112 0)
(-6.44816536e-05 -0.00017617557 0)
(-0.00159867721 0.00163631511 0)
(-0.00569404478 0.00359787969 0)
(-0.011717541 0.00500964541 0)
(-0.0188841586 0.00571565307 0)
(-0.0263859196 0.00573262941 0)
(-0.0334480399 0.00514665358 0)
(-0.0394003284 0.00407244335 0)
(-0.0437135263 0.00263439283 0)
(-0.0460144703 0.000961737451 0)
(-0.0460965112 -0.000809842433 0)
(-0.0439301427 -0.00253536678 0)
(-0.0396736614 -0.00405964311 0)
(-0.0336805616 -0.00522063764 0)
(-0.0264978516 -0.00585911304 0)
(-0.0188462712 -0.00583717039 0)
(-0.0115655729 -0.00506947484 0)
(-0.0055147141 -0.00357035927 0)
(-0.00148182953 -0.00155237716 0)
(-3.11023685e-05 0.000233893024 0)
(0.000261334096 -0.000255513199 0)
(0.000151381262 0.000102068911 0)
(-0.0011747588 0.000547316137 0)
(-0.00347997228 0.000863345893 0)
(-0.00637432596 0.00102187056 0)
(-0.0094649701 0.0010377645 0)
(-0.0123975204 0.000936027534 0)
(-0.01487875 0.000742913678 0)
(-0.0166827162 0.000483089747 0)
(-0.0176511738 0.000180063801 1.0830043e-33)
(-0.0176950065 -0.000142263784 -1.0830043e-33)
(-0.0167982117 -0.000458109337 0)
(-0.0150237719 -0.000738856376 0)
(-0.0125195947 -0.000953045956 0)
(-0.0095218684 -0.00106752154 0)
(-0.00635197005 -0.00105033124 0)
(-0.00339964564 -0.000876639009 0)
(-0.00108351033 -0.000539539131 0)
(0.000206025983 -8.25223561e-05 0)
(0.000274502991 0.000266684869 0)
)
;

boundaryField
{
    walls
    {
        type            fixedValue;
        value           uniform (0 0 0);
    }
    mov_wall
    {
        type            fixedValue;
        value           uniform (1 0 0);
    }
    empty
    {
        type            empty;
    }
}


// ************************************************************************* //
