/*--------------------------------*- C++ -*----------------------------------*\
| =========                 |                                                 |
| \\      /  F ield         | OpenFOAM: The Open Source CFD Toolbox           |
|  \\    /   O peration     | Version:  5.x                                   |
|   \\  /    A nd           | Web:      www.OpenFOAM.org                      |
|    \\/     M anipulation  |                                                 |
\*---------------------------------------------------------------------------*/
FoamFile
{
    version     2.0;
    format      ascii;
    class       volScalarField;
    location    "8.2";
    object      p;
}
// * * * * * * * * * * * * * * * * * * * * * * * * * * * * * * * * * * * * * //

dimensions      [0 2 -2 0 0 0 0];

internalField   nonuniform List<scalar> 
400
(
5.95521379e-07
2.45245962
3.49432323
3.89887938
4.10664734
4.22470684
4.29429151
4.34027835
4.37633881
4.41011093
4.44675989
4.4909148
4.54765445
4.6244895
4.73479769
4.90459619
5.18237986
5.68420122
6.84131576
9.41172477
1.88670535
2.86728945
3.41988364
3.74774391
3.96518086
4.10974733
4.2076744
4.27899236
4.33674489
4.3896132
4.44424539
4.50657193
4.58333353
4.6832978
4.81972629
5.01367907
5.29402234
5.69846909
6.33841558
7.42837126
2.98207779
3.26253023
3.54233114
3.77067961
3.94570571
4.07571579
4.17322569
4.25000337
4.31527568
4.37623596
4.43892509
4.50902161
4.59257514
4.69678276
4.83085014
5.00663817
5.23632171
5.5239393
5.86049078
6.19823753
3.52778418
3.58534279
3.72178545
3.86537679
3.9890641
4.09083235
4.17461025
4.24571403
4.30952695
4.37102319
4.43477459
4.50520436
4.58678847
4.68425461
4.80245121
4.94569269
5.1157494
5.30514796
5.47833699
5.55963895
3.84421709
3.82688045
3.88517984
3.96938298
4.05221977
4.12779097
4.19566857
4.25747776
4.31592289
4.37409228
4.43506505
4.50185753
4.5773311
4.66400605
4.76350404
4.87551103
4.99635904
5.11480183
5.19584593
5.18371582
4.04550107
4.00365873
4.02142602
4.0678498
4.12138234
4.17574089
4.22885473
4.28053763
4.33186008
4.38449166
4.44027095
4.500968
4.5680487
4.64232629
4.72332631
4.80836636
4.89180673
4.96267791
4.99308056
4.9468079
4.18058564
4.13383076
4.13183868
4.15536844
4.1888334
4.22706657
4.26772686
4.30987163
4.3536372
4.39973121
4.44903827
4.5023368
4.5600188
4.62172164
4.68578528
4.74862592
4.80455972
4.84466565
4.84862452
4.79367991
4.2756584
4.23084232
4.21965987
4.22967411
4.24984556
4.27635451
4.30712216
4.34098252
4.37757827
4.41699881
4.45945128
4.50499617
4.55328514
4.60324903
4.65270479
4.69801107
4.7342585
4.75484667
4.74556036
4.69204202
4.34467387
4.30373078
4.28862871
4.29082723
4.30237593
4.32057136
4.34372977
4.37070154
4.40089272
4.43401517
4.46982799
4.50791753
4.54748333
4.58710883
4.6245131
4.65641296
4.67889334
4.68733295
4.67187908
4.62321635
4.39525885
4.35850408
4.34215684
4.33995778
4.34598869
4.3583608
4.37576058
4.39714463
4.42182491
4.44929821
4.47905029
4.5103865
4.54227389
4.57319221
4.60099995
4.62292573
4.63599529
4.63709196
4.6193244
4.57637735
4.43196306
4.39925712
4.38305392
4.37851004
4.38106527
4.38939546
4.40248678
4.41942388
4.43950153
4.46210825
4.4865817
4.51208623
4.53750743
4.56136838
4.58177569
4.59648074
4.60329396
4.60017303
4.58220528
4.54489341
4.45777595
4.42889513
4.41357974
4.40794429
4.40837899
4.41394663
4.42386347
4.43733782
4.45368754
4.47226052
4.4923303
4.51301314
4.53320592
4.55155086
4.56643253
4.57606992
4.57888507
4.57357404
4.55655463
4.52447742
4.47482697
4.44957279
4.4355607
4.42961993
4.42885244
4.43259309
4.44023485
4.45109779
4.46454226
4.47991514
4.49647676
4.51334975
4.52949048
4.54368793
4.55459132
4.56081026
4.56122668
4.55503537
4.53957266
4.51225881
4.48472998
4.46295876
4.45049246
4.44475082
4.44341608
4.44602829
4.45212195
4.46111682
4.47242218
4.48540266
4.49933025
4.51335844
4.52651921
4.53774565
4.54591748
4.54995862
4.54909308
4.54285647
4.52925481
4.50627131
4.48877357
4.47040217
4.45962016
4.45439288
4.45292675
4.45493633
4.46007822
4.46786137
4.47774119
4.48910221
4.50123197
4.51331614
4.52445547
4.5337056
4.54013409
4.54291237
4.54152255
4.53574806
4.524134
4.50513515
4.48806086
4.47305652
4.46400887
4.4594547
4.45813061
4.45992358
4.46460484
4.47176238
4.48088661
4.49136998
4.50250191
4.51348273
4.52345768
4.53157049
4.53703002
4.539199
4.53776184
4.53270728
4.52308306
4.50782069
4.48366794
4.47200997
4.46464042
4.46076228
4.45970143
4.46153661
4.46615304
4.47320561
4.48220035
4.49251368
4.50340916
4.51406959
4.52364688
4.53132856
4.53641525
4.53841204
4.53716988
4.53287778
4.52512597
4.5134157
4.47685507
4.46838741
4.46242903
4.45901543
4.45816186
4.4601697
4.46503465
4.47245705
4.48192754
4.49276998
4.50418089
4.51527988
4.52517411
4.53303853
4.53820761
4.54027782
4.53923857
4.53549802
4.52928725
4.52085576
4.46928564
4.46319409
4.45767405
4.45396781
4.4529218
4.455089
4.46054268
4.46896805
4.47977073
4.49214868
4.5051538
4.51775807
4.52893079
4.53773395
4.54343412
4.54563056
4.54440399
4.54041574
4.53469867
4.52866563
4.46344854
4.45752276
4.45037025
4.44492677
4.44290322
4.44509527
4.45156724
4.46187254
4.47521445
4.49055078
4.50667201
4.52227571
4.53605311
4.54679911
4.55355174
4.55576507
4.55351992
4.54774906
4.54035117
4.53446178
)
;

boundaryField
{
    walls
    {
        type            zeroGradient;
    }
    mov_wall
    {
        type            zeroGradient;
    }
    empty
    {
        type            empty;
    }
}


// ************************************************************************* //
