/*--------------------------------*- C++ -*----------------------------------*\
| =========                 |                                                 |
| \\      /  F ield         | OpenFOAM: The Open Source CFD Toolbox           |
|  \\    /   O peration     | Version:  5.x                                   |
|   \\  /    A nd           | Web:      www.OpenFOAM.org                      |
|    \\/     M anipulation  |                                                 |
\*---------------------------------------------------------------------------*/
FoamFile
{
    version     2.0;
    format      ascii;
    class       surfaceScalarField;
    location    "8.2";
    object      phi;
}
// * * * * * * * * * * * * * * * * * * * * * * * * * * * * * * * * * * * * * //

dimensions      [0 3 -1 0 0 0 0];

internalField   nonuniform List<scalar> 
760
(
0.00134817679
-0.00134817707
0.00245763986
-0.00110946307
0.00313513474
-0.000677494883
0.00355971575
-0.000424581028
0.00383225132
-0.00027253558
0.00400945216
-0.000177200827
0.00412521452
-0.000115762336
0.0041992171
-7.40025716e-05
0.00424243237
-4.32152885e-05
0.00426055359
-1.81212341e-05
0.00425562235
4.93124165e-06
0.00422675778
2.88645878e-05
0.00416938941
5.73683855e-05
0.00407358506
9.58043455e-05
0.00391995094
0.000153634099
0.00367201929
0.000247931645
0.00326316023
0.000408859078
0.00257264077
0.000690519472
0.00140850173
0.00116413904
0.00140850173
-5.46951875e-05
-0.00129348188
0.000412592737
-0.00157675098
0.00103002989
-0.00129493202
0.00157871394
-0.000973265078
0.00201483274
-0.000708654401
0.00234477728
-0.000507145384
0.00258511633
-0.000356101377
0.00275126944
-0.000240155653
0.00285456782
-0.000146513662
0.00290179534
-6.53487627e-05
0.0028953666
1.13599551e-05
0.00283293036
9.1300825e-05
0.00270712574
0.000183173019
0.00250436376
0.000298566349
0.0022041099
0.000453887958
0.00178090172
0.000671139798
0.00121756799
0.000972192805
0.000552812557
0.00135527491
1.30664806e-05
0.00170388512
0.00142156821
-0.000271734625
-0.00102174727
-0.00022102655
-0.00162745905
7.13678581e-05
-0.00158732641
0.000446285712
-0.00134818292
0.000812489735
-0.00107485843
0.0011292993
-0.00082395497
0.00138207832
-0.000608880417
0.00156800789
-0.000426085204
0.00168837699
-0.000266882732
0.00174468457
-0.000121656333
0.00173678977
1.92547284e-05
0.00166213441
0.000165956163
0.00151571287
0.000329594559
0.00129125425
0.000523025003
0.000985011709
0.00076013051
0.00060500966
0.00105114183
0.000189850703
0.00138735175
-0.000160045086
0.0017051707
-0.000261640635
0.00180548068
0.00115992758
-0.000227941569
-0.000793805707
-0.000361197306
-0.00149420333
-0.000308328198
-0.0016401955
-0.000134821169
-0.00152168992
8.92094326e-05
-0.00129888902
0.000314971904
-0.00104971746
0.00051326301
-0.000807171552
0.000668300015
-0.000581122214
0.000771990338
-0.000370573025
0.000820036147
-0.000169702115
0.000809727678
2.95631897e-05
0.000739201026
0.000236482785
0.000607935654
0.000460859917
0.000419110869
0.000711849809
0.000184524342
0.000994717065
-6.71911593e-05
0.00130285734
-0.000280617543
0.00160077811
-0.00036941849
0.00179397163
-0.000246993643
0.00168305584
0.000912933958
-0.000168965201
-0.000624840499
-0.000352016182
-0.00131115238
-0.000431557686
-0.00156065401
-0.00040890897
-0.00154433861
-0.000319435145
-0.00138836281
-0.000200095142
-0.00116905746
-7.98100632e-05
-0.000927456661
2.15782441e-05
-0.00068251055
9.14286892e-05
-0.000440423461
0.000122135403
-0.000200408791
0.000109757229
4.19413825e-05
5.36457324e-05
0.000292594258
-4.27490186e-05
0.000557254634
-0.000169694052
0.000838794841
-0.00030765243
0.00113267548
-0.000423468609
0.00141867354
-0.000470024859
0.00164733435
-0.000397824827
0.00172177157
-0.000196431041
0.00148166204
0.000716502933
-0.000124192116
-0.00050064836
-0.000308335629
-0.00112700889
-0.00045049411
-0.00141849556
-0.000523204031
-0.0014716287
-0.000535391049
-0.00137617576
-0.000508160784
-0.00119628769
-0.000463156854
-0.000972460599
-0.000418060934
-0.000727606511
-0.000385619029
-0.000472865387
-0.000373912072
-0.00021211572
-0.000386727901
5.47572556e-05
-0.000423459467
0.000329325828
-0.000478356366
0.000612151494
-0.000539178291
0.000899616735
-0.000585818894
0.00117931609
-0.000590512326
0.00142336701
-0.000523085111
0.00157990715
-0.000366699073
0.00156538552
-0.00015058599
0.00126554893
0.000565916941
-9.4572917e-05
-0.000406075418
-0.000264649722
-0.000956932078
-0.000430738382
-0.00125240693
-0.000556976961
-0.00134539015
-0.000636793231
-0.00129635948
-0.000678141746
-0.00115493913
-0.000693943883
-0.000956658435
-0.000696929213
-0.000724621208
-0.000697274066
-0.000472520584
-0.000701661778
-0.000207728015
-0.000712860707
6.59562297e-05
-0.000729336327
0.00034580149
-0.000744753777
0.000627568931
-0.000747580304
0.000902443213
-0.000721469923
0.00115320569
-0.000647843401
0.00134974051
-0.000512876909
0.0014449407
-0.000321206259
0.00137371488
-0.000116485692
0.00106082835
0.000449431229
-7.53437348e-05
-0.000330731673
-0.000228206793
-0.000804068992
-0.000398353639
-0.00108226009
-0.000550539528
-0.0011932043
-0.000670626477
-0.00117627256
-0.000757578352
-0.00106798723
-0.000816784783
-0.00089745195
-0.000855587401
-0.000685818575
-0.000880624283
-0.000447483747
-0.000896360346
-0.000191992002
-0.000904270107
7.38660017e-05
-0.000902360296
0.000343891738
-0.000884972168
0.000610180838
-0.000843104138
0.000860575154
-0.000765820201
0.0010759217
-0.000643664761
0.00122758506
-0.000475103948
0.00127637992
-0.000276309833
0.00117492081
-9.21328447e-05
0.000876651372
0.000357298363
-6.22883253e-05
-0.000268443362
-0.000198541313
-0.000667815966
-0.000362893623
-0.000917907751
-0.000523850704
-0.00103224724
-0.000664415239
-0.00103570808
-0.000778128949
-0.000954273539
-0.000864812175
-0.000810768678
-0.000927165436
-0.000623465257
-0.000968399643
-0.000406249542
-0.000990721211
-0.000169670495
-0.000994436398
7.7581145e-05
-0.000977525756
0.000326981125
-0.000935694981
0.000568350128
-0.0008631012
0.000787981401
-0.000754123142
0.000966943603
-0.000606626322
0.00108008819
-0.00042695043
0.00109670401
-0.000236038295
0.000984008698
-7.43490117e-05
0.000714962119
0.00028294935
-5.2768997e-05
-0.000215674398
-0.000173812804
-0.000546772136
-0.000327557387
-0.000764163121
-0.000486865946
-0.000872938661
-0.000634380173
-0.000888193886
-0.000760757879
-0.00082789589
-0.000862116691
-0.00070940987
-0.000937654753
-0.000547927134
-0.000987783183
-0.000356121057
-0.00101282393
-0.000144629772
-0.00101222277
7.69799186e-05
-0.000984240734
0.000298999052
-0.000926163079
0.000510272515
-0.000835158791
0.000696977179
-0.000709976056
0.000841760888
-0.000553597318
0.00092370941
-0.000376676995
0.00091978364
-0.000200960067
0.000808291759
-6.08626327e-05
0.000574864706
0.000222086737
-4.52979449e-05
-0.000170376484
-0.000152454002
-0.000439616093
-0.000293299623
-0.000623317465
-0.000444763079
-0.000721475151
-0.000590345807
-0.000742611149
-0.000719473351
-0.0006987684
-0.000826046379
-0.000602836899
-0.000906878239
-0.00046709526
-0.000960347562
-0.000302651661
-0.000985403105
-0.000119574182
-0.000980963132
7.2539909e-05
-0.00094573213
0.000263767975
-0.000878480067
0.000443020426
-0.00077885507
0.000597352229
-0.00064878403
0.00071168991
-0.00049440352
0.000769328916
-0.000328204147
0.000753584233
-0.000170678381
0.000650765955
-5.02806725e-05
0.000454466989
0.000171806086
-3.9062174e-05
-0.000131314314
-0.00013340382
-0.00034527449
-0.000260349999
-0.000496371293
-0.000400388973
-0.00058143613
-0.000538431161
-0.000604568904
-0.000663692748
-0.000573506818
-0.000768938052
-0.000497591662
-0.000849523118
-0.000386510245
-0.00090250096
-0.000249673789
-0.000925934075
-9.61409877e-05
-0.000918488832
6.50947017e-05
-0.000879356176
0.000224635274
-0.000808535356
0.000372199535
-0.000707505303
0.000496322157
-0.0005802617
0.000584446351
-0.000434588318
0.000623655588
-0.00028324827
0.000602244197
-0.000144573359
0.000512091019
-4.17551953e-05
0.000351648798
0.000130050894
-3.36093812e-05
-9.77049022e-05
-0.0001159735
-0.000262910412
-0.000228685913
-0.000383658926
-0.000355331173
-0.000454790868
-0.000482448485
-0.000477451532
-0.000599656607
-0.000456298643
-0.000699324701
-0.000397923588
-0.000776050493
-0.000309784527
-0.000826127668
-0.000199596656
-0.000847124154
-7.51444596e-05
-0.000837646062
5.56166876e-05
-0.000797332163
0.000184321401
-0.000727102514
0.000301969839
-0.000629656452
0.000398876032
-0.0005101635
0.000464953384
-0.000377005148
0.000490497273
-0.00024231485
0.000467553943
-0.000121978217
0.000391754397
-3.47332116e-05
0.000264403775
9.53176677e-05
-2.86574649e-05
-6.90473937e-05
-9.96602021e-05
-0.000191907679
-0.00019811701
-0.000285202168
-0.000310357594
-0.00034255033
-0.000424616092
-0.00036319302
-0.000531265877
-0.00034964879
-0.000622765409
-0.000306424009
-0.000693446605
-0.000239103364
-0.00073925883
-0.000153784506
-0.000757558073
-5.68452491e-05
-0.000747003462
4.50621247e-05
-0.000707597911
0.000144915921
-0.000640884363
0.000235256311
-0.000550277053
0.000308268679
-0.000441462365
0.000356138643
-0.000322745879
0.000371780775
-0.000205166589
0.000349974683
-0.00010218543
0.000288773271
-2.88024053e-05
0.000191020759
6.65152467e-05
-2.39812033e-05
-4.50661662e-05
-8.39974093e-05
-0.000131891438
-0.000168257075
-0.000200942515
-0.000265595498
-0.00024521196
-0.000365935627
-0.000262852932
-0.000460594518
-0.000254989874
-0.000542423514
-0.000224594943
-0.000605821276
-0.000175705565
-0.000646681709
-0.000112924111
-0.000662339402
-4.11876265e-05
-0.000651561364
3.42840633e-05
-0.000614612951
0.000107967554
-0.000553400613
0.000174044034
-0.000471663866
0.000226531948
-0.000375153995
0.000259628738
-0.000271701966
0.000268328705
-0.000171058873
0.00024933158
-8.44170717e-05
0.00020213149
-2.35998584e-05
0.000130203567
4.29153861e-05
-1.93492429e-05
-2.57169361e-05
-6.84700265e-05
-8.27706101e-05
-0.000138506725
-0.000130905784
-0.000220638056
-0.000163080647
-0.000306428424
-0.00017706262
-0.000388228789
-0.000173189543
-0.00045947419
-0.00015334951
-0.000514859786
-0.000120319903
-0.000550429753
-7.73541153e-05
-0.000563627548
-2.79898713e-05
-0.000553348445
2.40048984e-05
-0.000520016459
7.4635551e-05
-0.00046568262
0.000119710234
-0.000394114894
0.000154964272
-0.000310822963
0.00017633682
-0.000222941258
0.000180446974
-0.000138894631
0.000165284924
-6.78135283e-05
0.00013105038
-1.87621157e-05
8.11521668e-05
2.41532795e-05
-1.45055566e-05
-1.1211416e-05
-5.25211232e-05
-4.47550237e-05
-0.000108122802
-7.53040612e-05
-0.000174687766
-9.65156532e-05
-0.000245343224
-0.000106407184
-0.000313520832
-0.00010501199
-0.000373387931
-9.34824383e-05
-0.000420129437
-7.3578364e-05
-0.000450116052
-4.73674404e-05
-0.000461009052
-1.70968508e-05
-0.000451841624
1.48374348e-05
-0.000423096922
4.58907998e-05
-0.000376775991
7.33892893e-05
-0.000316426457
9.46147674e-05
-0.000247079536
0.000106989937
-0.000175030338
0.000108397786
-0.000107403057
9.76576271e-05
-5.14858526e-05
7.51331566e-05
-1.39146289e-05
4.3580939e-05
1.02386595e-05
-9.20281759e-06
-2.00862744e-06
-3.56847608e-05
-1.827309e-05
-7.64355381e-05
-3.45532636e-05
-0.000126811011
-4.61401387e-05
-0.000181408044
-5.18101288e-05
-0.000234817137
-5.1602922e-05
-0.000282132243
-4.61673801e-05
-0.000319263565
-3.64470616e-05
-0.000343116518
-2.35144551e-05
-0.000351700027
-8.51329461e-06
-0.000344206994
7.34441746e-06
-0.000321084424
2.27682017e-05
-0.000284086172
3.63909996e-05
-0.000236279549
4.6808135e-05
-0.000181958577
5.26689856e-05
-0.000126403738
5.28429722e-05
-7.54285315e-05
4.66824289e-05
-3.46816261e-05
3.43862422e-05
-8.71391253e-06
1.76132155e-05
1.5247485e-06
-3.43752698e-06
1.42889507e-06
-1.80438875e-05
-3.66674423e-06
-4.3406055e-05
-9.19110518e-06
-7.64336759e-05
-1.31124997e-05
-0.000113187146
-1.50566233e-05
-0.000149665095
-1.51249556e-05
-0.000182251539
-1.35809575e-05
-0.000207952859
-1.07457778e-05
-0.000224514112
-6.95321548e-06
-0.000230484764
-2.54261903e-06
-0.000225272633
2.13232027e-06
-0.000209197066
6.69264614e-06
-0.000183535353
1.07292685e-05
-0.000150536818
1.38095758e-05
-0.000113368302
1.55004629e-05
-7.59397609e-05
1.54144428e-05
-4.25472169e-05
1.32898999e-05
-1.72767324e-05
9.11576291e-06
-3.10385686e-06
3.4403366e-06
-1.5791112e-06
1.4289081e-06
-2.23784081e-06
-1.14289685e-05
-2.45414879e-05
-3.95981054e-05
-5.47230334e-05
-6.83039696e-05
-7.90497541e-05
-8.60029957e-05
-8.85456327e-05
-8.64133055e-05
-7.97206372e-05
-6.89913534e-05
-5.51817805e-05
-3.9681331e-05
-2.42668976e-05
-1.0976997e-05
-1.86122863e-06
1.57911186e-06
)
;

boundaryField
{
    walls
    {
        type            calculated;
        value           uniform 0;
    }
    mov_wall
    {
        type            calculated;
        value           uniform 0;
    }
    empty
    {
        type            empty;
        value           nonuniform 0();
    }
}


// ************************************************************************* //
