/*--------------------------------*- C++ -*----------------------------------*\
| =========                 |                                                 |
| \\      /  F ield         | OpenFOAM: The Open Source CFD Toolbox           |
|  \\    /   O peration     | Version:  5.x                                   |
|   \\  /    A nd           | Web:      www.OpenFOAM.org                      |
|    \\/     M anipulation  |                                                 |
\*---------------------------------------------------------------------------*/
FoamFile
{
    version     2.0;
    format      ascii;
    class       volVectorField;
    location    "8.2";
    object      U;
}
// * * * * * * * * * * * * * * * * * * * * * * * * * * * * * * * * * * * * * //

dimensions      [0 1 -1 0 0 0 0];

internalField   nonuniform List<vector> 
400
(
(0.29169842 0.149643822 0)
(0.388187163 0.128007696 0)
(0.557616068 0.0757318281 0)
(0.674785702 0.0433044395 0)
(0.743766594 0.0251591049 0)
(0.78707502 0.0148802961 0)
(0.815462957 0.00893092053 0)
(0.833939562 0.00530992834 0)
(0.845365465 0.0028995627 0)
(0.851349264 0.00108485363 2.66526761e-34)
(0.852640746 -0.000502853696 -2.66526761e-34)
(0.84935429 -0.00216072171 0)
(0.840973371 -0.00421710614 0)
(0.826113776 -0.00722098505 0)
(0.802020427 -0.0122365001 0)
(0.763538944 -0.0213892103 0)
(0.699488889 -0.0388386162 0)
(0.584557335 -0.0722732755 0)
(0.407900535 -0.128436308 0)
(0.300688068 -0.152947536 0)
(0.00120417981 0.287432406 0)
(0.0133209562 0.293872124 0)
(0.140044442 0.209904856 0)
(0.264971589 0.142986165 0)
(0.36417774 0.0968019855 0)
(0.440120062 0.0654411204 0)
(0.496541036 0.0439762495 0)
(0.536691066 0.028701156 0)
(0.563274468 0.0170798561 0)
(0.578137345 0.00742308853 0)
(0.582210286 -0.00150101279 0)
(0.575515249 -0.0107977572 0)
(0.557109247 -0.0217346539 0)
(0.524912996 -0.0361396909 0)
(0.47551841 -0.0569634952 0)
(0.404326004 -0.0889771516 0)
(0.305687292 -0.139150757 0)
(0.174497788 -0.215275204 0)
(0.0341065833 -0.310801156 0)
(0.010869156 -0.305909062 0)
(-0.0321467647 0.241773921 0)
(-0.063430369 0.333547158 0)
(-0.0219362055 0.29950249 0)
(0.0505996272 0.240051667 0)
(0.127397385 0.183020809 0)
(0.196818611 0.135454524 0)
(0.2541671 0.0974523405 0)
(0.298088298 0.0668891687 0)
(0.328665676 0.0413758241 0)
(0.346307829 0.0187814625 -2.35796981e-33)
(0.351211316 -0.00280949057 2.35796981e-33)
(0.343126748 -0.0252950478 0)
(0.321277576 -0.0508299495 0)
(0.284432899 -0.0820948313 0)
(0.23132882 -0.122479773 0)
(0.161916764 -0.175658039 0)
(0.0798350198 -0.243208457 0)
(-0.00333734434 -0.317981963 0)
(-0.057853136 -0.366363502 0)
(-0.0313893212 -0.270690675 0)
(-0.0261204155 0.182361575 0)
(-0.0666192799 0.316884132 0)
(-0.0735377858 0.330901737 0)
(-0.0481307209 0.295352909 0)
(-0.00567217279 0.244253508 0)
(0.041112479 0.192431743 0)
(0.0845451076 0.145095039 0)
(0.120424327 0.103006627 0)
(0.146585243 0.0651543612 0)
(0.16192548 0.0298884075 2.35546523e-33)
(0.165812822 -0.00469432026 -2.35546523e-33)
(0.157798803 -0.0406696185 0)
(0.137586495 -0.0803027405 0)
(0.105285208 -0.125979582 0)
(0.0620900269 -0.179774807 0)
(0.0116092717 -0.242029715 0)
(-0.0380283769 -0.307764353 0)
(-0.0720490955 -0.35957937 0)
(-0.0711639206 -0.355585639 0)
(-0.0287210579 -0.209178581 0)
(-0.0176296818 0.140767916 0)
(-0.054916545 0.281827202 0)
(-0.0828629985 0.324484357 0)
(-0.0880762285 0.312396797 0)
(-0.0751196903 0.274441982 0)
(-0.0526276229 0.226778431 0)
(-0.0275118466 0.17730282 0)
(-0.00458009489 0.129145423 0)
(0.0130234839 0.0829123579 0)
(0.0233567937 0.0379330306 -2.94545484e-34)
(0.0253097492 -0.007101393 2.94545484e-34)
(0.0184152104 -0.0537995202 0)
(0.00288698359 -0.103801262 0)
(-0.020087206 -0.15836794 0)
(-0.0477707966 -0.217530724 0)
(-0.0750614567 -0.278347553 0)
(-0.093626705 -0.3316948 0)
(-0.0922270546 -0.357398868 0)
(-0.063507469 -0.318879891 0)
(-0.020731261 -0.162076726 0)
(-0.0116542775 0.111592253 0)
(-0.0431521969 0.243765268 0)
(-0.0782839974 0.299859402 0)
(-0.100579266 0.305000827 0)
(-0.108310593 0.280421264 0)
(-0.105716505 0.240369185 0)
(-0.0975361684 0.193277772 0)
(-0.0877934464 0.143545371 0)
(-0.0795351957 0.0930260716 0)
(-0.0748272231 0.0420752286 0)
(-0.0748481335 -0.00975925762 0)
(-0.0799345743 -0.063250616 0)
(-0.0895000194 -0.119033273 0)
(-0.101812878 -0.176993446 0)
(-0.113690954 -0.235297924 0)
(-0.120284783 -0.288849074 0)
(-0.115237021 -0.327084781 0)
(-0.0922711104 -0.331566549 0)
(-0.0521876265 -0.27511969 0)
(-0.0142847859 -0.1272601 0)
(-0.00803185438 0.0899680196 0)
(-0.0343052786 0.2078767 0)
(-0.0703686569 0.267741358 0)
(-0.100959319 0.283509144 0)
(-0.121509114 0.269753777 0)
(-0.133061966 0.237807846 0)
(-0.138135833 0.195384128 0)
(-0.139450237 0.147216495 0)
(-0.139365666 0.0958906815 0)
(-0.139599237 0.0425957542 0)
(-0.141114118 -0.0122625703 0)
(-0.144054662 -0.0685401643 0)
(-0.147657203 -0.125824591 0)
(-0.150140599 -0.182787205 0)
(-0.148667745 -0.236314559 0)
(-0.139565532 -0.280390171 0)
(-0.119015754 -0.304900547 0)
(-0.0848747373 -0.294957283 0)
(-0.0422046424 -0.232154474 0)
(-0.0100065896 -0.100709815 0)
(-0.00589819019 0.073156903 0)
(-0.0280514373 0.17545993 0)
(-0.0624620721 0.233454973 0)
(-0.0961931088 0.254650692 0)
(-0.123784293 0.248662372 0)
(-0.144336453 0.223978317 0)
(-0.158622039 0.187072458 0)
(-0.168069541 0.142434111 0)
(-0.174171005 0.0929433419 0)
(-0.178091653 0.0403532987 0)
(-0.180456268 -0.0142245293 0)
(-0.18123001 -0.0698446794 0)
(-0.179647299 -0.125225751 0)
(-0.174205191 -0.178177558 0)
(-0.162809069 -0.224940953 0)
(-0.143212562 -0.25951284 0)
(-0.113841642 -0.273201307 0)
(-0.0753166178 -0.254896364 0)
(-0.0343188944 -0.192925775 0)
(-0.00728498329 -0.0799917689 0)
(-0.00459312488 0.0595160123 0)
(-0.0235441707 0.146542617 0)
(-0.0553429873 0.199662159 0)
(-0.0893196674 0.222701638 0)
(-0.120051817 0.221819415 0)
(-0.145609097 0.203131825 0)
(-0.165570656 0.171796546 0)
(-0.180317097 0.131775631 0)
(-0.190531067 0.0859405145 0)
(-0.19681373 0.0363510099 2.97711427e-34)
(-0.199448904 -0.015391549 -2.97711427e-34)
(-0.198275638 -0.0677566486 0)
(-0.192646155 -0.118867799 0)
(-0.181489346 -0.166059304 0)
(-0.163546083 -0.205440867 0)
(-0.13785873 -0.231577792 0)
(-0.1045034 -0.237504911 0)
(-0.0656637296 -0.215386229 0)
(-0.0281737977 -0.158249843 0)
(-0.00551068922 -0.0634668188 0)
(-0.00373314635 0.0480883383 0)
(-0.0201212387 0.120839394 0)
(-0.0490153883 0.167676442 0)
(-0.0816389735 0.190287503 0)
(-0.112989443 0.192487653 0)
(-0.140680561 0.178557129 4.67987937e-33)
(-0.163557398 0.152465443 0)
(-0.181246285 0.117554993 0)
(-0.19378417 0.0765047452 -4.74063721e-33)
(-0.201296963 0.0314709997 2.26591572e-36)
(-0.203789194 -0.0156743954 4.98648574e-36)
(-0.201035372 -0.0630556014 0)
(-0.192565936 -0.108481589 0)
(-0.177765513 -0.149141429 0)
(-0.156124902 -0.181360923 0)
(-0.127679778 -0.200524258 0)
(-0.0935645709 -0.201318537 0)
(-0.0566770483 -0.178463976 0)
(-0.023314669 -0.128090144 0)
(-0.00429570557 -0.0500435346 0)
(-0.00311504266 0.038330634 0)
(-0.0173631213 0.0980508477 0)
(-0.0433176236 0.138129962 0)
(-0.0737180735 0.158979201 0)
(-0.104104446 0.162838228 0)
(-0.131970529 0.152618182 -4.67987937e-33)
(-0.155761617 0.131295698 0)
(-0.174612867 0.101603269 0)
(-0.18810022 0.06592899 4.74063721e-33)
(-0.195997413 0.0263693656 1.4910682e-33)
(-0.198111605 -0.0151233143 -1.4983206e-33)
(-0.194204011 -0.0565442455 0)
(-0.183996565 -0.0956260453 0)
(-0.167277177 -0.129654849 0)
(-0.144124392 -0.155368916 0)
(-0.115252459 -0.169022494 0)
(-0.082381405 -0.166713887 0)
(-0.0485941046 -0.145040226 0)
(-0.0193975991 -0.10210335 0)
(-0.00342091104 -0.0390050031 0)
(-0.00263393504 0.0299262679 0)
(-0.0150226253 0.0779301277 0)
(-0.0380974268 0.111311106 0)
(-0.0658175709 0.12969579 0)
(-0.094279471 0.13426388 0)
(-0.121044021 0.126925348 0)
(-0.144383606 0.10986057 0)
(-0.163148988 0.0852480398 0)
(-0.176619513 0.0551416301 0)
(-0.184335475 0.0214703134 2.99742602e-34)
(-0.185982931 -0.0138813599 -2.99742603e-34)
(-0.181343669 -0.0489515369 0)
(-0.170313964 -0.0815745586 0)
(-0.152999257 -0.109289277 0)
(-0.129891609 -0.129330743 0)
(-0.1021145 -0.138764247 0)
(-0.071639377 -0.134816137 0)
(-0.0414365927 -0.115407286 0)
(-0.0161843499 -0.0798582225 0)
(-0.00276403419 -0.0298606606 0)
(-0.00223473336 0.0226800277 0)
(-0.0129541233 0.0602838601 0)
(-0.033238151 0.0873308343 0)
(-0.0580555341 0.102954496 0)
(-0.0840353832 0.107621819 0)
(-0.10890608 0.102520712 0)
(-0.130914074 0.0892086551 0)
(-0.148775832 0.069381866 0)
(-0.161603555 0.0447501571 0)
(-0.168801294 0.0170067262 3.00137187e-34)
(-0.169993545 -0.012137215 -3.00137187e-34)
(-0.164999666 -0.0408861759 0)
(-0.15385753 -0.0672953733 0)
(-0.136899081 -0.0892417092 0)
(-0.114876641 -0.104468709 0)
(-0.0891189111 -0.110744424 0)
(-0.0616328432 -0.106158118 0)
(-0.0351269722 -0.0895353349 0)
(-0.0135037407 -0.0609264406 0)
(-0.00225327198 -0.0222578269 0)
(-0.00188545329 0.0164662569 0)
(-0.0110624791 0.0449645429 0)
(-0.0286411408 0.0662105077 0)
(-0.0504611326 0.0790278158 0)
(-0.0736531696 0.0834123259 0)
(-0.0961641809 0.0800414878 0)
(-0.116305913 0.0699953633 0)
(-0.132763335 0.054561093 0)
(-0.144575601 0.0351143616 0)
(-0.151082441 0.0130747272 0)
(-0.151887897 -0.0100881606 0)
(-0.146853002 -0.0328250785 0)
(-0.136119498 -0.0534823502 0)
(-0.120164251 -0.0703098527 0)
(-0.0998793404 -0.0815299525 0)
(-0.0766571246 -0.0854921433 0)
(-0.0524122135 -0.0809235436 0)
(-0.0295300331 -0.067246952 0)
(-0.0112185705 -0.0449266627 0)
(-0.00184129622 -0.0159381036 0)
(-0.00156251723 0.011207747 0)
(-0.00926987713 0.0318705387 0)
(-0.0242025158 0.0479368795 0)
(-0.0429884446 0.0580490727 0)
(-0.0632319196 0.061911497 0)
(-0.0831208758 0.0598559133 0)
(-0.101086248 0.052605554 0)
(-0.115849126 0.0411071782 0)
(-0.126440922 0.0264236383 0)
(-0.132187241 0.00968560626 0)
(-0.132697639 -0.00791672143 0)
(-0.127870721 -0.0251250552 0)
(-0.117915456 -0.0406102731 0)
(-0.103386528 -0.0529974486 0)
(-0.0852272493 -0.0609386972 0)
(-0.0648019892 -0.0632496918 0)
(-0.0438652661 -0.0591133898 0)
(-0.0244675028 -0.0483249932 0)
(-0.00920309243 -0.0315520072 0)
(-0.001490883 -0.010719377 0)
(-0.00124269349 0.00687236402 0)
(-0.00749726516 0.0209539378 0)
(-0.0197996739 0.0325014337 0)
(-0.0355241917 0.0400873042 0)
(-0.0527239645 0.0432717635 0)
(-0.0698331108 0.0421741791 0)
(-0.0854326636 0.037260614 0)
(-0.0983251702 0.0291991487 0)
(-0.10758078 0.018767365 0)
(-0.112546718 0.00680864875 0)
(-0.112854337 -0.00578011211 0)
(-0.108431635 -0.0180487628 0)
(-0.0995214522 -0.0289997773 0)
(-0.0867021653 -0.0376160637 0)
(-0.0709039733 -0.0429246707 0)
(-0.0534054908 -0.0441071856 0)
(-0.0357703091 -0.0406592893 0)
(-0.0197281064 -0.0325810821 0)
(-0.00733072968 -0.0205903331 0)
(-0.0011669762 -0.00649226829 0)
(-0.000899885247 0.00347704051 0)
(-0.00566093591 0.0122244256 0)
(-0.0152978478 0.0199179409 0)
(-0.027909191 0.0251886577 0)
(-0.0419708334 0.027585934 0)
(-0.0561592825 0.0271262704 0)
(-0.0692274871 0.0240986689 0)
(-0.0800968223 0.0189454281 0)
(-0.087915991 0.0121895936 0)
(-0.0920844146 0.00440206997 0)
(-0.0922681475 -0.00380767358 0)
(-0.088415515 -0.0117927666 0)
(-0.0807724956 -0.0188748805 0)
(-0.0698942069 -0.0243659766 0)
(-0.0566454524 -0.0276151921 0)
(-0.0421770472 -0.0280887021 0)
(-0.0278468973 -0.0254864162 0)
(-0.0150887335 -0.0198866112 0)
(-0.00547449602 -0.0119313579 0)
(-0.000833548046 -0.00322197552 0)
(-0.000507509675 0.00108920788 0)
(-0.00368889618 0.00574013735 0)
(-0.0105872286 0.0102223782 0)
(-0.0199879393 0.0134022146 0)
(-0.0307552924 0.0149400995 0)
(-0.0418076535 0.0148327226 0)
(-0.052100477 0.0132501838 0)
(-0.0607205986 0.0104516756 0)
(-0.0669425866 0.00673881281 0)
(-0.0702538277 0.00243728386 0)
(-0.0703711834 -0.00210634783 0)
(-0.0672558379 -0.00652338448 0)
(-0.0611263926 -0.0104252544 0)
(-0.0524665004 -0.0134154733 0)
(-0.0420201086 -0.0151167144 0)
(-0.0307626607 -0.0152183509 0)
(-0.0198243263 -0.0135494036 0)
(-0.0103615201 -0.0101761646 0)
(-0.00352670185 -0.00555507436 0)
(-0.000456470826 -0.000945966652 0)
(-6.44915201e-05 -0.00017623966 0)
(-0.00159899048 0.00163661621 0)
(-0.00569519126 0.00359859873 0)
(-0.0117199341 0.00501067653 0)
(-0.0188880495 0.00571684712 0)
(-0.0263913858 0.00573383235 0)
(-0.033454986 0.0051477247 0)
(-0.039408503 0.00407326749 0)
(-0.0437225524 0.00263488837 0)
(-0.0460238869 0.000961859236 0)
(-0.0461058227 -0.00081010396 0)
(-0.0439388685 -0.00253598646 0)
(-0.0396813816 -0.00406056021 0)
(-0.033686957 -0.00522175612 0)
(-0.0265027384 -0.0058603073 0)
(-0.0188496263 -0.00583829798 0)
(-0.011567542 -0.00507039434 0)
(-0.00551559467 -0.0035709527 0)
(-0.00148203415 -0.00155258606 0)
(-3.10931692e-05 0.000233977811 0)
(0.000261396174 -0.000255577084 0)
(0.000151440825 0.000102073115 0)
(-0.00117495407 0.000547414258 0)
(-0.00348063463 0.000863514569 0)
(-0.00637558544 0.0010220775 0)
(-0.00946687236 0.00103797822 0)
(-0.0124000335 0.000936220051 0)
(-0.0148817754 0.000743062405 0)
(-0.0166861015 0.000483179277 0)
(-0.0176547285 0.000180086501 1.0830013e-33)
(-0.0176985223 -0.000142308827 -1.0830013e-33)
(-0.0168014854 -0.000458217618 0)
(-0.0150266271 -0.000739017914 0)
(-0.0125218993 -0.000953244138 0)
(-0.00952354918 -0.00106773275 0)
(-0.00635302476 -0.00105052665 0)
(-0.00340015008 -0.000876788339 0)
(-0.00108361493 -0.000539615843 0)
(0.00020611145 -8.25140377e-05 0)
(0.000274563973 0.000266745763 0)
)
;

boundaryField
{
    walls
    {
        type            fixedValue;
        value           uniform (0 0 0);
    }
    mov_wall
    {
        type            fixedValue;
        value           uniform (1 0 0);
    }
    empty
    {
        type            empty;
    }
}


// ************************************************************************* //
