/*--------------------------------*- C++ -*----------------------------------*\
| =========                 |                                                 |
| \\      /  F ield         | OpenFOAM: The Open Source CFD Toolbox           |
|  \\    /   O peration     | Version:  5.x                                   |
|   \\  /    A nd           | Web:      www.OpenFOAM.org                      |
|    \\/     M anipulation  |                                                 |
\*---------------------------------------------------------------------------*/
FoamFile
{
    version     2.0;
    format      ascii;
    class       volScalarField;
    location    "6.3";
    object      p;
}
// * * * * * * * * * * * * * * * * * * * * * * * * * * * * * * * * * * * * * //

dimensions      [0 2 -2 0 0 0 0];

internalField   nonuniform List<scalar> 
400
(
1.32467743e-06
2.45246069
3.49432434
3.89888049
4.10664846
4.22470798
4.29429264
4.34027948
4.37633994
4.41011205
4.44676102
4.49091594
4.54765557
4.62449062
4.73479881
4.90459733
5.182381
5.68420234
6.84131687
9.41172587
1.88670639
2.86729055
3.41988475
3.74774501
3.96518197
4.10974846
4.20767553
4.27899349
4.33674602
4.38961431
4.44424651
4.50657306
4.58333467
4.68329893
4.81972741
5.0136802
5.29402348
5.69847023
6.33841671
7.42837237
2.9820789
3.26253134
3.54233226
3.77068072
3.94570682
4.07571691
4.17322682
4.2500045
4.31527681
4.37623708
4.43892621
4.50902274
4.59257628
4.6967839
4.83085126
5.00663928
5.23632284
5.52394044
5.86049192
6.19823866
3.52778529
3.58534391
3.72178657
3.86537792
3.98906522
4.09083346
4.17461136
4.24571516
4.30952809
4.37102431
4.4347757
4.50520547
4.58678961
4.68425576
4.80245234
4.9456938
5.11575051
5.30514909
5.47833813
5.55964009
3.8442182
3.82688157
3.88518097
3.96938411
4.0522209
4.12779209
4.19566968
4.25747889
4.31592403
4.37409342
4.43506617
4.50185864
4.57733222
4.66400719
4.76350518
4.87551215
4.99636014
5.11480295
5.19584706
5.18371696
4.04550219
4.00365984
4.02142713
4.06785094
4.12138349
4.17574202
4.22885584
4.28053874
4.33186121
4.38449281
4.44027208
4.50096911
4.5680498
4.64232742
4.72332746
4.8083675
4.89180785
4.96267901
4.99308168
4.94680903
4.18058678
4.13383187
4.13183979
4.15536956
4.18883454
4.22706772
4.26772798
4.30987273
4.35363831
4.39973235
4.44903942
4.50233792
4.5600199
4.62172274
4.68578642
4.74862707
4.80456087
4.84466677
4.84862563
4.79368103
4.27565954
4.23084345
4.21966097
4.22967522
4.24984669
4.27635567
4.3071233
4.34098363
4.37757937
4.41699993
4.45945244
4.50499732
4.55328626
4.60325012
4.6527059
4.69801221
4.73425965
4.75484781
4.74556148
4.69204313
4.34467502
4.30373192
4.28862983
4.29082834
4.30237704
4.3205725
4.34373092
4.37070267
4.40089382
4.43401627
4.46982913
4.50791869
4.54748448
4.58710994
4.6245142
4.65641408
4.67889448
4.6873341
4.67188021
4.62321747
4.39525998
4.35850523
4.34215798
4.33995889
4.34598979
4.35836192
4.37576173
4.39714579
4.42182603
4.4492993
4.4790514
4.51038764
4.54227506
4.57319335
4.60100106
4.62292683
4.6359964
4.63709309
4.61932554
4.57637848
4.43196418
4.39925826
4.38305507
4.37851117
4.38106637
4.38939656
4.4024879
4.41942504
4.43950269
4.46210937
4.48658279
4.51208734
4.53750858
4.56136955
4.58177683
4.59648185
4.60329506
4.60017414
4.58220642
4.54489456
4.45777705
4.42889625
4.41358089
4.40794545
4.40838012
4.41394773
4.42386457
4.43733896
4.4536887
4.47226168
4.49233141
4.51301423
4.53320704
4.55155201
4.56643369
4.57607106
4.57888618
4.57357514
4.55655575
4.52447855
4.47482807
4.4495739
4.43556183
4.42962109
4.42885359
4.43259421
4.44023594
4.4510989
4.4645434
4.47991631
4.49647791
4.51335086
4.52949157
4.54368905
4.55459246
4.56081142
4.56122782
4.55503649
4.53957377
4.51225994
4.48473111
4.46295986
4.45049356
4.44475195
4.44341724
4.44602945
4.45212306
4.4611179
4.47242329
4.48540381
4.49933141
4.51335958
4.52652031
4.53774674
4.5459186
4.54995977
4.54909423
4.54285761
4.52925593
4.50627243
4.48877472
4.47040329
4.45962125
4.45439398
4.45292789
4.45493749
4.46007937
4.46786248
4.47774228
4.48910332
4.50123312
4.51331731
4.52445661
4.53370671
4.54013519
4.54291349
4.54152369
4.5357492
4.52413513
4.50513627
4.48806202
4.47305767
4.46400998
4.45945579
4.45813172
4.45992473
4.464606
4.47176353
4.48088772
4.49137108
4.50250302
4.51348388
4.52345883
4.53157163
4.53703114
4.5392001
4.53776296
4.53270842
4.5230842
4.50782182
4.48366909
4.47201113
4.46464156
4.46076339
4.45970252
4.46153772
4.46615418
4.47320677
4.48220149
4.49251479
4.50341025
4.5140707
4.52364802
4.53132971
4.53641639
4.53841316
4.53717099
4.5328789
4.5251271
4.51341683
4.47685619
4.46838856
4.46243019
4.45901657
4.45816297
4.4601708
4.46503577
4.47245819
4.4819287
4.49277112
4.504182
4.51528099
4.52517523
4.53303967
4.53820875
4.54027895
4.5392397
4.53549914
4.52928838
4.52085689
4.46928673
4.46319522
4.4576752
4.45396896
4.45292294
4.45509012
4.46054378
4.46896917
4.47977187
4.49214983
4.50515493
4.51775918
4.52893191
4.53773507
4.54343525
4.5456317
4.54440512
4.54041686
4.53469979
4.52866676
4.46344963
4.45752386
4.45037137
4.44492792
4.44290437
4.4450964
4.45156835
4.46187365
4.47521558
4.49055192
4.50667316
4.52227684
4.53605423
4.54680022
4.55355287
4.5557662
4.55352106
4.54775019
4.5403523
4.53446291
)
;

boundaryField
{
    walls
    {
        type            zeroGradient;
    }
    mov_wall
    {
        type            zeroGradient;
    }
    empty
    {
        type            empty;
    }
}


// ************************************************************************* //
