/*--------------------------------*- C++ -*----------------------------------*\
| =========                 |                                                 |
| \\      /  F ield         | OpenFOAM: The Open Source CFD Toolbox           |
|  \\    /   O peration     | Version:  5.x                                   |
|   \\  /    A nd           | Web:      www.OpenFOAM.org                      |
|    \\/     M anipulation  |                                                 |
\*---------------------------------------------------------------------------*/
FoamFile
{
    version     2.0;
    format      ascii;
    class       surfaceScalarField;
    location    "6.3";
    object      phi;
}
// * * * * * * * * * * * * * * * * * * * * * * * * * * * * * * * * * * * * * //

dimensions      [0 3 -1 0 0 0 0];

internalField   nonuniform List<scalar> 
760
(
0.00134817662
-0.00134817725
0.00245763978
-0.00110946316
0.00313513469
-0.00067749492
0.00355971572
-0.000424581047
0.0038322513
-0.000272535587
0.00400945215
-0.00017720083
0.00412521452
-0.000115762338
0.0041992171
-7.40025757e-05
0.00424243237
-4.32152914e-05
0.00426055358
-1.81212334e-05
0.00425562234
4.93124438e-06
0.00422675778
2.88645886e-05
0.00416938941
5.73683833e-05
0.00407358506
9.5804344e-05
0.00391995094
0.000153634101
0.00367201929
0.000247931649
0.00326316023
0.000408859078
0.00257264077
0.000690519466
0.00140850174
0.00116413903
0.00140850172
-5.46952809e-05
-0.00129348197
0.000412592647
-0.00157675107
0.00103002982
-0.00129493208
0.00157871389
-0.000973265116
0.0020148327
-0.000708654422
0.00234477725
-0.000507145395
0.00258511631
-0.000356101383
0.00275126942
-0.00024015566
0.00285456781
-0.000146513669
0.00290179533
-6.53487658e-05
0.00289536659
1.13599566e-05
0.00283293035
9.13008272e-05
0.00270712574
0.000183173018
0.00250436376
0.000298566345
0.00220410989
0.000453887957
0.00178090172
0.000671139802
0.00121756798
0.000972192811
0.000552812561
0.00135527491
1.30664862e-05
0.00170388512
0.0014215682
-0.00027173467
-0.00102174731
-0.00022102661
-0.00162745912
7.13678012e-05
-0.00158732646
0.000446285663
-0.00134818296
0.00081248969
-0.00107485846
0.00112929925
-0.000823954989
0.00138207829
-0.000608880427
0.00156800787
-0.000426085213
0.00168837697
-0.000266882741
0.00174468455
-0.000121656341
0.00173678975
1.92547263e-05
0.00166213439
0.000165956165
0.00151571287
0.000329594559
0.00129125425
0.000523024998
0.000985011705
0.000760130505
0.000605009651
0.00105114183
0.000189850694
0.00138735175
-0.000160045088
0.0017051707
-0.00026164063
0.00180548068
0.00115992758
-0.000227941593
-0.000793805731
-0.000361197346
-0.00149420337
-0.000308328241
-0.00164019555
-0.000134821208
-0.00152168996
8.92093952e-05
-0.00129888906
0.000314971865
-0.00104971749
0.000513262972
-0.000807171567
0.000668299986
-0.000581122224
0.000771990319
-0.000370573036
0.000820036133
-0.000169702127
0.00080972766
2.95631824e-05
0.000739201005
0.000236482785
0.000607935639
0.000460859919
0.000419110865
0.000711849806
0.000184524342
0.000994717057
-6.7191165e-05
0.00130285733
-0.000280617553
0.00160077811
-0.000369418497
0.00179397163
-0.000246993643
0.00168305584
0.000912933957
-0.000168965212
-0.000624840515
-0.000352016208
-0.00131115241
-0.000431557719
-0.00156065404
-0.000408909001
-0.00154433865
-0.000319435173
-0.00138836285
-0.000200095172
-0.00116905749
-7.98100981e-05
-0.00092745668
2.15782113e-05
-0.000682510561
9.14286671e-05
-0.00044042347
0.00012213539
-0.000200408803
0.000109757216
4.19413697e-05
5.36457122e-05
0.000292594253
-4.27490389e-05
0.000557254636
-0.000169694062
0.000838794844
-0.00030765243
0.00113267547
-0.000423468609
0.00141867353
-0.000470024865
0.00164733434
-0.000397824836
0.00172177157
-0.000196431045
0.00148166204
0.000716502936
-0.000124192118
-0.000500648373
-0.000308335644
-0.00112700891
-0.000450494137
-0.00141849558
-0.000523204057
-0.00147162872
-0.00053539107
-0.00137617579
-0.000508160804
-0.00119628772
-0.00046315688
-0.000972460624
-0.000418060967
-0.000727606525
-0.000385619056
-0.000472865394
-0.000373912086
-0.000212115729
-0.000386727909
5.47572407e-05
-0.00042345948
0.000329325815
-0.000478356387
0.000612151491
-0.000539178308
0.000899616739
-0.000585818899
0.00117931609
-0.000590512323
0.001423367
-0.00052308511
0.00157990714
-0.000366699078
0.00156538551
-0.000150585996
0.00126554893
0.000565916945
-9.45729127e-05
-0.000406075428
-0.000264649728
-0.000956932098
-0.000430738401
-0.00125240695
-0.000556976986
-0.00134539017
-0.000636793251
-0.0012963595
-0.000678141758
-0.00115493916
-0.000693943898
-0.000956658461
-0.000696929239
-0.000724621227
-0.000697274096
-0.000472520591
-0.000701661798
-0.000207728019
-0.000712860713
6.59562188e-05
-0.000729336331
0.000345801473
-0.000744753791
0.000627568918
-0.000747580324
0.000902443212
-0.000721469936
0.00115320569
-0.000647843401
0.00134974051
-0.000512876904
0.00144494069
-0.000321206257
0.00137371487
-0.000116485695
0.00106082834
0.00044943123
-7.53437291e-05
-0.000330731678
-0.000228206791
-0.000804069009
-0.000398353648
-0.00108226011
-0.000550539549
-0.00119320432
-0.000670626499
-0.00117627257
-0.000757578364
-0.00106798725
-0.000816784789
-0.000897451973
-0.000855587414
-0.000685818599
-0.000880624309
-0.000447483761
-0.000896360372
-0.000191992004
-0.000904270119
7.38659988e-05
-0.000902360296
0.000343891725
-0.00088497217
0.000610180819
-0.000843104152
0.000860575142
-0.000765820219
0.0010759217
-0.00064366477
0.00122758506
-0.000475103946
0.00127637992
-0.000276309827
0.0011749208
-9.21328425e-05
0.000876651363
0.00035729836
-6.22883237e-05
-0.000268443361
-0.000198541308
-0.000667815978
-0.000362893623
-0.000917907772
-0.000523850716
-0.00103224726
-0.000664415261
-0.00103570809
-0.000778128966
-0.000954273547
-0.00086481218
-0.000810768692
-0.000927165438
-0.00062346528
-0.000968399656
-0.000406249563
-0.000990721236
-0.000169670504
-0.000994436419
7.75811463e-05
-0.000977525761
0.000326981122
-0.000935694976
0.000568350114
-0.000863101202
0.000787981381
-0.000754123155
0.000966943592
-0.000606626337
0.00108008819
-0.000426950436
0.00109670401
-0.000236038292
0.000984008699
-7.43490071e-05
0.000714962114
0.000282949345
-5.27690024e-05
-0.000215674395
-0.000173812802
-0.000546772141
-0.000327557381
-0.000764163137
-0.000486865947
-0.000872938682
-0.000634380188
-0.000888193903
-0.0007607579
-0.000827895896
-0.000862116703
-0.000709409874
-0.000937654751
-0.000547927148
-0.000987783182
-0.00035612108
-0.00101282394
-0.000144629791
-0.0010122228
7.69799142e-05
-0.00098424075
0.000298999056
-0.000926163079
0.000510272512
-0.000835158784
0.000696977164
-0.000709976057
0.000841760869
-0.000553597328
0.000923709399
-0.000376677006
0.00091978364
-0.000200960071
0.000808291763
-6.08626308e-05
0.000574864706
0.000222086735
-4.5297955e-05
-0.000170376482
-0.000152454007
-0.000439616091
-0.000293299618
-0.000623317472
-0.000444763071
-0.00072147517
-0.000590345809
-0.00074261117
-0.000719473369
-0.000698768412
-0.000826046398
-0.0006028369
-0.000906878245
-0.000467095262
-0.000960347555
-0.000302651676
-0.000985403104
-0.000119574206
-0.000980963147
7.25398926e-05
-0.000945732152
0.000263767974
-0.000878480078
0.000443020431
-0.000778855067
0.000597352227
-0.000648784023
0.000711689896
-0.000494403521
0.000769328899
-0.000328204154
0.000753584223
-0.000170678389
0.000650765955
-5.02806755e-05
0.000454466992
0.000171806088
-3.9062182e-05
-0.000131314316
-0.00013340383
-0.000345274487
-0.000260350001
-0.000496371292
-0.000400388965
-0.000581436139
-0.000538431152
-0.000604568924
-0.000663692753
-0.000573506838
-0.000768938071
-0.000497591669
-0.000849523135
-0.000386510242
-0.00090250096
-0.000249673791
-0.000925934065
-9.61410031e-05
-0.00091848883
6.50946791e-05
-0.00087935619
0.000224635259
-0.000808535375
0.000372199536
-0.000707505312
0.000496322163
-0.000580261696
0.00058444635
-0.000434588312
0.000623655577
-0.000283248269
0.000602244183
-0.000144573365
0.000512091011
-4.17552004e-05
0.000351648797
0.000130050897
-3.36093807e-05
-9.77049101e-05
-0.000115973508
-0.000262910414
-0.000228685924
-0.000383658922
-0.000355331173
-0.000454790866
-0.000482448474
-0.000477451542
-0.000599656598
-0.000456298663
-0.000699324708
-0.000397923605
-0.000776050512
-0.000309784531
-0.000826127681
-0.00019959665
-0.000847124151
-7.51444607e-05
-0.000837646052
5.56166724e-05
-0.000797332162
0.00018432138
-0.000727102527
0.000301969827
-0.000629656468
0.000398876033
-0.000510163507
0.00046495339
-0.000377005144
0.000490497273
-0.000242314845
0.000467553935
-0.000121978216
0.000391754387
-3.47332142e-05
0.00026440377
9.5317668e-05
-2.86574551e-05
-6.90474022e-05
-9.96602019e-05
-0.000191907688
-0.00019811702
-0.000285202169
-0.000310357604
-0.000342550324
-0.000424616089
-0.000363193018
-0.000531265864
-0.0003496488
-0.000622765402
-0.000306424029
-0.000693446614
-0.000239103379
-0.000739258848
-0.000153784507
-0.000757558082
-5.68452425e-05
-0.000747003457
4.5062124e-05
-0.000707597901
0.000144915907
-0.000640884362
0.000235256292
-0.000550277064
0.000308268669
-0.000441462377
0.000356138644
-0.000322745884
0.00037178078
-0.000205166586
0.000349974683
-0.000102185425
0.000288773265
-2.88024038e-05
0.000191020753
6.6515244e-05
-2.39811906e-05
-4.50661695e-05
-8.39973996e-05
-0.000131891449
-0.000168257077
-0.000200942524
-0.000265595511
-0.00024521196
-0.000365935635
-0.000262852925
-0.000460594512
-0.000254989871
-0.0005424235
-0.000224594954
-0.000605821269
-0.000175705584
-0.000646681719
-0.000112924123
-0.000662339418
-4.11876253e-05
-0.000651561371
3.42840703e-05
-0.000614612945
0.000107967554
-0.000553400604
0.000174044022
-0.000471663865
0.000226531933
-0.000375154003
0.000259628729
-0.000271701976
0.000268328705
-0.000171058877
0.000249331583
-8.44170696e-05
0.00020213149
-2.35998552e-05
0.000130203564
4.29153829e-05
-1.93492364e-05
-2.57169318e-05
-6.84700136e-05
-8.2770617e-05
-0.000138506717
-0.000130905797
-0.00022063806
-0.000163080656
-0.000306428437
-0.000177062619
-0.000388228796
-0.000173189535
-0.000459474183
-0.000153349508
-0.000514859772
-0.000120319913
-0.000550429749
-7.73541314e-05
-0.000563627558
-2.79898809e-05
-0.000553348458
2.40049005e-05
-0.000520016464
7.46355575e-05
-0.000465682615
0.000119710234
-0.000394114887
0.000154964263
-0.000310822963
0.000176336808
-0.000222941264
0.000180446967
-0.000138894638
0.000165284923
-6.78135306e-05
0.000131050382
-1.87621144e-05
8.11521673e-05
2.41532783e-05
-1.4505561e-05
-1.12114074e-05
-5.25211158e-05
-4.47550221e-05
-0.000108122789
-7.53040693e-05
-0.000174687759
-9.65156662e-05
-0.00024534323
-0.000106407192
-0.000313520844
-0.000105011988
-0.000373387936
-9.34824304e-05
-0.000420129429
-7.35783617e-05
-0.000450116041
-4.73674487e-05
-0.000461009049
-1.70968638e-05
-0.000451841632
1.48374275e-05
-0.000423096933
4.58908019e-05
-0.000376775995
7.33892949e-05
-0.000316426452
9.46147684e-05
-0.000247079531
0.000106989931
-0.000175030338
0.000108397778
-0.000107403061
9.76576222e-05
-5.14858569e-05
7.5133156e-05
-1.39146303e-05
4.35809401e-05
1.02386601e-05
-9.20282959e-06
-2.0086201e-06
-3.56847627e-05
-1.82730817e-05
-7.64355296e-05
-3.45532616e-05
-0.000126810999
-4.6140146e-05
-0.000181408039
-5.18101405e-05
-0.000234817143
-5.16029287e-05
-0.000282132253
-4.6167377e-05
-0.000319263567
-3.6447054e-05
-0.000343116511
-2.35144525e-05
-0.000351700018
-8.51330102e-06
-0.000344206993
7.34440748e-06
-0.000321084431
2.27681964e-05
-0.00028408618
3.63910017e-05
-0.000236279552
4.68081399e-05
-0.000181958575
5.26689872e-05
-0.000126403735
5.28429691e-05
-7.54285318e-05
4.66824241e-05
-3.46816288e-05
3.43862392e-05
-8.71391464e-06
1.76132151e-05
1.52474926e-06
-3.43753855e-06
1.42889873e-06
-1.80438956e-05
-3.66673425e-06
-4.34060556e-05
-9.1910958e-06
-7.64336681e-05
-1.31124975e-05
-0.000113187136
-1.50566295e-05
-0.000149665092
-1.51249641e-05
-0.000182251544
-1.35809605e-05
-0.000207952867
-1.07457733e-05
-0.000224514113
-6.95320899e-06
-0.000230484758
-2.54261769e-06
-0.000225272626
2.13231506e-06
-0.000209197066
6.69263949e-06
-0.000183535358
1.07292662e-05
-0.000150536824
1.38095786e-05
-0.000113368304
1.5500467e-05
-7.59397595e-05
1.54144443e-05
-4.25472153e-05
1.32898983e-05
-1.72767327e-05
9.11576045e-06
-3.10385786e-06
3.44033535e-06
-1.57911104e-06
1.42890309e-06
-2.23784865e-06
-1.14289755e-05
-2.45414887e-05
-3.95980994e-05
-5.47230264e-05
-6.83039681e-05
-7.90497588e-05
-8.60030013e-05
-8.85456335e-05
-8.64133015e-05
-7.97206329e-05
-6.89913529e-05
-5.51817835e-05
-3.96813343e-05
-2.42668987e-05
-1.09769962e-05
-1.86122778e-06
1.57911218e-06
)
;

boundaryField
{
    walls
    {
        type            calculated;
        value           uniform 0;
    }
    mov_wall
    {
        type            calculated;
        value           uniform 0;
    }
    empty
    {
        type            empty;
        value           nonuniform 0();
    }
}


// ************************************************************************* //
