/*--------------------------------*- C++ -*----------------------------------*\
| =========                 |                                                 |
| \\      /  F ield         | OpenFOAM: The Open Source CFD Toolbox           |
|  \\    /   O peration     | Version:  5.x                                   |
|   \\  /    A nd           | Web:      www.OpenFOAM.org                      |
|    \\/     M anipulation  |                                                 |
\*---------------------------------------------------------------------------*/
FoamFile
{
    version     2.0;
    format      ascii;
    class       volVectorField;
    location    "6.3";
    object      U;
}
// * * * * * * * * * * * * * * * * * * * * * * * * * * * * * * * * * * * * * //

dimensions      [0 1 -1 0 0 0 0];

internalField   nonuniform List<vector> 
400
(
(0.2916984 0.149643843 0)
(0.388187133 0.128007707 0)
(0.557616054 0.0757318331 0)
(0.674785695 0.0433044417 0)
(0.743766589 0.0251591057 0)
(0.787075017 0.0148802963 0)
(0.815462956 0.00893092074 0)
(0.833939561 0.00530992871 0)
(0.845365464 0.00289956296 0)
(0.851349263 0.00108485353 2.66526829e-34)
(0.852640745 -0.000502854002 -2.66526829e-34)
(0.84935429 -0.0021607218 0)
(0.840973371 -0.00421710593 0)
(0.826113776 -0.00722098489 0)
(0.802020426 -0.0122365004 0)
(0.763538944 -0.0213892107 0)
(0.699488889 -0.0388386163 0)
(0.584557336 -0.0722732749 0)
(0.407900536 -0.128436307 0)
(0.300688068 -0.152947535 0)
(0.00120416721 0.287432436 0)
(0.0133209343 0.293872144 0)
(0.140044426 0.209904866 0)
(0.264971577 0.142986171 0)
(0.364177731 0.0968019885 0)
(0.440120055 0.0654411216 0)
(0.496541031 0.0439762503 0)
(0.536691063 0.0287011571 0)
(0.563274465 0.017079857 0)
(0.578137342 0.00742308872 0)
(0.582210283 -0.00150101328 0)
(0.575515247 -0.0107977575 0)
(0.557109246 -0.0217346535 0)
(0.524912995 -0.0361396903 0)
(0.475518409 -0.0569634954 0)
(0.404326003 -0.0889771525 0)
(0.305687291 -0.139150758 0)
(0.174497788 -0.215275203 0)
(0.0341065844 -0.310801154 0)
(0.0108691566 -0.305909061 0)
(-0.0321467702 0.241773935 0)
(-0.0634303808 0.333547172 0)
(-0.0219362176 0.299502501 0)
(0.0505996165 0.240051675 0)
(0.127397376 0.183020814 0)
(0.196818602 0.135454527 0)
(0.254167093 0.0974523422 0)
(0.298088292 0.0668891703 0)
(0.328665672 0.0413758257 0)
(0.346307826 0.0187814636 -2.35797041e-33)
(0.351211313 -0.00280949055 2.35797041e-33)
(0.343126744 -0.0252950482 0)
(0.321277574 -0.0508299494 0)
(0.284432898 -0.0820948305 0)
(0.23132882 -0.122479772 0)
(0.161916763 -0.175658039 0)
(0.0798350179 -0.243208458 0)
(-0.00333734544 -0.317981963 0)
(-0.0578531356 -0.366363502 0)
(-0.0313893207 -0.270690674 0)
(-0.0261204182 0.182361581 0)
(-0.0666192867 0.316884142 0)
(-0.0735377944 0.330901747 0)
(-0.0481307293 0.295352918 0)
(-0.00567218053 0.244253515 0)
(0.0411124713 0.192431748 0)
(0.0845451 0.145095042 0)
(0.120424321 0.103006628 0)
(0.146585238 0.0651543633 0)
(0.161925477 0.0298884095 2.35546582e-33)
(0.165812818 -0.00469431931 -2.35546582e-33)
(0.157798799 -0.0406696188 0)
(0.137586492 -0.0803027408 0)
(0.105285206 -0.125979581 0)
(0.0620900265 -0.179774806 0)
(0.0116092711 -0.242029714 0)
(-0.0380283785 -0.307764354 0)
(-0.0720490973 -0.359579371 0)
(-0.0711639212 -0.355585639 0)
(-0.0287210578 -0.209178581 0)
(-0.017629683 0.14076792 0)
(-0.0549165489 0.281827209 0)
(-0.0828630047 0.324484365 0)
(-0.0880762351 0.312396805 0)
(-0.0751196962 0.274441989 0)
(-0.0526276287 0.226778437 0)
(-0.0275118532 0.177302823 0)
(-0.00458010174 0.129145425 0)
(0.0130234783 0.0829123599 0)
(0.0233567902 0.0379330331 -2.9454556e-34)
(0.0253097467 -0.00710139096 2.9454556e-34)
(0.0184152071 -0.0537995196 0)
(0.00288697948 -0.103801262 0)
(-0.0200872091 -0.15836794 0)
(-0.0477707975 -0.217530723 0)
(-0.0750614565 -0.278347551 0)
(-0.0936267056 -0.331694799 0)
(-0.0922270562 -0.357398868 0)
(-0.0635074704 -0.318879892 0)
(-0.0207312614 -0.162076727 0)
(-0.0116542776 0.111592255 0)
(-0.0431521985 0.243765273 0)
(-0.0782840016 0.299859408 0)
(-0.100579271 0.305000833 0)
(-0.108310598 0.28042127 0)
(-0.105716509 0.240369191 0)
(-0.097536173 0.193277776 0)
(-0.0877934524 0.143545374 0)
(-0.0795352017 0.0930260732 0)
(-0.0748272272 0.0420752309 0)
(-0.0748481356 -0.0097592548 0)
(-0.0799345763 -0.0632506141 0)
(-0.0895000229 -0.119033273 0)
(-0.101812882 -0.176993447 0)
(-0.113690957 -0.235297923 0)
(-0.120284783 -0.288849072 0)
(-0.11523702 -0.327084779 0)
(-0.0922711109 -0.331566548 0)
(-0.0521876277 -0.275119691 0)
(-0.0142847865 -0.1272601 0)
(-0.00803185386 0.0899680218 0)
(-0.0343052786 0.207876704 0)
(-0.0703686594 0.267741363 0)
(-0.100959324 0.283509148 0)
(-0.121509119 0.269753782 0)
(-0.133061969 0.237807852 0)
(-0.138135836 0.195384133 0)
(-0.139450241 0.147216498 0)
(-0.139365671 0.0958906829 0)
(-0.139599242 0.0425957556 0)
(-0.14111412 -0.0122625676 0)
(-0.144054663 -0.0685401612 0)
(-0.147657205 -0.125824589 0)
(-0.150140603 -0.182787205 0)
(-0.148667748 -0.23631456 0)
(-0.139565534 -0.280390171 0)
(-0.119015754 -0.304900545 0)
(-0.0848747367 -0.294957281 0)
(-0.0422046426 -0.232154474 0)
(-0.0100065899 -0.100709815 0)
(-0.00589818955 0.0731569044 0)
(-0.0280514364 0.175459933 0)
(-0.0624620728 0.233454977 0)
(-0.0961931119 0.254650696 0)
(-0.123784298 0.248662375 0)
(-0.144336456 0.223978321 0)
(-0.15862204 0.187072463 0)
(-0.168069543 0.142434115 0)
(-0.174171009 0.092943344 0)
(-0.178091659 0.0403532993 0)
(-0.180456271 -0.0142245279 0)
(-0.181230011 -0.0698446763 0)
(-0.179647299 -0.125225748 0)
(-0.174205193 -0.178177556 0)
(-0.162809072 -0.224940954 0)
(-0.143212564 -0.25951284 0)
(-0.113841643 -0.273201306 0)
(-0.075316617 -0.254896362 0)
(-0.0343188936 -0.192925774 0)
(-0.00728498305 -0.0799917687 0)
(-0.00459312471 0.0595160127 0)
(-0.02354417 0.14654262 0)
(-0.0553429867 0.199662163 0)
(-0.0893196686 0.222701641 0)
(-0.120051821 0.221819417 0)
(-0.145609101 0.203131828 0)
(-0.165570658 0.17179655 0)
(-0.180317098 0.131775636 0)
(-0.190531069 0.0859405181 0)
(-0.196813734 0.036351011 2.97711501e-34)
(-0.199448909 -0.0153915489 -2.97711501e-34)
(-0.198275641 -0.0677566471 0)
(-0.192646155 -0.118867795 0)
(-0.181489346 -0.166059301 0)
(-0.163546084 -0.205440865 0)
(-0.137858732 -0.231577793 0)
(-0.104503402 -0.237504912 0)
(-0.0656637299 -0.215386228 0)
(-0.0281737968 -0.158249842 0)
(-0.00551068871 -0.0634668179 0)
(-0.00373314692 0.0480883378 0)
(-0.0201212391 0.120839396 0)
(-0.0490153874 0.167676446 0)
(-0.0816389729 0.190287507 0)
(-0.112989445 0.192487656 0)
(-0.140680565 0.17855713 4.67988056e-33)
(-0.163557402 0.152465445 0)
(-0.181246286 0.117554996 0)
(-0.193784169 0.0765047497 -4.74063842e-33)
(-0.201296965 0.0314710025 2.26591444e-36)
(-0.203789198 -0.0156743951 4.98648524e-36)
(-0.201035376 -0.0630556016 0)
(-0.192565938 -0.108481587 0)
(-0.177765512 -0.149141425 0)
(-0.156124901 -0.18136092 0)
(-0.127679779 -0.200524257 0)
(-0.0935645731 -0.201318538 0)
(-0.0566770498 -0.178463976 0)
(-0.0233146692 -0.128090143 0)
(-0.00429570535 -0.0500435338 0)
(-0.00311504371 0.0383306333 0)
(-0.0173631229 0.0980508479 0)
(-0.0433176236 0.138129965 0)
(-0.0737180721 0.158979205 0)
(-0.104104445 0.162838232 0)
(-0.131970531 0.152618183 -4.67988056e-33)
(-0.155761621 0.131295698 0)
(-0.17461287 0.101603271 0)
(-0.188100219 0.0659289939 4.74063842e-33)
(-0.195997412 0.0263693699 1.49106857e-33)
(-0.198111607 -0.0151233122 -1.49832097e-33)
(-0.194204014 -0.0565442458 0)
(-0.183996568 -0.0956260456 0)
(-0.167277178 -0.129654847 0)
(-0.144124391 -0.155368913 0)
(-0.115252458 -0.169022491 0)
(-0.0823814058 -0.166713886 0)
(-0.0485941062 -0.145040226 0)
(-0.0193976003 -0.102103351 0)
(-0.00342091134 -0.039005003 0)
(-0.00263393585 0.0299262679 0)
(-0.0150226271 0.0779301273 0)
(-0.0380974281 0.111311106 0)
(-0.0658175704 0.129695793 0)
(-0.0942794692 0.134263884 0)
(-0.12104402 0.126925351 0)
(-0.144383609 0.109860571 0)
(-0.163148992 0.0852480397 0)
(-0.176619515 0.0551416317 0)
(-0.184335474 0.0214703173 2.99742678e-34)
(-0.18598293 -0.0138813559 -2.99742678e-34)
(-0.18134367 -0.0489515353 0)
(-0.170313967 -0.0815745592 0)
(-0.15299926 -0.109289278 0)
(-0.129891609 -0.129330741 0)
(-0.102114499 -0.138764244 0)
(-0.0716393763 -0.134816134 0)
(-0.0414365933 -0.115407285 0)
(-0.016184351 -0.0798582228 0)
(-0.00276403472 -0.0298606611 0)
(-0.00223473326 0.0226800288 0)
(-0.012954124 0.06028386 0)
(-0.0332381529 0.0873308336 0)
(-0.0580555352 0.102954496 0)
(-0.0840353821 0.107621822 0)
(-0.108906078 0.102520716 0)
(-0.130914074 0.0892086576 0)
(-0.148775834 0.0693818661 0)
(-0.161603558 0.0447501566 0)
(-0.168801295 0.0170067278 3.00137264e-34)
(-0.169993543 -0.0121372112 -3.00137264e-34)
(-0.164999665 -0.0408861723 0)
(-0.153857531 -0.0672953721 0)
(-0.136899084 -0.08924171 0)
(-0.114876643 -0.104468709 0)
(-0.0891189113 -0.110744423 0)
(-0.0616328423 -0.106158115 0)
(-0.0351269715 -0.089535333 0)
(-0.0135037409 -0.06092644 0)
(-0.00225327225 -0.0222578272 0)
(-0.00188545223 0.0164662586 0)
(-0.0110624779 0.0449645439 0)
(-0.0286411418 0.0662105073 0)
(-0.0504611347 0.079027815 0)
(-0.0736531704 0.0834123266 0)
(-0.0961641792 0.0800414909 0)
(-0.11630591 0.0699953671 0)
(-0.132763335 0.0545610949 0)
(-0.144575604 0.0351143611 0)
(-0.151082444 0.0130747266 0)
(-0.151887898 -0.010088159 0)
(-0.146853 -0.032825075 0)
(-0.136119497 -0.053482347 0)
(-0.120164252 -0.0703098517 0)
(-0.0998793428 -0.0815299531 0)
(-0.0766571264 -0.0854921437 0)
(-0.0524122137 -0.0809235428 0)
(-0.0295300323 -0.0672469504 0)
(-0.0112185699 -0.0449266615 0)
(-0.00184129606 -0.0159381033 0)
(-0.00156251591 0.0112077483 0)
(-0.00926987474 0.0318705407 0)
(-0.024202515 0.0479368805 0)
(-0.0429884462 0.058049072 0)
(-0.0632319218 0.0619114959 0)
(-0.0831208761 0.0598559141 0)
(-0.101086246 0.0526055572 0)
(-0.115849123 0.0411071816 0)
(-0.126440923 0.0264236396 0)
(-0.132187243 0.00968560542 0)
(-0.132697641 -0.00791672214 0)
(-0.127870721 -0.0251250538 0)
(-0.117915454 -0.04061027 0)
(-0.103386527 -0.0529974459 0)
(-0.0852272501 -0.0609386963 0)
(-0.064801991 -0.0632496922 0)
(-0.0438652674 -0.0591133902 0)
(-0.0244675029 -0.0483249928 0)
(-0.00920309184 -0.0315520063 0)
(-0.00149088266 -0.0107193764 0)
(-0.00124269285 0.00687236394 0)
(-0.00749726316 0.0209539397 0)
(-0.0197996717 0.032501436 0)
(-0.0355241913 0.0400873051 0)
(-0.0527239663 0.0432717626 0)
(-0.0698331128 0.0421741779 0)
(-0.0854326635 0.0372606148 0)
(-0.098325168 0.0291991516 0)
(-0.107580778 0.0187673679 0)
(-0.112546718 0.00680864961 0)
(-0.112854339 -0.00578011308 0)
(-0.108431637 -0.0180487635 0)
(-0.0995214521 -0.0289997762 0)
(-0.086702164 -0.0376160612 0)
(-0.0709039725 -0.0429246685 0)
(-0.0534054914 -0.0441071849 0)
(-0.0357703105 -0.0406592896 0)
(-0.0197281073 -0.0325810824 0)
(-0.00733072976 -0.0205903329 0)
(-0.00116697605 -0.00649226785 0)
(-0.000899885752 0.0034770392 0)
(-0.00566093567 0.0122244261 0)
(-0.0152978457 0.0199179431 0)
(-0.0279091889 0.0251886599 0)
(-0.0419708333 0.0275859346 0)
(-0.0561592843 0.0271262693 0)
(-0.0692274888 0.0240986678 0)
(-0.0800968219 0.0189454289 0)
(-0.087915989 0.0121895961 0)
(-0.0920844131 0.0044020723 0)
(-0.0922681481 -0.00380767305 0)
(-0.088415517 -0.0117927675 0)
(-0.0807724971 -0.0188748812 0)
(-0.0698942069 -0.0243659758 0)
(-0.0566454514 -0.0276151903 0)
(-0.0421770467 -0.0280887006 0)
(-0.0278468978 -0.0254864156 0)
(-0.0150887344 -0.0198866113 0)
(-0.00547449659 -0.0119313581 0)
(-0.000833548174 -0.00322197547 0)
(-0.000507510954 0.00108920626 0)
(-0.00368889772 0.00574013631 0)
(-0.010587228 0.0102223788 0)
(-0.0199879371 0.0134022167 0)
(-0.0307552906 0.0149401015 0)
(-0.0418076536 0.0148327231 0)
(-0.0521004786 0.0132501827 0)
(-0.0607205998 0.0104516745 0)
(-0.0669425861 0.00673881335 0)
(-0.070253826 0.00243728583 0)
(-0.0703711824 -0.00210634605 0)
(-0.0672558385 -0.00652338414 0)
(-0.0611263942 -0.0104252552 0)
(-0.0524665014 -0.0134154739 0)
(-0.0420201086 -0.015116714 0)
(-0.0307626601 -0.0152183498 0)
(-0.019824326 -0.0135494026 0)
(-0.0103615204 -0.0101761642 0)
(-0.00352670236 -0.00555507442 0)
(-0.00045647104 -0.000945966795 0)
(-6.44927277e-05 -0.000176240805 0)
(-0.00159899256 0.00163661428 0)
(-0.00569519215 0.00359859748 0)
(-0.0117199333 0.00501067699 0)
(-0.0188880476 0.00571684895 0)
(-0.0263913845 0.00573383395 0)
(-0.0334549862 0.00514772472 0)
(-0.0394085043 0.00407326621 0)
(-0.0437225533 0.00263488736 0)
(-0.0460238865 0.000961859689 0)
(-0.0461058215 -0.000810102414 0)
(-0.0439388678 -0.00253598521 0)
(-0.0396813821 -0.00406056017 0)
(-0.033686958 -0.00522175692 0)
(-0.0265027391 -0.00586030794 0)
(-0.0188496263 -0.00583829786 0)
(-0.0115675417 -0.0050703937 0)
(-0.00551559455 -0.00357095214 0)
(-0.00148203429 -0.00155258588 0)
(-3.10932728e-05 0.000233977717 0)
(0.000261395647 -0.000255577467 0)
(0.000151439483 0.000102072077 0)
(-0.00117495557 0.000547413258 0)
(-0.0034806354 0.000863514304 0)
(-0.00637558489 0.00102207811 0)
(-0.00946687102 0.0010379791 0)
(-0.0124000326 0.000936220379 0)
(-0.0148817758 0.000743061936 0)
(-0.0166861026 0.000483178578 0)
(-0.0176547291 0.000180086325 1.08300157e-33)
(-0.0176985219 -0.000142308314 -1.08300157e-33)
(-0.0168014845 -0.000458216934 0)
(-0.0150266266 -0.000739017663 0)
(-0.0125218996 -0.000953244425 0)
(-0.00952354983 -0.00106773319 0)
(-0.00635302521 -0.00105052683 0)
(-0.0034001501 -0.00087678819 0)
(-0.00108361476 -0.000539615599 0)
(0.000206111568 -8.25139121e-05 0)
(0.000274564006 0.000266745745 0)
)
;

boundaryField
{
    walls
    {
        type            fixedValue;
        value           uniform (0 0 0);
    }
    mov_wall
    {
        type            fixedValue;
        value           uniform (1 0 0);
    }
    empty
    {
        type            empty;
    }
}


// ************************************************************************* //
