/*--------------------------------*- C++ -*----------------------------------*\
| =========                 |                                                 |
| \\      /  F ield         | OpenFOAM: The Open Source CFD Toolbox           |
|  \\    /   O peration     | Version:  5.x                                   |
|   \\  /    A nd           | Web:      www.OpenFOAM.org                      |
|    \\/     M anipulation  |                                                 |
\*---------------------------------------------------------------------------*/
FoamFile
{
    version     2.0;
    format      ascii;
    class       volScalarField;
    location    "8.7";
    object      p;
}
// * * * * * * * * * * * * * * * * * * * * * * * * * * * * * * * * * * * * * //

dimensions      [0 2 -2 0 0 0 0];

internalField   nonuniform List<scalar> 
400
(
4.8167325e-07
2.45245945
3.49432305
3.89887921
4.10664718
4.22470669
4.29429133
4.34027815
4.37633862
4.41011076
4.44675974
4.49091463
4.54765425
4.6244893
4.73479752
4.90459605
5.18237971
5.68420102
6.84131552
9.41172452
1.88670519
2.86728928
3.41988345
3.74774371
3.96518069
4.10974718
4.20767424
4.27899217
4.33674469
4.38961301
4.44424523
4.50657179
4.58333336
4.68329759
4.81972608
5.01367891
5.29402221
5.69846895
6.3384154
7.42837103
2.98207763
3.26253007
3.54233096
3.77067941
3.94570551
4.07571563
4.17322555
4.25000321
4.31527548
4.37623575
4.43892491
4.50902147
4.592575
4.69678257
4.83084992
5.00663797
5.23632156
5.52393917
5.86049063
6.19823733
3.527784
3.58534264
3.72178529
3.86537661
3.98906389
4.09083216
4.1746101
4.24571389
4.30952678
4.37102297
4.43477438
4.50520419
4.58678835
4.68425446
4.802451
4.94569246
5.11574921
5.30514782
5.47833685
5.55963878
3.84421689
3.82688029
3.8851797
3.96938282
4.05221957
4.12779076
4.19566839
4.25747763
4.31592275
4.37409209
4.43506482
4.50185733
4.57733095
4.66400592
4.76350387
4.87551081
4.99635881
5.11480165
5.19584579
5.18371568
4.04550086
4.00365855
4.02142587
4.06784966
4.12138217
4.17574068
4.22885452
4.28053747
4.33185996
4.38449151
4.44027073
4.50096777
4.56804851
4.64232617
4.72332618
4.80836618
4.89180651
4.96267769
4.99308039
4.94680776
4.18058545
4.13383055
4.1318385
4.15536831
4.18883326
4.22706638
4.26772663
4.30987142
4.35363706
4.39973109
4.4490381
4.50233657
4.56001857
4.62172147
4.68578517
4.74862579
4.80455954
4.84466542
4.84862431
4.79367974
4.27565823
4.23084211
4.21965965
4.22967394
4.24984544
4.27635438
4.30712195
4.34098228
4.37757807
4.41699869
4.45945118
4.50499598
4.55328489
4.6032488
4.65270464
4.69801096
4.73425836
4.75484648
4.74556014
4.69204182
4.34467373
4.30373059
4.28862849
4.29082702
4.30237578
4.32057125
4.34372962
4.37070131
4.40089247
4.434015
4.46982789
4.50791742
4.54748314
4.58710857
4.62451288
4.65641281
4.67889322
4.6873328
4.67187889
4.62321614
4.39525872
4.35850393
4.34215663
4.33995754
4.34598849
4.35836068
4.37576048
4.39714447
4.42182466
4.44929796
4.47905014
4.5103864
4.54227377
4.573192
4.6009997
4.62292552
4.63599514
4.63709183
4.61932424
4.57637716
4.43196291
4.399257
4.38305376
4.37850981
4.38106502
4.38939527
4.40248667
4.41942378
4.43950135
4.46210799
4.48658146
4.51208609
4.53750734
4.56136825
4.58177548
4.59648049
4.60329375
4.60017287
4.58220514
4.54489326
4.45777574
4.42889499
4.41357963
4.40794413
4.40837875
4.41394638
4.4238633
4.43733773
4.45368743
4.47226032
4.49233003
4.51301291
4.53320579
4.55155076
4.56643239
4.57606971
4.57888484
4.57357383
4.55655447
4.52447727
4.47482673
4.44957261
4.43556058
4.42961983
4.42885226
4.43259283
4.4402346
4.45109763
4.46454217
4.47991503
4.49647655
4.51334949
4.52949026
4.54368779
4.55459121
4.56081012
4.56122648
4.55503515
4.53957246
4.51225865
4.48472976
4.46295852
4.45049228
4.44475072
4.44341597
4.4460281
4.45212169
4.46111657
4.47242203
4.48540257
4.49933012
4.51335822
4.52651895
4.53774544
4.54591734
4.5499585
4.54909293
4.54285628
4.52925461
4.50627112
4.48877341
4.47040194
4.45961992
4.45439271
4.45292665
4.45493622
4.46007802
4.46786111
4.47774096
4.48910207
4.50123188
4.51331601
4.52445526
4.53370536
4.54013389
4.54291222
4.54152241
4.5357479
4.52413382
4.50513495
4.48806074
4.47305634
4.46400862
4.45945446
4.45813046
4.45992349
4.46460471
4.47176218
4.48088636
4.49136977
4.50250177
4.51348262
4.52345753
4.53157028
4.5370298
4.5391988
4.53776168
4.53270714
4.5230829
4.5078205
4.48366783
4.47200984
4.46464022
4.46076203
4.4597012
4.46153646
4.46615294
4.47320548
4.48220014
4.49251344
4.50340895
4.51406944
4.52364675
4.53132841
4.53641506
4.53841183
4.53716968
4.53287761
4.5251258
4.51341553
4.4768549
4.4683873
4.4624289
4.45901523
4.45816162
4.46016949
4.4650345
4.47245693
4.4819274
4.49276977
4.50418066
4.51527969
4.52517396
4.5330384
4.53820745
4.54027763
4.53923838
4.53549784
4.52928708
4.52085559
4.4692854
4.46319394
4.45767394
4.45396767
4.45292161
4.45508878
4.46054247
4.4689679
4.4797706
4.49214852
4.5051536
4.51775786
4.5289306
4.53773379
4.54343396
4.5456304
4.5444038
4.54041555
4.53469849
4.52866546
4.46344826
4.45752254
4.45037009
4.44492665
4.44290307
4.44509507
4.45156702
4.46187234
4.4752143
4.49055064
4.50667185
4.52227552
4.53605291
4.54679892
4.55355157
4.55576491
4.55351976
4.54774888
4.54035099
4.5344616
)
;

boundaryField
{
    walls
    {
        type            zeroGradient;
    }
    mov_wall
    {
        type            zeroGradient;
    }
    empty
    {
        type            empty;
    }
}


// ************************************************************************* //
