/*--------------------------------*- C++ -*----------------------------------*\
| =========                 |                                                 |
| \\      /  F ield         | OpenFOAM: The Open Source CFD Toolbox           |
|  \\    /   O peration     | Version:  5.x                                   |
|   \\  /    A nd           | Web:      www.OpenFOAM.org                      |
|    \\/     M anipulation  |                                                 |
\*---------------------------------------------------------------------------*/
FoamFile
{
    version     2.0;
    format      ascii;
    class       surfaceScalarField;
    location    "8.7";
    object      phi;
}
// * * * * * * * * * * * * * * * * * * * * * * * * * * * * * * * * * * * * * //

dimensions      [0 3 -1 0 0 0 0];

internalField   nonuniform List<scalar> 
760
(
0.00134817681
-0.00134817704
0.00245763987
-0.00110946306
0.00313513474
-0.000677494868
0.00355971575
-0.000424581016
0.00383225133
-0.000272535578
0.00400945218
-0.000177200837
0.00412521452
-0.000115762346
0.00419921709
-7.4002571e-05
0.00424243236
-4.32152777e-05
0.00426055359
-1.81212258e-05
0.00425562236
4.93123628e-06
0.00422675779
2.88645755e-05
0.00416938941
5.73683801e-05
0.00407358505
9.5804353e-05
0.00391995094
0.000153634109
0.0036720193
0.000247931645
0.00326316023
0.000408859068
0.00257264077
0.000690519461
0.00140850173
0.00116413903
0.00140850173
-5.46951701e-05
-0.00129348187
0.000412592753
-0.00157675098
0.00103002989
-0.00129493201
0.00157871394
-0.000973265062
0.00201483275
-0.000708654389
0.0023447773
-0.000507145386
0.00258511634
-0.000356101387
0.00275126944
-0.000240155659
0.00285456781
-0.000146513656
0.00290179533
-6.53487501e-05
0.00289536661
1.1359959e-05
0.00283293037
9.1300816e-05
0.00270712575
0.000183173009
0.00250436375
0.00029856635
0.00220410989
0.000453887968
0.00178090173
0.000671139805
0.001217568
0.000972192803
0.000552812564
0.0013552749
1.30664862e-05
0.00170388512
0.00142156821
-0.000271734613
-0.00102174726
-0.000221026532
-0.00162745905
7.1367867e-05
-0.0015873264
0.000446285709
-0.0013481829
0.000812489731
-0.00107485841
0.0011292993
-0.000823954961
0.00138207834
-0.000608880422
0.0015680079
-0.000426085215
0.00168837698
-0.000266882733
0.00174468455
-0.000121656322
0.00173678977
1.92547396e-05
0.00166213442
0.000165956162
0.00151571289
0.000329594548
0.00129125425
0.000523024996
0.000985011696
0.000760130516
0.000605009653
0.00105114184
0.000189850708
0.00138735175
-0.000160045076
0.00170517069
-0.000261640625
0.00180548067
0.00115992758
-0.000227941567
-0.000793805698
-0.000361197289
-0.00149420333
-0.000308328182
-0.00164019551
-0.000134821167
-0.00152168992
8.92094228e-05
-0.00129888901
0.0003149719
-0.00104971744
0.000513263025
-0.000807171546
0.000668300038
-0.000581122224
0.000771990345
-0.000370573036
0.000820036134
-0.000169702112
0.000809727665
2.95632045e-05
0.000739201031
0.000236482794
0.000607935673
0.00046085991
0.00041911088
0.000711849796
0.000184524334
0.000994717062
-6.71911732e-05
0.00130285735
-0.000280617546
0.00160077812
-0.00036941848
0.00179397163
-0.00024699363
0.00168305583
0.000912933949
-0.00016896521
-0.000624840489
-0.000352016173
-0.00131115237
-0.000431557666
-0.00156065401
-0.000408908957
-0.00154433862
-0.000319435151
-0.00138836281
-0.000200095156
-0.00116905744
-7.98100623e-05
-0.000927456644
2.15782657e-05
-0.000682510551
9.14287107e-05
-0.000440423475
0.000122135402
-0.000200408799
0.000109757211
4.19413927e-05
5.36457233e-05
0.000292594275
-4.27490046e-05
0.000557254638
-0.000169694031
0.000838794829
-0.000307652426
0.00113267546
-0.000423468622
0.00141867354
-0.000470024871
0.00164733436
-0.000397824826
0.00172177158
-0.00019643103
0.00148166204
0.000716502924
-0.000124192131
-0.000500648355
-0.000308335634
-0.00112700887
-0.000450494096
-0.00141849555
-0.000523204008
-0.00147162871
-0.000535391042
-0.00137617577
-0.000508160798
-0.00119628768
-0.000463156869
-0.000972460578
-0.000418060926
-0.000727606497
-0.000385619002
-0.000472865395
-0.000373912055
-0.000212115738
-0.000386727913
5.47572521e-05
-0.000423459488
0.000329325845
-0.000478356368
0.000612151511
-0.00053917827
0.000899616733
-0.000585818875
0.00117931608
-0.000590512328
0.001423367
-0.000523085126
0.00157990715
-0.000366699084
0.00156538553
-0.00015058599
0.00126554894
0.000565916941
-9.45729274e-05
-0.000406075421
-0.000264649739
-0.000956932064
-0.000430738383
-0.00125240691
-0.00055697694
-0.00134539015
-0.000636793209
-0.0012963595
-0.000678141746
-0.00115493914
-0.000693943905
-0.000956658422
-0.000696929225
-0.000724621183
-0.000697274049
-0.000472520574
-0.000701661749
-0.000207728031
-0.000712860699
6.59562107e-05
-0.000729336347
0.000345801493
-0.000744753797
0.000627568953
-0.000747580299
0.000902443229
-0.000721469899
0.00115320568
-0.000647843386
0.0013497405
-0.000512876914
0.00144494069
-0.000321206275
0.00137371489
-0.000116485704
0.00106082836
0.000449431238
-7.53437324e-05
-0.000330731683
-0.000228206809
-0.000804068987
-0.000398353655
-0.00108226007
-0.000550539522
-0.00119320428
-0.00067062645
-0.00117627257
-0.000757578332
-0.00106798725
-0.000816784794
-0.000897451956
-0.000855587427
-0.000685818555
-0.000880624289
-0.000447483721
-0.00089636032
-0.000191991999
-0.000904270079
7.38659798e-05
-0.000902360297
0.00034389172
-0.000884972194
0.000610180847
-0.000843104155
0.00086057518
-0.000765820191
0.00107592171
-0.000643664738
0.00122758505
-0.000475103937
0.0012763799
-0.000276309841
0.0011749208
-9.21328589e-05
0.000876651377
0.000357298375
-6.22883095e-05
-0.000268443373
-0.000198541316
-0.000667815974
-0.000362893645
-0.00091790774
-0.000523850719
-0.00103224722
-0.000664415226
-0.00103570806
-0.000778128917
-0.000954273552
-0.000864812162
-0.000810768701
-0.000927165457
-0.000623465258
-0.000968399671
-0.000406249516
-0.000990721209
-0.00016967047
-0.000994436367
7.75811405e-05
-0.000977525732
0.000326981098
-0.00093569499
0.000568350112
-0.000863101228
0.000787981413
-0.000754123155
0.00096694363
-0.00060662631
0.0010800882
-0.00042695041
0.001096704
-0.000236038286
0.000984008681
-7.43490158e-05
0.00071496211
0.000282949353
-5.27689772e-05
-0.000215674401
-0.000173812789
-0.000546772152
-0.000327557397
-0.000764163128
-0.000486865973
-0.000872938644
-0.000634380184
-0.00088819386
-0.000760757857
-0.000827895882
-0.000862116658
-0.00070940989
-0.000937654748
-0.000547927157
-0.000987783212
-0.000356121052
-0.00101282395
-0.000144629741
-0.00101222276
7.6979941e-05
-0.0009842407
0.000298999041
-0.00092616306
0.000510272486
-0.000835158804
0.000696977165
-0.000709976082
0.000841760902
-0.000553597328
0.000923709435
-0.000376676983
0.000919783653
-0.000200960049
0.000808291752
-6.08626227e-05
0.000574864692
0.000222086729
-4.52979355e-05
-0.000170376475
-0.000152453977
-0.000439616104
-0.000293299611
-0.000623317485
-0.000444763097
-0.000721475155
-0.000590345836
-0.000742611126
-0.000719473356
-0.000698768372
-0.000826046349
-0.000602836897
-0.000906878208
-0.000467095286
-0.000960347566
-0.000302651683
-0.000985403139
-0.000119574172
-0.000980963153
7.25399423e-05
-0.000945732114
0.000263767995
-0.000878480033
0.000443020412
-0.000778855056
0.000597352201
-0.000648784045
0.000711689897
-0.000494403544
0.000769328929
-0.000328204154
0.000753584255
-0.00017067837
0.000650765967
-5.02806581e-05
0.000454466984
0.000171806076
-3.90621832e-05
-0.000131314297
-0.000133403804
-0.000345274485
-0.000260349972
-0.000496371311
-0.000400388966
-0.000581436152
-0.000538431187
-0.000604568904
-0.000663692777
-0.000573506791
-0.000768938049
-0.000497591635
-0.000849523083
-0.000386510249
-0.000902500933
-0.000249673819
-0.000925934087
-9.6141007e-05
-0.000918488866
6.50947166e-05
-0.000879356192
0.000224635307
-0.000808535338
0.000372199552
-0.000707505273
0.000496322143
-0.000580261689
0.000584446325
-0.000434588332
0.000623655577
-0.000283248289
0.000602244208
-0.000144573365
0.000512091036
-4.17551898e-05
0.000351648806
0.000130050891
-3.36094033e-05
-9.77048913e-05
-0.000115973505
-0.000262910393
-0.000228685892
-0.000383658925
-0.000355331145
-0.00045479089
-0.000482448485
-0.000477451554
-0.000599656638
-0.000456298638
-0.000699324727
-0.000397923557
-0.000776050483
-0.000309784504
-0.000826127632
-0.000199596665
-0.000847124133
-7.51444905e-05
-0.000837646079
5.56166713e-05
-0.000797332196
0.000184321418
-0.000727102526
0.00030196987
-0.000629656434
0.000398876046
-0.000510163475
0.000464953372
-0.000377005139
0.000490497251
-0.000242314861
0.000467553934
-0.000121978232
0.000391754404
-3.4733219e-05
0.000264403787
9.5317674e-05
-2.86574834e-05
-6.90473972e-05
-9.96602258e-05
-0.000191907661
-0.00019811701
-0.000285202148
-0.000310357567
-0.000342550332
-0.000424616066
-0.000363193044
-0.000531265884
-0.00034964881
-0.000622765443
-0.000306424
-0.000693446627
-0.000239103333
-0.000739258815
-0.000153784486
-0.000757558038
-5.68452616e-05
-0.000747003447
4.50620951e-05
-0.000707597929
0.000144915908
-0.000640884391
0.000235256326
-0.000550277062
0.000308268706
-0.00044146235
0.000356138656
-0.000322745859
0.000371780766
-0.000205166583
0.000349974666
-0.000102185439
0.000288773263
-2.88024168e-05
0.000191020763
6.65152545e-05
-2.39812044e-05
-4.50661812e-05
-8.39974327e-05
-0.000131891435
-0.000168257096
-0.000200942493
-0.000265595494
-0.000245211941
-0.000365935597
-0.000262852937
-0.000460594496
-0.000254989899
-0.000542423526
-0.000224594961
-0.000605821308
-0.000175705553
-0.000646681726
-0.000112924081
-0.000662339384
-4.11876102e-05
-0.000651561333
3.42840502e-05
-0.00061461294
0.000107967528
-0.00055340063
0.000174044022
-0.000471663889
0.000226531961
-0.000375154002
0.00025962876
-0.000271701954
0.000268328715
-0.000171058858
0.000249331574
-8.44170679e-05
0.000202131478
-2.35998631e-05
0.000130203562
4.29153882e-05
-1.93492275e-05
-2.57169496e-05
-6.84700321e-05
-8.2770623e-05
-0.000138506749
-0.000130905778
-0.000220638075
-0.000163080624
-0.000306428415
-0.000177062603
-0.00038822876
-0.000173189551
-0.000459474174
-0.000153349535
-0.0005148598
-0.000120319918
-0.000550429783
-7.73541029e-05
-0.00056362756
-2.79898448e-05
-0.000553348427
2.40049115e-05
-0.000520016433
7.46355392e-05
-0.000465682612
0.000119710212
-0.000394114908
0.000154964263
-0.000310822981
0.000176336829
-0.000222941262
0.00018044699
-0.000138894622
0.000165284932
-6.7813518e-05
0.000131050377
-1.87621115e-05
8.11521598e-05
2.41532761e-05
-1.45055389e-05
-1.12114174e-05
-5.25211099e-05
-4.47550389e-05
-0.00010812281
-7.53040725e-05
-0.00017468779
-9.65156464e-05
-0.000245343239
-0.000106407163
-0.00031352082
-0.000105011976
-0.000373387905
-9.34824467e-05
-0.000420129425
-7.35783862e-05
-0.000450116068
-4.73674521e-05
-0.000461009077
-1.70968396e-05
-0.000451841631
1.48374567e-05
-0.000423096907
4.58908103e-05
-0.000376775971
7.33892803e-05
-0.000316426451
9.46147508e-05
-0.000247079547
0.000106989929
-0.00017503035
0.000108397792
-0.00010740306
9.76576378e-05
-5.14858464e-05
7.51331623e-05
-1.39146221e-05
4.35809376e-05
1.02386558e-05
-9.20281046e-06
-2.00861936e-06
-3.5684743e-05
-1.82730954e-05
-7.64355283e-05
-3.45532788e-05
-0.000126811021
-4.61401486e-05
-0.000181408065
-5.18101214e-05
-0.000234817147
-5.16029032e-05
-0.000282132231
-4.61673692e-05
-0.000319263543
-3.64470703e-05
-0.000343116511
-2.35144739e-05
-0.00035170004
-8.51330361e-06
-0.000344207013
7.34442684e-06
-0.000321084429
2.27682188e-05
-0.00028408616
3.63910078e-05
-0.000236279535
4.68081288e-05
-0.000181958574
5.26689736e-05
-0.000126403745
5.28429661e-05
-7.54285392e-05
4.66824317e-05
-3.46816273e-05
3.43862484e-05
-8.71390945e-06
1.76132188e-05
1.524748e-06
-3.43753166e-06
1.42890209e-06
-1.80438796e-05
-3.66673913e-06
-4.34060406e-05
-9.19110986e-06
-7.64336686e-05
-1.31125105e-05
-0.000113187155
-1.50566289e-05
-0.000149665113
-1.51249489e-05
-0.000182251546
-1.35809447e-05
-0.000207952849
-1.07457723e-05
-0.000224514096
-6.95322293e-06
-0.000230484759
-2.54263142e-06
-0.000225272643
2.13231555e-06
-0.000209197079
6.692653e-06
-0.000183535356
1.07292792e-05
-0.000150536811
1.38095804e-05
-0.000113368294
1.5500459e-05
-7.59397588e-05
1.54144358e-05
-4.25472206e-05
1.32898963e-05
-1.72767363e-05
9.11576393e-06
-3.10385825e-06
3.4403391e-06
-1.57910997e-06
1.42890181e-06
-2.23784539e-06
-1.14289636e-05
-2.45414765e-05
-3.95980997e-05
-5.47230403e-05
-6.8303982e-05
-7.90497588e-05
-8.60029885e-05
-8.85456218e-05
-8.64133019e-05
-7.9720643e-05
-6.89913616e-05
-5.51817833e-05
-3.96813276e-05
-2.42668929e-05
-1.09769954e-05
-1.86122974e-06
1.57910999e-06
)
;

boundaryField
{
    walls
    {
        type            calculated;
        value           uniform 0;
    }
    mov_wall
    {
        type            calculated;
        value           uniform 0;
    }
    empty
    {
        type            empty;
        value           nonuniform 0();
    }
}


// ************************************************************************* //
