/*--------------------------------*- C++ -*----------------------------------*\
| =========                 |                                                 |
| \\      /  F ield         | OpenFOAM: The Open Source CFD Toolbox           |
|  \\    /   O peration     | Version:  5.x                                   |
|   \\  /    A nd           | Web:      www.OpenFOAM.org                      |
|    \\/     M anipulation  |                                                 |
\*---------------------------------------------------------------------------*/
FoamFile
{
    version     2.0;
    format      ascii;
    class       volVectorField;
    location    "8.7";
    object      U;
}
// * * * * * * * * * * * * * * * * * * * * * * * * * * * * * * * * * * * * * //

dimensions      [0 1 -1 0 0 0 0];

internalField   nonuniform List<vector> 
400
(
(0.291698423 0.149643819 0)
(0.388187168 0.128007694 0)
(0.55761607 0.0757318264 0)
(0.674785702 0.0433044382 0)
(0.743766595 0.0251591048 0)
(0.787075022 0.0148802972 0)
(0.815462959 0.00893092156 0)
(0.833939561 0.00530992818 0)
(0.845365462 0.00289956152 0)
(0.851349264 0.00108485284 2.66526752e-34)
(0.852640748 -0.000502853093 -2.66526752e-34)
(0.849354292 -0.0021607204 0)
(0.840973371 -0.00421710565 0)
(0.826113774 -0.00722098586 0)
(0.802020426 -0.0122365012 0)
(0.763538945 -0.0213892103 0)
(0.699488891 -0.0388386152 0)
(0.584557336 -0.0722732744 0)
(0.407900535 -0.128436307 0)
(0.300688068 -0.152947536 0)
(0.00120418227 0.287432402 0)
(0.0133209604 0.293872121 0)
(0.140044444 0.209904853 0)
(0.264971589 0.142986162 0)
(0.364177741 0.0968019843 0)
(0.440120064 0.0654411216 0)
(0.496541039 0.0439762517 0)
(0.536691068 0.0287011565 0)
(0.563274466 0.0170798541 0)
(0.578137343 0.00742308645 0)
(0.582210286 -0.00150101253 0)
(0.575515252 -0.0107977549 0)
(0.557109249 -0.0217346524 0)
(0.524912995 -0.0361396918 0)
(0.475518408 -0.0569634973 0)
(0.404326003 -0.0889771523 0)
(0.305687294 -0.139150756 0)
(0.17449779 -0.215275202 0)
(0.0341065842 -0.310801155 0)
(0.0108691562 -0.305909062 0)
(-0.0321467633 0.241773919 0)
(-0.0634303656 0.333547157 0)
(-0.0219362026 0.299502488 0)
(0.0505996277 0.240051664 0)
(0.127397384 0.183020806 0)
(0.196818611 0.135454523 0)
(0.254167104 0.0974523421 0)
(0.298088301 0.0668891704 0)
(0.328665676 0.0413758235 0)
(0.346307826 0.0187814601 -2.35796971e-33)
(0.351211314 -0.00280949204 2.35796971e-33)
(0.343126749 -0.0252950466 0)
(0.32127758 -0.0508299474 0)
(0.2844329 -0.0820948308 0)
(0.231328819 -0.122479774 0)
(0.161916762 -0.17565804 0)
(0.0798350197 -0.243208457 0)
(-0.00333734269 -0.317981961 0)
(-0.0578531341 -0.366363502 0)
(-0.0313893204 -0.270690674 0)
(-0.0261204152 0.182361573 0)
(-0.0666192778 0.316884131 0)
(-0.0735377823 0.330901737 0)
(-0.048130719 0.295352908 0)
(-0.00567217373 0.244253505 0)
(0.0411124775 0.19243174 0)
(0.0845451089 0.145095039 0)
(0.120424331 0.103006629 0)
(0.146585246 0.0651543625 0)
(0.16192548 0.029888406 2.35546511e-33)
(0.165812819 -0.00469432291 -2.35546511e-33)
(0.157798802 -0.0406696192 0)
(0.137586498 -0.0803027386 0)
(0.105285211 -0.12597958 0)
(0.062090027 -0.179774808 0)
(0.0116092693 -0.242029717 0)
(-0.0380283786 -0.307764354 0)
(-0.0720490947 -0.35957937 0)
(-0.0711639182 -0.355585637 0)
(-0.0287210565 -0.20917858 0)
(-0.0176296828 0.140767914 0)
(-0.0549165452 0.281827201 0)
(-0.0828629954 0.324484358 0)
(-0.088076225 0.312396798 0)
(-0.0751196896 0.27444198 0)
(-0.0526276252 0.226778428 0)
(-0.0275118481 0.177302818 0)
(-0.00458009244 0.129145424 0)
(0.0130234885 0.0829123605 0)
(0.0233567957 0.0379330311 -2.9454547e-34)
(0.025309747 -0.0071013956 2.9454547e-34)
(0.0184152075 -0.0537995228 0)
(0.00288698426 -0.103801261 0)
(-0.0200872022 -0.158367938 0)
(-0.047770794 -0.217530723 0)
(-0.0750614577 -0.278347554 0)
(-0.0936267077 -0.331694802 0)
(-0.0922270557 -0.357398869 0)
(-0.0635074676 -0.31887989 0)
(-0.0207312598 -0.162076725 0)
(-0.0116542792 0.111592251 0)
(-0.0431521992 0.243765266 0)
(-0.0782839964 0.299859402 0)
(-0.100579262 0.305000829 0)
(-0.10831059 0.280421265 0)
(-0.105716505 0.240369183 0)
(-0.0975361716 0.193277768 0)
(-0.0877934471 0.14354537 0)
(-0.0795351918 0.093026074 0)
(-0.0748272185 0.0420752313 0)
(-0.0748481332 -0.0097592584 0)
(-0.0799345779 -0.0632506195 0)
(-0.0895000218 -0.119033275 0)
(-0.101812876 -0.176993444 0)
(-0.11369095 -0.235297921 0)
(-0.120284781 -0.288849073 0)
(-0.115237023 -0.327084782 0)
(-0.0922711131 -0.331566551 0)
(-0.0521876274 -0.275119691 0)
(-0.0142847857 -0.127260099 0)
(-0.00803185568 0.0899680192 0)
(-0.0343052817 0.207876697 0)
(-0.0703686587 0.267741356 0)
(-0.100959317 0.283509145 0)
(-0.12150911 0.26975378 0)
(-0.133061964 0.237807847 0)
(-0.138135836 0.195384124 0)
(-0.139450241 0.147216491 0)
(-0.139365665 0.0958906814 0)
(-0.139599232 0.0425957577 0)
(-0.141114114 -0.012262568 0)
(-0.144054664 -0.0685401664 0)
(-0.147657207 -0.125824595 0)
(-0.150140601 -0.182787206 0)
(-0.148667742 -0.236314557 0)
(-0.139565528 -0.280390168 0)
(-0.119015753 -0.304900546 0)
(-0.0848747397 -0.294957285 0)
(-0.0422046453 -0.232154477 0)
(-0.0100065907 -0.100709816 0)
(-0.00589819005 0.0731569043 0)
(-0.0280514389 0.175459928 0)
(-0.0624620756 0.233454969 0)
(-0.0961931098 0.254650691 0)
(-0.12378429 0.248662374 0)
(-0.144336448 0.223978321 0)
(-0.158622038 0.187072458 0)
(-0.168069545 0.142434106 0)
(-0.174171008 0.0929433384 0)
(-0.178091651 0.0403533001 0)
(-0.180456262 -0.0142245251 0)
(-0.181230007 -0.0698446779 0)
(-0.179647302 -0.125225754 0)
(-0.174205195 -0.178177562 0)
(-0.162809069 -0.224940954 0)
(-0.143212558 -0.259512837 0)
(-0.113841639 -0.273201304 0)
(-0.0753166176 -0.254896363 0)
(-0.0343188969 -0.192925777 0)
(-0.00728498482 -0.0799917711 0)
(-0.00459312313 0.0595160145 0)
(-0.0235441692 0.146542617 0)
(-0.05534299 0.199662156 0)
(-0.0893196713 0.222701634 0)
(-0.120051817 0.221819414 0)
(-0.145609092 0.203131829 0)
(-0.165570651 0.171796549 0)
(-0.180317098 0.131775629 0)
(-0.190531073 0.0859405091 0)
(-0.196813733 0.0363510072 2.97711417e-34)
(-0.1994489 -0.0153915461 -2.97711417e-34)
(-0.198275632 -0.0677566441 0)
(-0.192646154 -0.118867798 0)
(-0.18148935 -0.166059308 0)
(-0.163546087 -0.205440871 0)
(-0.137858729 -0.231577793 0)
(-0.104503396 -0.237504908 0)
(-0.0656637266 -0.215386226 0)
(-0.0281737975 -0.158249843 0)
(-0.00551068982 -0.0634668204 0)
(-0.00373314401 0.0480883398 0)
(-0.0201212347 0.120839397 0)
(-0.0490153878 0.167676441 0)
(-0.0816389775 0.190287499 0)
(-0.112989447 0.192487649 0)
(-0.14068056 0.17855713 4.6798792e-33)
(-0.163557393 0.152465448 0)
(-0.181246281 0.117554995 0)
(-0.193784172 0.0765047418 -4.74063697e-33)
(-0.201296969 0.031470994 2.26592982e-36)
(-0.203789195 -0.0156743971 4.98648684e-36)
(-0.201035368 -0.0630555974 0)
(-0.192565931 -0.108481585 0)
(-0.177765513 -0.149141429 0)
(-0.156124906 -0.181360927 0)
(-0.127679782 -0.200524262 0)
(-0.0935645706 -0.201318537 0)
(-0.0566770451 -0.178463973 0)
(-0.0233146662 -0.128090141 0)
(-0.00429570468 -0.0500435341 0)
(-0.0031150414 0.0383306334 0)
(-0.0173631174 0.0980508505 0)
(-0.0433176198 0.138129965 0)
(-0.0737180743 0.158979199 0)
(-0.104104451 0.162838223 0)
(-0.131970533 0.152618178 -4.6798792e-33)
(-0.155761614 0.1312957 0)
(-0.174612861 0.101603274 0)
(-0.188100217 0.0659289916 4.74063697e-33)
(-0.195997417 0.0263693611 1.49106811e-33)
(-0.198111611 -0.01512332 -1.49832053e-33)
(-0.194204011 -0.0565442463 0)
(-0.18399656 -0.0956260408 0)
(-0.167277172 -0.129654845 0)
(-0.144124393 -0.155368916 0)
(-0.115252463 -0.169022498 0)
(-0.0823814082 -0.166713891 0)
(-0.0485941041 -0.145040226 0)
(-0.0193975964 -0.102103348 0)
(-0.00342090951 -0.0390050012 0)
(-0.00263393593 0.0299262653 0)
(-0.0150226244 0.0779301285 0)
(-0.0380974222 0.11131111 0)
(-0.0658175675 0.129695793 0)
(-0.0942794732 0.134263878 0)
(-0.121044026 0.126925342 0)
(-0.144383609 0.109860567 0)
(-0.163148984 0.0852480431 0)
(-0.176619507 0.0551416355 0)
(-0.184335473 0.0214703141 2.99742587e-34)
(-0.185982936 -0.013881365 -2.99742587e-34)
(-0.181343674 -0.0489515423 0)
(-0.170313963 -0.0815745587 0)
(-0.152999252 -0.109289273 0)
(-0.129891605 -0.129330739 0)
(-0.102114501 -0.138764247 0)
(-0.0716393805 -0.13481614 0)
(-0.0414365952 -0.115407289 0)
(-0.0161843497 -0.0798582228 0)
(-0.00276403346 -0.0298606592 0)
(-0.00223473587 0.0226800249 0)
(-0.0129541264 0.0602838577 0)
(-0.0332381491 0.0873308361 0)
(-0.0580555288 0.1029545 0)
(-0.0840353804 0.107621821 0)
(-0.108906083 0.102520709 0)
(-0.13091408 0.0892086492 0)
(-0.148775833 0.0693818641 0)
(-0.16160355 0.0447501613 0)
(-0.168801288 0.0170067314 3.00137176e-34)
(-0.169993545 -0.012137215 -3.00137176e-34)
(-0.164999671 -0.0408861812 0)
(-0.153857535 -0.0672953782 0)
(-0.136899081 -0.0892417091 0)
(-0.114876636 -0.104468705 0)
(-0.0891189076 -0.110744421 0)
(-0.0616328437 -0.106158118 0)
(-0.035126975 -0.0895353375 0)
(-0.0135037429 -0.0609264427 0)
(-0.0022532726 -0.0222578273 0)
(-0.00188545558 0.016466256 0)
(-0.0110624839 0.0449645391 0)
(-0.0286411432 0.0662105057 0)
(-0.0504611296 0.0790278184 0)
(-0.0736531641 0.0834123307 0)
(-0.0961641791 0.0800414893 0)
(-0.116305917 0.0699953591 0)
(-0.13276334 0.0545610873 0)
(-0.144575602 0.0351143606 0)
(-0.151082435 0.0130747319 0)
(-0.151887892 -0.0100881558 0)
(-0.146853002 -0.032825079 0)
(-0.136119503 -0.0534823552 0)
(-0.120164255 -0.070309857 0)
(-0.0998793395 -0.0815299523 0)
(-0.0766571208 -0.0854921399 0)
(-0.0524122109 -0.0809235407 0)
(-0.0295300336 -0.0672469519 0)
(-0.0112185727 -0.0449266645 0)
(-0.00184129743 -0.0159381051 0)
(-0.00156251762 0.0112077488 0)
(-0.00926988003 0.0318705365 0)
(-0.0242025205 0.0479368752 0)
(-0.0429884462 0.058049071 0)
(-0.0632319158 0.0619115002 0)
(-0.0831208705 0.0598559181 0)
(-0.101086248 0.0526055548 0)
(-0.11584913 0.0411071736 0)
(-0.126440928 0.0264236331 0)
(-0.13218724 0.00968560601 0)
(-0.132697634 -0.00791671683 0)
(-0.127870717 -0.0251250511 0)
(-0.117915457 -0.0406102737 0)
(-0.103386532 -0.0529974529 0)
(-0.0852272523 -0.0609387008 0)
(-0.0648019885 -0.0632496918 0)
(-0.0438652632 -0.0591133873 0)
(-0.0244675009 -0.0483249911 0)
(-0.00920309272 -0.0315520071 0)
(-0.00149088362 -0.010719378 0)
(-0.00124269186 0.00687236691 0)
(-0.00749726414 0.0209539388 0)
(-0.0197996771 0.0325014307 0)
(-0.0355241962 0.0400873 0)
(-0.0527239653 0.0432717625 0)
(-0.0698331067 0.0421741826 0)
(-0.0854326588 0.0372606184 0)
(-0.0983251702 0.0291991489 0)
(-0.107580785 0.0187673604 0)
(-0.112546722 0.00680864428 0)
(-0.112854336 -0.00578011198 0)
(-0.108431631 -0.0180487587 0)
(-0.0995214488 -0.0289997738 0)
(-0.0867021662 -0.0376160641 0)
(-0.0709039767 -0.042924674 0)
(-0.053405493 -0.0441071884 0)
(-0.0357703086 -0.0406592895 0)
(-0.0197281044 -0.0325810805 0)
(-0.0073307283 -0.0205903318 0)
(-0.00116697587 -0.00649226813 0)
(-0.000899883069 0.00347704209 0)
(-0.0056609323 0.0122244284 0)
(-0.0152978473 0.0199179413 0)
(-0.0279091945 0.0251886545 0)
(-0.0419708374 0.0275859301 0)
(-0.0561592826 0.0271262698 0)
(-0.069227483 0.0240986724 0)
(-0.0800968184 0.018945432 0)
(-0.0879159917 0.0121895934 0)
(-0.0920844189 0.00440206592 0)
(-0.0922681507 -0.00380767724 0)
(-0.0884155141 -0.0117927663 0)
(-0.0807724919 -0.0188748772 0)
(-0.0698942044 -0.0243659738 0)
(-0.0566454531 -0.0276151923 0)
(-0.0421770497 -0.0280887045 0)
(-0.0278468988 -0.0254864182 0)
(-0.0150887331 -0.0198866114 0)
(-0.00547449463 -0.011931357 0)
(-0.000833547349 -0.00322197476 0)
(-0.000507508483 0.00108920729 0)
(-0.00368889308 0.00574013953 0)
(-0.0105872258 0.0102223809 0)
(-0.0199879395 0.0134022148 0)
(-0.0307552958 0.0149400965 0)
(-0.0418076567 0.0148327192 0)
(-0.0521004765 0.0132501836 0)
(-0.0607205949 0.0104516788 0)
(-0.0669425837 0.006738816 0)
(-0.0702538286 0.00243728358 0)
(-0.0703711869 -0.00210635115 0)
(-0.0672558402 -0.00652338737 0)
(-0.0611263918 -0.0104252543 0)
(-0.0524664976 -0.0134154709 0)
(-0.0420201069 -0.0151167123 0)
(-0.0307626611 -0.0152183509 0)
(-0.0198243279 -0.013549405 0)
(-0.010361521 -0.0101761659 0)
(-0.00352670155 -0.00555507456 0)
(-0.00045647045 -0.000945966208 0)
(-6.44915865e-05 -0.000176241204 0)
(-0.00159898966 0.00163661656 0)
(-0.00569518889 0.00359860116 0)
(-0.0117199319 0.0050106789 0)
(-0.0188880498 0.00571684689 0)
(-0.0263913887 0.00573382945 0)
(-0.0334549884 0.00514772201 0)
(-0.0394085024 0.00407326783 0)
(-0.0437225495 0.00263489133 0)
(-0.0460238848 0.000961861678 0)
(-0.0461058234 -0.000810104447 0)
(-0.0439388709 -0.00253598915 0)
(-0.0396813832 -0.00406056237 0)
(-0.0336869564 -0.00522175596 0)
(-0.0265027367 -0.00586030551 0)
(-0.0188496252 -0.00583829647 0)
(-0.0115675422 -0.00507039421 0)
(-0.00551559548 -0.0035709535 0)
(-0.00148203462 -0.00155258674 0)
(-3.10932475e-05 0.000233977712 0)
(0.000261395542 -0.000255577826 0)
(0.00015143978 0.000102072866 0)
(-0.00117495391 0.000547415053 0)
(-0.00348063292 0.0008635159 0)
(-0.00637558377 0.00102207807 0)
(-0.00946687261 0.00103797734 0)
(-0.0124000355 0.000936218534 0)
(-0.0148817771 0.000743061816 0)
(-0.0166861012 0.000483180215 0)
(-0.0176547266 0.000180087959 1.08300126e-33)
(-0.0176985208 -0.000142308321 -1.08300126e-33)
(-0.0168014857 -0.000458218464 0)
(-0.0150266285 -0.00073901917 0)
(-0.0125219004 -0.000953244642 0)
(-0.00952354905 -0.00106773225 0)
(-0.00635302392 -0.00105052582 0)
(-0.00340014946 -0.000876787919 0)
(-0.00108361492 -0.000539615974 0)
(0.000206111131 -8.25143538e-05 0)
(0.000274563796 0.000266745612 0)
)
;

boundaryField
{
    walls
    {
        type            fixedValue;
        value           uniform (0 0 0);
    }
    mov_wall
    {
        type            fixedValue;
        value           uniform (1 0 0);
    }
    empty
    {
        type            empty;
    }
}


// ************************************************************************* //
