# Forces     
# CofR       : (0.000000e+00 0.000000e+00 0.000000e+00)
# Time       forces(pressure viscous porous)	moments(pressure viscous porous)
0.04         	((3.858745e+00 -3.320863e-02 2.414460e-18) (1.439213e+00 1.026430e-01 -6.910808e-18) (0.000000e+00 0.000000e+00 0.000000e+00)) ((8.302157e-03 9.646863e-01 -4.380389e-01) (-2.566075e-02 3.598034e-01 -2.417630e-02) (0.000000e+00 0.000000e+00 0.000000e+00))
0.08         	((1.443958e+00 3.015453e-01 1.358307e-18) (9.420504e-01 7.753578e-02 -3.918626e-18) (0.000000e+00 0.000000e+00 0.000000e+00)) ((-7.538634e-02 3.609894e-01 -2.108448e-01) (-1.938394e-02 2.355126e-01 1.873532e-02) (0.000000e+00 0.000000e+00 0.000000e+00))
0.12         	((2.402938e-01 6.262525e-01 1.854475e-18) (7.854066e-01 3.691430e-02 -3.317731e-18) (0.000000e+00 0.000000e+00 0.000000e+00)) ((-1.565631e-01 6.007346e-02 -8.098057e-02) (-9.228575e-03 1.963516e-01 5.152202e-02) (0.000000e+00 0.000000e+00 0.000000e+00))
0.16         	((-9.305501e-01 1.185710e+00 3.749911e-18) (7.222973e-01 -4.117551e-02 -3.323253e-18) (0.000000e+00 0.000000e+00 0.000000e+00)) ((-2.964274e-01 -2.326375e-01 7.729166e-02) (1.029388e-02 1.805743e-01 9.815081e-02) (0.000000e+00 0.000000e+00 0.000000e+00))
0.2          	((-2.461692e+00 2.180001e+00 7.811785e-18) (7.025703e-01 -1.861425e-01 -3.857609e-18) (0.000000e+00 0.000000e+00 0.000000e+00)) ((-5.450003e-01 -6.154230e-01 3.085225e-01) (4.653562e-02 1.756426e-01 1.678746e-01) (0.000000e+00 0.000000e+00 0.000000e+00))
0.24         	((-4.686611e+00 3.836930e+00 1.573935e-17) (7.008576e-01 -4.493985e-01 -5.261782e-18) (0.000000e+00 0.000000e+00 0.000000e+00)) ((-9.592326e-01 -1.171653e+00 6.820053e-01) (1.123496e-01 1.752144e-01 2.753045e-01) (0.000000e+00 0.000000e+00 0.000000e+00))
0.28         	((-7.958537e+00 6.761685e+00 2.989683e-17) (6.752442e-01 -9.059383e-01 -7.764710e-18) (0.000000e+00 0.000000e+00 0.000000e+00)) ((-1.690421e+00 -1.989634e+00 1.309846e+00) (2.264846e-01 1.688110e-01 4.396957e-01) (0.000000e+00 0.000000e+00 0.000000e+00))
0.32         	((-1.236863e+01 1.183369e+01 5.108602e-17) (5.022017e-01 -1.634571e+00 -9.938825e-18) (0.000000e+00 0.000000e+00 0.000000e+00)) ((-2.958423e+00 -3.092159e+00 2.241181e+00) (4.086427e-01 1.255504e-01 6.667072e-01) (0.000000e+00 0.000000e+00 0.000000e+00))
0.36         	((-1.574941e+01 2.008927e+01 7.050582e-17) (-1.162037e-01 -2.682323e+00 -5.689985e-18) (0.000000e+00 0.000000e+00 0.000000e+00)) ((-5.022317e+00 -3.937353e+00 2.985775e+00) (6.705806e-01 -2.905092e-02 8.801379e-01) (0.000000e+00 0.000000e+00 0.000000e+00))
0.4          	((-1.166866e+01 3.222130e+01 6.567316e-17) (-1.333282e+00 -4.080840e+00 1.295207e-17) (0.000000e+00 0.000000e+00 0.000000e+00)) ((-8.055325e+00 -2.917164e+00 2.196293e+00) (1.020210e+00 -3.333205e-01 9.307758e-01) (0.000000e+00 0.000000e+00 0.000000e+00))
0.44         	((-5.823072e+00 2.801624e+01 6.067921e-17) (-2.255354e+00 -5.287677e+00 1.840633e-17) (0.000000e+00 0.000000e+00 0.000000e+00)) ((-7.004060e+00 -1.455768e+00 2.872046e+00) (1.321919e+00 -5.638386e-01 9.590706e-01) (0.000000e+00 0.000000e+00 0.000000e+00))
0.48         	((7.359767e+00 3.182944e+01 4.173872e-17) (-2.075579e+00 -5.497233e+00 3.503692e-17) (0.000000e+00 0.000000e+00 0.000000e+00)) ((-7.957359e+00 1.839942e+00 2.158145e+00) (1.374308e+00 -5.188948e-01 9.851961e-01) (0.000000e+00 0.000000e+00 0.000000e+00))
0.52         	((8.877677e+00 3.085930e+01 2.201235e-18) (-1.818790e+00 -5.682197e+00 6.297798e-17) (0.000000e+00 0.000000e+00 0.000000e+00)) ((-7.714824e+00 2.219419e+00 1.513333e+00) (1.420549e+00 -4.546974e-01 9.767830e-01) (0.000000e+00 0.000000e+00 0.000000e+00))
0.56         	((6.563182e+00 4.723284e+01 -1.379883e-16) (-1.871124e+00 -6.115847e+00 1.578796e-16) (0.000000e+00 0.000000e+00 0.000000e+00)) ((-1.180821e+01 1.640796e+00 -4.340318e+00) (1.528962e+00 -4.677811e-01 1.024129e+00) (0.000000e+00 0.000000e+00 0.000000e+00))
0.6          	((1.511934e-01 6.128736e+01 -2.163584e-16) (-2.268739e+00 -6.205330e+00 2.125449e-16) (0.000000e+00 0.000000e+00 0.000000e+00)) ((-1.532184e+01 3.779834e-02 -6.752554e+00) (1.551333e+00 -5.671848e-01 1.161504e+00) (0.000000e+00 0.000000e+00 0.000000e+00))
0.64         	((-3.154695e+00 6.989593e+01 -2.349641e-16) (-2.785863e+00 -5.333815e+00 2.151181e-16) (0.000000e+00 0.000000e+00 0.000000e+00)) ((-1.747398e+01 -7.886737e-01 -1.035498e+01) (1.333454e+00 -6.964657e-01 1.013347e+00) (0.000000e+00 0.000000e+00 0.000000e+00))
0.68         	((-5.820717e+00 7.133986e+01 -2.466978e-16) (-2.966152e+00 -4.551097e+00 2.065074e-16) (0.000000e+00 0.000000e+00 0.000000e+00)) ((-1.783497e+01 -1.455179e+00 -1.276562e+01) (1.137774e+00 -7.415381e-01 8.457858e-01) (0.000000e+00 0.000000e+00 0.000000e+00))
0.72         	((-7.234877e+00 7.120885e+01 -2.741206e-16) (-2.829881e+00 -4.342956e+00 2.152753e-16) (0.000000e+00 0.000000e+00 0.000000e+00)) ((-1.780221e+01 -1.808719e+00 -1.227702e+01) (1.085739e+00 -7.074701e-01 9.674256e-01) (0.000000e+00 0.000000e+00 0.000000e+00))
0.76         	((-6.238585e+00 6.913852e+01 -2.586796e-16) (-2.672322e+00 -4.830650e+00 2.121726e-16) (0.000000e+00 0.000000e+00 0.000000e+00)) ((-1.728463e+01 -1.559646e+00 -8.702144e+00) (1.207663e+00 -6.680806e-01 1.273527e+00) (0.000000e+00 0.000000e+00 0.000000e+00))
0.8          	((-8.186642e+00 6.929811e+01 -2.202190e-16) (-2.768430e+00 -5.237263e+00 1.951339e-16) (0.000000e+00 0.000000e+00 0.000000e+00)) ((-1.732453e+01 -2.046660e+00 -5.936246e+00) (1.309316e+00 -6.921074e-01 1.398652e+00) (0.000000e+00 0.000000e+00 0.000000e+00))
0.84         	((-8.138773e+00 7.114358e+01 -2.033801e-16) (-2.936410e+00 -5.181934e+00 1.808395e-16) (0.000000e+00 0.000000e+00 0.000000e+00)) ((-1.778590e+01 -2.034693e+00 -4.498748e+00) (1.295484e+00 -7.341025e-01 1.467412e+00) (0.000000e+00 0.000000e+00 0.000000e+00))
0.88         	((-8.465681e+00 7.178148e+01 -2.174203e-16) (-3.029756e+00 -5.026431e+00 1.853280e-16) (0.000000e+00 0.000000e+00 0.000000e+00)) ((-1.794537e+01 -2.116420e+00 -3.234386e+00) (1.256608e+00 -7.574390e-01 1.689856e+00) (0.000000e+00 0.000000e+00 0.000000e+00))
0.92         	((-8.241163e+00 7.049314e+01 -2.384118e-16) (-3.054430e+00 -5.124728e+00 1.983766e-16) (0.000000e+00 0.000000e+00 0.000000e+00)) ((-1.762328e+01 -2.060291e+00 -1.557546e+00) (1.281182e+00 -7.636075e-01 2.014781e+00) (0.000000e+00 0.000000e+00 0.000000e+00))
0.96         	((-7.806492e+00 6.956467e+01 -2.356460e-16) (-3.071215e+00 -5.290494e+00 1.990030e-16) (0.000000e+00 0.000000e+00 0.000000e+00)) ((-1.739117e+01 -1.951623e+00 -4.405328e-01) (1.322623e+00 -7.678038e-01 2.216619e+00) (0.000000e+00 0.000000e+00 0.000000e+00))
1            	((-7.676797e+00 6.988896e+01 -2.148292e-16) (-3.083231e+00 -5.236695e+00 1.857319e-16) (0.000000e+00 0.000000e+00 0.000000e+00)) ((-1.747224e+01 -1.919199e+00 -2.163609e-01) (1.309174e+00 -7.708078e-01 2.211650e+00) (0.000000e+00 0.000000e+00 0.000000e+00))
1.04         	((-7.064001e+00 7.074112e+01 -2.031775e-16) (-3.053333e+00 -4.990063e+00 1.753336e-16) (0.000000e+00 0.000000e+00 0.000000e+00)) ((-1.768528e+01 -1.766000e+00 5.547391e-04) (1.247516e+00 -7.633333e-01 2.166716e+00) (0.000000e+00 0.000000e+00 0.000000e+00))
1.08         	((-5.911659e+00 7.076549e+01 -2.128325e-16) (-2.962916e+00 -4.706392e+00 1.786355e-16) (0.000000e+00 0.000000e+00 0.000000e+00)) ((-1.769137e+01 -1.477915e+00 1.055495e+00) (1.176598e+00 -7.407291e-01 2.263390e+00) (0.000000e+00 0.000000e+00 0.000000e+00))
1.12         	((-4.932025e+00 6.946169e+01 -2.260227e-16) (-2.891946e+00 -4.414215e+00 1.855813e-16) (0.000000e+00 0.000000e+00 0.000000e+00)) ((-1.736542e+01 -1.233006e+00 2.574294e+00) (1.103554e+00 -7.229864e-01 2.459060e+00) (0.000000e+00 0.000000e+00 0.000000e+00))
1.16         	((-4.790433e+00 6.827927e+01 -2.225490e-16) (-2.898366e+00 -4.020738e+00 1.821297e-16) (0.000000e+00 0.000000e+00 0.000000e+00)) ((-1.706982e+01 -1.197608e+00 3.664813e+00) (1.005185e+00 -7.245915e-01 2.580836e+00) (0.000000e+00 0.000000e+00 0.000000e+00))
1.2          	((-5.051463e+00 6.669232e+01 -2.078886e-16) (-2.996734e+00 -3.591617e+00 1.705453e-16) (0.000000e+00 0.000000e+00 0.000000e+00)) ((-1.667308e+01 -1.262866e+00 3.924522e+00) (8.979043e-01 -7.491834e-01 2.555956e+00) (0.000000e+00 0.000000e+00 0.000000e+00))
1.24         	((-4.604041e+00 6.522726e+01 -1.998515e-16) (-3.155222e+00 -3.399776e+00 1.631454e-16) (0.000000e+00 0.000000e+00 0.000000e+00)) ((-1.630682e+01 -1.151010e+00 3.416188e+00) (8.499441e-01 -7.888055e-01 2.431003e+00) (0.000000e+00 0.000000e+00 0.000000e+00))
1.28         	((-2.992814e+00 6.511925e+01 -2.019467e-16) (-3.330714e+00 -3.534117e+00 1.626216e-16) (0.000000e+00 0.000000e+00 0.000000e+00)) ((-1.627981e+01 -7.482035e-01 2.367618e+00) (8.835292e-01 -8.326785e-01 2.259069e+00) (0.000000e+00 0.000000e+00 0.000000e+00))
1.32         	((-9.890857e-01 6.611712e+01 -2.029030e-16) (-3.492807e+00 -3.771405e+00 1.619171e-16) (0.000000e+00 0.000000e+00 0.000000e+00)) ((-1.652928e+01 -2.472714e-01 9.757021e-01) (9.428513e-01 -8.732018e-01 2.080938e+00) (0.000000e+00 0.000000e+00 0.000000e+00))
1.36         	((2.803026e-01 6.751954e+01 -1.966627e-16) (-3.595186e+00 -3.851647e+00 1.571087e-16) (0.000000e+00 0.000000e+00 0.000000e+00)) ((-1.687989e+01 7.007565e-02 -4.621637e-02) (9.629116e-01 -8.987965e-01 1.937522e+00) (0.000000e+00 0.000000e+00 0.000000e+00))
1.4          	((6.968733e-01 6.896732e+01 -1.887145e-16) (-3.612088e+00 -3.766117e+00 1.516531e-16) (0.000000e+00 0.000000e+00 0.000000e+00)) ((-1.724183e+01 1.742183e-01 -4.746024e-01) (9.415292e-01 -9.030219e-01 1.844651e+00) (0.000000e+00 0.000000e+00 0.000000e+00))
1.44         	((7.063674e-01 7.029015e+01 -1.877055e-16) (-3.589385e+00 -3.681657e+00 1.511851e-16) (0.000000e+00 0.000000e+00 0.000000e+00)) ((-1.757254e+01 1.765918e-01 -7.744414e-01) (9.204143e-01 -8.973462e-01 1.784940e+00) (0.000000e+00 0.000000e+00 0.000000e+00))
1.48         	((6.462556e-01 7.099392e+01 -1.929021e-16) (-3.576397e+00 -3.687931e+00 1.548820e-16) (0.000000e+00 0.000000e+00 0.000000e+00)) ((-1.774848e+01 1.615639e-01 -1.264671e+00) (9.219827e-01 -8.940993e-01 1.730107e+00) (0.000000e+00 0.000000e+00 0.000000e+00))
1.52         	((3.064544e-01 7.139457e+01 -1.970778e-16) (-3.586650e+00 -3.743518e+00 1.577607e-16) (0.000000e+00 0.000000e+00 0.000000e+00)) ((-1.784864e+01 7.661361e-02 -2.049359e+00) (9.358794e-01 -8.966624e-01 1.659655e+00) (0.000000e+00 0.000000e+00 0.000000e+00))
1.56         	((-4.793354e-01 7.164061e+01 -1.965288e-16) (-3.612878e+00 -3.770664e+00 1.572449e-16) (0.000000e+00 0.000000e+00 0.000000e+00)) ((-1.791015e+01 -1.198338e-01 -3.053634e+00) (9.426659e-01 -9.032195e-01 1.565873e+00) (0.000000e+00 0.000000e+00 0.000000e+00))
1.6          	((-1.506045e+00 7.169618e+01 -1.943033e-16) (-3.638435e+00 -3.773588e+00 1.556524e-16) (0.000000e+00 0.000000e+00 0.000000e+00)) ((-1.792404e+01 -3.765112e-01 -4.119456e+00) (9.433971e-01 -9.096088e-01 1.464553e+00) (0.000000e+00 0.000000e+00 0.000000e+00))
1.64         	((-2.560375e+00 7.138930e+01 -1.949021e-16) (-3.655824e+00 -3.809387e+00 1.562737e-16) (0.000000e+00 0.000000e+00 0.000000e+00)) ((-1.784732e+01 -6.400938e-01 -5.194598e+00) (9.523467e-01 -9.139560e-01 1.370926e+00) (0.000000e+00 0.000000e+00 0.000000e+00))
1.68         	((-3.602509e+00 7.063345e+01 -1.980467e-16) (-3.671633e+00 -3.900050e+00 1.588256e-16) (0.000000e+00 0.000000e+00 0.000000e+00)) ((-1.765836e+01 -9.006273e-01 -6.386585e+00) (9.750124e-01 -9.179084e-01 1.280990e+00) (0.000000e+00 0.000000e+00 0.000000e+00))
1.72         	((-4.805693e+00 6.957462e+01 -2.002063e-16) (-3.702434e+00 -4.034262e+00 1.606158e-16) (0.000000e+00 0.000000e+00 0.000000e+00)) ((-1.739365e+01 -1.201423e+00 -7.923042e+00) (1.008565e+00 -9.256084e-01 1.162276e+00) (0.000000e+00 0.000000e+00 0.000000e+00))
1.76         	((-6.205520e+00 6.800133e+01 -2.002731e-16) (-3.735426e+00 -4.225951e+00 1.607988e-16) (0.000000e+00 0.000000e+00 0.000000e+00)) ((-1.700033e+01 -1.551380e+00 -9.939374e+00) (1.056488e+00 -9.338564e-01 9.919750e-01) (0.000000e+00 0.000000e+00 0.000000e+00))
1.8          	((-7.380447e+00 6.649235e+01 -2.005074e-16) (-3.718843e+00 -4.552211e+00 1.611983e-16) (0.000000e+00 0.000000e+00 0.000000e+00)) ((-1.662309e+01 -1.845112e+00 -1.211291e+01) (1.138053e+00 -9.297108e-01 7.790650e-01) (0.000000e+00 0.000000e+00 0.000000e+00))
1.84         	((-8.235211e+00 6.568293e+01 -2.031296e-16) (-3.701209e+00 -5.026016e+00 1.638343e-16) (0.000000e+00 0.000000e+00 0.000000e+00)) ((-1.642073e+01 -2.058803e+00 -1.369441e+01) (1.256504e+00 -9.253023e-01 5.553821e-01) (0.000000e+00 0.000000e+00 0.000000e+00))
1.88         	((-9.263932e+00 6.478410e+01 -2.072631e-16) (-3.763310e+00 -5.314912e+00 1.680890e-16) (0.000000e+00 0.000000e+00 0.000000e+00)) ((-1.619603e+01 -2.315983e+00 -1.380853e+01) (1.328728e+00 -9.408275e-01 4.544508e-01) (0.000000e+00 0.000000e+00 0.000000e+00))
1.92         	((-1.058050e+01 6.358070e+01 -2.098888e-16) (-3.809044e+00 -5.197735e+00 1.712810e-16) (0.000000e+00 0.000000e+00 0.000000e+00)) ((-1.589517e+01 -2.645126e+00 -1.234357e+01) (1.299434e+00 -9.522611e-01 5.755006e-01) (0.000000e+00 0.000000e+00 0.000000e+00))
1.96         	((-1.197573e+01 6.147158e+01 -2.102247e-16) (-3.808978e+00 -4.956546e+00 1.726453e-16) (0.000000e+00 0.000000e+00 0.000000e+00)) ((-1.536790e+01 -2.993931e+00 -1.011203e+01) (1.239137e+00 -9.522446e-01 8.085474e-01) (0.000000e+00 0.000000e+00 0.000000e+00))
2            	((-1.310396e+01 5.816614e+01 -2.096618e-16) (-3.793584e+00 -4.961066e+00 1.735735e-16) (0.000000e+00 0.000000e+00 0.000000e+00)) ((-1.454153e+01 -3.275990e+00 -8.196012e+00) (1.240267e+00 -9.483961e-01 1.017873e+00) (0.000000e+00 0.000000e+00 0.000000e+00))
2.04         	((-1.376617e+01 5.696102e+01 -2.099010e-16) (-3.715311e+00 -5.313650e+00 1.756096e-16) (0.000000e+00 0.000000e+00 0.000000e+00)) ((-1.424026e+01 -3.441542e+00 -7.235398e+00) (1.328412e+00 -9.288278e-01 1.175661e+00) (0.000000e+00 0.000000e+00 0.000000e+00))
2.08         	((-1.399820e+01 5.767147e+01 -2.110217e-16) (-3.644009e+00 -5.865078e+00 1.789776e-16) (0.000000e+00 0.000000e+00 0.000000e+00)) ((-1.441787e+01 -3.499551e+00 -6.378335e+00) (1.466269e+00 -9.110022e-01 1.298772e+00) (0.000000e+00 0.000000e+00 0.000000e+00))
2.12         	((-1.431311e+01 5.845510e+01 -2.127863e-16) (-3.663508e+00 -6.413537e+00 1.834142e-16) (0.000000e+00 0.000000e+00 0.000000e+00)) ((-1.461377e+01 -3.578278e+00 -4.838796e+00) (1.603384e+00 -9.158771e-01 1.442681e+00) (0.000000e+00 0.000000e+00 0.000000e+00))
2.16         	((-1.486464e+01 5.835985e+01 -2.144048e-16) (-3.688789e+00 -6.828738e+00 1.874378e-16) (0.000000e+00 0.000000e+00 0.000000e+00)) ((-1.458996e+01 -3.716161e+00 -3.206058e+00) (1.707185e+00 -9.221972e-01 1.610663e+00) (0.000000e+00 0.000000e+00 0.000000e+00))
2.2          	((-1.491897e+01 5.608545e+01 -2.135395e-16) (-3.599175e+00 -7.083660e+00 1.882735e-16) (0.000000e+00 0.000000e+00 0.000000e+00)) ((-1.402136e+01 -3.729743e+00 -2.251202e+00) (1.770915e+00 -8.997938e-01 1.716866e+00) (0.000000e+00 0.000000e+00 0.000000e+00))
2.24         	((-1.410636e+01 5.225694e+01 -2.092413e-16) (-3.454949e+00 -7.340772e+00 1.857328e-16) (0.000000e+00 0.000000e+00 0.000000e+00)) ((-1.306424e+01 -3.526590e+00 -2.270975e+00) (1.835193e+00 -8.637372e-01 1.703248e+00) (0.000000e+00 0.000000e+00 0.000000e+00))
2.28         	((-1.293274e+01 4.945414e+01 -2.034779e-16) (-3.324224e+00 -7.726496e+00 1.826568e-16) (0.000000e+00 0.000000e+00 0.000000e+00)) ((-1.236354e+01 -3.233185e+00 -2.858155e+00) (1.931624e+00 -8.310561e-01 1.618461e+00) (0.000000e+00 0.000000e+00 0.000000e+00))
2.32         	((-1.222930e+01 4.858460e+01 -1.998506e-16) (-3.258040e+00 -8.083174e+00 1.822995e-16) (0.000000e+00 0.000000e+00 0.000000e+00)) ((-1.214615e+01 -3.057325e+00 -3.154870e+00) (2.020794e+00 -8.145100e-01 1.553495e+00) (0.000000e+00 0.000000e+00 0.000000e+00))
2.36         	((-1.187878e+01 4.812697e+01 -1.989408e-16) (-3.250455e+00 -8.234330e+00 1.839715e-16) (0.000000e+00 0.000000e+00 0.000000e+00)) ((-1.203174e+01 -2.969694e+00 -2.898798e+00) (2.058583e+00 -8.126137e-01 1.561326e+00) (0.000000e+00 0.000000e+00 0.000000e+00))
2.4          	((-1.154367e+01 4.700711e+01 -1.984573e-16) (-3.232860e+00 -8.260311e+00 1.850192e-16) (0.000000e+00 0.000000e+00 0.000000e+00)) ((-1.175178e+01 -2.885917e+00 -2.557658e+00) (2.065078e+00 -8.082150e-01 1.605656e+00) (0.000000e+00 0.000000e+00 0.000000e+00))
2.44         	((-1.108953e+01 4.573996e+01 -1.969669e-16) (-3.198321e+00 -8.299103e+00 1.845587e-16) (0.000000e+00 0.000000e+00 0.000000e+00)) ((-1.143499e+01 -2.772383e+00 -2.466386e+00) (2.074776e+00 -7.995803e-01 1.630647e+00) (0.000000e+00 0.000000e+00 0.000000e+00))
2.48         	((-1.065447e+01 4.467102e+01 -1.950392e-16) (-3.168779e+00 -8.357331e+00 1.837011e-16) (0.000000e+00 0.000000e+00 0.000000e+00)) ((-1.116775e+01 -2.663619e+00 -2.466718e+00) (2.089333e+00 -7.921947e-01 1.638680e+00) (0.000000e+00 0.000000e+00 0.000000e+00))
2.52         	((-1.030278e+01 4.382753e+01 -1.932519e-16) (-3.153374e+00 -8.408692e+00 1.832432e-16) (0.000000e+00 0.000000e+00 0.000000e+00)) ((-1.095688e+01 -2.575695e+00 -2.411884e+00) (2.102173e+00 -7.883436e-01 1.649519e+00) (0.000000e+00 0.000000e+00 0.000000e+00))
2.56         	((-1.007177e+01 4.316028e+01 -1.915954e-16) (-3.149143e+00 -8.453323e+00 1.830769e-16) (0.000000e+00 0.000000e+00 0.000000e+00)) ((-1.079007e+01 -2.517942e+00 -2.338581e+00) (2.113331e+00 -7.872859e-01 1.664722e+00) (0.000000e+00 0.000000e+00 0.000000e+00))
2.6          	((-1.001999e+01 4.270859e+01 -1.902252e-16) (-3.149767e+00 -8.491925e+00 1.830502e-16) (0.000000e+00 0.000000e+00 0.000000e+00)) ((-1.067715e+01 -2.504997e+00 -2.313230e+00) (2.122981e+00 -7.874418e-01 1.676831e+00) (0.000000e+00 0.000000e+00 0.000000e+00))
2.64         	((-1.009105e+01 4.238422e+01 -1.894189e-16) (-3.148973e+00 -8.519267e+00 1.831936e-16) (0.000000e+00 0.000000e+00 0.000000e+00)) ((-1.059605e+01 -2.522764e+00 -2.327542e+00) (2.129817e+00 -7.872434e-01 1.686217e+00) (0.000000e+00 0.000000e+00 0.000000e+00))
2.68         	((-1.017981e+01 4.204989e+01 -1.892050e-16) (-3.143116e+00 -8.540811e+00 1.835165e-16) (0.000000e+00 0.000000e+00 0.000000e+00)) ((-1.051247e+01 -2.544953e+00 -2.360361e+00) (2.135203e+00 -7.857790e-01 1.694898e+00) (0.000000e+00 0.000000e+00 0.000000e+00))
2.72         	((-1.025519e+01 4.173319e+01 -1.892037e-16) (-3.134337e+00 -8.561639e+00 1.838608e-16) (0.000000e+00 0.000000e+00 0.000000e+00)) ((-1.043330e+01 -2.563797e+00 -2.416083e+00) (2.140410e+00 -7.835842e-01 1.702081e+00) (0.000000e+00 0.000000e+00 0.000000e+00))
2.76         	((-1.036096e+01 4.150557e+01 -1.890788e-16) (-3.126610e+00 -8.578860e+00 1.840630e-16) (0.000000e+00 0.000000e+00 0.000000e+00)) ((-1.037639e+01 -2.590241e+00 -2.502647e+00) (2.144715e+00 -7.816526e-01 1.704644e+00) (0.000000e+00 0.000000e+00 0.000000e+00))
2.8          	((-1.046843e+01 4.133299e+01 -1.888860e-16) (-3.120589e+00 -8.589002e+00 1.841054e-16) (0.000000e+00 0.000000e+00 0.000000e+00)) ((-1.033325e+01 -2.617107e+00 -2.595394e+00) (2.147250e+00 -7.801474e-01 1.704006e+00) (0.000000e+00 0.000000e+00 0.000000e+00))
2.84         	((-1.056284e+01 4.115337e+01 -1.889519e-16) (-3.113840e+00 -8.594293e+00 1.842384e-16) (0.000000e+00 0.000000e+00 0.000000e+00)) ((-1.028834e+01 -2.640709e+00 -2.676210e+00) (2.148573e+00 -7.784601e-01 1.704017e+00) (0.000000e+00 0.000000e+00 0.000000e+00))
2.88         	((-1.064292e+01 4.098089e+01 -1.893144e-16) (-3.105483e+00 -8.599000e+00 1.845111e-16) (0.000000e+00 0.000000e+00 0.000000e+00)) ((-1.024522e+01 -2.660730e+00 -2.757820e+00) (2.149750e+00 -7.763708e-01 1.704926e+00) (0.000000e+00 0.000000e+00 0.000000e+00))
2.92         	((-1.073607e+01 4.084167e+01 -1.897400e-16) (-3.096807e+00 -8.602362e+00 1.847594e-16) (0.000000e+00 0.000000e+00 0.000000e+00)) ((-1.021042e+01 -2.684018e+00 -2.857555e+00) (2.150590e+00 -7.742018e-01 1.704374e+00) (0.000000e+00 0.000000e+00 0.000000e+00))
2.96         	((-1.084387e+01 4.073488e+01 -1.900204e-16) (-3.088850e+00 -8.602980e+00 1.848571e-16) (0.000000e+00 0.000000e+00 0.000000e+00)) ((-1.018372e+01 -2.710967e+00 -2.968642e+00) (2.150745e+00 -7.722125e-01 1.701252e+00) (0.000000e+00 0.000000e+00 0.000000e+00))
3            	((-1.094894e+01 4.064417e+01 -1.902637e-16) (-3.081226e+00 -8.601448e+00 1.849003e-16) (0.000000e+00 0.000000e+00 0.000000e+00)) ((-1.016104e+01 -2.737235e+00 -3.076707e+00) (2.150362e+00 -7.703065e-01 1.697203e+00) (0.000000e+00 0.000000e+00 0.000000e+00))
3.04         	((-1.104870e+01 4.057471e+01 -1.906487e-16) (-3.073394e+00 -8.600370e+00 1.850124e-16) (0.000000e+00 0.000000e+00 0.000000e+00)) ((-1.014368e+01 -2.762175e+00 -3.176029e+00) (2.150092e+00 -7.683486e-01 1.693727e+00) (0.000000e+00 0.000000e+00 0.000000e+00))
3.08         	((-1.115109e+01 4.051714e+01 -1.911531e-16) (-3.064752e+00 -8.598080e+00 1.851510e-16) (0.000000e+00 0.000000e+00 0.000000e+00)) ((-1.012928e+01 -2.787774e+00 -3.274827e+00) (2.149520e+00 -7.661881e-01 1.690180e+00) (0.000000e+00 0.000000e+00 0.000000e+00))
3.12         	((-1.126465e+01 4.046158e+01 -1.916308e-16) (-3.056593e+00 -8.593429e+00 1.852369e-16) (0.000000e+00 0.000000e+00 0.000000e+00)) ((-1.011540e+01 -2.816162e+00 -3.378382e+00) (2.148357e+00 -7.641483e-01 1.686223e+00) (0.000000e+00 0.000000e+00 0.000000e+00))
3.16         	((-1.137987e+01 4.041723e+01 -1.920601e-16) (-3.047939e+00 -8.586680e+00 1.852710e-16) (0.000000e+00 0.000000e+00 0.000000e+00)) ((-1.010431e+01 -2.844967e+00 -3.478392e+00) (2.146670e+00 -7.619846e-01 1.682532e+00) (0.000000e+00 0.000000e+00 0.000000e+00))
3.2          	((-1.149198e+01 4.038640e+01 -1.925422e-16) (-3.039370e+00 -8.580128e+00 1.853398e-16) (0.000000e+00 0.000000e+00 0.000000e+00)) ((-1.009660e+01 -2.872995e+00 -3.568924e+00) (2.145032e+00 -7.598424e-01 1.679778e+00) (0.000000e+00 0.000000e+00 0.000000e+00))
3.24         	((-1.159660e+01 4.037185e+01 -1.930933e-16) (-3.030914e+00 -8.571946e+00 1.854390e-16) (0.000000e+00 0.000000e+00 0.000000e+00)) ((-1.009296e+01 -2.899151e+00 -3.654880e+00) (2.142987e+00 -7.577285e-01 1.677628e+00) (0.000000e+00 0.000000e+00 0.000000e+00))
3.28         	((-1.169806e+01 4.036834e+01 -1.936555e-16) (-3.022778e+00 -8.561988e+00 1.855272e-16) (0.000000e+00 0.000000e+00 0.000000e+00)) ((-1.009208e+01 -2.924515e+00 -3.741020e+00) (2.140497e+00 -7.556945e-01 1.675893e+00) (0.000000e+00 0.000000e+00 0.000000e+00))
3.32         	((-1.181304e+01 4.038173e+01 -1.942093e-16) (-3.015654e+00 -8.550317e+00 1.855908e-16) (0.000000e+00 0.000000e+00 0.000000e+00)) ((-1.009543e+01 -2.953259e+00 -3.825853e+00) (2.137579e+00 -7.539135e-01 1.674415e+00) (0.000000e+00 0.000000e+00 0.000000e+00))
3.36         	((-1.191787e+01 4.041680e+01 -1.947761e-16) (-3.008874e+00 -8.538784e+00 1.856651e-16) (0.000000e+00 0.000000e+00 0.000000e+00)) ((-1.010420e+01 -2.979468e+00 -3.908460e+00) (2.134696e+00 -7.522184e-01 1.673271e+00) (0.000000e+00 0.000000e+00 0.000000e+00))
3.4          	((-1.202025e+01 4.046344e+01 -1.953886e-16) (-3.002344e+00 -8.527142e+00 1.857684e-16) (0.000000e+00 0.000000e+00 0.000000e+00)) ((-1.011586e+01 -3.005063e+00 -3.989167e+00) (2.131786e+00 -7.505860e-01 1.672706e+00) (0.000000e+00 0.000000e+00 0.000000e+00))
3.44         	((-1.212860e+01 4.049740e+01 -1.960122e-16) (-2.997525e+00 -8.515034e+00 1.858852e-16) (0.000000e+00 0.000000e+00 0.000000e+00)) ((-1.012435e+01 -3.032151e+00 -4.066086e+00) (2.128759e+00 -7.493813e-01 1.672000e+00) (0.000000e+00 0.000000e+00 0.000000e+00))
3.48         	((-1.224131e+01 4.056096e+01 -1.966253e-16) (-2.994791e+00 -8.502566e+00 1.859942e-16) (0.000000e+00 0.000000e+00 0.000000e+00)) ((-1.014024e+01 -3.060327e+00 -4.135436e+00) (2.125641e+00 -7.486978e-01 1.671428e+00) (0.000000e+00 0.000000e+00 0.000000e+00))
3.52         	((-1.235581e+01 4.061462e+01 -1.972127e-16) (-2.992865e+00 -8.487610e+00 1.860876e-16) (0.000000e+00 0.000000e+00 0.000000e+00)) ((-1.015366e+01 -3.088953e+00 -4.190767e+00) (2.121903e+00 -7.482162e-01 1.670659e+00) (0.000000e+00 0.000000e+00 0.000000e+00))
3.56         	((-1.247566e+01 4.065174e+01 -1.978645e-16) (-2.994451e+00 -8.474126e+00 1.862562e-16) (0.000000e+00 0.000000e+00 0.000000e+00)) ((-1.016293e+01 -3.118916e+00 -4.219345e+00) (2.118532e+00 -7.486128e-01 1.672488e+00) (0.000000e+00 0.000000e+00 0.000000e+00))
3.6          	((-1.260974e+01 4.068453e+01 -1.985219e-16) (-2.999306e+00 -8.459771e+00 1.864478e-16) (0.000000e+00 0.000000e+00 0.000000e+00)) ((-1.017113e+01 -3.152434e+00 -4.229612e+00) (2.114943e+00 -7.498265e-01 1.676259e+00) (0.000000e+00 0.000000e+00 0.000000e+00))
3.64         	((-1.274162e+01 4.073437e+01 -1.990882e-16) (-3.005963e+00 -8.445662e+00 1.865850e-16) (0.000000e+00 0.000000e+00 0.000000e+00)) ((-1.018359e+01 -3.185405e+00 -4.230116e+00) (2.111415e+00 -7.514907e-01 1.680668e+00) (0.000000e+00 0.000000e+00 0.000000e+00))
3.68         	((-1.286152e+01 4.078836e+01 -1.996139e-16) (-3.013603e+00 -8.432969e+00 1.867135e-16) (0.000000e+00 0.000000e+00 0.000000e+00)) ((-1.019709e+01 -3.215381e+00 -4.217301e+00) (2.108242e+00 -7.534007e-01 1.685781e+00) (0.000000e+00 0.000000e+00 0.000000e+00))
3.72         	((-1.296738e+01 4.082623e+01 -2.001348e-16) (-3.023048e+00 -8.420675e+00 1.868731e-16) (0.000000e+00 0.000000e+00 0.000000e+00)) ((-1.020656e+01 -3.241845e+00 -4.185405e+00) (2.105169e+00 -7.557620e-01 1.692204e+00) (0.000000e+00 0.000000e+00 0.000000e+00))
3.76         	((-1.306876e+01 4.084428e+01 -2.006014e-16) (-3.035647e+00 -8.407306e+00 1.870273e-16) (0.000000e+00 0.000000e+00 0.000000e+00)) ((-1.021107e+01 -3.267191e+00 -4.132771e+00) (2.101826e+00 -7.589118e-01 1.699865e+00) (0.000000e+00 0.000000e+00 0.000000e+00))
3.8          	((-1.316569e+01 4.084724e+01 -2.009649e-16) (-3.051669e+00 -8.392970e+00 1.871293e-16) (0.000000e+00 0.000000e+00 0.000000e+00)) ((-1.021181e+01 -3.291422e+00 -4.058236e+00) (2.098242e+00 -7.629172e-01 1.708613e+00) (0.000000e+00 0.000000e+00 0.000000e+00))
3.84         	((-1.325440e+01 4.082759e+01 -2.012473e-16) (-3.070619e+00 -8.379445e+00 1.872128e-16) (0.000000e+00 0.000000e+00 0.000000e+00)) ((-1.020690e+01 -3.313599e+00 -3.959139e+00) (2.094861e+00 -7.676547e-01 1.718833e+00) (0.000000e+00 0.000000e+00 0.000000e+00))
3.88         	((-1.332264e+01 4.078379e+01 -2.014948e-16) (-3.091026e+00 -8.367706e+00 1.873145e-16) (0.000000e+00 0.000000e+00 0.000000e+00)) ((-1.019595e+01 -3.330660e+00 -3.840399e+00) (2.091926e+00 -7.727566e-01 1.730800e+00) (0.000000e+00 0.000000e+00 0.000000e+00))
3.92         	((-1.338698e+01 4.072478e+01 -2.017062e-16) (-3.112394e+00 -8.357142e+00 1.874215e-16) (0.000000e+00 0.000000e+00 0.000000e+00)) ((-1.018120e+01 -3.346746e+00 -3.709297e+00) (2.089285e+00 -7.780985e-01 1.744002e+00) (0.000000e+00 0.000000e+00 0.000000e+00))
3.96         	((-1.343664e+01 4.063607e+01 -2.018344e-16) (-3.134563e+00 -8.346875e+00 1.875023e-16) (0.000000e+00 0.000000e+00 0.000000e+00)) ((-1.015902e+01 -3.359160e+00 -3.570112e+00) (2.086719e+00 -7.836406e-01 1.757659e+00) (0.000000e+00 0.000000e+00 0.000000e+00))
4            	((-1.346769e+01 4.052482e+01 -2.018756e-16) (-3.157310e+00 -8.335600e+00 1.875355e-16) (0.000000e+00 0.000000e+00 0.000000e+00)) ((-1.013120e+01 -3.366923e+00 -3.421275e+00) (2.083900e+00 -7.893276e-01 1.771760e+00) (0.000000e+00 0.000000e+00 0.000000e+00))
4.04         	((-1.348680e+01 4.038475e+01 -2.018788e-16) (-3.179709e+00 -8.324035e+00 1.875599e-16) (0.000000e+00 0.000000e+00 0.000000e+00)) ((-1.009619e+01 -3.371699e+00 -3.264093e+00) (2.081009e+00 -7.949271e-01 1.786614e+00) (0.000000e+00 0.000000e+00 0.000000e+00))
4.08         	((-1.351133e+01 4.020132e+01 -2.018752e-16) (-3.200658e+00 -8.313336e+00 1.876057e-16) (0.000000e+00 0.000000e+00 0.000000e+00)) ((-1.005033e+01 -3.377833e+00 -3.105977e+00) (2.078334e+00 -8.001645e-01 1.801888e+00) (0.000000e+00 0.000000e+00 0.000000e+00))
4.12         	((-1.353290e+01 3.996889e+01 -2.018417e-16) (-3.220129e+00 -8.303337e+00 1.876368e-16) (0.000000e+00 0.000000e+00 0.000000e+00)) ((-9.992222e+00 -3.383224e+00 -2.955878e+00) (2.075834e+00 -8.050323e-01 1.816468e+00) (0.000000e+00 0.000000e+00 0.000000e+00))
4.16         	((-1.352962e+01 3.970833e+01 -2.017362e-16) (-3.236870e+00 -8.293556e+00 1.876181e-16) (0.000000e+00 0.000000e+00 0.000000e+00)) ((-9.927083e+00 -3.382404e+00 -2.821875e+00) (2.073389e+00 -8.092175e-01 1.829825e+00) (0.000000e+00 0.000000e+00 0.000000e+00))
4.2          	((-1.351835e+01 3.942337e+01 -2.015502e-16) (-3.250623e+00 -8.285184e+00 1.875449e-16) (0.000000e+00 0.000000e+00 0.000000e+00)) ((-9.855843e+00 -3.379589e+00 -2.701879e+00) (2.071296e+00 -8.126558e-01 1.841500e+00) (0.000000e+00 0.000000e+00 0.000000e+00))
4.24         	((-1.350625e+01 3.914811e+01 -2.013613e-16) (-3.261343e+00 -8.280481e+00 1.875052e-16) (0.000000e+00 0.000000e+00 0.000000e+00)) ((-9.787028e+00 -3.376563e+00 -2.601886e+00) (2.070120e+00 -8.153357e-01 1.852131e+00) (0.000000e+00 0.000000e+00 0.000000e+00))
4.28         	((-1.348407e+01 3.889514e+01 -2.012284e-16) (-3.267461e+00 -8.278455e+00 1.874984e-16) (0.000000e+00 0.000000e+00 0.000000e+00)) ((-9.723786e+00 -3.371016e+00 -2.524485e+00) (2.069614e+00 -8.168652e-01 1.861929e+00) (0.000000e+00 0.000000e+00 0.000000e+00))
4.32         	((-1.344929e+01 3.867341e+01 -2.011594e-16) (-3.269217e+00 -8.278056e+00 1.874938e-16) (0.000000e+00 0.000000e+00 0.000000e+00)) ((-9.668352e+00 -3.362322e+00 -2.477456e+00) (2.069514e+00 -8.173043e-01 1.869663e+00) (0.000000e+00 0.000000e+00 0.000000e+00))
4.36         	((-1.340944e+01 3.848148e+01 -2.011489e-16) (-3.267749e+00 -8.279585e+00 1.874781e-16) (0.000000e+00 0.000000e+00 0.000000e+00)) ((-9.620370e+00 -3.352359e+00 -2.461219e+00) (2.069896e+00 -8.169372e-01 1.874682e+00) (0.000000e+00 0.000000e+00 0.000000e+00))
4.4          	((-1.336230e+01 3.834421e+01 -2.012159e-16) (-3.262774e+00 -8.282961e+00 1.874849e-16) (0.000000e+00 0.000000e+00 0.000000e+00)) ((-9.586052e+00 -3.340576e+00 -2.463289e+00) (2.070740e+00 -8.156935e-01 1.878508e+00) (0.000000e+00 0.000000e+00 0.000000e+00))
4.44         	((-1.331085e+01 3.825847e+01 -2.013591e-16) (-3.254758e+00 -8.288807e+00 1.875303e-16) (0.000000e+00 0.000000e+00 0.000000e+00)) ((-9.564617e+00 -3.327713e+00 -2.481812e+00) (2.072202e+00 -8.136894e-01 1.881474e+00) (0.000000e+00 0.000000e+00 0.000000e+00))
4.48         	((-1.325491e+01 3.822321e+01 -2.015163e-16) (-3.244165e+00 -8.296633e+00 1.875711e-16) (0.000000e+00 0.000000e+00 0.000000e+00)) ((-9.555802e+00 -3.313727e+00 -2.521016e+00) (2.074158e+00 -8.110412e-01 1.882785e+00) (0.000000e+00 0.000000e+00 0.000000e+00))
4.52         	((-1.319768e+01 3.824466e+01 -2.016933e-16) (-3.230988e+00 -8.306294e+00 1.876015e-16) (0.000000e+00 0.000000e+00 0.000000e+00)) ((-9.561164e+00 -3.299420e+00 -2.579089e+00) (2.076573e+00 -8.077469e-01 1.882098e+00) (0.000000e+00 0.000000e+00 0.000000e+00))
4.56         	((-1.313774e+01 3.831427e+01 -2.019543e-16) (-3.216574e+00 -8.315584e+00 1.876690e-16) (0.000000e+00 0.000000e+00 0.000000e+00)) ((-9.578568e+00 -3.284435e+00 -2.648723e+00) (2.078896e+00 -8.041436e-01 1.880711e+00) (0.000000e+00 0.000000e+00 0.000000e+00))
4.6          	((-1.308337e+01 3.843000e+01 -2.023277e-16) (-3.203066e+00 -8.323371e+00 1.877667e-16) (0.000000e+00 0.000000e+00 0.000000e+00)) ((-9.607499e+00 -3.270842e+00 -2.727414e+00) (2.080843e+00 -8.007666e-01 1.878573e+00) (0.000000e+00 0.000000e+00 0.000000e+00))
4.64         	((-1.302550e+01 3.858935e+01 -2.028024e-16) (-3.190986e+00 -8.327573e+00 1.878649e-16) (0.000000e+00 0.000000e+00 0.000000e+00)) ((-9.647338e+00 -3.256376e+00 -2.809759e+00) (2.081893e+00 -7.977465e-01 1.876179e+00) (0.000000e+00 0.000000e+00 0.000000e+00))
4.68         	((-1.297226e+01 3.878400e+01 -2.033760e-16) (-3.180263e+00 -8.326448e+00 1.879693e-16) (0.000000e+00 0.000000e+00 0.000000e+00)) ((-9.696000e+00 -3.243065e+00 -2.890967e+00) (2.081612e+00 -7.950656e-01 1.874463e+00) (0.000000e+00 0.000000e+00 0.000000e+00))
4.72         	((-1.292693e+01 3.901110e+01 -2.040155e-16) (-3.171111e+00 -8.320681e+00 1.880798e-16) (0.000000e+00 0.000000e+00 0.000000e+00)) ((-9.752776e+00 -3.231732e+00 -2.966966e+00) (2.080170e+00 -7.927777e-01 1.873577e+00) (0.000000e+00 0.000000e+00 0.000000e+00))
4.76         	((-1.289062e+01 3.925708e+01 -2.046794e-16) (-3.164493e+00 -8.310694e+00 1.881880e-16) (0.000000e+00 0.000000e+00 0.000000e+00)) ((-9.814271e+00 -3.222654e+00 -3.035882e+00) (2.077674e+00 -7.911232e-01 1.873137e+00) (0.000000e+00 0.000000e+00 0.000000e+00))
4.8          	((-1.285183e+01 3.951427e+01 -2.053394e-16) (-3.160256e+00 -8.297520e+00 1.882828e-16) (0.000000e+00 0.000000e+00 0.000000e+00)) ((-9.878566e+00 -3.212958e+00 -3.097966e+00) (2.074380e+00 -7.900640e-01 1.873183e+00) (0.000000e+00 0.000000e+00 0.000000e+00))
4.84         	((-1.280733e+01 3.983331e+01 -2.059906e-16) (-3.156901e+00 -8.281127e+00 1.883665e-16) (0.000000e+00 0.000000e+00 0.000000e+00)) ((-9.958328e+00 -3.201832e+00 -3.149802e+00) (2.070282e+00 -7.892252e-01 1.874026e+00) (0.000000e+00 0.000000e+00 0.000000e+00))
4.88         	((-1.276073e+01 4.016685e+01 -2.066117e-16) (-3.154542e+00 -8.263588e+00 1.884356e-16) (0.000000e+00 0.000000e+00 0.000000e+00)) ((-1.004171e+01 -3.190182e+00 -3.195798e+00) (2.065897e+00 -7.886356e-01 1.875205e+00) (0.000000e+00 0.000000e+00 0.000000e+00))
4.92         	((-1.271548e+01 4.047733e+01 -2.071907e-16) (-3.155505e+00 -8.246967e+00 1.884935e-16) (0.000000e+00 0.000000e+00 0.000000e+00)) ((-1.011933e+01 -3.178870e+00 -3.239347e+00) (2.061742e+00 -7.888762e-01 1.875463e+00) (0.000000e+00 0.000000e+00 0.000000e+00))
4.96         	((-1.267683e+01 4.077656e+01 -2.077079e-16) (-3.158788e+00 -8.230187e+00 1.885374e-16) (0.000000e+00 0.000000e+00 0.000000e+00)) ((-1.019414e+01 -3.169208e+00 -3.269245e+00) (2.057547e+00 -7.896971e-01 1.876391e+00) (0.000000e+00 0.000000e+00 0.000000e+00))
5            	((-1.265542e+01 4.104298e+01 -2.081803e-16) (-3.164457e+00 -8.212874e+00 1.885688e-16) (0.000000e+00 0.000000e+00 0.000000e+00)) ((-1.026075e+01 -3.163855e+00 -3.277246e+00) (2.053219e+00 -7.911141e-01 1.878256e+00) (0.000000e+00 0.000000e+00 0.000000e+00))
5.04         	((-1.263684e+01 4.128445e+01 -2.086143e-16) (-3.171697e+00 -8.195308e+00 1.885780e-16) (0.000000e+00 0.000000e+00 0.000000e+00)) ((-1.032111e+01 -3.159211e+00 -3.267198e+00) (2.048827e+00 -7.929242e-01 1.881464e+00) (0.000000e+00 0.000000e+00 0.000000e+00))
5.08         	((-1.261824e+01 4.150303e+01 -2.090022e-16) (-3.179670e+00 -8.179554e+00 1.885548e-16) (0.000000e+00 0.000000e+00 0.000000e+00)) ((-1.037576e+01 -3.154560e+00 -3.247220e+00) (2.044889e+00 -7.949176e-01 1.885417e+00) (0.000000e+00 0.000000e+00 0.000000e+00))
5.12         	((-1.260348e+01 4.170383e+01 -2.093288e-16) (-3.188572e+00 -8.165208e+00 1.885026e-16) (0.000000e+00 0.000000e+00 0.000000e+00)) ((-1.042596e+01 -3.150869e+00 -3.216281e+00) (2.041302e+00 -7.971429e-01 1.889898e+00) (0.000000e+00 0.000000e+00 0.000000e+00))
5.16         	((-1.257826e+01 4.188023e+01 -2.095613e-16) (-3.198897e+00 -8.151617e+00 1.884055e-16) (0.000000e+00 0.000000e+00 0.000000e+00)) ((-1.047006e+01 -3.144565e+00 -3.174361e+00) (2.037904e+00 -7.997241e-01 1.894687e+00) (0.000000e+00 0.000000e+00 0.000000e+00))
5.2          	((-1.255563e+01 4.201940e+01 -2.097149e-16) (-3.210904e+00 -8.138411e+00 1.882860e-16) (0.000000e+00 0.000000e+00 0.000000e+00)) ((-1.050485e+01 -3.138907e+00 -3.120497e+00) (2.034603e+00 -8.027260e-01 1.900049e+00) (0.000000e+00 0.000000e+00 0.000000e+00))
5.24         	((-1.253901e+01 4.212602e+01 -2.098069e-16) (-3.224032e+00 -8.127080e+00 1.881586e-16) (0.000000e+00 0.000000e+00 0.000000e+00)) ((-1.053151e+01 -3.134753e+00 -3.053185e+00) (2.031770e+00 -8.060081e-01 1.906173e+00) (0.000000e+00 0.000000e+00 0.000000e+00))
5.28         	((-1.252098e+01 4.221689e+01 -2.098800e-16) (-3.237609e+00 -8.117805e+00 1.880452e-16) (0.000000e+00 0.000000e+00 0.000000e+00)) ((-1.055422e+01 -3.130245e+00 -2.974809e+00) (2.029451e+00 -8.094023e-01 1.913197e+00) (0.000000e+00 0.000000e+00 0.000000e+00))
5.32         	((-1.250197e+01 4.228406e+01 -2.099268e-16) (-3.251156e+00 -8.109210e+00 1.879346e-16) (0.000000e+00 0.000000e+00 0.000000e+00)) ((-1.057102e+01 -3.125493e+00 -2.887128e+00) (2.027302e+00 -8.127891e-01 1.921020e+00) (0.000000e+00 0.000000e+00 0.000000e+00))
5.36         	((-1.248608e+01 4.232240e+01 -2.099425e-16) (-3.264624e+00 -8.100485e+00 1.878182e-16) (0.000000e+00 0.000000e+00 0.000000e+00)) ((-1.058060e+01 -3.121520e+00 -2.793555e+00) (2.025121e+00 -8.161561e-01 1.929140e+00) (0.000000e+00 0.000000e+00 0.000000e+00))
5.4          	((-1.247583e+01 4.232057e+01 -2.099197e-16) (-3.278403e+00 -8.091457e+00 1.876804e-16) (0.000000e+00 0.000000e+00 0.000000e+00)) ((-1.058014e+01 -3.118958e+00 -2.697472e+00) (2.022864e+00 -8.196008e-01 1.937255e+00) (0.000000e+00 0.000000e+00 0.000000e+00))
5.44         	((-1.246796e+01 4.229222e+01 -2.098666e-16) (-3.292786e+00 -8.081567e+00 1.875339e-16) (0.000000e+00 0.000000e+00 0.000000e+00)) ((-1.057306e+01 -3.116991e+00 -2.595453e+00) (2.020392e+00 -8.231965e-01 1.945618e+00) (0.000000e+00 0.000000e+00 0.000000e+00))
5.48         	((-1.246522e+01 4.222960e+01 -2.097921e-16) (-3.307368e+00 -8.070105e+00 1.873785e-16) (0.000000e+00 0.000000e+00 0.000000e+00)) ((-1.055740e+01 -3.116305e+00 -2.488441e+00) (2.017526e+00 -8.268421e-01 1.954194e+00) (0.000000e+00 0.000000e+00 0.000000e+00))
5.52         	((-1.247713e+01 4.214347e+01 -2.096649e-16) (-3.322305e+00 -8.058348e+00 1.871881e-16) (0.000000e+00 0.000000e+00 0.000000e+00)) ((-1.053587e+01 -3.119282e+00 -2.383009e+00) (2.014587e+00 -8.305761e-01 1.962547e+00) (0.000000e+00 0.000000e+00 0.000000e+00))
5.56         	((-1.248012e+01 4.203703e+01 -2.095178e-16) (-3.336427e+00 -8.047661e+00 1.870040e-16) (0.000000e+00 0.000000e+00 0.000000e+00)) ((-1.050926e+01 -3.120031e+00 -2.281287e+00) (2.011915e+00 -8.341067e-01 1.970849e+00) (0.000000e+00 0.000000e+00 0.000000e+00))
5.6          	((-1.248111e+01 4.191312e+01 -2.094089e-16) (-3.350197e+00 -8.040300e+00 1.868787e-16) (0.000000e+00 0.000000e+00 0.000000e+00)) ((-1.047828e+01 -3.120278e+00 -2.184204e+00) (2.010075e+00 -8.375492e-01 1.978954e+00) (0.000000e+00 0.000000e+00 0.000000e+00))
5.64         	((-1.248712e+01 4.178646e+01 -2.093333e-16) (-3.363987e+00 -8.032928e+00 1.867829e-16) (0.000000e+00 0.000000e+00 0.000000e+00)) ((-1.044662e+01 -3.121779e+00 -2.092470e+00) (2.008232e+00 -8.409969e-01 1.986769e+00) (0.000000e+00 0.000000e+00 0.000000e+00))
5.68         	((-1.250408e+01 4.163945e+01 -2.092720e-16) (-3.377206e+00 -8.024258e+00 1.866877e-16) (0.000000e+00 0.000000e+00 0.000000e+00)) ((-1.040986e+01 -3.126021e+00 -2.005261e+00) (2.006065e+00 -8.443015e-01 1.994086e+00) (0.000000e+00 0.000000e+00 0.000000e+00))
5.72         	((-1.252055e+01 4.148619e+01 -2.092254e-16) (-3.389490e+00 -8.015450e+00 1.865867e-16) (0.000000e+00 0.000000e+00 0.000000e+00)) ((-1.037155e+01 -3.130137e+00 -1.921497e+00) (2.003862e+00 -8.473725e-01 2.000662e+00) (0.000000e+00 0.000000e+00 0.000000e+00))
5.76         	((-1.255046e+01 4.130980e+01 -2.092045e-16) (-3.400523e+00 -8.007748e+00 1.865199e-16) (0.000000e+00 0.000000e+00 0.000000e+00)) ((-1.032745e+01 -3.137614e+00 -1.847424e+00) (2.001937e+00 -8.501308e-01 2.006711e+00) (0.000000e+00 0.000000e+00 0.000000e+00))
5.8          	((-1.259108e+01 4.111243e+01 -2.091974e-16) (-3.410999e+00 -8.001599e+00 1.864677e-16) (0.000000e+00 0.000000e+00 0.000000e+00)) ((-1.027811e+01 -3.147769e+00 -1.785436e+00) (2.000400e+00 -8.527496e-01 2.011384e+00) (0.000000e+00 0.000000e+00 0.000000e+00))
5.84         	((-1.261815e+01 4.091117e+01 -2.091644e-16) (-3.418432e+00 -7.994284e+00 1.863742e-16) (0.000000e+00 0.000000e+00 0.000000e+00)) ((-1.022779e+01 -3.154538e+00 -1.737141e+00) (1.998571e+00 -8.546081e-01 2.013066e+00) (0.000000e+00 0.000000e+00 0.000000e+00))
5.88         	((-1.263719e+01 4.070293e+01 -2.091932e-16) (-3.424030e+00 -7.989835e+00 1.863436e-16) (0.000000e+00 0.000000e+00 0.000000e+00)) ((-1.017573e+01 -3.159298e+00 -1.690981e+00) (1.997459e+00 -8.560076e-01 2.016302e+00) (0.000000e+00 0.000000e+00 0.000000e+00))
5.92         	((-1.267137e+01 4.053010e+01 -2.092572e-16) (-3.429089e+00 -7.986133e+00 1.863333e-16) (0.000000e+00 0.000000e+00 0.000000e+00)) ((-1.013252e+01 -3.167843e+00 -1.657437e+00) (1.996533e+00 -8.572723e-01 2.019401e+00) (0.000000e+00 0.000000e+00 0.000000e+00))
5.96         	((-1.271349e+01 4.037891e+01 -2.093034e-16) (-3.432838e+00 -7.983890e+00 1.863042e-16) (0.000000e+00 0.000000e+00 0.000000e+00)) ((-1.009473e+01 -3.178372e+00 -1.641155e+00) (1.995972e+00 -8.582096e-01 2.021067e+00) (0.000000e+00 0.000000e+00 0.000000e+00))
6            	((-1.275124e+01 4.024127e+01 -2.093865e-16) (-3.434989e+00 -7.982846e+00 1.862945e-16) (0.000000e+00 0.000000e+00 0.000000e+00)) ((-1.006032e+01 -3.187811e+00 -1.634950e+00) (1.995712e+00 -8.587473e-01 2.021793e+00) (0.000000e+00 0.000000e+00 0.000000e+00))
6.04         	((-1.278344e+01 4.012399e+01 -2.095278e-16) (-3.435650e+00 -7.982242e+00 1.863128e-16) (0.000000e+00 0.000000e+00 0.000000e+00)) ((-1.003100e+01 -3.195861e+00 -1.636183e+00) (1.995560e+00 -8.589125e-01 2.022079e+00) (0.000000e+00 0.000000e+00 0.000000e+00))
6.08         	((-1.281323e+01 4.003744e+01 -2.096881e-16) (-3.435089e+00 -7.982189e+00 1.863273e-16) (0.000000e+00 0.000000e+00 0.000000e+00)) ((-1.000936e+01 -3.203308e+00 -1.647766e+00) (1.995547e+00 -8.587722e-01 2.021699e+00) (0.000000e+00 0.000000e+00 0.000000e+00))
6.12         	((-1.284773e+01 3.997920e+01 -2.098578e-16) (-3.433316e+00 -7.983482e+00 1.863390e-16) (0.000000e+00 0.000000e+00 0.000000e+00)) ((-9.994800e+00 -3.211933e+00 -1.668898e+00) (1.995870e+00 -8.583289e-01 2.020567e+00) (0.000000e+00 0.000000e+00 0.000000e+00))
6.16         	((-1.288128e+01 3.994404e+01 -2.100579e-16) (-3.430039e+00 -7.986115e+00 1.863675e-16) (0.000000e+00 0.000000e+00 0.000000e+00)) ((-9.986011e+00 -3.220319e+00 -1.697852e+00) (1.996529e+00 -8.575098e-01 2.018866e+00) (0.000000e+00 0.000000e+00 0.000000e+00))
6.2          	((-1.291346e+01 3.993105e+01 -2.102893e-16) (-3.425301e+00 -7.989528e+00 1.864110e-16) (0.000000e+00 0.000000e+00 0.000000e+00)) ((-9.982762e+00 -3.228365e+00 -1.735059e+00) (1.997382e+00 -8.563252e-01 2.016594e+00) (0.000000e+00 0.000000e+00 0.000000e+00))
6.24         	((-1.294181e+01 3.994164e+01 -2.105327e-16) (-3.419254e+00 -7.993559e+00 1.864536e-16) (0.000000e+00 0.000000e+00 0.000000e+00)) ((-9.985410e+00 -3.235452e+00 -1.782574e+00) (1.998390e+00 -8.548135e-01 2.013460e+00) (0.000000e+00 0.000000e+00 0.000000e+00))
6.28         	((-1.297010e+01 3.997551e+01 -2.107927e-16) (-3.412286e+00 -7.998149e+00 1.864960e-16) (0.000000e+00 0.000000e+00 0.000000e+00)) ((-9.993878e+00 -3.242526e+00 -1.839560e+00) (1.999537e+00 -8.530715e-01 2.009456e+00) (0.000000e+00 0.000000e+00 0.000000e+00))
6.32         	((-1.299954e+01 4.003667e+01 -2.110895e-16) (-3.404356e+00 -8.002774e+00 1.865521e-16) (0.000000e+00 0.000000e+00 0.000000e+00)) ((-1.000917e+01 -3.249885e+00 -1.902058e+00) (2.000694e+00 -8.510890e-01 2.004984e+00) (0.000000e+00 0.000000e+00 0.000000e+00))
6.36         	((-1.302351e+01 4.011878e+01 -2.114192e-16) (-3.396009e+00 -8.007297e+00 1.866209e-16) (0.000000e+00 0.000000e+00 0.000000e+00)) ((-1.002969e+01 -3.255878e+00 -1.970890e+00) (2.001824e+00 -8.490022e-01 2.000137e+00) (0.000000e+00 0.000000e+00 0.000000e+00))
6.4          	((-1.305053e+01 4.021893e+01 -2.117821e-16) (-3.387043e+00 -8.011381e+00 1.867007e-16) (0.000000e+00 0.000000e+00 0.000000e+00)) ((-1.005473e+01 -3.262632e+00 -2.047109e+00) (2.002845e+00 -8.467607e-01 1.994884e+00) (0.000000e+00 0.000000e+00 0.000000e+00))
6.44         	((-1.308153e+01 4.033462e+01 -2.121739e-16) (-3.377633e+00 -8.014792e+00 1.867886e-16) (0.000000e+00 0.000000e+00 0.000000e+00)) ((-1.008366e+01 -3.270383e+00 -2.128277e+00) (2.003698e+00 -8.444081e-01 1.989197e+00) (0.000000e+00 0.000000e+00 0.000000e+00))
6.48         	((-1.311468e+01 4.046308e+01 -2.125989e-16) (-3.367779e+00 -8.017013e+00 1.868891e-16) (0.000000e+00 0.000000e+00 0.000000e+00)) ((-1.011577e+01 -3.278671e+00 -2.211823e+00) (2.004253e+00 -8.419447e-01 1.983290e+00) (0.000000e+00 0.000000e+00 0.000000e+00))
6.52         	((-1.314208e+01 4.061324e+01 -2.130500e-16) (-3.357763e+00 -8.017880e+00 1.869940e-16) (0.000000e+00 0.000000e+00 0.000000e+00)) ((-1.015331e+01 -3.285520e+00 -2.299825e+00) (2.004470e+00 -8.394408e-01 1.977261e+00) (0.000000e+00 0.000000e+00 0.000000e+00))
6.56         	((-1.316760e+01 4.077397e+01 -2.135277e-16) (-3.347506e+00 -8.016674e+00 1.871053e-16) (0.000000e+00 0.000000e+00 0.000000e+00)) ((-1.019349e+01 -3.291900e+00 -2.390670e+00) (2.004169e+00 -8.368766e-01 1.971294e+00) (0.000000e+00 0.000000e+00 0.000000e+00))
6.6          	((-1.319911e+01 4.094601e+01 -2.140270e-16) (-3.337291e+00 -8.013228e+00 1.872207e-16) (0.000000e+00 0.000000e+00 0.000000e+00)) ((-1.023650e+01 -3.299778e+00 -2.483227e+00) (2.003307e+00 -8.343227e-01 1.965480e+00) (0.000000e+00 0.000000e+00 0.000000e+00))
6.64         	((-1.322371e+01 4.113484e+01 -2.145168e-16) (-3.326915e+00 -8.008707e+00 1.873285e-16) (0.000000e+00 0.000000e+00 0.000000e+00)) ((-1.028371e+01 -3.305927e+00 -2.579978e+00) (2.002177e+00 -8.317288e-01 1.959511e+00) (0.000000e+00 0.000000e+00 0.000000e+00))
6.68         	((-1.325232e+01 4.134643e+01 -2.150361e-16) (-3.316469e+00 -8.003597e+00 1.874524e-16) (0.000000e+00 0.000000e+00 0.000000e+00)) ((-1.033661e+01 -3.313080e+00 -2.683742e+00) (2.000899e+00 -8.291173e-01 1.953378e+00) (0.000000e+00 0.000000e+00 0.000000e+00))
6.72         	((-1.328318e+01 4.157020e+01 -2.155907e-16) (-3.306696e+00 -7.996857e+00 1.875964e-16) (0.000000e+00 0.000000e+00 0.000000e+00)) ((-1.039255e+01 -3.320795e+00 -2.790511e+00) (1.999214e+00 -8.266741e-01 1.947485e+00) (0.000000e+00 0.000000e+00 0.000000e+00))
6.76         	((-1.332039e+01 4.180471e+01 -2.161841e-16) (-3.297661e+00 -7.987947e+00 1.877560e-16) (0.000000e+00 0.000000e+00 0.000000e+00)) ((-1.045118e+01 -3.330098e+00 -2.896272e+00) (1.996987e+00 -8.244152e-01 1.941665e+00) (0.000000e+00 0.000000e+00 0.000000e+00))
6.8          	((-1.336563e+01 4.203586e+01 -2.168153e-16) (-3.289254e+00 -7.977633e+00 1.879331e-16) (0.000000e+00 0.000000e+00 0.000000e+00)) ((-1.050896e+01 -3.341409e+00 -3.004510e+00) (1.994408e+00 -8.223134e-01 1.935966e+00) (0.000000e+00 0.000000e+00 0.000000e+00))
6.84         	((-1.341690e+01 4.225032e+01 -2.174747e-16) (-3.281641e+00 -7.966466e+00 1.881228e-16) (0.000000e+00 0.000000e+00 0.000000e+00)) ((-1.056258e+01 -3.354226e+00 -3.110117e+00) (1.991616e+00 -8.204103e-01 1.930397e+00) (0.000000e+00 0.000000e+00 0.000000e+00))
6.88         	((-1.347337e+01 4.247062e+01 -2.181454e-16) (-3.275796e+00 -7.952615e+00 1.883116e-16) (0.000000e+00 0.000000e+00 0.000000e+00)) ((-1.061765e+01 -3.368341e+00 -3.208419e+00) (1.988154e+00 -8.189490e-01 1.924742e+00) (0.000000e+00 0.000000e+00 0.000000e+00))
6.92         	((-1.355109e+01 4.268314e+01 -2.188344e-16) (-3.270775e+00 -7.937197e+00 1.885090e-16) (0.000000e+00 0.000000e+00 0.000000e+00)) ((-1.067079e+01 -3.387772e+00 -3.299136e+00) (1.984299e+00 -8.176936e-01 1.919451e+00) (0.000000e+00 0.000000e+00 0.000000e+00))
6.96         	((-1.363003e+01 4.288479e+01 -2.195122e-16) (-3.265662e+00 -7.922862e+00 1.887034e-16) (0.000000e+00 0.000000e+00 0.000000e+00)) ((-1.072120e+01 -3.407507e+00 -3.386557e+00) (1.980715e+00 -8.164156e-01 1.914317e+00) (0.000000e+00 0.000000e+00 0.000000e+00))
7            	((-1.369629e+01 4.308771e+01 -2.201715e-16) (-3.262173e+00 -7.910185e+00 1.888934e-16) (0.000000e+00 0.000000e+00 0.000000e+00)) ((-1.077193e+01 -3.424073e+00 -3.474410e+00) (1.977546e+00 -8.155431e-01 1.909191e+00) (0.000000e+00 0.000000e+00 0.000000e+00))
7.04         	((-1.376842e+01 4.328656e+01 -2.208259e-16) (-3.260585e+00 -7.896870e+00 1.890964e-16) (0.000000e+00 0.000000e+00 0.000000e+00)) ((-1.082164e+01 -3.442105e+00 -3.547263e+00) (1.974218e+00 -8.151463e-01 1.905103e+00) (0.000000e+00 0.000000e+00 0.000000e+00))
7.08         	((-1.384604e+01 4.346281e+01 -2.214409e-16) (-3.259776e+00 -7.883163e+00 1.892823e-16) (0.000000e+00 0.000000e+00 0.000000e+00)) ((-1.086570e+01 -3.461510e+00 -3.605212e+00) (1.970791e+00 -8.149440e-01 1.901974e+00) (0.000000e+00 0.000000e+00 0.000000e+00))
7.12         	((-1.391673e+01 4.361808e+01 -2.220066e-16) (-3.259791e+00 -7.870719e+00 1.894519e-16) (0.000000e+00 0.000000e+00 0.000000e+00)) ((-1.090452e+01 -3.479181e+00 -3.649389e+00) (1.967680e+00 -8.149478e-01 1.899858e+00) (0.000000e+00 0.000000e+00 0.000000e+00))
7.16         	((-1.398950e+01 4.375596e+01 -2.225289e-16) (-3.260996e+00 -7.859067e+00 1.896161e-16) (0.000000e+00 0.000000e+00 0.000000e+00)) ((-1.093899e+01 -3.497376e+00 -3.673934e+00) (1.964767e+00 -8.152491e-01 1.898105e+00) (0.000000e+00 0.000000e+00 0.000000e+00))
7.2          	((-1.405283e+01 4.389198e+01 -2.229918e-16) (-3.261610e+00 -7.847595e+00 1.897496e-16) (0.000000e+00 0.000000e+00 0.000000e+00)) ((-1.097300e+01 -3.513206e+00 -3.689134e+00) (1.961899e+00 -8.154026e-01 1.897219e+00) (0.000000e+00 0.000000e+00 0.000000e+00))
7.24         	((-1.410195e+01 4.400951e+01 -2.233951e-16) (-3.261109e+00 -7.835905e+00 1.898485e-16) (0.000000e+00 0.000000e+00 0.000000e+00)) ((-1.100238e+01 -3.525487e+00 -3.699046e+00) (1.958976e+00 -8.152773e-01 1.897001e+00) (0.000000e+00 0.000000e+00 0.000000e+00))
7.28         	((-1.414073e+01 4.412235e+01 -2.237453e-16) (-3.260082e+00 -7.823889e+00 1.899181e-16) (0.000000e+00 0.000000e+00 0.000000e+00)) ((-1.103059e+01 -3.535181e+00 -3.698893e+00) (1.955972e+00 -8.150206e-01 1.897301e+00) (0.000000e+00 0.000000e+00 0.000000e+00))
7.32         	((-1.417045e+01 4.422143e+01 -2.240385e-16) (-3.259859e+00 -7.811893e+00 1.899695e-16) (0.000000e+00 0.000000e+00 0.000000e+00)) ((-1.105536e+01 -3.542614e+00 -3.686599e+00) (1.952973e+00 -8.149647e-01 1.898326e+00) (0.000000e+00 0.000000e+00 0.000000e+00))
7.36         	((-1.419197e+01 4.430880e+01 -2.242636e-16) (-3.260859e+00 -7.800011e+00 1.899935e-16) (0.000000e+00 0.000000e+00 0.000000e+00)) ((-1.107720e+01 -3.547993e+00 -3.662359e+00) (1.950003e+00 -8.152148e-01 1.900142e+00) (0.000000e+00 0.000000e+00 0.000000e+00))
7.4          	((-1.421399e+01 4.437676e+01 -2.244324e-16) (-3.262682e+00 -7.788525e+00 1.900024e-16) (0.000000e+00 0.000000e+00 0.000000e+00)) ((-1.109419e+01 -3.553498e+00 -3.625012e+00) (1.947131e+00 -8.156705e-01 1.902822e+00) (0.000000e+00 0.000000e+00 0.000000e+00))
7.44         	((-1.422870e+01 4.442077e+01 -2.245414e-16) (-3.265332e+00 -7.778266e+00 1.899952e-16) (0.000000e+00 0.000000e+00 0.000000e+00)) ((-1.110519e+01 -3.557175e+00 -3.574288e+00) (1.944566e+00 -8.163330e-01 1.906556e+00) (0.000000e+00 0.000000e+00 0.000000e+00))
7.48         	((-1.423912e+01 4.444829e+01 -2.245990e-16) (-3.268826e+00 -7.769292e+00 1.899791e-16) (0.000000e+00 0.000000e+00 0.000000e+00)) ((-1.111207e+01 -3.559779e+00 -3.511488e+00) (1.942323e+00 -8.172065e-01 1.911259e+00) (0.000000e+00 0.000000e+00 0.000000e+00))
7.52         	((-1.424335e+01 4.445754e+01 -2.246095e-16) (-3.273221e+00 -7.761309e+00 1.899460e-16) (0.000000e+00 0.000000e+00 0.000000e+00)) ((-1.111438e+01 -3.560839e+00 -3.440293e+00) (1.940327e+00 -8.183052e-01 1.916723e+00) (0.000000e+00 0.000000e+00 0.000000e+00))
7.56         	((-1.423592e+01 4.445892e+01 -2.245676e-16) (-3.278248e+00 -7.753965e+00 1.898814e-16) (0.000000e+00 0.000000e+00 0.000000e+00)) ((-1.111473e+01 -3.558980e+00 -3.361741e+00) (1.938491e+00 -8.195619e-01 1.922777e+00) (0.000000e+00 0.000000e+00 0.000000e+00))
7.6          	((-1.421959e+01 4.444429e+01 -2.244783e-16) (-3.284191e+00 -7.747255e+00 1.897960e-16) (0.000000e+00 0.000000e+00 0.000000e+00)) ((-1.111107e+01 -3.554898e+00 -3.275256e+00) (1.936814e+00 -8.210478e-01 1.929427e+00) (0.000000e+00 0.000000e+00 0.000000e+00))
7.64         	((-1.420096e+01 4.441793e+01 -2.243576e-16) (-3.291295e+00 -7.741354e+00 1.897018e-16) (0.000000e+00 0.000000e+00 0.000000e+00)) ((-1.110448e+01 -3.550241e+00 -3.180457e+00) (1.935338e+00 -8.228238e-01 1.936778e+00) (0.000000e+00 0.000000e+00 0.000000e+00))
7.68         	((-1.417574e+01 4.438378e+01 -2.242009e-16) (-3.299033e+00 -7.736388e+00 1.895967e-16) (0.000000e+00 0.000000e+00 0.000000e+00)) ((-1.109595e+01 -3.543936e+00 -3.077122e+00) (1.934097e+00 -8.247582e-01 1.944871e+00) (0.000000e+00 0.000000e+00 0.000000e+00))
7.72         	((-1.414934e+01 4.431728e+01 -2.240030e-16) (-3.307785e+00 -7.732458e+00 1.894846e-16) (0.000000e+00 0.000000e+00 0.000000e+00)) ((-1.107932e+01 -3.537335e+00 -2.966055e+00) (1.933115e+00 -8.269462e-01 1.953409e+00) (0.000000e+00 0.000000e+00 0.000000e+00))
7.76         	((-1.412004e+01 4.422174e+01 -2.237561e-16) (-3.317776e+00 -7.729668e+00 1.893576e-16) (0.000000e+00 0.000000e+00 0.000000e+00)) ((-1.105543e+01 -3.530009e+00 -2.849815e+00) (1.932417e+00 -8.294440e-01 1.962125e+00) (0.000000e+00 0.000000e+00 0.000000e+00))
7.8          	((-1.409529e+01 4.411079e+01 -2.234744e-16) (-3.328430e+00 -7.727320e+00 1.892224e-16) (0.000000e+00 0.000000e+00 0.000000e+00)) ((-1.102770e+01 -3.523821e+00 -2.727223e+00) (1.931830e+00 -8.321075e-01 1.971004e+00) (0.000000e+00 0.000000e+00 0.000000e+00))
7.84         	((-1.406242e+01 4.398659e+01 -2.231604e-16) (-3.339017e+00 -7.726031e+00 1.890730e-16) (0.000000e+00 0.000000e+00 0.000000e+00)) ((-1.099665e+01 -3.515605e+00 -2.601875e+00) (1.931508e+00 -8.347542e-01 1.980088e+00) (0.000000e+00 0.000000e+00 0.000000e+00))
7.88         	((-1.403042e+01 4.385220e+01 -2.228388e-16) (-3.349720e+00 -7.726092e+00 1.889271e-16) (0.000000e+00 0.000000e+00 0.000000e+00)) ((-1.096305e+01 -3.507605e+00 -2.476785e+00) (1.931523e+00 -8.374301e-01 1.989069e+00) (0.000000e+00 0.000000e+00 0.000000e+00))
7.92         	((-1.399787e+01 4.371773e+01 -2.225162e-16) (-3.360898e+00 -7.725997e+00 1.887835e-16) (0.000000e+00 0.000000e+00 0.000000e+00)) ((-1.092943e+01 -3.499467e+00 -2.353493e+00) (1.931499e+00 -8.402246e-01 1.997900e+00) (0.000000e+00 0.000000e+00 0.000000e+00))
7.96         	((-1.396049e+01 4.356891e+01 -2.221876e-16) (-3.372475e+00 -7.724694e+00 1.886347e-16) (0.000000e+00 0.000000e+00 0.000000e+00)) ((-1.089223e+01 -3.490123e+00 -2.229690e+00) (1.931173e+00 -8.431188e-01 2.006861e+00) (0.000000e+00 0.000000e+00 0.000000e+00))
8            	((-1.394161e+01 4.339821e+01 -2.218537e-16) (-3.384886e+00 -7.722790e+00 1.884864e-16) (0.000000e+00 0.000000e+00 0.000000e+00)) ((-1.084955e+01 -3.485401e+00 -2.104759e+00) (1.930697e+00 -8.462215e-01 2.016301e+00) (0.000000e+00 0.000000e+00 0.000000e+00))
8.04         	((-1.393852e+01 4.322363e+01 -2.215276e-16) (-3.396163e+00 -7.720669e+00 1.883464e-16) (0.000000e+00 0.000000e+00 0.000000e+00)) ((-1.080591e+01 -3.484631e+00 -1.980919e+00) (1.930167e+00 -8.490408e-01 2.025079e+00) (0.000000e+00 0.000000e+00 0.000000e+00))
8.08         	((-1.392197e+01 4.305181e+01 -2.211988e-16) (-3.407103e+00 -7.718921e+00 1.882071e-16) (0.000000e+00 0.000000e+00 0.000000e+00)) ((-1.076295e+01 -3.480493e+00 -1.861676e+00) (1.929730e+00 -8.517757e-01 2.033610e+00) (0.000000e+00 0.000000e+00 0.000000e+00))
8.12         	((-1.390498e+01 4.286930e+01 -2.208748e-16) (-3.418539e+00 -7.716610e+00 1.880772e-16) (0.000000e+00 0.000000e+00 0.000000e+00)) ((-1.071733e+01 -3.476245e+00 -1.745412e+00) (1.929153e+00 -8.546348e-01 2.041703e+00) (0.000000e+00 0.000000e+00 0.000000e+00))
8.16         	((-1.388674e+01 4.267381e+01 -2.205431e-16) (-3.429372e+00 -7.713036e+00 1.879389e-16) (0.000000e+00 0.000000e+00 0.000000e+00)) ((-1.066845e+01 -3.471685e+00 -1.635866e+00) (1.928259e+00 -8.573430e-01 2.049631e+00) (0.000000e+00 0.000000e+00 0.000000e+00))
8.2          	((-1.388057e+01 4.246726e+01 -2.202325e-16) (-3.439341e+00 -7.708158e+00 1.878127e-16) (0.000000e+00 0.000000e+00 0.000000e+00)) ((-1.061681e+01 -3.470142e+00 -1.527436e+00) (1.927039e+00 -8.598354e-01 2.057983e+00) (0.000000e+00 0.000000e+00 0.000000e+00))
8.24         	((-1.387695e+01 4.224291e+01 -2.199380e-16) (-3.448767e+00 -7.702798e+00 1.876887e-16) (0.000000e+00 0.000000e+00 0.000000e+00)) ((-1.056073e+01 -3.469237e+00 -1.422004e+00) (1.925700e+00 -8.621917e-01 2.066044e+00) (0.000000e+00 0.000000e+00 0.000000e+00))
8.28         	((-1.387536e+01 4.200397e+01 -2.196451e-16) (-3.457476e+00 -7.698192e+00 1.875584e-16) (0.000000e+00 0.000000e+00 0.000000e+00)) ((-1.050099e+01 -3.468841e+00 -1.325473e+00) (1.924548e+00 -8.643690e-01 2.073191e+00) (0.000000e+00 0.000000e+00 0.000000e+00))
8.32         	((-1.387723e+01 4.176910e+01 -2.193519e-16) (-3.465399e+00 -7.693834e+00 1.874230e-16) (0.000000e+00 0.000000e+00 0.000000e+00)) ((-1.044228e+01 -3.469307e+00 -1.235976e+00) (1.923459e+00 -8.663497e-01 2.079747e+00) (0.000000e+00 0.000000e+00 0.000000e+00))
8.36         	((-1.389395e+01 4.151152e+01 -2.190839e-16) (-3.472338e+00 -7.690321e+00 1.873029e-16) (0.000000e+00 0.000000e+00 0.000000e+00)) ((-1.037788e+01 -3.473487e+00 -1.156845e+00) (1.922580e+00 -8.680846e-01 2.085332e+00) (0.000000e+00 0.000000e+00 0.000000e+00))
8.4          	((-1.390423e+01 4.125534e+01 -2.188278e-16) (-3.478887e+00 -7.688013e+00 1.871823e-16) (0.000000e+00 0.000000e+00 0.000000e+00)) ((-1.031384e+01 -3.476056e+00 -1.089633e+00) (1.922003e+00 -8.697218e-01 2.089588e+00) (0.000000e+00 0.000000e+00 0.000000e+00))
8.44         	((-1.391170e+01 4.098911e+01 -2.185900e-16) (-3.484266e+00 -7.684636e+00 1.870635e-16) (0.000000e+00 0.000000e+00 0.000000e+00)) ((-1.024728e+01 -3.477925e+00 -1.028491e+00) (1.921159e+00 -8.710665e-01 2.093683e+00) (0.000000e+00 0.000000e+00 0.000000e+00))
8.48         	((-1.392409e+01 4.076244e+01 -2.183675e-16) (-3.488970e+00 -7.680164e+00 1.869397e-16) (0.000000e+00 0.000000e+00 0.000000e+00)) ((-1.019061e+01 -3.481023e+00 -9.736578e-01) (1.920041e+00 -8.722426e-01 2.097565e+00) (0.000000e+00 0.000000e+00 0.000000e+00))
8.52         	((-1.394269e+01 4.055216e+01 -2.181714e-16) (-3.491270e+00 -7.678722e+00 1.868328e-16) (0.000000e+00 0.000000e+00 0.000000e+00)) ((-1.013804e+01 -3.485671e+00 -9.324633e-01) (1.919680e+00 -8.728175e-01 2.100949e+00) (0.000000e+00 0.000000e+00 0.000000e+00))
8.56         	((-1.397742e+01 4.033359e+01 -2.180341e-16) (-3.493462e+00 -7.679149e+00 1.867755e-16) (0.000000e+00 0.000000e+00 0.000000e+00)) ((-1.008340e+01 -3.494355e+00 -9.007729e-01) (1.919787e+00 -8.733656e-01 2.103666e+00) (0.000000e+00 0.000000e+00 0.000000e+00))
8.6          	((-1.401933e+01 4.012823e+01 -2.179457e-16) (-3.495476e+00 -7.678145e+00 1.867275e-16) (0.000000e+00 0.000000e+00 0.000000e+00)) ((-1.003206e+01 -3.504832e+00 -8.745035e-01) (1.919536e+00 -8.738690e-01 2.106087e+00) (0.000000e+00 0.000000e+00 0.000000e+00))
8.64         	((-1.406355e+01 3.993111e+01 -2.178932e-16) (-3.496633e+00 -7.676628e+00 1.866742e-16) (0.000000e+00 0.000000e+00 0.000000e+00)) ((-9.982778e+00 -3.515888e+00 -8.569929e-01) (1.919157e+00 -8.741582e-01 2.108095e+00) (0.000000e+00 0.000000e+00 0.000000e+00))
8.68         	((-1.411501e+01 3.975249e+01 -2.178922e-16) (-3.496603e+00 -7.677481e+00 1.866372e-16) (0.000000e+00 0.000000e+00 0.000000e+00)) ((-9.938122e+00 -3.528752e+00 -8.482942e-01) (1.919370e+00 -8.741507e-01 2.109495e+00) (0.000000e+00 0.000000e+00 0.000000e+00))
8.72         	((-1.417546e+01 3.959214e+01 -2.179567e-16) (-3.495989e+00 -7.680011e+00 1.866359e-16) (0.000000e+00 0.000000e+00 0.000000e+00)) ((-9.898036e+00 -3.543864e+00 -8.461784e-01) (1.920003e+00 -8.739972e-01 2.110592e+00) (0.000000e+00 0.000000e+00 0.000000e+00))
8.76         	((-1.423695e+01 3.945890e+01 -2.180647e-16) (-3.494299e+00 -7.682523e+00 1.866474e-16) (0.000000e+00 0.000000e+00 0.000000e+00)) ((-9.864726e+00 -3.559236e+00 -8.517055e-01) (1.920631e+00 -8.735748e-01 2.111310e+00) (0.000000e+00 0.000000e+00 0.000000e+00))
8.8          	((-1.430219e+01 3.933371e+01 -2.182019e-16) (-3.491620e+00 -7.685572e+00 1.866652e-16) (0.000000e+00 0.000000e+00 0.000000e+00)) ((-9.833428e+00 -3.575547e+00 -8.674893e-01) (1.921393e+00 -8.729050e-01 2.111298e+00) (0.000000e+00 0.000000e+00 0.000000e+00))
8.84         	((-1.437368e+01 3.922114e+01 -2.183725e-16) (-3.488188e+00 -7.689057e+00 1.866925e-16) (0.000000e+00 0.000000e+00 0.000000e+00)) ((-9.805284e+00 -3.593420e+00 -8.911886e-01) (1.922264e+00 -8.720470e-01 2.110627e+00) (0.000000e+00 0.000000e+00 0.000000e+00))
8.88         	((-1.444806e+01 3.912090e+01 -2.185843e-16) (-3.483864e+00 -7.693372e+00 1.867376e-16) (0.000000e+00 0.000000e+00 0.000000e+00)) ((-9.780224e+00 -3.612015e+00 -9.221275e-01) (1.923343e+00 -8.709660e-01 2.109421e+00) (0.000000e+00 0.000000e+00 0.000000e+00))
8.92         	((-1.452506e+01 3.904313e+01 -2.188345e-16) (-3.478976e+00 -7.698832e+00 1.867984e-16) (0.000000e+00 0.000000e+00 0.000000e+00)) ((-9.760782e+00 -3.631266e+00 -9.615372e-01) (1.924708e+00 -8.697440e-01 2.107566e+00) (0.000000e+00 0.000000e+00 0.000000e+00))
8.96         	((-1.459948e+01 3.899057e+01 -2.191201e-16) (-3.473212e+00 -7.705562e+00 1.868700e-16) (0.000000e+00 0.000000e+00 0.000000e+00)) ((-9.747643e+00 -3.649871e+00 -1.009953e+00) (1.926391e+00 -8.683030e-01 2.105013e+00) (0.000000e+00 0.000000e+00 0.000000e+00))
9            	((-1.468409e+01 3.895242e+01 -2.194585e-16) (-3.466916e+00 -7.712750e+00 1.869685e-16) (0.000000e+00 0.000000e+00 0.000000e+00)) ((-9.738106e+00 -3.671024e+00 -1.064867e+00) (1.928188e+00 -8.667289e-01 2.101912e+00) (0.000000e+00 0.000000e+00 0.000000e+00))
9.04         	((-1.476959e+01 3.893146e+01 -2.198411e-16) (-3.460298e+00 -7.719890e+00 1.870784e-16) (0.000000e+00 0.000000e+00 0.000000e+00)) ((-9.732865e+00 -3.692398e+00 -1.124934e+00) (1.929973e+00 -8.650746e-01 2.098368e+00) (0.000000e+00 0.000000e+00 0.000000e+00))
9.08         	((-1.487148e+01 3.891641e+01 -2.202255e-16) (-3.452403e+00 -7.723913e+00 1.871521e-16) (0.000000e+00 0.000000e+00 0.000000e+00)) ((-9.729102e+00 -3.717871e+00 -1.188949e+00) (1.930978e+00 -8.631007e-01 2.094286e+00) (0.000000e+00 0.000000e+00 0.000000e+00))
9.12         	((-1.496323e+01 3.892753e+01 -2.205859e-16) (-3.444933e+00 -7.727109e+00 1.872071e-16) (0.000000e+00 0.000000e+00 0.000000e+00)) ((-9.731884e+00 -3.740807e+00 -1.250221e+00) (1.931777e+00 -8.612331e-01 2.089964e+00) (0.000000e+00 0.000000e+00 0.000000e+00))
9.16         	((-1.504144e+01 3.894592e+01 -2.210031e-16) (-3.437728e+00 -7.730822e+00 1.873199e-16) (0.000000e+00 0.000000e+00 0.000000e+00)) ((-9.736480e+00 -3.760360e+00 -1.309891e+00) (1.932705e+00 -8.594321e-01 2.086239e+00) (0.000000e+00 0.000000e+00 0.000000e+00))
9.2          	((-1.510454e+01 3.897348e+01 -2.214072e-16) (-3.426925e+00 -7.733579e+00 1.874189e-16) (0.000000e+00 0.000000e+00 0.000000e+00)) ((-9.743370e+00 -3.776135e+00 -1.371743e+00) (1.933395e+00 -8.567312e-01 2.079212e+00) (0.000000e+00 0.000000e+00 0.000000e+00))
9.24         	((-1.518168e+01 3.902252e+01 -2.219028e-16) (-3.418214e+00 -7.739571e+00 1.876069e-16) (0.000000e+00 0.000000e+00 0.000000e+00)) ((-9.755629e+00 -3.795420e+00 -1.435157e+00) (1.934893e+00 -8.545534e-01 2.074990e+00) (0.000000e+00 0.000000e+00 0.000000e+00))
9.28         	((-1.527775e+01 3.908630e+01 -2.223647e-16) (-3.410082e+00 -7.742242e+00 1.877509e-16) (0.000000e+00 0.000000e+00 0.000000e+00)) ((-9.771576e+00 -3.819438e+00 -1.505843e+00) (1.935561e+00 -8.525205e-01 2.069957e+00) (0.000000e+00 0.000000e+00 0.000000e+00))
9.32         	((-1.536567e+01 3.916228e+01 -2.228191e-16) (-3.401906e+00 -7.743783e+00 1.878760e-16) (0.000000e+00 0.000000e+00 0.000000e+00)) ((-9.790571e+00 -3.841417e+00 -1.576732e+00) (1.935946e+00 -8.504766e-01 2.064497e+00) (0.000000e+00 0.000000e+00 0.000000e+00))
9.36         	((-1.544068e+01 3.924195e+01 -2.233297e-16) (-3.393912e+00 -7.745803e+00 1.880467e-16) (0.000000e+00 0.000000e+00 0.000000e+00)) ((-9.810489e+00 -3.860170e+00 -1.644591e+00) (1.936451e+00 -8.484780e-01 2.059399e+00) (0.000000e+00 0.000000e+00 0.000000e+00))
9.4          	((-1.551696e+01 3.933580e+01 -2.238613e-16) (-3.386989e+00 -7.745691e+00 1.882322e-16) (0.000000e+00 0.000000e+00 0.000000e+00)) ((-9.833949e+00 -3.879241e+00 -1.709412e+00) (1.936423e+00 -8.467472e-01 2.054474e+00) (0.000000e+00 0.000000e+00 0.000000e+00))
9.44         	((-1.558485e+01 3.944471e+01 -2.243369e-16) (-3.380639e+00 -7.741866e+00 1.883694e-16) (0.000000e+00 0.000000e+00 0.000000e+00)) ((-9.861176e+00 -3.896213e+00 -1.772983e+00) (1.935466e+00 -8.451598e-01 2.049676e+00) (0.000000e+00 0.000000e+00 0.000000e+00))
9.48         	((-1.564900e+01 3.955503e+01 -2.247707e-16) (-3.374436e+00 -7.736089e+00 1.884821e-16) (0.000000e+00 0.000000e+00 0.000000e+00)) ((-9.888757e+00 -3.912250e+00 -1.830270e+00) (1.934022e+00 -8.436091e-01 2.045452e+00) (0.000000e+00 0.000000e+00 0.000000e+00))
9.52         	((-1.570471e+01 3.967145e+01 -2.251856e-16) (-3.368418e+00 -7.731203e+00 1.886105e-16) (0.000000e+00 0.000000e+00 0.000000e+00)) ((-9.917863e+00 -3.926178e+00 -1.882119e+00) (1.932801e+00 -8.421046e-01 2.041758e+00) (0.000000e+00 0.000000e+00 0.000000e+00))
9.56         	((-1.575935e+01 3.979004e+01 -2.255785e-16) (-3.363045e+00 -7.726767e+00 1.887470e-16) (0.000000e+00 0.000000e+00 0.000000e+00)) ((-9.947509e+00 -3.939838e+00 -1.932492e+00) (1.931692e+00 -8.407611e-01 2.038183e+00) (0.000000e+00 0.000000e+00 0.000000e+00))
9.6          	((-1.581505e+01 3.990917e+01 -2.259278e-16) (-3.358329e+00 -7.720819e+00 1.888580e-16) (0.000000e+00 0.000000e+00 0.000000e+00)) ((-9.977294e+00 -3.953763e+00 -1.980206e+00) (1.930205e+00 -8.395822e-01 2.034693e+00) (0.000000e+00 0.000000e+00 0.000000e+00))
9.64         	((-1.586168e+01 4.002640e+01 -2.262289e-16) (-3.353780e+00 -7.714314e+00 1.889427e-16) (0.000000e+00 0.000000e+00 0.000000e+00)) ((-1.000660e+01 -3.965420e+00 -2.025671e+00) (1.928578e+00 -8.384450e-01 2.031335e+00) (0.000000e+00 0.000000e+00 0.000000e+00))
9.68         	((-1.590060e+01 4.014612e+01 -2.265098e-16) (-3.349384e+00 -7.708885e+00 1.890225e-16) (0.000000e+00 0.000000e+00 0.000000e+00)) ((-1.003653e+01 -3.975151e+00 -2.068992e+00) (1.927221e+00 -8.373459e-01 2.028134e+00) (0.000000e+00 0.000000e+00 0.000000e+00))
9.72         	((-1.594161e+01 4.027024e+01 -2.267884e-16) (-3.345404e+00 -7.703834e+00 1.891139e-16) (0.000000e+00 0.000000e+00 0.000000e+00)) ((-1.006756e+01 -3.985402e+00 -2.111102e+00) (1.925958e+00 -8.363509e-01 2.025100e+00) (0.000000e+00 0.000000e+00 0.000000e+00))
9.76         	((-1.597904e+01 4.040297e+01 -2.270409e-16) (-3.341481e+00 -7.697981e+00 1.891909e-16) (0.000000e+00 0.000000e+00 0.000000e+00)) ((-1.010074e+01 -3.994761e+00 -2.153852e+00) (1.924495e+00 -8.353702e-01 2.022272e+00) (0.000000e+00 0.000000e+00 0.000000e+00))
9.8          	((-1.601375e+01 4.052877e+01 -2.272529e-16) (-3.338086e+00 -7.691798e+00 1.892416e-16) (0.000000e+00 0.000000e+00 0.000000e+00)) ((-1.013219e+01 -4.003438e+00 -2.195198e+00) (1.922949e+00 -8.345216e-01 2.019360e+00) (0.000000e+00 0.000000e+00 0.000000e+00))
9.84         	((-1.604601e+01 4.062888e+01 -2.274415e-16) (-3.336406e+00 -7.686307e+00 1.892836e-16) (0.000000e+00 0.000000e+00 0.000000e+00)) ((-1.015722e+01 -4.011502e+00 -2.231748e+00) (1.921577e+00 -8.341015e-01 2.016129e+00) (0.000000e+00 0.000000e+00 0.000000e+00))
9.88         	((-1.607596e+01 4.072224e+01 -2.276142e-16) (-3.335823e+00 -7.681153e+00 1.893275e-16) (0.000000e+00 0.000000e+00 0.000000e+00)) ((-1.018056e+01 -4.018989e+00 -2.259054e+00) (1.920288e+00 -8.339558e-01 2.013468e+00) (0.000000e+00 0.000000e+00 0.000000e+00))
9.92         	((-1.610439e+01 4.081034e+01 -2.277597e-16) (-3.335975e+00 -7.676249e+00 1.893635e-16) (0.000000e+00 0.000000e+00 0.000000e+00)) ((-1.020258e+01 -4.026098e+00 -2.278280e+00) (1.919062e+00 -8.339937e-01 2.011537e+00) (0.000000e+00 0.000000e+00 0.000000e+00))
9.96         	((-1.613309e+01 4.088750e+01 -2.278656e-16) (-3.336708e+00 -7.672212e+00 1.893832e-16) (0.000000e+00 0.000000e+00 0.000000e+00)) ((-1.022188e+01 -4.033274e+00 -2.292053e+00) (1.918053e+00 -8.341770e-01 2.010490e+00) (0.000000e+00 0.000000e+00 0.000000e+00))
10           	((-1.615547e+01 4.095547e+01 -2.279300e-16) (-3.337584e+00 -7.668186e+00 1.893676e-16) (0.000000e+00 0.000000e+00 0.000000e+00)) ((-1.023887e+01 -4.038867e+00 -2.303753e+00) (1.917047e+00 -8.343960e-01 2.008830e+00) (0.000000e+00 0.000000e+00 0.000000e+00))
