/*--------------------------------*- C++ -*----------------------------------*\
| =========                 |                                                 |
| \\      /  F ield         | OpenFOAM: The Open Source CFD Toolbox           |
|  \\    /   O peration     | Version:  5.x                                   |
|   \\  /    A nd           | Web:      www.OpenFOAM.org                      |
|    \\/     M anipulation  |                                                 |
\*---------------------------------------------------------------------------*/
FoamFile
{
    version     2.0;
    format      ascii;
    class       volScalarField;
    location    "8.5";
    object      p;
}
// * * * * * * * * * * * * * * * * * * * * * * * * * * * * * * * * * * * * * //

dimensions      [0 2 -2 0 0 0 0];

internalField   nonuniform List<scalar> 
400
(
5.20709246e-07
2.45245951
3.49432315
3.89887932
4.10664726
4.2247067
4.29429133
4.3402782
4.37633874
4.41011089
4.4467598
4.49091463
4.54765427
4.62448939
4.73479764
4.90459611
5.18237972
5.68420106
6.84131565
9.41172469
1.88670524
2.8672893
3.4198835
3.74774381
3.96518081
4.10974727
4.20767425
4.27899217
4.33674475
4.38961313
4.44424535
4.50657183
4.58333336
4.68329764
4.8197262
5.01367902
5.29402225
5.69846894
6.33841544
7.42837114
2.98207771
3.2625301
3.54233097
3.77067946
3.94570563
4.07571576
4.17322561
4.2500032
4.31527549
4.37623584
4.43892506
4.50902156
4.592575
4.69678258
4.83085
5.00663811
5.23632166
5.52393918
5.86049063
6.19823738
3.52778411
3.58534271
3.72178529
3.86537661
3.98906397
4.0908323
4.17461022
4.24571392
4.30952676
4.37102301
4.43477452
4.50520434
4.58678839
4.68425444
4.80245102
4.94569259
5.11574936
5.3051479
5.47833686
5.55963878
3.844217
3.82688041
3.88517975
3.9693828
4.05221958
4.12779087
4.19566855
4.25747773
4.31592274
4.37409206
4.4350649
4.5018575
4.57733108
4.66400592
4.76350383
4.87551086
4.99635897
5.1148018
5.19584585
5.18371567
4.04550092
4.00365869
4.02142598
4.06784968
4.12138213
4.1757407
4.22885467
4.28053764
4.33186002
4.38449146
4.44027072
4.5009679
4.56804871
4.64232626
4.72332614
4.80836613
4.89180658
4.96267785
4.99308053
4.94680782
4.18058544
4.13383066
4.13183866
4.15536841
4.18883324
4.22706633
4.2677267
4.30987162
4.35363722
4.39973109
4.44903802
4.50233659
4.56001875
4.62172167
4.68578522
4.74862572
4.8045595
4.8446655
4.84862446
4.79367988
4.2756582
4.23084215
4.21965981
4.22967412
4.24984551
4.27635431
4.3071219
4.3409824
4.3775783
4.41699882
4.45945112
4.50499589
4.55328496
4.60324902
4.65270483
4.69801099
4.7342583
4.75484646
4.74556022
4.69204197
4.34467373
4.30373056
4.28862856
4.29082721
4.30237596
4.32057127
4.34372951
4.37070129
4.40089265
4.43401524
4.46982798
4.50791732
4.54748305
4.58710867
4.62451312
4.65641299
4.67889325
4.68733275
4.67187888
4.62321622
4.39525881
4.35850389
4.3421566
4.33995765
4.34598871
4.35836084
4.37576044
4.39714434
4.42182468
4.4492982
4.47905038
4.51038645
4.54227364
4.57319192
4.60099981
4.62292574
4.63599531
4.63709187
4.61932422
4.57637715
4.43196308
4.39925702
4.38305368
4.37850979
4.38106518
4.38939553
4.40248679
4.41942369
4.43950122
4.46210806
4.48658173
4.51208632
4.53750735
4.56136812
4.58177542
4.59648061
4.60329396
4.60017302
4.58220519
4.54489324
4.45777594
4.42889512
4.4135796
4.40794402
4.40837875
4.41394659
4.42386356
4.43733781
4.4536873
4.4722602
4.49233014
4.51301319
4.533206
4.55155077
4.56643227
4.57606967
4.57888494
4.57357401
4.5565546
4.52447732
4.47482685
4.44957281
4.43556069
4.42961976
4.42885214
4.43259287
4.44023485
4.45109789
4.46454221
4.47991487
4.49647645
4.51334962
4.52949053
4.54368799
4.55459122
4.56081003
4.56122645
4.55503524
4.53957261
4.51225877
4.48472976
4.4629587
4.45049251
4.4447508
4.44341587
4.44602799
4.45212176
4.46111685
4.47242227
4.48540259
4.49932997
4.51335815
4.52651909
4.53774568
4.54591751
4.54995852
4.54909287
4.54285627
4.52925469
4.50627125
4.48877331
4.470402
4.45962014
4.45439294
4.4529267
4.45493609
4.46007792
4.46786122
4.47774123
4.48910228
4.50123187
4.51331587
4.5244552
4.53370549
4.5401341
4.54291237
4.54152245
4.53574789
4.52413383
4.50513503
4.48806067
4.47305628
4.46400872
4.4594547
4.45813067
4.45992351
4.46460458
4.4717621
4.48088648
4.49137003
4.50250195
4.51348262
4.52345743
4.53157025
4.53702991
4.53919898
4.53776181
4.53270718
4.52308291
4.50782054
4.48366788
4.47200976
4.46464018
4.46076215
4.45970144
4.46153665
4.46615294
4.47320536
4.48220009
4.49251357
4.50340918
4.5140696
4.52364676
4.53132834
4.53641505
4.53841192
4.53716983
4.53287772
4.52512586
4.51341556
4.47685508
4.46838728
4.46242881
4.45901521
4.45816175
4.46016971
4.46503466
4.47245694
4.48192731
4.49276975
4.50418079
4.51527988
4.5251741
4.53303842
4.53820742
4.54027764
4.53923846
4.53549795
4.52928717
4.52085564
4.46928565
4.46319404
4.45767392
4.4539676
4.45292159
4.45508889
4.46054266
4.46896804
4.47977062
4.49214848
4.50515361
4.51775796
4.52893076
4.5377339
4.54343401
4.54563041
4.54440384
4.54041562
4.53469857
4.52866554
4.46344853
4.45752276
4.45037022
4.44492665
4.44290302
4.44509507
4.45156713
4.46187252
4.47521443
4.49055067
4.50667183
4.52227553
4.53605299
4.54679905
4.55355168
4.55576497
4.55351979
4.54774893
4.54035105
4.53446167
)
;

boundaryField
{
    walls
    {
        type            zeroGradient;
    }
    mov_wall
    {
        type            zeroGradient;
    }
    empty
    {
        type            empty;
    }
}


// ************************************************************************* //
