/*--------------------------------*- C++ -*----------------------------------*\
| =========                 |                                                 |
| \\      /  F ield         | OpenFOAM: The Open Source CFD Toolbox           |
|  \\    /   O peration     | Version:  5.x                                   |
|   \\  /    A nd           | Web:      www.OpenFOAM.org                      |
|    \\/     M anipulation  |                                                 |
\*---------------------------------------------------------------------------*/
FoamFile
{
    version     2.0;
    format      ascii;
    class       surfaceScalarField;
    location    "8.5";
    object      phi;
}
// * * * * * * * * * * * * * * * * * * * * * * * * * * * * * * * * * * * * * //

dimensions      [0 3 -1 0 0 0 0];

internalField   nonuniform List<scalar> 
760
(
0.0013481768
-0.00134817705
0.00245763986
-0.00110946306
0.00313513473
-0.000677494867
0.00355971576
-0.000424581018
0.00383225134
-0.000272535584
0.00400945217
-0.000177200842
0.00412521452
-0.000115762345
0.00419921709
-7.40025652e-05
0.00424243237
-4.32152739e-05
0.0042605536
-1.81212289e-05
0.00425562236
4.93123124e-06
0.00422675778
2.88645738e-05
0.0041693894
5.73683842e-05
0.00407358505
9.58043566e-05
0.00391995094
0.000153634107
0.0036720193
0.00024793164
0.00326316023
0.000408859067
0.00257264076
0.000690519467
0.00140850173
0.00116413904
0.00140850173
-5.46951708e-05
-0.00129348188
0.000412592746
-0.00157675098
0.00103002989
-0.00129493201
0.00157871393
-0.000973265063
0.00201483275
-0.000708654391
0.0023447773
-0.000507145389
0.00258511634
-0.000356101389
0.00275126943
-0.000240155658
0.00285456781
-0.000146513653
0.00290179533
-6.53487494e-05
0.00289536661
1.13599567e-05
0.00283293037
9.13008138e-05
0.00270712574
0.00018317301
0.00250436375
0.000298566353
0.00220410989
0.000453887969
0.00178090173
0.000671139802
0.001217568
0.000972192799
0.00055281256
0.0013552749
1.30664764e-05
0.00170388512
0.00142156821
-0.000271734611
-0.00102174727
-0.000221026534
-0.00162745906
7.13678607e-05
-0.00158732641
0.000446285702
-0.0013481829
0.000812489729
-0.00107485841
0.00112929931
-0.000823954964
0.00138207834
-0.000608880426
0.0015680079
-0.000426085217
0.00168837698
-0.000266882732
0.00174468455
-0.00012165632
0.00173678977
1.92547389e-05
0.00166213443
0.000165956159
0.00151571289
0.000329594546
0.00129125424
0.000523024998
0.000985011693
0.000760130519
0.000605009657
0.00105114184
0.000189850713
0.00138735175
-0.000160045076
0.00170517069
-0.000261640631
0.00180548067
0.00115992758
-0.000227941566
-0.000793805698
-0.000361197287
-0.00149420334
-0.000308328184
-0.00164019551
-0.000134821174
-0.00152168992
8.92094167e-05
-0.001298889
0.0003149719
-0.00104971744
0.000513263029
-0.000807171551
0.000668300038
-0.000581122228
0.000771990339
-0.000370573036
0.000820036127
-0.000169702108
0.000809727665
2.95632064e-05
0.000739201037
0.000236482791
0.000607935676
0.000460859906
0.000419110875
0.000711849795
0.000184524327
0.000994717066
-6.71911743e-05
0.00130285735
-0.000280617541
0.00160077812
-0.000369418477
0.00179397162
-0.000246993632
0.00168305583
0.00091293395
-0.000168965213
-0.000624840485
-0.000352016171
-0.00131115237
-0.000431557664
-0.00156065402
-0.00040890896
-0.00154433862
-0.000319435159
-0.00138836281
-0.000200095161
-0.00116905744
-7.98100595e-05
-0.000927456646
2.15782709e-05
-0.000682510556
9.14287093e-05
-0.000440423479
0.000122135393
-0.000200408797
0.000109757205
4.19413972e-05
5.36457265e-05
0.000292594276
-4.27489973e-05
0.000557254633
-0.00016969403
0.000838794824
-0.000307652433
0.00113267546
-0.000423468629
0.00141867355
-0.00047002487
0.00164733436
-0.000397824821
0.00172177158
-0.000196431026
0.00148166203
0.00071650292
-0.000124192139
-0.00050064835
-0.000308335633
-0.00112700887
-0.000450494092
-0.00141849556
-0.000523204006
-0.00147162871
-0.000535391047
-0.00137617577
-0.000508160807
-0.00119628768
-0.000463156871
-0.000972460576
-0.00041806092
-0.000727606501
-0.000385618997
-0.000472865402
-0.00037391206
-0.00021211574
-0.000386727923
5.47572566e-05
-0.000423459492
0.00032932585
-0.000478356362
0.000612151511
-0.000539178263
0.000899616727
-0.000585818876
0.00117931607
-0.000590512336
0.001423367
-0.000523085131
0.00157990716
-0.000366699081
0.00156538554
-0.000150585982
0.00126554894
0.000565916934
-9.45729365e-05
-0.00040607542
-0.000264649742
-0.000956932061
-0.00043073838
-0.00125240691
-0.000556976934
-0.00134539015
-0.000636793208
-0.0012963595
-0.000678141755
-0.00115493914
-0.000693943913
-0.000956658416
-0.000696929224
-0.000724621182
-0.00069727404
-0.00047252058
-0.000701661745
-0.000207728038
-0.000712860706
6.59562099e-05
-0.000729336358
0.0003458015
-0.000744753798
0.000627568959
-0.00074758029
0.000902443227
-0.000721469892
0.00115320567
-0.000647843388
0.00134974049
-0.000512876922
0.00144494069
-0.000321206278
0.00137371489
-0.000116485699
0.00106082837
0.000449431236
-7.53437357e-05
-0.000330731687
-0.000228206815
-0.000804068984
-0.000398353657
-0.00108226007
-0.000550539517
-0.00119320429
-0.000670626443
-0.00117627257
-0.000757578335
-0.00106798725
-0.000816784805
-0.000897451952
-0.000855587435
-0.000685818548
-0.000880624284
-0.000447483721
-0.000896360309
-0.000191992008
-0.000904270077
7.38659714e-05
-0.000902360308
0.000343891721
-0.000884972204
0.000610180855
-0.000843104153
0.000860575187
-0.000765820182
0.00107592171
-0.000643664733
0.00122758504
-0.00047510394
0.00127637989
-0.000276309847
0.0011749208
-9.21328621e-05
0.000876651383
0.000357298379
-6.22883032e-05
-0.000268443381
-0.000198541321
-0.000667815974
-0.000362893652
-0.000917907735
-0.000523850719
-0.00103224721
-0.000664415217
-0.00103570807
-0.00077812891
-0.000954273561
-0.000864812168
-0.000810768703
-0.00092716547
-0.000623465251
-0.000968399676
-0.000406249508
-0.0009907212
-0.000169670472
-0.000994436355
7.75811301e-05
-0.000977525733
0.000326981089
-0.000935695002
0.000568350114
-0.000863101236
0.000787981423
-0.000754123152
0.000966943637
-0.000606626301
0.0010800882
-0.000426950406
0.00109670399
-0.00023603829
0.000984008675
-7.43490242e-05
0.000714962112
0.000282949361
-5.27689639e-05
-0.000215674408
-0.000173812789
-0.000546772156
-0.000327557406
-0.000764163124
-0.00048686598
-0.000872938638
-0.000634380181
-0.000888193858
-0.000760757845
-0.00082789589
-0.000862116653
-0.0007094099
-0.000937654757
-0.000547927158
-0.000987783226
-0.000356121043
-0.00101282395
-0.000144629733
-0.00101222275
7.69799382e-05
-0.000984240689
0.00029899903
-0.000926163063
0.000510272477
-0.000835158816
0.000696977168
-0.000709976089
0.000841760913
-0.000553597324
0.000923709442
-0.000376676975
0.00091978365
-0.000200960047
0.000808291745
-6.08626283e-05
0.000574864688
0.000222086732
-4.52979237e-05
-0.000170376475
-0.000152453972
-0.00043961611
-0.000293299615
-0.000623317488
-0.000444763108
-0.00072147515
-0.000590345843
-0.000742611119
-0.000719473349
-0.000698768372
-0.000826046336
-0.000602836907
-0.000906878206
-0.000467095296
-0.000960347579
-0.000302651682
-0.000985403152
-0.000119574161
-0.000980963152
7.25399508e-05
-0.000945732101
0.000263767991
-0.000878480025
0.0004430204
-0.00077885506
0.000597352192
-0.000648784056
0.0007116899
-0.000494403549
0.000769328938
-0.00032820415
0.000753584261
-0.000170678364
0.000650765965
-5.02806555e-05
0.000454466978
0.000171806071
-3.90621821e-05
-0.00013131429
-0.000133403796
-0.000345274489
-0.000260349967
-0.000496371318
-0.000400388973
-0.000581436154
-0.000538431199
-0.000604568897
-0.000663692781
-0.000573506783
-0.000768938039
-0.000497591636
-0.00084952307
-0.000386510261
-0.000902500933
-0.000249673829
-0.000925934101
-9.61410048e-05
-0.000918488878
6.50947286e-05
-0.000879356188
0.000224635315
-0.000808535325
0.000372199548
-0.000707505266
0.000496322132
-0.000580261694
0.000584446317
-0.000434588341
0.000623655579
-0.000283248292
0.000602244215
-0.000144573361
0.000512091041
-4.17551821e-05
0.000351648804
0.000130050885
-3.36094151e-05
-9.77048809e-05
-0.0001159735
-0.000262910391
-0.000228685881
-0.000383658932
-0.000355331142
-0.000454790898
-0.000482448494
-0.000477451554
-0.000599656651
-0.000456298629
-0.000699324729
-0.000397923549
-0.00077605047
-0.000309784506
-0.00082612762
-0.000199596677
-0.000847124136
-7.51445004e-05
-0.000837646093
5.56166741e-05
-0.000797332205
0.000184321429
-0.000727102522
0.000301969878
-0.000629656423
0.000398876043
-0.00051016347
0.000464953362
-0.000377005144
0.000490497245
-0.000242314868
0.000467553935
-0.000121978234
0.00039175441
-3.47332138e-05
0.000264403791
9.5317672e-05
-2.86575005e-05
-6.90473914e-05
-9.96602284e-05
-0.000191907655
-0.000198117002
-0.000285202149
-0.000310357556
-0.00034255034
-0.000424616064
-0.000363193053
-0.000531265895
-0.000349648809
-0.000622765455
-0.00030642399
-0.000693446626
-0.000239103324
-0.000739258801
-0.000153784489
-0.000757558028
-5.6845274e-05
-0.000747003451
4.50620858e-05
-0.000707597942
0.00014491591
-0.000640884398
0.000235256337
-0.000550277058
0.000308268714
-0.000441462341
0.000356138653
-0.000322745855
0.000371780758
-0.000205166587
0.00034997466
-0.000102185444
0.000288773263
-2.88024186e-05
0.000191020767
6.65152575e-05
-2.39812147e-05
-4.50661848e-05
-8.3997441e-05
-0.000131891429
-0.000168257096
-0.000200942487
-0.000265595484
-0.000245211942
-0.000365935587
-0.000262852947
-0.000460594497
-0.000254989908
-0.000542423538
-0.00022459496
-0.000605821319
-0.000175705543
-0.000646681723
-0.000112924073
-0.000662339372
-4.11876131e-05
-0.000651561325
3.42840386e-05
-0.000614612945
0.000107967519
-0.00055340064
0.000174044024
-0.000471663894
0.00022653197
-0.000375153998
0.000259628766
-0.000271701947
0.000268328714
-0.000171058856
0.000249331568
-8.44170708e-05
0.000202131474
-2.35998689e-05
0.000130203562
4.2915392e-05
-1.93492234e-05
-2.57169601e-05
-6.84700397e-05
-8.27706216e-05
-0.000138506757
-0.00013090577
-0.000220638073
-0.000163080618
-0.000306428405
-0.000177062605
-0.00038822875
-0.00017318956
-0.000459474176
-0.000153349544
-0.000514859812
-0.000120319916
-0.000550429791
-7.73540926e-05
-0.000563627556
-2.79898368e-05
-0.000553348416
2.40049091e-05
-0.000520016427
7.46355294e-05
-0.000465682616
0.000119710205
-0.000394114917
0.000154964264
-0.000310822985
0.000176336836
-0.000222941259
0.000180446995
-0.000138894618
0.000165284931
-6.78135168e-05
0.000131050373
-1.87621153e-05
8.11521573e-05
2.4153277e-05
-1.45055232e-05
-1.1211427e-05
-5.25211119e-05
-4.47550424e-05
-0.000108122818
-7.53040697e-05
-0.000174687797
-9.65156388e-05
-0.000245343237
-0.000106407157
-0.00031352081
-0.000105011978
-0.000373387897
-9.34824557e-05
-0.000420129428
-7.35783937e-05
-0.000450116078
-4.73674507e-05
-0.000461009083
-1.7096831e-05
-0.000451841628
1.48374633e-05
-0.000423096898
4.58908087e-05
-0.000376775967
7.33892729e-05
-0.000316426455
9.46147451e-05
-0.000247079553
0.00010698993
-0.000175030353
0.000108397796
-0.000107403058
9.76576413e-05
-5.14858435e-05
7.51331622e-05
-1.39146215e-05
4.35809354e-05
1.0238654e-05
-9.20279293e-06
-2.00862243e-06
-3.56847397e-05
-1.82731005e-05
-7.64355318e-05
-3.45532827e-05
-0.000126811029
-4.61401472e-05
-0.000181408071
-5.18101143e-05
-0.000234817144
-5.16028963e-05
-0.000282132221
-4.61673693e-05
-0.000319263537
-3.64470773e-05
-0.000343116514
-2.35144808e-05
-0.000351700049
-8.51330366e-06
-0.000344207018
7.34443303e-06
-0.000321084426
2.27682245e-05
-0.000284086154
3.63910078e-05
-0.000236279532
4.68081241e-05
-0.000181958576
5.26689693e-05
-0.000126403749
5.28429657e-05
-7.54285407e-05
4.66824342e-05
-3.46816259e-05
3.43862506e-05
-8.71390678e-06
1.76132191e-05
1.52474635e-06
-3.43751978e-06
1.42890393e-06
-1.8043875e-05
-3.66674785e-06
-4.34060378e-05
-9.19112261e-06
-7.64336712e-05
-1.31125207e-05
-0.000113187162
-1.50566294e-05
-0.000149665118
-1.51249398e-05
-0.000182251544
-1.35809348e-05
-0.000207952842
-1.07457712e-05
-0.000224514091
-6.95323121e-06
-0.000230484761
-2.54264033e-06
-0.000225272649
2.13231461e-06
-0.000209197083
6.69265986e-06
-0.000183535355
1.07292865e-05
-0.000150536807
1.38095818e-05
-0.000113368292
1.55004546e-05
-7.593976e-05
1.54144309e-05
-4.25472229e-05
1.32898947e-05
-1.7276737e-05
9.11576542e-06
-3.10385652e-06
3.44034124e-06
-1.57910952e-06
1.42890221e-06
-2.23784011e-06
-1.14289545e-05
-2.45414701e-05
-3.95981021e-05
-5.47230492e-05
-6.83039885e-05
-7.90497567e-05
-8.60029805e-05
-8.85456163e-05
-8.64133037e-05
-7.97206491e-05
-6.89913656e-05
-5.51817823e-05
-3.9681324e-05
-2.42668906e-05
-1.09769959e-05
-1.86123144e-06
1.5791095e-06
)
;

boundaryField
{
    walls
    {
        type            calculated;
        value           uniform 0;
    }
    mov_wall
    {
        type            calculated;
        value           uniform 0;
    }
    empty
    {
        type            empty;
        value           nonuniform 0();
    }
}


// ************************************************************************* //
