/*--------------------------------*- C++ -*----------------------------------*\
| =========                 |                                                 |
| \\      /  F ield         | OpenFOAM: The Open Source CFD Toolbox           |
|  \\    /   O peration     | Version:  5.x                                   |
|   \\  /    A nd           | Web:      www.OpenFOAM.org                      |
|    \\/     M anipulation  |                                                 |
\*---------------------------------------------------------------------------*/
FoamFile
{
    version     2.0;
    format      ascii;
    class       volVectorField;
    location    "8.5";
    object      U;
}
// * * * * * * * * * * * * * * * * * * * * * * * * * * * * * * * * * * * * * //

dimensions      [0 1 -1 0 0 0 0];

internalField   nonuniform List<vector> 
400
(
(0.291698422 0.14964382 0)
(0.388187166 0.128007695 0)
(0.557616069 0.0757318265 0)
(0.674785702 0.0433044385 0)
(0.743766596 0.0251591052 0)
(0.787075022 0.0148802975 0)
(0.815462958 0.00893092144 0)
(0.83393956 0.00530992776 0)
(0.845365462 0.0028995613 0)
(0.851349265 0.00108485308 2.66526757e-34)
(0.852640749 -0.000502852653 -2.66526757e-34)
(0.849354292 -0.00216072032 0)
(0.84097337 -0.00421710598 0)
(0.826113774 -0.00722098613 0)
(0.802020426 -0.012236501 0)
(0.763538946 -0.0213892099 0)
(0.699488891 -0.0388386152 0)
(0.584557335 -0.0722732749 0)
(0.407900534 -0.128436308 0)
(0.300688068 -0.152947536 0)
(0.00120418167 0.287432404 0)
(0.0133209591 0.293872122 0)
(0.140044442 0.209904853 0)
(0.264971588 0.142986162 0)
(0.364177741 0.0968019849 0)
(0.440120065 0.0654411223 0)
(0.496541039 0.0439762517 0)
(0.536691067 0.0287011559 0)
(0.563274465 0.0170798536 0)
(0.578137343 0.00742308662 0)
(0.582210287 -0.00150101189 0)
(0.575515253 -0.0107977546 0)
(0.557109248 -0.0217346528 0)
(0.524912994 -0.0361396924 0)
(0.475518408 -0.0569634972 0)
(0.404326004 -0.0889771517 0)
(0.305687294 -0.139150755 0)
(0.174497789 -0.215275202 0)
(0.0341065833 -0.310801156 0)
(0.0108691558 -0.305909063 0)
(-0.0321467633 0.241773921 0)
(-0.0634303659 0.333547158 0)
(-0.0219362036 0.299502489 0)
(0.0505996265 0.240051664 0)
(0.127397383 0.183020806 0)
(0.196818611 0.135454524 0)
(0.254167104 0.0974523426 0)
(0.298088301 0.0668891704 0)
(0.328665675 0.0413758231 0)
(0.346307826 0.0187814599 -2.35796977e-33)
(0.351211315 -0.00280949179 2.35796977e-33)
(0.34312675 -0.0252950462 0)
(0.32127758 -0.0508299473 0)
(0.2844329 -0.0820948312 0)
(0.231328818 -0.122479775 0)
(0.161916762 -0.17565804 0)
(0.0798350205 -0.243208457 0)
(-0.0033373423 -0.317981961 0)
(-0.0578531345 -0.366363502 0)
(-0.0313893208 -0.270690675 0)
(-0.0261204152 0.182361574 0)
(-0.0666192778 0.316884132 0)
(-0.0735377825 0.330901738 0)
(-0.0481307199 0.295352908 0)
(-0.00567217486 0.244253505 0)
(0.041112477 0.192431741 0)
(0.0845451091 0.14509504 0)
(0.120424332 0.103006629 0)
(0.146585245 0.0651543623 0)
(0.161925479 0.0298884055 2.35546516e-33)
(0.165812818 -0.00469432301 -2.35546516e-33)
(0.157798803 -0.0406696187 0)
(0.137586499 -0.080302738 0)
(0.105285211 -0.12597958 0)
(0.062090026 -0.179774808 0)
(0.0116092687 -0.242029717 0)
(-0.0380283783 -0.307764354 0)
(-0.072049094 -0.359579369 0)
(-0.0711639181 -0.355585637 0)
(-0.0287210567 -0.209178581 0)
(-0.0176296831 0.140767914 0)
(-0.0549165452 0.281827202 0)
(-0.0828629952 0.324484359 0)
(-0.0880762252 0.312396798 0)
(-0.0751196906 0.27444198 0)
(-0.0526276262 0.226778428 0)
(-0.0275118482 0.177302818 0)
(-0.00458009188 0.129145425 0)
(0.0130234886 0.0829123608 0)
(0.0233567948 0.0379330306 -2.94545472e-34)
(0.0253097458 -0.00710139615 2.94545472e-34)
(0.0184152073 -0.0537995227 0)
(0.00288698509 -0.10380126 0)
(-0.0200872016 -0.158367937 0)
(-0.0477707946 -0.217530723 0)
(-0.0750614589 -0.278347555 0)
(-0.0936267082 -0.331694803 0)
(-0.0922270552 -0.357398868 0)
(-0.0635074669 -0.31887989 0)
(-0.0207312595 -0.162076724 0)
(-0.0116542797 0.11159225 0)
(-0.0431521996 0.243765266 0)
(-0.078283996 0.299859403 0)
(-0.100579261 0.305000829 0)
(-0.108310591 0.280421265 0)
(-0.105716507 0.240369182 0)
(-0.0975361725 0.193277768 0)
(-0.0877934468 0.143545371 0)
(-0.079535191 0.0930260749 0)
(-0.0748272186 0.0420752313 0)
(-0.0748481344 -0.00975925918 0)
(-0.079934579 -0.06325062 0)
(-0.0895000216 -0.119033274 0)
(-0.101812875 -0.176993443 0)
(-0.11369095 -0.23529792 0)
(-0.120284782 -0.288849073 0)
(-0.115237024 -0.327084783 0)
(-0.0922711133 -0.331566552 0)
(-0.0521876267 -0.27511969 0)
(-0.0142847852 -0.127260097 0)
(-0.0080318562 0.0899680187 0)
(-0.0343052825 0.207876696 0)
(-0.0703686586 0.267741357 0)
(-0.100959316 0.283509146 0)
(-0.121509109 0.26975378 0)
(-0.133061964 0.237807846 0)
(-0.138135837 0.195384124 0)
(-0.139450241 0.147216491 0)
(-0.139365664 0.0958906826 0)
(-0.139599231 0.0425957586 0)
(-0.141114114 -0.0122625683 0)
(-0.144054665 -0.0685401675 0)
(-0.147657208 -0.125824596 0)
(-0.1501406 -0.182787206 0)
(-0.14866774 -0.236314555 0)
(-0.139565528 -0.280390168 0)
(-0.119015754 -0.304900547 0)
(-0.0848747406 -0.294957286 0)
(-0.0422046452 -0.232154477 0)
(-0.0100065904 -0.100709815 0)
(-0.00589819024 0.0731569046 0)
(-0.0280514396 0.175459927 0)
(-0.0624620762 0.233454969 0)
(-0.0961931095 0.254650692 0)
(-0.123784289 0.248662375 0)
(-0.144336448 0.223978321 0)
(-0.158622039 0.187072457 0)
(-0.168069546 0.142434105 0)
(-0.174171008 0.092943339 0)
(-0.17809165 0.0403533016 0)
(-0.180456261 -0.0142245243 0)
(-0.181230008 -0.0698446786 0)
(-0.179647304 -0.125225756 0)
(-0.174205196 -0.178177562 0)
(-0.162809069 -0.224940953 0)
(-0.143212557 -0.259512835 0)
(-0.113841638 -0.273201304 0)
(-0.0753166184 -0.254896364 0)
(-0.0343188976 -0.192925778 0)
(-0.007284985 -0.0799917712 0)
(-0.00459312277 0.0595160156 0)
(-0.0235441693 0.146542617 0)
(-0.055342991 0.199662155 0)
(-0.0893196719 0.222701634 0)
(-0.120051817 0.221819415 0)
(-0.145609091 0.20313183 0)
(-0.165570651 0.171796549 0)
(-0.1803171 0.131775628 0)
(-0.190531074 0.0859405085 0)
(-0.196813732 0.0363510081 2.97711429e-34)
(-0.199448899 -0.0153915445 -2.97711428e-34)
(-0.198275631 -0.0677566433 0)
(-0.192646155 -0.118867799 0)
(-0.181489352 -0.16605931 0)
(-0.163546088 -0.205440871 0)
(-0.137858728 -0.231577792 0)
(-0.104503395 -0.237504907 0)
(-0.0656637266 -0.215386226 0)
(-0.0281737984 -0.158249844 0)
(-0.00551069037 -0.0634668215 0)
(-0.00373314325 0.0480883412 0)
(-0.020121234 0.120839397 0)
(-0.0490153886 0.167676441 0)
(-0.0816389788 0.190287498 0)
(-0.112989448 0.192487649 0)
(-0.140680559 0.178557131 4.67987942e-33)
(-0.163557391 0.152465449 0)
(-0.181246281 0.117554995 0)
(-0.193784174 0.0765047403 -4.74063691e-33)
(-0.201296971 0.0314709934 2.26595342e-36)
(-0.203789194 -0.0156743959 4.98649133e-36)
(-0.201035366 -0.0630555956 0)
(-0.19256593 -0.108481584 0)
(-0.177765514 -0.14914143 0)
(-0.156124908 -0.181360929 0)
(-0.127679782 -0.200524263 0)
(-0.0935645696 -0.201318536 0)
(-0.0566770442 -0.178463972 0)
(-0.0233146664 -0.128090141 0)
(-0.00429570507 -0.050043535 0)
(-0.00311504072 0.0383306341 0)
(-0.0173631162 0.0980508515 0)
(-0.0433176197 0.138129965 0)
(-0.0737180755 0.158979198 0)
(-0.104104452 0.162838222 0)
(-0.131970533 0.152618179 -4.67987943e-33)
(-0.155761613 0.131295702 0)
(-0.174612859 0.101603275 0)
(-0.188100218 0.0659289907 4.74063691e-33)
(-0.19599742 0.0263693595 1.49106816e-33)
(-0.198111612 -0.0151233205 -1.49832061e-33)
(-0.19420401 -0.056544245 0)
(-0.183996558 -0.095626039 0)
(-0.167277172 -0.129654844 0)
(-0.144124394 -0.155368917 0)
(-0.115252465 -0.169022499 0)
(-0.0823814083 -0.166713891 0)
(-0.0485941033 -0.145040225 0)
(-0.0193975957 -0.102103348 0)
(-0.00342090937 -0.0390050011 0)
(-0.00263393587 0.0299262646 0)
(-0.0150226236 0.0779301294 0)
(-0.0380974211 0.111311111 0)
(-0.0658175676 0.129695793 0)
(-0.0942794747 0.134263876 0)
(-0.121044028 0.126925342 0)
(-0.144383608 0.109860568 0)
(-0.163148982 0.085248045 0)
(-0.176619506 0.0551416363 0)
(-0.184335474 0.021470313 2.99742586e-34)
(-0.185982938 -0.0138813668 -2.99742586e-34)
(-0.181343675 -0.0489515427 0)
(-0.170313962 -0.0815745573 0)
(-0.15299925 -0.109289271 0)
(-0.129891605 -0.129330738 0)
(-0.102114502 -0.138764248 0)
(-0.0716393816 -0.134816142 0)
(-0.0414365953 -0.11540729 0)
(-0.0161843489 -0.0798582222 0)
(-0.00276403296 -0.0298606582 0)
(-0.00223473658 0.0226800232 0)
(-0.0129541267 0.0602838579 0)
(-0.0332381479 0.0873308374 0)
(-0.0580555278 0.102954501 0)
(-0.0840353809 0.10762182 0)
(-0.108906085 0.102520707 0)
(-0.130914081 0.0892086486 0)
(-0.148775832 0.0693818654 0)
(-0.161603548 0.0447501633 0)
(-0.168801288 0.017006732 3.00137167e-34)
(-0.169993546 -0.0121372163 -3.00137167e-34)
(-0.164999673 -0.0408861829 0)
(-0.153857535 -0.0672953786 0)
(-0.136899079 -0.0892417078 0)
(-0.114876635 -0.104468703 0)
(-0.0891189075 -0.11074442 0)
(-0.0616328447 -0.106158119 0)
(-0.0351269757 -0.0895353384 0)
(-0.0135037427 -0.0609264428 0)
(-0.00225327227 -0.0222578264 0)
(-0.0018854566 0.0164662545 0)
(-0.0110624852 0.0449645384 0)
(-0.0286411427 0.0662105063 0)
(-0.050461128 0.0790278198 0)
(-0.073653163 0.0834123315 0)
(-0.0961641798 0.0800414884 0)
(-0.116305919 0.0699953575 0)
(-0.132763341 0.0545610868 0)
(-0.144575601 0.035114362 0)
(-0.151082433 0.0130747338 0)
(-0.151887891 -0.0100881553 0)
(-0.146853004 -0.0328250802 0)
(-0.136119505 -0.0534823568 0)
(-0.120164255 -0.0703098573 0)
(-0.0998793385 -0.0815299513 0)
(-0.0766571197 -0.0854921386 0)
(-0.0524122108 -0.0809235404 0)
(-0.0295300343 -0.0672469525 0)
(-0.0112185733 -0.0449266651 0)
(-0.00184129754 -0.0159381051 0)
(-0.00156251821 0.0112077487 0)
(-0.00926988132 0.0318705354 0)
(-0.0242025211 0.0479368747 0)
(-0.0429884454 0.0580490718 0)
(-0.0632319141 0.0619115017 0)
(-0.0831208696 0.0598559187 0)
(-0.101086249 0.0526055538 0)
(-0.115849132 0.0411071719 0)
(-0.126440928 0.0264236326 0)
(-0.132187239 0.00968560735 0)
(-0.132697632 -0.00791671505 0)
(-0.127870717 -0.0251250506 0)
(-0.117915458 -0.0406102748 0)
(-0.103386533 -0.0529974542 0)
(-0.0852272525 -0.060938701 0)
(-0.0648019876 -0.063249691 0)
(-0.0438652624 -0.0591133864 0)
(-0.0244675009 -0.0483249909 0)
(-0.00920309333 -0.0315520075 0)
(-0.00149088398 -0.0107193786 0)
(-0.00124269157 0.00687236836 0)
(-0.0074972645 0.0209539381 0)
(-0.0197996783 0.0325014295 0)
(-0.0355241967 0.0400872995 0)
(-0.0527239644 0.0432717634 0)
(-0.069833105 0.0421741842 0)
(-0.0854326581 0.037260619 0)
(-0.0983251713 0.0291991478 0)
(-0.107580786 0.0187673588 0)
(-0.112546722 0.00680864388 0)
(-0.112854335 -0.00578011078 0)
(-0.108431629 -0.0180487571 0)
(-0.0995214485 -0.0289997734 0)
(-0.0867021672 -0.037616065 0)
(-0.0709039777 -0.0429246751 0)
(-0.0534054932 -0.0441071887 0)
(-0.035770308 -0.0406592889 0)
(-0.0197281039 -0.0325810798 0)
(-0.00733072842 -0.0205903317 0)
(-0.0011669761 -0.00649226862 0)
(-0.000899882112 0.00347704403 0)
(-0.00566093151 0.0122244287 0)
(-0.0152978482 0.0199179405 0)
(-0.0279091958 0.0251886534 0)
(-0.0419708379 0.0275859297 0)
(-0.0561592817 0.0271262708 0)
(-0.0692274814 0.0240986739 0)
(-0.0800968179 0.0189454324 0)
(-0.0879159927 0.0121895924 0)
(-0.0920844204 0.00440206453 0)
(-0.0922681511 -0.00380767758 0)
(-0.0884155131 -0.0117927653 0)
(-0.0807724907 -0.018874876 0)
(-0.0698942042 -0.0243659735 0)
(-0.0566454538 -0.0276151929 0)
(-0.0421770504 -0.0280887053 0)
(-0.0278468989 -0.0254864184 0)
(-0.0150887327 -0.0198866111 0)
(-0.00547449434 -0.0119313566 0)
(-0.000833547302 -0.00322197472 0)
(-0.000507507489 0.00108920843 0)
(-0.00368889179 0.00574014025 0)
(-0.0105872259 0.010222381 0)
(-0.0199879404 0.0134022141 0)
(-0.030755297 0.0149400953 0)
(-0.0418076571 0.0148327188 0)
(-0.0521004756 0.0132501844 0)
(-0.0607205936 0.0104516801 0)
(-0.0669425833 0.00673881646 0)
(-0.0702538295 0.00243728284 0)
(-0.070371188 -0.00210635223 0)
(-0.0672558405 -0.00652338769 0)
(-0.061126391 -0.0104252537 0)
(-0.0524664968 -0.01341547 0)
(-0.0420201068 -0.015116712 0)
(-0.0307626616 -0.0152183512 0)
(-0.0198243284 -0.0135494055 0)
(-0.010361521 -0.010176166 0)
(-0.00352670128 -0.00555507436 0)
(-0.00045647029 -0.000945965909 0)
(-6.44910762e-05 -0.000176241103 0)
(-0.00159898876 0.00163661743 0)
(-0.00569518829 0.00359860227 0)
(-0.0117199318 0.00501067944 0)
(-0.0188880506 0.0057168463 0)
(-0.0263913897 0.00573382825 0)
(-0.0334549888 0.00514772137 0)
(-0.0394085017 0.00407326838 0)
(-0.0437225485 0.00263489249 0)
(-0.0460238845 0.00096186226 0)
(-0.046105824 -0.000810104926 0)
(-0.0439388717 -0.00253599008 0)
(-0.0396813834 -0.00406056282 0)
(-0.033686956 -0.00522175562 0)
(-0.0265027361 -0.00586030487 0)
(-0.0188496251 -0.00583829614 0)
(-0.0115675425 -0.00507039435 0)
(-0.00551559574 -0.00357095378 0)
(-0.00148203462 -0.00155258685 0)
(-3.10931768e-05 0.000233977858 0)
(0.000261395544 -0.000255578004 0)
(0.000151440238 0.000102073296 0)
(-0.00117495264 0.000547415815 0)
(-0.00348063138 0.000863516546 0)
(-0.00637558325 0.00102207811 0)
(-0.0094668736 0.00103797675 0)
(-0.012400037 0.000936217889 0)
(-0.0148817776 0.000743061744 0)
(-0.0166861003 0.000483180753 0)
(-0.0176547253 0.000180088534 1.08300126e-33)
(-0.0176985204 -0.000142308261 -1.08300126e-33)
(-0.0168014864 -0.000458218904 0)
(-0.0150266295 -0.000739019627 0)
(-0.0125219007 -0.000953244714 0)
(-0.00952354866 -0.00106773197 0)
(-0.00635302334 -0.00105052552 0)
(-0.00340014925 -0.000876787842 0)
(-0.00108361508 -0.000539616078 0)
(0.000206110936 -8.25144618e-05 0)
(0.000274563728 0.000266745615 0)
)
;

boundaryField
{
    walls
    {
        type            fixedValue;
        value           uniform (0 0 0);
    }
    mov_wall
    {
        type            fixedValue;
        value           uniform (1 0 0);
    }
    empty
    {
        type            empty;
    }
}


// ************************************************************************* //
