/*--------------------------------*- C++ -*----------------------------------*\
| =========                 |                                                 |
| \\      /  F ield         | OpenFOAM: The Open Source CFD Toolbox           |
|  \\    /   O peration     | Version:  5.x                                   |
|   \\  /    A nd           | Web:      www.OpenFOAM.org                      |
|    \\/     M anipulation  |                                                 |
\*---------------------------------------------------------------------------*/
FoamFile
{
    version     2.0;
    format      ascii;
    class       volScalarField;
    location    "2.5";
    object      p;
}
// * * * * * * * * * * * * * * * * * * * * * * * * * * * * * * * * * * * * * //

dimensions      [0 2 -2 0 0 0 0];

internalField   nonuniform List<scalar> 
400
(
7.37034207e-06
2.45246942
3.49433333
3.89888937
4.10665728
4.2247168
4.29430156
4.34028859
4.37634928
4.41012159
4.44677071
4.49092574
4.54766547
4.62450055
4.73480869
4.90460706
5.1823906
5.68421186
6.84132633
9.41173525
1.88671512
2.86729961
3.41989379
3.74775402
3.96519099
4.1097575
4.20768464
4.27900274
4.33675545
4.38962392
4.44425622
4.50658279
4.5833444
4.68330867
4.81973711
5.01368979
5.2940329
5.69847953
6.33842597
7.4283816
2.98208838
3.26254064
3.54234144
3.77068987
3.94571599
4.07572613
4.1732361
4.25001387
4.31528631
4.37624674
4.43893597
4.5090325
4.59258596
4.69679352
4.83086086
5.00664883
5.23633225
5.52394971
5.8605011
6.19824775
3.52779512
3.58535348
3.72179597
3.86538723
3.98907454
4.09084285
4.17462082
4.24572466
4.30953767
4.37103402
4.43478553
4.5052153
4.58679933
4.68426536
4.80246189
4.94570334
5.11575998
5.30515843
5.47834731
5.55964911
3.84422828
3.82689138
3.88519059
3.9693936
4.05223036
4.12780162
4.1956793
4.25748856
4.31593372
4.37410316
4.43507602
4.50186855
4.57734204
4.66401684
4.76351472
4.87552168
4.99636967
5.11481239
5.19585632
5.18372599
4.04551237
4.00366982
4.02143694
4.0678606
4.12139306
4.17575164
4.22886559
4.28054857
4.33187104
4.38450261
4.44028193
4.50097905
4.56805973
4.6423372
4.72333706
4.80837702
4.89181738
4.96268853
4.99309106
4.94681816
4.18059694
4.13384188
4.13184969
4.15537936
4.18884423
4.22707739
4.26773777
4.30988266
4.35364827
4.39974224
4.44904926
4.50234782
4.56002987
4.62173265
4.68579614
4.74863663
4.80457038
4.84467628
4.84863509
4.7936903
4.27566961
4.23085337
4.21967087
4.22968509
4.24985647
4.27636537
4.30713305
4.34099354
4.3775894
4.41700993
4.45946232
4.50500715
4.55329615
4.60326007
4.65271576
4.69802189
4.73426919
4.75485731
4.74557097
4.69205254
4.34468495
4.30374171
4.28863962
4.29083818
4.30238688
4.32058226
4.34374063
4.37071248
4.4009038
4.43402633
4.46983909
4.5079285
4.54749426
4.58711979
4.62452409
4.65642387
4.67890411
4.68734363
4.67188972
4.62322697
4.39526977
4.35851487
4.3421676
4.33996861
4.3459996
4.35837173
4.37577145
4.39715549
4.42183586
4.4493093
4.47906141
4.5103975
4.54228477
4.57320305
4.60101084
4.62293664
4.63600614
4.63710272
4.61933511
4.57638805
4.43197379
4.39926779
4.38306454
4.3785207
4.38107605
4.38940635
4.40249766
4.4194347
4.43951235
4.46211918
4.48659274
4.51209726
4.53751832
4.56137916
4.58178645
4.59649156
4.60330481
4.60018386
4.58221609
4.54490424
4.45778643
4.42890569
4.41359028
4.40795483
4.40838961
4.4139574
4.42387433
4.43734865
4.45369829
4.47227128
4.49234116
4.51302409
4.53321684
4.55156165
4.56644322
4.57608063
4.57889585
4.57358489
4.55656553
4.52448837
4.4748372
4.44958325
4.43557121
4.42963041
4.42886293
4.43260369
4.44024561
4.45110862
4.46455302
4.47992581
4.49648744
4.51336053
4.52950132
4.54369873
4.55460202
4.56082091
4.56123738
4.55504617
4.53958358
4.51226987
4.48474001
4.46296909
4.45050294
4.44476131
4.44342654
4.44603878
4.45213256
4.46112756
4.47243296
4.48541334
4.49934083
4.51336903
4.52652988
4.53775638
4.5459282
4.54996929
4.54910374
4.54286721
4.5292657
4.5062824
4.48878349
4.47041239
4.45963058
4.4544034
4.45293726
4.4549468
4.46008872
4.46787198
4.47775191
4.48911292
4.50124257
4.51332665
4.52446598
4.53371619
4.54014474
4.54292303
4.54153321
4.53575877
4.52414484
4.5051462
4.48807081
4.47306669
4.46401923
4.45946522
4.45814121
4.45993414
4.46461533
4.4717729
4.48089722
4.49138066
4.50251254
4.51349325
4.52346811
4.53158093
4.53704054
4.53920959
4.53777248
4.53271797
4.52309385
4.50783166
4.48367805
4.47202019
4.46465077
4.46077278
4.45971207
4.46154728
4.46616364
4.47321614
4.48221087
4.49252425
4.50341975
4.51408012
4.5236573
4.53133892
4.53642564
4.53842251
4.53718044
4.53288842
4.52513669
4.51342657
4.47686537
4.46839776
4.46243945
4.45902595
4.45817251
4.46018044
4.46504538
4.47246768
4.48193808
4.49278047
4.50419139
4.51529036
4.52518452
4.53304886
4.53821791
4.54028816
4.53924902
4.53550857
4.52929789
4.5208665
4.46929611
4.4632046
4.45768462
4.45397844
4.45293251
4.4550998
4.46055351
4.46897882
4.47978137
4.49215917
4.5051642
4.51776843
4.52894111
4.5377442
4.54344433
4.54564079
4.5444143
4.54042616
4.5347092
4.52867626
4.46345912
4.45753344
4.45038104
4.44493763
4.44291412
4.4451062
4.4515782
4.46188346
4.47522523
4.49056134
4.50668236
4.52228591
4.53606323
4.54680917
4.55356179
4.55577513
4.55353007
4.54775935
4.5403616
4.53447231
)
;

boundaryField
{
    walls
    {
        type            zeroGradient;
    }
    mov_wall
    {
        type            zeroGradient;
    }
    empty
    {
        type            empty;
    }
}


// ************************************************************************* //
