/*--------------------------------*- C++ -*----------------------------------*\
| =========                 |                                                 |
| \\      /  F ield         | OpenFOAM: The Open Source CFD Toolbox           |
|  \\    /   O peration     | Version:  5.x                                   |
|   \\  /    A nd           | Web:      www.OpenFOAM.org                      |
|    \\/     M anipulation  |                                                 |
\*---------------------------------------------------------------------------*/
FoamFile
{
    version     2.0;
    format      ascii;
    class       surfaceScalarField;
    location    "2.5";
    object      phi;
}
// * * * * * * * * * * * * * * * * * * * * * * * * * * * * * * * * * * * * * //

dimensions      [0 3 -1 0 0 0 0];

internalField   nonuniform List<scalar> 
760
(
0.00134817529
-0.0013481788
0.00245763913
-0.00110946383
0.00313513423
-0.000677495095
0.00355971522
-0.000424581003
0.00383225061
-0.000272535423
0.00400945121
-0.000177200607
0.00412521332
-0.000115762105
0.00419921572
-7.40023783e-05
0.0042424309
-4.32151741e-05
0.00426055209
-1.81212159e-05
0.0042556209
4.93117852e-06
0.00422675645
2.88644715e-05
0.00416938827
5.73682307e-05
0.00407358417
9.58041472e-05
0.0039199503
0.000153633861
0.00367201886
0.000247931404
0.00326315997
0.000408858891
0.00257264066
0.000690519373
0.00140850172
0.00116413902
0.00140850176
-5.46960416e-05
-0.00129348276
0.000412591733
-0.00157675159
0.00103002873
-0.00129493206
0.00157871243
-0.000973264666
0.00201483072
-0.000708653707
0.00234477468
-0.000507144574
0.00258511316
-0.000356100588
0.00275126581
-0.000240155004
0.00285456393
-0.000146513246
0.00290179138
-6.53486386e-05
0.00289536275
1.13597854e-05
0.00283292677
9.13004113e-05
0.00270712258
0.000183172427
0.00250436115
0.000298565627
0.00220410792
0.000453887143
0.00178090036
0.000671138953
0.00121756715
0.000972192033
0.000552812129
0.00135527432
1.30663413e-05
0.00170388479
0.00142156815
-0.000271735093
-0.00102174766
-0.000221027555
-0.00162745915
7.13662594e-05
-0.00158732586
0.000446283396
-0.00134818177
0.000812486611
-0.0010748569
0.00112929534
-0.000823953305
0.00138207358
-0.000608878857
0.00156800252
-0.00042608394
0.00168837122
-0.000266881911
0.00174467869
-0.000121656056
0.00173678406
1.92544322e-05
0.0016621291
0.000165955349
0.00151570815
0.000329593344
0.00129125028
0.000523023515
0.00098500863
0.00076012886
0.000605007503
0.00105114014
0.000189849375
0.00138735015
-0.000160045758
0.0017051694
-0.000261640859
0.00180547985
0.00115992733
-0.000227941922
-0.000793805709
-0.000361198364
-0.00149420274
-0.000308330129
-0.0016401941
-0.000134824091
-0.00152168778
8.92054781e-05
-0.00129888643
0.000314966952
-0.00104971476
0.000513257163
-0.000807169089
0.000668293451
-0.000581120257
0.000771983316
-0.000370571767
0.000820029
-0.000169701685
0.000809720748
2.95627378e-05
0.000739194597
0.000236481501
0.000607929941
0.000460857954
0.000419106048
0.00071184738
0.00018452056
0.000994714384
-6.7193834e-05
0.0013028546
-0.000280619178
0.00160077554
-0.000369419288
0.00179396948
-0.000246993883
0.0016830544
0.000912933456
-0.000168965543
-0.00062484012
-0.000352017295
-0.001311151
-0.000431559812
-0.0015606516
-0.000408912237
-0.00154433536
-0.000319439569
-0.00138835906
-0.000200100637
-0.00116905365
-7.98164739e-05
-0.000927453242
2.1571118e-05
-0.000682507881
9.14211086e-05
-0.000440421786
0.000122127696
-0.000200408248
0.000109749765
4.19407374e-05
5.36388416e-05
0.00029259247
-4.27550989e-05
0.000557251873
-0.000169699165
0.000838791389
-0.000307656456
0.00113267166
-0.000423471475
0.00141866967
-0.000470026608
0.00164733074
-0.000397825655
0.00172176856
-0.000196431262
0.00148165998
0.000716502172
-0.000124192462
-0.000500647616
-0.000308336745
-0.00112700671
-0.000450496252
-0.00141849211
-0.000523207327
-0.00147162431
-0.000535395513
-0.00137617087
-0.000508166307
-0.00119628281
-0.000463163241
-0.000972456259
-0.000418067958
-0.000727603166
-0.000385626446
-0.000472863342
-0.000373919595
-0.000212115122
-0.000386735188
5.47563749e-05
-0.000423466172
0.000329323532
-0.000478362231
0.000612147963
-0.000539183171
0.000899612287
-0.000585822719
0.00117931115
-0.000590515061
0.00142336202
-0.00052308679
0.00157990253
-0.000366699859
0.00156538169
-0.000150586181
0.00126554632
0.000565915951
-9.45732451e-05
-0.000406074349
-0.00026465076
-0.000956929153
-0.000430740347
-0.00125240251
-0.000556979962
-0.00134538472
-0.000636797286
-0.00129635357
-0.000678146759
-0.00115493331
-0.000693949658
-0.000956653294
-0.000696935505
-0.00072461727
-0.000697280643
-0.000472518224
-0.000701668412
-0.000207727407
-0.000712867132
6.59550848e-05
-0.000729342241
0.000345798706
-0.000744758914
0.000627564717
-0.000747584516
0.000902437905
-0.000721473177
0.00115319976
-0.00064784572
0.00134973451
-0.000512878348
0.00144493517
-0.000321206943
0.00137371035
-0.000116485859
0.00106082528
0.000449430067
-7.53440061e-05
-0.000330730347
-0.000228207655
-0.000804065463
-0.000398355247
-0.00108225488
-0.000550541946
-0.00119319801
-0.000670629717
-0.00117626583
-0.000757582358
-0.0010679807
-0.000816789401
-0.000897446213
-0.000855592405
-0.000685814187
-0.000880629451
-0.000447481138
-0.000896365499
-0.000191991397
-0.00090427508
7.38646069e-05
-0.000902364884
0.000343888516
-0.000884976147
0.000610176061
-0.000843107354
0.000860569188
-0.000765822625
0.00107591503
-0.000643666455
0.00122757828
-0.000475105001
0.00127637368
-0.000276310351
0.00117491572
-9.21329827e-05
0.000876647965
0.00035729709
-6.22885e-05
-0.000268441866
-0.000198541907
-0.00066781204
-0.000362894727
-0.000917902007
-0.000523852324
-0.00103224037
-0.000664417363
-0.00103570081
-0.000778131554
-0.000954266556
-0.000864815189
-0.000810762596
-0.000927168704
-0.000623460613
-0.000968402976
-0.000406246779
-0.000990724464
-0.000169669883
-0.000994439487
7.75795755e-05
-0.0009775286
0.000326977573
-0.000935697456
0.00056834494
-0.000863103181
0.000787975001
-0.00075412458
0.000966936494
-0.000606627275
0.00108008097
-0.000426951002
0.00109669736
-0.000236038583
0.000984003281
-7.43491007e-05
0.00071495851
0.000282948017
-5.27690519e-05
-0.000215672825
-0.000173813058
-0.000546768052
-0.000327557876
-0.000764157163
-0.000486866634
-0.000872931546
-0.000634381011
-0.000888186385
-0.000760758854
-0.000827888739
-0.000862117808
-0.000709403701
-0.000937655974
-0.000547922454
-0.000987784406
-0.00035611827
-0.00101282505
-0.000144629155
-0.00101222375
7.69782904e-05
-0.000984241593
0.00029899535
-0.000926163822
0.00051026712
-0.000835159371
0.000696970584
-0.000709976428
0.000841753637
-0.000553597498
0.000923702094
-0.000376677059
0.000919776909
-0.000200960091
0.000808286274
-6.08626462e-05
0.000574861057
0.000222085395
-4.52978851e-05
-0.000170374924
-0.000152453885
-0.000439612086
-0.000293299441
-0.00062331163
-0.000444762778
-0.000721468168
-0.000590345317
-0.000742603767
-0.000719472648
-0.000698761372
-0.000826045513
-0.000602830879
-0.000906877288
-0.000467090743
-0.000960346557
-0.000302648996
-0.000985402026
-0.000119573597
-0.000980961979
7.25383258e-05
-0.000945730974
0.000263764342
-0.000878479012
0.000443015092
-0.00077885418
0.000597345713
-0.000648783304
0.000711682798
-0.000494402945
0.000769321809
-0.000328203733
0.000753577739
-0.000170678151
0.00065076068
-5.02806013e-05
0.000454463484
0.000171804798
-3.90620293e-05
-0.000131312856
-0.000133403359
-0.000345270768
-0.000260349159
-0.000496365881
-0.000400387706
-0.000581429638
-0.00053842941
-0.000604562005
-0.000663690484
-0.000573500216
-0.000768935332
-0.000497586008
-0.00084952009
-0.000386506044
-0.000902497792
-0.000249671358
-0.000925930882
-9.61404892e-05
-0.000918485683
6.50932186e-05
-0.000879353166
0.000224631898
-0.000808532632
0.000372194548
-0.00070750301
0.000496316028
-0.000580259911
0.000584439668
-0.000434587028
0.000623648961
-0.000283247434
0.000602238205
-0.000144572919
0.000512086195
-4.17550559e-05
0.000351645615
0.000130049732
-3.36091881e-05
-9.77036362e-05
-0.000115972773
-0.000262907144
-0.000228684519
-0.000383654169
-0.000355329057
-0.000454785158
-0.000482445632
-0.000477445437
-0.000599653017
-0.000456292761
-0.00069932043
-0.000397918512
-0.000776045707
-0.000309780757
-0.00082612262
-0.000199594511
-0.000847119096
-7.51440717e-05
-0.000837641179
5.56153276e-05
-0.000797327594
0.000184318401
-0.00072709841
0.000301965425
-0.000629652981
0.000398870586
-0.000510160789
0.000464947424
-0.000377003227
0.000490491376
-0.000242313654
0.00046754866
-0.000121977618
0.000391750203
-3.47330329e-05
0.000264401052
9.53166959e-05
-2.86572462e-05
-6.90463964e-05
-9.96593169e-05
-0.000191904999
-0.000198115237
-0.000285198226
-0.000310354852
-0.00034254559
-0.000424612396
-0.000363187954
-0.000531261283
-0.000349643872
-0.000622760004
-0.000306419716
-0.000693440548
-0.000239100137
-0.000739252391
-0.000153782669
-0.000757551585
-5.6844945e-05
-0.000746997232
4.50609257e-05
-0.000707592163
0.00014491336
-0.000640879263
0.000235252602
-0.000550272752
0.000308264125
-0.00044145899
0.000356133651
-0.000322743484
0.000371775831
-0.000205165116
0.000349970278
-0.000102184715
0.000288769823
-2.88022083e-05
0.000191018574
6.65145019e-05
-2.39809638e-05
-4.50654812e-05
-8.39964685e-05
-0.000131889431
-0.000168255143
-0.000200939478
-0.000265592442
-0.000245208277
-0.000365931452
-0.000262848997
-0.000460589329
-0.000254986054
-0.000542417453
-0.000224591584
-0.000605814518
-0.000175702996
-0.000646674507
-0.000112922614
-0.000662332095
-4.11873626e-05
-0.000651554323
3.42830936e-05
-0.000614606491
0.000107965488
-0.000553394948
0.000174041086
-0.000471659137
0.000226528376
-0.000375150295
0.00025962485
-0.000271699332
0.000268324862
-0.00017105725
0.00024932817
-8.44162921e-05
0.000202128857
-2.35996525e-05
0.000130201949
4.29148746e-05
-1.93489856e-05
-2.57165545e-05
-6.8469116e-05
-8.27692924e-05
-0.000138504849
-0.000130903675
-0.000220635032
-0.000163078025
-0.000306424215
-0.000177059805
-0.000388223498
-0.000173186826
-0.000459468005
-0.000153347129
-0.000514852924
-0.000120318064
-0.000550422459
-7.73530072e-05
-0.000563620126
-2.79896375e-05
-0.000553341254
2.4004216e-05
-0.000520009852
7.46340371e-05
-0.000465676867
0.00011970807
-0.000394110152
0.000154961682
-0.000310819296
0.000176334041
-0.000222938662
0.00018044426
-0.000138893031
0.000165282538
-6.78127582e-05
0.000131048568
-1.87619125e-05
8.11510991e-05
2.41529836e-05
-1.45053041e-05
-1.12112755e-05
-5.25203219e-05
-4.47543208e-05
-0.000108121166
-7.53028153e-05
-0.000174685097
-9.65140276e-05
-0.000245339436
-0.000106405402
-0.000313515983
-0.000105010273
-0.000373382204
-9.34809567e-05
-0.000420123078
-7.3577233e-05
-0.00045010932
-4.73667484e-05
-0.000461002216
-1.70966786e-05
-0.000451834988
1.48370367e-05
-0.000423090806
4.58898533e-05
-0.000376770674
7.33879023e-05
-0.000316422119
9.4613105e-05
-0.00024707624
0.000106988178
-0.000175028048
0.000108396103
-0.000107401667
9.76561798e-05
-5.14851889e-05
7.51320911e-05
-1.3914453e-05
4.35803543e-05
1.02385408e-05
-9.20261669e-06
-2.00863119e-06
-3.56841542e-05
-1.82728399e-05
-7.64342944e-05
-3.45527151e-05
-0.000126808954
-4.61393557e-05
-0.000181405069
-5.18092274e-05
-0.000234813247
-5.16020393e-05
-0.000282127568
-4.61666321e-05
-0.000319258325
-3.64465143e-05
-0.000343110972
-2.35141328e-05
-0.000351694421
-8.51321222e-06
-0.000344201571
7.34423818e-06
-0.000321079428
2.27677509e-05
-0.000284081833
3.63903099e-05
-0.000236276038
4.68072886e-05
-0.000181955962
5.26680911e-05
-0.000126401979
5.28421348e-05
-7.54275077e-05
4.66817356e-05
-3.4681161e-05
3.43857617e-05
-8.713797e-06
1.76129904e-05
1.52474614e-06
-3.43742959e-06
1.42885038e-06
-1.80435561e-05
-3.66673256e-06
-4.34053193e-05
-9.19100036e-06
-7.64324082e-05
-1.31123052e-05
-0.000113185264
-1.50563664e-05
-0.000149662576
-1.51246849e-05
-0.000182248441
-1.3580728e-05
-0.000207949327
-1.0745625e-05
-0.000224510344
-6.95314269e-06
-0.000230480966
-2.54261156e-06
-0.000225268986
2.13227045e-06
-0.000209193732
6.69253224e-06
-0.000183532477
1.0729084e-05
-0.000150534516
1.38093339e-05
-0.000113366632
1.55001989e-05
-7.59386961e-05
1.54141993e-05
-4.25466553e-05
1.3289711e-05
-1.72765208e-05
9.11564929e-06
-3.10382483e-06
3.44030643e-06
-1.57907636e-06
1.42889281e-06
-2.23779478e-06
-1.14287709e-05
-2.45410841e-05
-3.9597469e-05
-5.47221522e-05
-6.83028489e-05
-7.90484346e-05
-8.60015586e-05
-8.85441794e-05
-8.64119276e-05
-7.97194023e-05
-6.89903104e-05
-5.51809676e-05
-3.96807715e-05
-2.42665848e-05
-1.09768844e-05
-1.86123582e-06
1.57907561e-06
)
;

boundaryField
{
    walls
    {
        type            calculated;
        value           uniform 0;
    }
    mov_wall
    {
        type            calculated;
        value           uniform 0;
    }
    empty
    {
        type            empty;
        value           nonuniform 0();
    }
}


// ************************************************************************* //
