/*--------------------------------*- C++ -*----------------------------------*\
| =========                 |                                                 |
| \\      /  F ield         | OpenFOAM: The Open Source CFD Toolbox           |
|  \\    /   O peration     | Version:  5.x                                   |
|   \\  /    A nd           | Web:      www.OpenFOAM.org                      |
|    \\/     M anipulation  |                                                 |
\*---------------------------------------------------------------------------*/
FoamFile
{
    version     2.0;
    format      ascii;
    class       volVectorField;
    location    "2.5";
    object      U;
}
// * * * * * * * * * * * * * * * * * * * * * * * * * * * * * * * * * * * * * //

dimensions      [0 1 -1 0 0 0 0];

internalField   nonuniform List<vector> 
400
(
(0.291698245 0.149644025 0)
(0.388186893 0.128007802 0)
(0.557615939 0.0757318666 0)
(0.674785608 0.0433044485 0)
(0.743766474 0.0251590991 0)
(0.787074855 0.014880283 0)
(0.815462741 0.00893090525 0)
(0.833939302 0.00530991545 0)
(0.845365176 0.00289955593 0)
(0.851348964 0.00108485412 2.66527408e-34)
(0.852640448 -0.000502847892 -2.66527408e-34)
(0.849354009 -0.00216071353 0)
(0.840973122 -0.00421709631 0)
(0.826113571 -0.00722097209 0)
(0.802020273 -0.0122364838 0)
(0.763538838 -0.021389194 0)
(0.699488823 -0.0388386053 0)
(0.584557301 -0.0722732723 0)
(0.407900527 -0.128436311 0)
(0.300688069 -0.152947542 0)
(0.0012040691 0.2874327 0)
(0.0133207463 0.293872296 0)
(0.140044232 0.209904905 0)
(0.264971332 0.142986141 0)
(0.364177393 0.0968019187 0)
(0.440119601 0.0654410339 0)
(0.496540456 0.0439761619 0)
(0.53669038 0.0287010832 0)
(0.563273707 0.0170798109 0)
(0.57813655 0.00742307785 0)
(0.582209496 -0.00150099105 0)
(0.575514498 -0.010797711 0)
(0.557108565 -0.0217345901 0)
(0.524912414 -0.0361396123 0)
(0.47551795 -0.0569634048 0)
(0.404325672 -0.0889770588 0)
(0.305687076 -0.139150677 0)
(0.174497668 -0.215275149 0)
(0.0341065356 -0.310801132 0)
(0.0108691469 -0.305909064 0)
(-0.032146814 0.241774058 0)
(-0.0634305153 0.333547239 0)
(-0.0219364594 0.299502453 0)
(0.0505992419 0.240051526 0)
(0.127396844 0.1830206 0)
(0.196817902 0.135454288 0)
(0.254166225 0.0974521151 0)
(0.298087277 0.0668889841 0)
(0.328664549 0.0413757044 0)
(0.346306651 0.0187814235 -2.35797561e-33)
(0.351210145 -0.00280944612 2.35797561e-33)
(0.343125634 -0.0252949305 0)
(0.321276562 -0.0508297776 0)
(0.284432022 -0.0820946213 0)
(0.231328111 -0.122479539 0)
(0.161916242 -0.175657797 0)
(0.079834677 -0.243208233 0)
(-0.00333753394 -0.317981785 0)
(-0.0578532124 -0.366363395 0)
(-0.0313893369 -0.270690646 0)
(-0.0261204452 0.182361612 0)
(-0.0666194099 0.316884086 0)
(-0.0735380767 0.33090155 0)
(-0.0481312022 0.29535259 0)
(-0.00567285947 0.244253103 0)
(0.0411115856 0.192431313 0)
(0.0845440209 0.14509464 0)
(0.120423075 0.103006306 0)
(0.14658387 0.0651541533 0)
(0.161924048 0.0298883355 2.35547105e-33)
(0.165811398 -0.00469424785 -2.35547105e-33)
(0.157797454 -0.0406694124 0)
(0.13758527 -0.0803024281 0)
(0.105284146 -0.125979197 0)
(0.0620891615 -0.179774382 0)
(0.0116086265 -0.242029279 0)
(-0.0380288011 -0.307763943 0)
(-0.072049326 -0.359579031 0)
(-0.071164009 -0.355585416 0)
(-0.0287210746 -0.209178507 0)
(-0.0176297067 0.140767878 0)
(-0.0549166742 0.281827008 0)
(-0.0828633128 0.32448398 0)
(-0.0880767647 0.312396262 0)
(-0.0751204605 0.274441349 0)
(-0.0526286197 0.226777781 0)
(-0.0275130456 0.177302231 0)
(-0.00458146003 0.129144959 0)
(0.0130219987 0.0829120623 0)
(0.0233552481 0.0379329309 -2.94546215e-34)
(0.0253082155 -0.00710128562 2.94546215e-34)
(0.0184137604 -0.0537992149 0)
(0.00288567489 -0.103800791 0)
(-0.0200883339 -0.158367355 0)
(-0.0477717153 -0.217530077 0)
(-0.0750621454 -0.278346895 0)
(-0.0936271596 -0.331694183 0)
(-0.0922272984 -0.357398352 0)
(-0.0635075568 -0.318879542 0)
(-0.0207312748 -0.1620766 0)
(-0.011654302 0.11159214 0)
(-0.0431523256 0.243764912 0)
(-0.0782843131 0.299858815 0)
(-0.100579807 0.30500006 0)
(-0.108311372 0.280420395 0)
(-0.10571751 0.240368312 0)
(-0.0975373688 0.193276991 0)
(-0.0877947993 0.143544766 0)
(-0.0795366539 0.0930256961 0)
(-0.0748287331 0.0420751119 0)
(-0.0748496308 -0.00975910659 0)
(-0.0799359879 -0.0632502075 0)
(-0.0895012876 -0.119032642 0)
(-0.10181396 -0.176992653 0)
(-0.113691828 -0.235297045 0)
(-0.120285438 -0.288848184 0)
(-0.115237456 -0.327083954 0)
(-0.0922713437 -0.33156586 0)
(-0.0521877073 -0.27511922 0)
(-0.0142847965 -0.127259923 0)
(-0.00803187814 0.0899678363 0)
(-0.0343053994 0.207876184 0)
(-0.0703689479 0.267740566 0)
(-0.100959814 0.283508154 0)
(-0.121509823 0.269752688 0)
(-0.133062879 0.237806767 0)
(-0.138136921 0.195383172 0)
(-0.139451455 0.14721576 0)
(-0.139366965 0.0958902369 0)
(-0.139600572 0.0425956315 0)
(-0.141115438 -0.0122623678 0)
(-0.144055909 -0.0685396538 0)
(-0.147658318 -0.125823811 0)
(-0.15014154 -0.182786222 0)
(-0.148668493 -0.236313463 0)
(-0.139566088 -0.280389063 0)
(-0.119016124 -0.304899524 0)
(-0.0848749385 -0.294956439 0)
(-0.0422047128 -0.2321539 0)
(-0.0100065987 -0.100709597 0)
(-0.00589821022 0.0731566603 0)
(-0.0280515383 0.175459276 0)
(-0.0624623122 0.233454 0)
(-0.09619351 0.254649509 0)
(-0.123784862 0.248661096 0)
(-0.144337183 0.22397707 0)
(-0.158622909 0.18707136 0)
(-0.168070512 0.14243327 0)
(-0.174172032 0.0929428406 0)
(-0.178092696 0.0403531763 0)
(-0.180457291 -0.0142242734 0)
(-0.181230976 -0.0698440738 0)
(-0.179648164 -0.125224844 0)
(-0.174205915 -0.178176419 0)
(-0.162809633 -0.22493968 0)
(-0.143212971 -0.259511549 0)
(-0.113841912 -0.273200119 0)
(-0.0753167665 -0.254895392 0)
(-0.0343189493 -0.192925121 0)
(-0.00728499156 -0.0799915227 0)
(-0.00459313759 0.0595157261 0)
(-0.0235442395 0.146541861 0)
(-0.055343153 0.19966105 0)
(-0.0893199394 0.222700307 0)
(-0.120052193 0.221818 0)
(-0.145609574 0.203130459 0)
(-0.165571223 0.171795351 0)
(-0.180317732 0.131774718 0)
(-0.190531734 0.0859399723 0)
(-0.196814395 0.0363508879 2.97712171e-34)
(-0.199449544 -0.0153912487 -2.97712171e-34)
(-0.198276238 -0.067755964 0)
(-0.192646693 -0.118866792 0)
(-0.181489795 -0.166058054 0)
(-0.163546425 -0.205439473 0)
(-0.137858966 -0.231576377 0)
(-0.104503548 -0.237503608 0)
(-0.0656638103 -0.215385167 0)
(-0.0281738295 -0.158249134 0)
(-0.00551069519 -0.0634665553 0)
(-0.00373314958 0.0480880269 0)
(-0.0201212661 0.120838582 0)
(-0.0490154617 0.167675256 0)
(-0.0816390921 0.190286088 0)
(-0.112989597 0.192486159 0)
(-0.140680744 0.1785557 4.67989104e-33)
(-0.16355761 0.152464205 0)
(-0.181246522 0.117554051 0)
(-0.193784417 0.0765041848 -4.74064885e-33)
(-0.2012972 0.0314708766 2.2659416e-36)
(-0.203789405 -0.0156740707 4.98647908e-36)
(-0.201035558 -0.063054867 0)
(-0.192566098 -0.108480519 0)
(-0.177765647 -0.149140115 0)
(-0.156124997 -0.18135947 0)
(-0.127679831 -0.200522788 0)
(-0.0935645925 -0.201317183 0)
(-0.0566770548 -0.178462872 0)
(-0.0233146716 -0.128089409 0)
(-0.00429570664 -0.050043264 0)
(-0.00311503712 0.0383303163 0)
(-0.0173631049 0.0980500274 0)
(-0.0433175958 0.138128768 0)
(-0.0737180272 0.158977773 0)
(-0.104104367 0.162836723 0)
(-0.131970409 0.152616749 -4.67989104e-33)
(-0.155761458 0.131294467 0)
(-0.174612684 0.10160234 0)
(-0.188100023 0.0659284396 4.74064885e-33)
(-0.195997203 0.0263692449 1.49107188e-33)
(-0.19811138 -0.0151229883 -1.4983243e-33)
(-0.194203777 -0.0565435025 0)
(-0.183996342 -0.0956249597 0)
(-0.167276981 -0.129653523 0)
(-0.14412423 -0.155367464 0)
(-0.115252328 -0.169021035 0)
(-0.0823813054 -0.166712549 0)
(-0.0485940413 -0.145039137 0)
(-0.0193975721 -0.102102627 0)
(-0.00342090594 -0.0390047371 0)
(-0.00263392399 0.0299259622 0)
(-0.015022571 0.0779293451 0)
(-0.0380973015 0.111309967 0)
(-0.065817363 0.129694427 0)
(-0.0942791698 0.134262436 0)
(-0.121043617 0.126923971 0)
(-0.144383103 0.109859391 0)
(-0.163148407 0.0852471603 0)
(-0.176618888 0.055141116 0)
(-0.184334833 0.0214702045 2.99743325e-34)
(-0.185982291 -0.0138810493 -2.99743325e-34)
(-0.181343047 -0.0489508275 0)
(-0.170313385 -0.0815735143 0)
(-0.152998752 -0.109287998 0)
(-0.129891199 -0.129329349 0)
(-0.102114192 -0.138762859 0)
(-0.0716391663 -0.134814875 0)
(-0.0414364698 -0.115406265 0)
(-0.0161842991 -0.0798575463 0)
(-0.00276402425 -0.0298604128 0)
(-0.00223472047 0.0226797523 0)
(-0.0129540428 0.0602831535 0)
(-0.033237946 0.0873298068 0)
(-0.058055186 0.102953263 0)
(-0.0840348864 0.107620506 0)
(-0.108905432 0.102519452 0)
(-0.130913281 0.0892075725 0)
(-0.148774916 0.0693810625 0)
(-0.161602561 0.0447496963 0)
(-0.168800273 0.0170066373 3.001379e-34)
(-0.169992541 -0.0121369278 -3.001379e-34)
(-0.164998712 -0.0408855319 0)
(-0.153856655 -0.0672944234 0)
(-0.136898318 -0.0892405398 0)
(-0.11487602 -0.104467432 0)
(-0.0891184485 -0.11074316 0)
(-0.0616325356 -0.10615698 0)
(-0.0351268005 -0.0895344249 0)
(-0.0135036737 -0.0609258443 0)
(-0.00225325984 -0.0222576114 0)
(-0.00188544028 0.0164660285 0)
(-0.0110623845 0.0449639432 0)
(-0.0286408845 0.0662096312 0)
(-0.0504606843 0.0790267629 0)
(-0.0736525251 0.083411201 0)
(-0.0961633476 0.0800403991 0)
(-0.116304904 0.0699944191 0)
(-0.132762176 0.0545603884 0)
(-0.144574338 0.0351139614 0)
(-0.151081134 0.0130746584 0)
(-0.151886612 -0.0100879024 0)
(-0.146851793 -0.0328245182 0)
(-0.136118404 -0.0534815317 0)
(-0.120163304 -0.0703088445 0)
(-0.0998785695 -0.0815288483 0)
(-0.0766565485 -0.0854910509 0)
(-0.052411832 -0.0809225679 0)
(-0.0295298246 -0.0672461828 0)
(-0.0112184931 -0.0449261687 0)
(-0.00184128369 -0.0159379308 0)
(-0.00156250333 0.0112075781 0)
(-0.00926977726 0.0318700682 0)
(-0.02420224 0.0479361792 0)
(-0.0429879497 0.0580482274 0)
(-0.0632311952 0.0619105934 0)
(-0.0831199341 0.0598550355 0)
(-0.101085114 0.0526047847 0)
(-0.115847831 0.0411065955 0)
(-0.126439511 0.0264233035 0)
(-0.132185773 0.0096855499 0)
(-0.132696189 -0.00791650292 0)
(-0.127869358 -0.0251245902 0)
(-0.117914233 -0.0406096046 0)
(-0.103385481 -0.0529966324 0)
(-0.0852264034 -0.0609378051 0)
(-0.0648013572 -0.0632488093 0)
(-0.0438648466 -0.0591126055 0)
(-0.0244672742 -0.0483243836 0)
(-0.00920300936 -0.0315516264 0)
(-0.00149087046 -0.0107192513 0)
(-0.00124267741 0.00687225826 0)
(-0.0074971664 0.0209536071 0)
(-0.0197994077 0.032500921 0)
(-0.0355237067 0.0400866757 0)
(-0.0527232402 0.0432710902 0)
(-0.069832155 0.0421735264 0)
(-0.0854315063 0.0372600401 0)
(-0.0983238526 0.0291987073 0)
(-0.107579349 0.0187671038 0)
(-0.112545229 0.00680859899 0)
(-0.112852859 -0.00577994642 0)
(-0.108430241 -0.0180484045 0)
(-0.0995202055 -0.0289992663 0)
(-0.0867011092 -0.0376154483 0)
(-0.07090313 -0.0429240051 0)
(-0.0534048667 -0.0441065312 0)
(-0.0357698965 -0.0406587115 0)
(-0.0197278816 -0.0325806398 0)
(-0.00733064798 -0.0205900667 0)
(-0.00116696395 -0.00649218859 0)
(-0.000899867984 0.00347699083 0)
(-0.00566084617 0.0122242288 0)
(-0.0152976163 0.0199176116 0)
(-0.0279087666 0.0251882395 0)
(-0.0419701878 0.0275854808 0)
(-0.0561584135 0.0271258329 0)
(-0.0692264201 0.0240982874 0)
(-0.0800956013 0.018945134 0)
(-0.0879146674 0.0121894146 0)
(-0.092083042 0.00440202905 0)
(-0.0922667845 -0.0038075668 0)
(-0.0884142259 -0.0117925228 0)
(-0.0807713419 -0.018874529 0)
(-0.0698932354 -0.0243655563 0)
(-0.0566446875 -0.0276147444 0)
(-0.0421764916 -0.0280882688 0)
(-0.0278465365 -0.0254860393 0)
(-0.0150885397 -0.0198863295 0)
(-0.00547442627 -0.0119311974 0)
(-0.000833537672 -0.00322193617 0)
(-0.000507495413 0.00108919821 0)
(-0.00368882751 0.0057400508 0)
(-0.0105870543 0.0102222097 0)
(-0.0199876156 0.0134019855 0)
(-0.0307547906 0.014939843 0)
(-0.0418069634 0.0148324739 0)
(-0.0520996125 0.0132499708 0)
(-0.0607195962 0.0104515151 0)
(-0.0669414955 0.00673871523 0)
(-0.0702526992 0.00243725853 0)
(-0.0703700673 -0.00210629331 0)
(-0.067254784 -0.00652325072 0)
(-0.06112545 -0.0104250551 0)
(-0.0524657102 -0.0134152326 0)
(-0.0420194951 -0.0151164607 0)
(-0.0307622266 -0.0152181108 0)
(-0.0198240551 -0.0135492009 0)
(-0.0103613815 -0.0101760199 0)
(-0.00352665545 -0.00555500058 0)
(-0.000456465005 -0.000945957633 0)
(-6.44855033e-05 -0.000176230264 0)
(-0.00159895567 0.00163660084 0)
(-0.0056950923 0.00359854763 0)
(-0.0117197389 0.00501059452 0)
(-0.0188877363 0.00571674717 0)
(-0.0263909439 0.00573373212 0)
(-0.033454419 0.00514764046 0)
(-0.0394078322 0.0040732082 0)
(-0.0437218133 0.00263485533 0)
(-0.046023121 0.000961851351 0)
(-0.0461050692 -0.000810085432 0)
(-0.0439381623 -0.002535939 0)
(-0.0396807542 -0.00406048517 0)
(-0.0336864355 -0.00522166188 0)
(-0.0265023407 -0.00586020724 0)
(-0.0188493556 -0.00583820571 0)
(-0.011567385 -0.00507032064 0)
(-0.00551552512 -0.00357090521 0)
(-0.00148201801 -0.00155256882 0)
(-3.10938896e-05 0.000233971154 0)
(0.000261392956 -0.000255570437 0)
(0.000151440405 0.000102077476 0)
(-0.00117493293 0.000547411125 0)
(-0.00348057668 0.000863503379 0)
(-0.00637548237 0.00102206018 0)
(-0.00946672016 0.00103795912 0)
(-0.0123998314 0.000936204256 0)
(-0.0148815284 0.000743052896 0)
(-0.0166858223 0.00048317561 0)
(-0.0176544357 0.000180086518 1.08300382e-33)
(-0.0176982357 -0.000142306106 -1.08300382e-33)
(-0.0168012211 -0.000458211091 0)
(-0.0150263969 -0.000739006187 0)
(-0.0125217123 -0.000953227802 0)
(-0.00952341182 -0.00106771472 0)
(-0.00635293882 -0.00105051057 0)
(-0.00340011008 -0.000876776907 0)
(-0.00108360785 -0.000539610475 0)
(0.000206103651 -8.25151363e-05 0)
(0.000274558812 0.00026674065 0)
)
;

boundaryField
{
    walls
    {
        type            fixedValue;
        value           uniform (0 0 0);
    }
    mov_wall
    {
        type            fixedValue;
        value           uniform (1 0 0);
    }
    empty
    {
        type            empty;
    }
}


// ************************************************************************* //
