/*--------------------------------*- C++ -*----------------------------------*\
| =========                 |                                                 |
| \\      /  F ield         | OpenFOAM: The Open Source CFD Toolbox           |
|  \\    /   O peration     | Version:  5.x                                   |
|   \\  /    A nd           | Web:      www.OpenFOAM.org                      |
|    \\/     M anipulation  |                                                 |
\*---------------------------------------------------------------------------*/
FoamFile
{
    version     2.0;
    format      ascii;
    class       volScalarField;
    location    "6";
    object      p;
}
// * * * * * * * * * * * * * * * * * * * * * * * * * * * * * * * * * * * * * //

dimensions      [0 2 -2 0 0 0 0];

internalField   nonuniform List<scalar> 
400
(
1.49962599e-06
2.45246094
3.49432462
3.89888077
4.10664873
4.22470824
4.29429291
4.34027975
4.37634022
4.41011233
4.44676128
4.4909162
4.54765585
4.6244909
4.73479909
4.90459759
5.18238126
5.68420262
6.84131717
9.41172618
1.88670664
2.86729081
3.41988502
3.74774529
3.96518225
4.10974873
4.20767579
4.27899375
4.33674629
4.3896146
4.44424679
4.50657332
4.58333492
4.6832992
4.81972769
5.01368047
5.29402374
5.69847048
6.33841698
7.42837266
2.98207916
3.2625316
3.54233251
3.77068099
3.9457071
4.07571719
4.17322708
4.25000476
4.31527707
4.37623736
4.4389265
4.50902301
4.59257653
4.69678416
4.83085154
5.00663957
5.23632311
5.52394069
5.86049218
6.19823894
3.52778557
3.58534417
3.72178683
3.86537818
3.9890655
4.09083375
4.17461164
4.24571542
4.30952835
4.37102459
4.434776
4.50520575
4.58678986
4.68425601
4.80245261
4.9456941
5.1157508
5.30514936
5.47833838
5.55964035
3.84421849
3.82688184
3.88518123
3.96938436
4.05222117
4.12779237
4.19566997
4.25747916
4.31592428
4.37409367
4.43506646
4.50185894
4.57733249
4.66400743
4.76350543
4.87551243
4.99636045
5.11480324
5.19584732
5.18371721
4.04550247
4.00366013
4.02142741
4.06785119
4.12138373
4.17574229
4.22885614
4.28053903
4.33186147
4.38449305
4.44027234
4.50096941
4.5680501
4.64232768
4.72332769
4.80836775
4.89180814
4.96267931
4.99308196
4.94680929
4.18058704
4.13383216
4.13184008
4.15536983
4.18883478
4.22706797
4.26772827
4.30987304
4.35363859
4.39973259
4.44903966
4.5023382
4.56002021
4.62172304
4.68578667
4.7486273
4.80456112
4.84466705
4.84862592
4.79368131
4.27565979
4.23084372
4.21966127
4.22967551
4.24984695
4.2763559
4.30712355
4.34098393
4.37757967
4.4170002
4.45945267
4.50499756
4.55328655
4.60325044
4.65270619
4.69801246
4.73425989
4.75484807
4.74556176
4.69204342
4.34467526
4.30373218
4.28863012
4.29082864
4.30237733
4.32057274
4.34373115
4.37070294
4.40089413
4.43401658
4.46982938
4.50791891
4.54748473
4.58711024
4.62451452
4.65641436
4.67889473
4.68733434
4.67188047
4.62321775
4.39526024
4.35850547
4.34215824
4.33995919
4.3459901
4.3583622
4.37576196
4.39714602
4.42182632
4.44929962
4.4790517
4.51038788
4.54227527
4.5731936
4.60100136
4.62292714
4.63599669
4.63709335
4.61932579
4.57637874
4.43196447
4.39925851
4.3830553
4.37851144
4.38106668
4.38939687
4.40248817
4.41942526
4.43950292
4.46210966
4.48658312
4.51208763
4.53750881
4.56136977
4.58177709
4.59648215
4.60329537
4.60017443
4.58220668
4.54489481
4.45777736
4.42889652
4.41358113
4.40794568
4.4083804
4.41394805
4.42386488
4.43733921
4.45368892
4.47226192
4.49233171
4.51301455
4.53320733
4.55155225
4.56643391
4.57607132
4.57888648
4.57357544
4.55655603
4.52447881
4.47482838
4.4495742
4.43556209
4.42962132
4.42885383
4.4325945
4.44023626
4.4510992
4.46454364
4.47991652
4.49647816
4.51335117
4.5294919
4.54368933
4.5545927
4.56081165
4.56122808
4.55503677
4.53957406
4.51226021
4.48473139
4.46296018
4.45049387
4.44475221
4.44341746
4.44602968
4.45212336
4.46111823
4.47242358
4.48540404
4.49933163
4.51335984
4.52652062
4.53774706
4.54591888
4.54996001
4.54909447
4.54285787
4.52925621
4.50627272
4.48877496
4.47040358
4.45962157
4.45439428
4.45292813
4.45493771
4.46007962
4.46786279
4.4777426
4.48910361
4.50123335
4.51331753
4.52445687
4.53370701
4.5401355
4.54291377
4.54152394
4.53574945
4.5241354
4.50513655
4.48806224
4.47305792
4.46401028
4.45945611
4.45813202
4.45992497
4.46460622
4.47176378
4.48088803
4.4913714
4.50250331
4.51348412
4.52345906
4.53157189
4.53703143
4.5392004
4.53776324
4.53270868
4.52308446
4.50782209
4.48366933
4.47201135
4.46464182
4.46076369
4.45970285
4.46153801
4.46615442
4.473207
4.48220175
4.4925151
4.50341057
4.51407098
4.52364826
4.53132995
4.53641665
4.53841344
4.53717128
4.53287918
4.52512736
4.5134171
4.47685647
4.4683888
4.46243041
4.45901683
4.45816328
4.46017112
4.46503605
4.47245843
4.48192893
4.49277138
4.5041823
4.51528129
4.52517551
4.53303992
4.538209
4.54027921
4.53923998
4.53549943
4.52928865
4.52085715
4.46928706
4.46319549
4.45767544
4.4539692
4.4529232
4.45509041
4.46054409
4.46896945
4.47977212
4.49215007
4.5051552
4.51775948
4.5289322
4.53773535
4.54343551
4.54563196
4.54440539
4.54041714
4.53470007
4.52866703
4.46344997
4.45752418
4.45037165
4.44492816
4.44290461
4.44509667
4.45156865
4.46187395
4.47521585
4.49055217
4.50667341
4.52227711
4.53605451
4.54680051
4.55355314
4.55576646
4.55352132
4.54775046
4.54035257
4.53446318
)
;

boundaryField
{
    walls
    {
        type            zeroGradient;
    }
    mov_wall
    {
        type            zeroGradient;
    }
    empty
    {
        type            empty;
    }
}


// ************************************************************************* //
