/*--------------------------------*- C++ -*----------------------------------*\
| =========                 |                                                 |
| \\      /  F ield         | OpenFOAM: The Open Source CFD Toolbox           |
|  \\    /   O peration     | Version:  5.x                                   |
|   \\  /    A nd           | Web:      www.OpenFOAM.org                      |
|    \\/     M anipulation  |                                                 |
\*---------------------------------------------------------------------------*/
FoamFile
{
    version     2.0;
    format      ascii;
    class       surfaceScalarField;
    location    "6";
    object      phi;
}
// * * * * * * * * * * * * * * * * * * * * * * * * * * * * * * * * * * * * * //

dimensions      [0 3 -1 0 0 0 0];

internalField   nonuniform List<scalar> 
760
(
0.00134817658
-0.00134817729
0.00245763975
-0.00110946317
0.00313513467
-0.000677494919
0.00355971571
-0.000424581045
0.00383225131
-0.000272535593
0.00400945216
-0.000177200843
0.00412521451
-0.000115762347
0.00419921708
-7.4002572e-05
0.00424243236
-4.32152809e-05
0.00426055359
-1.81212293e-05
0.00425562235
4.93123608e-06
0.00422675778
2.88645785e-05
0.0041693894
5.73683826e-05
0.00407358505
9.58043517e-05
0.00391995094
0.000153634106
0.00367201929
0.000247931644
0.00326316023
0.000408859071
0.00257264077
0.000690519467
0.00140850173
0.00116413904
0.00140850173
-5.46952999e-05
-0.00129348199
0.000412592623
-0.00157675109
0.0010300298
-0.00129493209
0.00157871387
-0.000973265113
0.00201483269
-0.000708654422
0.00234477725
-0.000507145406
0.00258511631
-0.000356101398
0.00275126941
-0.000240155665
0.00285456779
-0.00014651366
0.00290179532
-6.53487545e-05
0.0028953666
1.13599561e-05
0.00283293036
9.13008159e-05
0.00270712574
0.00018317301
0.00250436374
0.000298566351
0.00220410988
0.000453887967
0.00178090172
0.000671139803
0.00121756799
0.000972192802
0.000552812559
0.0013552749
1.30664804e-05
0.00170388512
0.00142156821
-0.00027173467
-0.00102174733
-0.000221026617
-0.00162745914
7.13677817e-05
-0.00158732648
0.000446285635
-0.00134818296
0.000812489671
-0.00107485846
0.00112929925
-0.000823954992
0.0013820783
-0.000608880442
0.00156800787
-0.000426085227
0.00168837695
-0.000266882741
0.00174468453
-0.000121656329
0.00173678975
1.92547335e-05
0.00166213441
0.000165956158
0.00151571287
0.000329594547
0.00129125423
0.000523024997
0.000985011689
0.000760130516
0.00060500965
0.00105114184
0.000189850705
0.00138735175
-0.00016004508
0.00170517069
-0.000261640631
0.00180548067
0.00115992758
-0.000227941591
-0.000793805734
-0.000361197341
-0.00149420339
-0.000308328245
-0.00164019557
-0.00013482123
-0.00152168997
8.92093668e-05
-0.00129888905
0.000314971852
-0.00104971748
0.000513262981
-0.000807171574
0.000668299997
-0.000581122242
0.00077199031
-0.000370573048
0.000820036107
-0.00016970212
0.000809727645
2.9563196e-05
0.000739201014
0.000236482786
0.000607935655
0.000460859905
0.000419110863
0.000711849795
0.000184524323
0.000994717062
-6.71911782e-05
0.00130285735
-0.000280617548
0.00160077811
-0.000369418483
0.00179397162
-0.000246993635
0.00168305583
0.000912933952
-0.00016896522
-0.00062484051
-0.000352016203
-0.00131115241
-0.00043155771
-0.00156065406
-0.000408909007
-0.00154433867
-0.0003194352
-0.00138836285
-0.000200095199
-0.00116905748
-7.98101008e-05
-0.000927456674
2.15782281e-05
-0.000682510574
9.14286742e-05
-0.00044042349
0.000122135371
-0.000200408809
0.000109757188
4.19413835e-05
5.3645707e-05
0.000292594266
-4.27490205e-05
0.000557254629
-0.000169694048
0.000838794824
-0.00030765244
0.00113267546
-0.00042346863
0.00141867354
-0.000470024873
0.00164733436
-0.000397824827
0.00172177158
-0.000196431032
0.00148166203
0.000716502925
-0.000124192137
-0.000500648366
-0.00030833565
-0.0011270089
-0.000450494124
-0.00141849559
-0.000523204045
-0.00147162875
-0.000535391082
-0.00137617581
-0.000508160836
-0.00119628772
-0.000463156902
-0.000972460608
-0.000418060957
-0.000727606523
-0.000385619035
-0.000472865415
-0.000373912087
-0.00021211575
-0.000386727938
5.47572433e-05
-0.000423459505
0.000329325835
-0.00047835638
0.0006121515
-0.000539178284
0.000899616724
-0.00058581889
0.00117931607
-0.000590512339
0.001423367
-0.00052308513
0.00157990715
-0.000366699083
0.00156538553
-0.000150585989
0.00126554893
0.000565916937
-9.45729337e-05
-0.000406075427
-0.000264649747
-0.000956932088
-0.000430738399
-0.00125240694
-0.000556976965
-0.00134539018
-0.000636793241
-0.00129635953
-0.00067814178
-0.00115493917
-0.000693943934
-0.000956658448
-0.00069692925
-0.000724621209
-0.000697274073
-0.000472520597
-0.000701661777
-0.000207728047
-0.000712860726
6.59562012e-05
-0.000729336366
0.000345801485
-0.000744753808
0.000627568943
-0.000747580308
0.000902443217
-0.000721469911
0.00115320567
-0.000647843397
0.00134974049
-0.000512876922
0.00144494069
-0.000321206276
0.00137371489
-0.000116485701
0.00106082836
0.000449431234
-7.53437396e-05
-0.000330731687
-0.000228206815
-0.000804069003
-0.000398353664
-0.00108226009
-0.000550539536
-0.00119320432
-0.000670626472
-0.0011762726
-0.000757578361
-0.00106798727
-0.000816784821
-0.000897451977
-0.000855587448
-0.000685818577
-0.000880624306
-0.000447483744
-0.00089636034
-0.00019199202
-0.000904270103
7.38659663e-05
-0.000902360319
0.000343891713
-0.000884972207
0.000610180839
-0.000843104161
0.00086057517
-0.000765820197
0.0010759217
-0.000643664747
0.00122758504
-0.000475103945
0.00127637989
-0.000276309844
0.00117492079
-9.21328568e-05
0.000876651376
0.000357298372
-6.22883146e-05
-0.000268443378
-0.000198541322
-0.000667815984
-0.000362893651
-0.000917907758
-0.000523850727
-0.00103224724
-0.000664415238
-0.00103570809
-0.000778128937
-0.000954273576
-0.000864812187
-0.000810768719
-0.000927165478
-0.000623465274
-0.000968399684
-0.000406249535
-0.00099072122
-0.000169670492
-0.000994436383
7.75811221e-05
-0.000977525752
0.000326981087
-0.000935695006
0.000568350106
-0.000863101236
0.000787981407
-0.000754123158
0.00096694362
-0.000606626314
0.00108008819
-0.000426950416
0.00109670399
-0.000236038292
0.000984008677
-7.43490176e-05
0.00071496211
0.000282949354
-5.2768977e-05
-0.000215674408
-0.000173812795
-0.00054677216
-0.000327557404
-0.000764163139
-0.000486865978
-0.000872938661
-0.000634380189
-0.000888193883
-0.000760757867
-0.000827895907
-0.000862116677
-0.00070940991
-0.000937654769
-0.00054792717
-0.000987783227
-0.000356121065
-0.00101282396
-0.000144629758
-0.00101222277
7.69799211e-05
-0.000984240713
0.000298999025
-0.000926163076
0.000510272477
-0.000835158816
0.00069697716
-0.000709976087
0.000841760896
-0.000553597329
0.000923709425
-0.000376676985
0.000919783642
-0.000200960053
0.000808291745
-6.08626273e-05
0.000574864689
0.000222086731
-4.52979294e-05
-0.000170376482
-0.00015245398
-0.000439616112
-0.000293299619
-0.000623317493
-0.000444763104
-0.000721475166
-0.00059034584
-0.000742611143
-0.000719473358
-0.000698768394
-0.000826046358
-0.000602836919
-0.000906878225
-0.000467095301
-0.000960347584
-0.000302651692
-0.000985403149
-0.000119574182
-0.000980963157
7.2539927e-05
-0.000945732119
0.000263767976
-0.000878480044
0.000443020397
-0.000778855069
0.000597352192
-0.000648784053
0.000711689893
-0.000494403546
0.000769328924
-0.000328204154
0.000753584247
-0.000170678372
0.000650765958
-5.02806617e-05
0.000454466979
0.000171806076
-3.90621754e-05
-0.000131314301
-0.000133403802
-0.000345274494
-0.000260349977
-0.00049637132
-0.000400388975
-0.000581436159
-0.000538431192
-0.000604568913
-0.000663692778
-0.000573506806
-0.00076893805
-0.000497591655
-0.000849523091
-0.000386510268
-0.000902500948
-0.000249673831
-0.000925934101
-9.61410137e-05
-0.000918488872
6.50947086e-05
-0.000879356193
0.000224635293
-0.000808535341
0.000372199535
-0.000707505282
0.00049632213
-0.000580261699
0.000584446318
-0.000434588338
0.000623655573
-0.00028324829
0.000602244203
-0.000144573364
0.00051209103
-4.17551898e-05
0.0003516488
0.000130050889
-3.36093998e-05
-9.770489e-05
-0.0001159735
-0.000262910401
-0.00022868589
-0.000383658936
-0.000355331151
-0.000454790899
-0.000482448493
-0.00047745156
-0.000599656642
-0.000456298645
-0.000699324725
-0.000397923571
-0.000776050482
-0.000309784522
-0.000826127639
-0.000199596681
-0.000847124146
-7.51444999e-05
-0.000837646089
5.56166666e-05
-0.000797332199
0.000184321411
-0.000727102526
0.000301969858
-0.000629656437
0.000398876032
-0.000510163482
0.000464953361
-0.000377005147
0.000490497246
-0.000242314865
0.000467553931
-0.000121978232
0.000391754401
-3.47332164e-05
0.000264403783
9.53176704e-05
-2.86574875e-05
-6.90473925e-05
-9.9660221e-05
-0.000191907665
-0.000198117004
-0.000285202158
-0.000310357566
-0.000342550344
-0.000424616072
-0.000363193052
-0.000531265891
-0.000349648814
-0.000622765444
-0.000306424006
-0.000693446623
-0.000239103344
-0.000739258813
-0.000153784502
-0.000757558044
-5.68452755e-05
-0.000747003458
4.50620877e-05
-0.000707597937
0.000144915904
-0.000640884393
0.000235256321
-0.000550277061
0.000308268697
-0.000441462351
0.000356138644
-0.000322745864
0.000371780757
-0.000205166588
0.000349974661
-0.000102185441
0.000288773261
-2.8802415e-05
0.000191020762
6.65152525e-05
-2.3981213e-05
-4.50661779e-05
-8.39974319e-05
-0.000131891434
-0.000168257089
-0.000200942498
-0.000265595487
-0.000245211952
-0.000365935597
-0.000262852949
-0.000460594503
-0.000254989906
-0.000542423532
-0.000224594963
-0.000605821308
-0.000175705557
-0.000646681721
-0.000112924091
-0.000662339383
-4.11876237e-05
-0.000651561339
3.42840388e-05
-0.000614612949
0.000107967522
-0.000553400635
0.00017404402
-0.00047166389
0.000226531957
-0.000375154001
0.000259628753
-0.000271701956
0.000268328706
-0.000171058862
0.000249331567
-8.44170712e-05
0.000202131475
-2.3599864e-05
0.000130203561
4.29153883e-05
-1.93492332e-05
-2.57169518e-05
-6.8470035e-05
-8.27706208e-05
-0.000138506747
-0.000130905777
-0.000220638067
-0.00016308063
-0.000306428409
-0.000177062614
-0.00038822876
-0.000173189561
-0.000459474179
-0.00015334954
-0.000514859805
-0.000120319919
-0.000550429782
-7.73541051e-05
-0.000563627556
-2.79898523e-05
-0.000553348426
2.40049007e-05
-0.000520016438
7.46355303e-05
-0.000465682619
0.000119710208
-0.000394114913
0.000154964261
-0.000310822981
0.000176336827
-0.000222941262
0.000180446985
-0.000138894624
0.000165284926
-6.78135206e-05
0.000131050372
-1.8762114e-05
8.1152158e-05
2.41532767e-05
-1.45055362e-05
-1.12114243e-05
-5.2521113e-05
-4.47550395e-05
-0.000108122812
-7.53040701e-05
-0.000174687787
-9.65156456e-05
-0.000245343232
-0.000106407168
-0.000313520815
-0.000105011985
-0.000373387905
-9.34824546e-05
-0.00042012943
-7.35783894e-05
-0.000450116071
-4.73674519e-05
-0.000461009075
-1.70968407e-05
-0.000451841628
1.48374514e-05
-0.000423096907
4.58908024e-05
-0.000376775975
7.33892739e-05
-0.000316426456
9.46147478e-05
-0.00024707955
0.000106989928
-0.000175030351
0.00010839779
-0.00010740306
9.76576346e-05
-5.14858474e-05
7.51331587e-05
-1.3914624e-05
4.35809352e-05
1.02386555e-05
-9.20280071e-06
-2.00862647e-06
-3.56847428e-05
-1.82730998e-05
-7.64355313e-05
-3.45532796e-05
-0.000126811022
-4.61401464e-05
-0.000181408062
-5.18101197e-05
-0.000234817141
-5.16029054e-05
-0.000282132226
-4.61673751e-05
-0.000319263544
-3.64470759e-05
-0.000343116515
-2.3514476e-05
-0.000351700043
-8.51330285e-06
-0.000344207012
7.34442702e-06
-0.000321084427
2.2768216e-05
-0.00028408616
3.6391003e-05
-0.000236279538
4.68081246e-05
-0.000181958578
5.26689717e-05
-0.000126403747
5.28429657e-05
-7.54285398e-05
4.66824311e-05
-3.46816274e-05
3.4386247e-05
-8.71390986e-06
1.76132172e-05
1.52474707e-06
-3.43752053e-06
1.42889908e-06
-1.80438757e-05
-3.66674806e-06
-4.34060405e-05
-9.1911175e-06
-7.64336712e-05
-1.31125127e-05
-0.000113187157
-1.50566255e-05
-0.00014966511
-1.51249447e-05
-0.000182251541
-1.35809447e-05
-0.000207952846
-1.07457769e-05
-0.000224514097
-6.95322776e-06
-0.000230484762
-2.54263233e-06
-0.000225272644
2.13231823e-06
-0.000209197079
6.69265555e-06
-0.000183535355
1.07292787e-05
-0.000150536811
1.38095772e-05
-0.000113368296
1.55004559e-05
-7.59397613e-05
1.54144347e-05
-4.25472221e-05
1.32898969e-05
-1.72767366e-05
9.11576468e-06
-3.10385764e-06
3.44033916e-06
-1.57911039e-06
1.42890637e-06
-2.23783835e-06
-1.14289586e-05
-2.45414765e-05
-3.95981035e-05
-5.4723043e-05
-6.83039805e-05
-7.90497546e-05
-8.60029858e-05
-8.85456228e-05
-8.64133051e-05
-7.97206451e-05
-6.89913612e-05
-5.51817818e-05
-3.9681327e-05
-2.42668938e-05
-1.09769968e-05
-1.8612305e-06
1.57911041e-06
)
;

boundaryField
{
    walls
    {
        type            calculated;
        value           uniform 0;
    }
    mov_wall
    {
        type            calculated;
        value           uniform 0;
    }
    empty
    {
        type            empty;
        value           nonuniform 0();
    }
}


// ************************************************************************* //
