/*--------------------------------*- C++ -*----------------------------------*\
| =========                 |                                                 |
| \\      /  F ield         | OpenFOAM: The Open Source CFD Toolbox           |
|  \\    /   O peration     | Version:  5.x                                   |
|   \\  /    A nd           | Web:      www.OpenFOAM.org                      |
|    \\/     M anipulation  |                                                 |
\*---------------------------------------------------------------------------*/
FoamFile
{
    version     2.0;
    format      ascii;
    class       volVectorField;
    location    "6";
    object      U;
}
// * * * * * * * * * * * * * * * * * * * * * * * * * * * * * * * * * * * * * //

dimensions      [0 1 -1 0 0 0 0];

internalField   nonuniform List<vector> 
400
(
(0.291698395 0.149643848 0)
(0.388187125 0.12800771 0)
(0.55761605 0.0757318331 0)
(0.674785693 0.0433044415 0)
(0.743766589 0.0251591063 0)
(0.787075018 0.0148802978 0)
(0.815462956 0.00893092168 0)
(0.833939559 0.00530992826 0)
(0.845365461 0.00289956174 0)
(0.851349263 0.00108485305 2.66526845e-34)
(0.852640747 -0.000502853119 -2.66526845e-34)
(0.849354291 -0.00216072066 0)
(0.840973371 -0.00421710585 0)
(0.826113774 -0.00722098578 0)
(0.802020426 -0.0122365009 0)
(0.763538945 -0.0213892102 0)
(0.69948889 -0.0388386155 0)
(0.584557335 -0.0722732749 0)
(0.407900535 -0.128436308 0)
(0.300688068 -0.152947536 0)
(0.00120416474 0.287432444 0)
(0.0133209294 0.293872148 0)
(0.140044421 0.209904867 0)
(0.264971572 0.142986171 0)
(0.364177728 0.0968019892 0)
(0.440120055 0.0654411242 0)
(0.496541032 0.0439762529 0)
(0.536691062 0.0287011571 0)
(0.563274462 0.0170798548 0)
(0.578137339 0.00742308707 0)
(0.582210284 -0.0015010123 0)
(0.575515249 -0.0107977552 0)
(0.557109246 -0.0217346528 0)
(0.524912993 -0.0361396919 0)
(0.475518407 -0.056963497 0)
(0.404326003 -0.088977152 0)
(0.305687293 -0.139150756 0)
(0.174497789 -0.215275203 0)
(0.0341065835 -0.310801156 0)
(0.010869156 -0.305909063 0)
(-0.0321467704 0.241773939 0)
(-0.0634303817 0.333547177 0)
(-0.0219362203 0.299502504 0)
(0.0505996117 0.240051675 0)
(0.127397371 0.183020814 0)
(0.1968186 0.135454528 0)
(0.254167094 0.0974523453 0)
(0.298088293 0.0668891723 0)
(0.32866567 0.0413758248 0)
(0.346307822 0.0187814612 -2.35797056e-33)
(0.351211311 -0.00280949122 2.35797056e-33)
(0.343126746 -0.0252950463 0)
(0.321277576 -0.0508299475 0)
(0.284432898 -0.082094831 0)
(0.231328817 -0.122479774 0)
(0.161916761 -0.17565804 0)
(0.079835019 -0.243208457 0)
(-0.00333734336 -0.317981961 0)
(-0.0578531348 -0.366363502 0)
(-0.0313893208 -0.270690675 0)
(-0.0261204182 0.182361582 0)
(-0.0666192862 0.316884146 0)
(-0.0735377943 0.330901751 0)
(-0.048130732 0.29535292 0)
(-0.00567218578 0.244253514 0)
(0.041112467 0.192431747 0)
(0.0845450996 0.145095044 0)
(0.120424323 0.103006632 0)
(0.146585238 0.0651543645 0)
(0.161925474 0.0298884076 2.35546598e-33)
(0.165812814 -0.00469432149 -2.35546598e-33)
(0.157798799 -0.0406696181 0)
(0.137586494 -0.0803027381 0)
(0.105285208 -0.12597958 0)
(0.0620900243 -0.179774808 0)
(0.0116092677 -0.242029716 0)
(-0.0380283794 -0.307764354 0)
(-0.0720490952 -0.359579369 0)
(-0.0711639188 -0.355585637 0)
(-0.0287210569 -0.209178581 0)
(-0.017629684 0.140767919 0)
(-0.0549165494 0.281827211 0)
(-0.082863003 0.32448437 0)
(-0.0880762345 0.312396809 0)
(-0.0751196996 0.274441989 0)
(-0.0526276344 0.226778435 0)
(-0.0275118563 0.177302823 0)
(-0.00458010016 0.129145428 0)
(0.0130234811 0.0829123633 0)
(0.0233567891 0.037933033 -2.94545578e-34)
(0.0253097417 -0.00710139381 2.94545578e-34)
(0.0184152035 -0.0537995211 0)
(0.0028869809 -0.10380126 0)
(-0.0200872055 -0.158367937 0)
(-0.0477707971 -0.217530723 0)
(-0.0750614599 -0.278347554 0)
(-0.0936267088 -0.331694802 0)
(-0.0922270561 -0.357398868 0)
(-0.0635074679 -0.31887989 0)
(-0.02073126 -0.162076725 0)
(-0.0116542797 0.111592254 0)
(-0.0431522013 0.243765273 0)
(-0.0782840009 0.299859411 0)
(-0.100579268 0.305000838 0)
(-0.108310598 0.280421273 0)
(-0.105716513 0.24036919 0)
(-0.0975361788 0.193277774 0)
(-0.0877934536 0.143545375 0)
(-0.0795351982 0.0930260775 0)
(-0.0748272249 0.0420752336 0)
(-0.0748481388 -0.00975925653 0)
(-0.0799345821 -0.0632506175 0)
(-0.0895000249 -0.119033273 0)
(-0.101812879 -0.176993443 0)
(-0.113690953 -0.23529792 0)
(-0.120284784 -0.288849072 0)
(-0.115237024 -0.327084782 0)
(-0.0922711136 -0.331566551 0)
(-0.0521876274 -0.27511969 0)
(-0.0142847857 -0.127260098 0)
(-0.00803185609 0.0899680209 0)
(-0.0343052829 0.207876702 0)
(-0.0703686612 0.267741363 0)
(-0.100959321 0.283509153 0)
(-0.121509116 0.269753787 0)
(-0.13306197 0.237807853 0)
(-0.138135842 0.19538413 0)
(-0.139450246 0.147216496 0)
(-0.13936567 0.0958906857 0)
(-0.139599238 0.0425957606 0)
(-0.141114119 -0.0122625661 0)
(-0.144054668 -0.0685401646 0)
(-0.147657211 -0.125824593 0)
(-0.150140603 -0.182787204 0)
(-0.148667744 -0.236314555 0)
(-0.139565531 -0.280390167 0)
(-0.119015755 -0.304900546 0)
(-0.0848747405 -0.294957285 0)
(-0.0422046451 -0.232154476 0)
(-0.0100065905 -0.100709815 0)
(-0.00589819046 0.0731569052 0)
(-0.0280514399 0.175459932 0)
(-0.0624620771 0.233454975 0)
(-0.0961931123 0.254650697 0)
(-0.123784293 0.24866238 0)
(-0.144336453 0.223978326 0)
(-0.158622043 0.187072462 0)
(-0.16806955 0.142434111 0)
(-0.174171012 0.092943343 0)
(-0.178091655 0.0403533038 0)
(-0.180456266 -0.0142245227 0)
(-0.181230012 -0.0698446763 0)
(-0.179647306 -0.125225753 0)
(-0.174205198 -0.17817756 0)
(-0.162809071 -0.224940952 0)
(-0.14321256 -0.259512835 0)
(-0.11384164 -0.273201303 0)
(-0.0753166187 -0.254896363 0)
(-0.0343188971 -0.192925777 0)
(-0.00728498468 -0.0799917704 0)
(-0.00459312343 0.0595160153 0)
(-0.0235441701 0.14654262 0)
(-0.0553429912 0.19966216 0)
(-0.0893196728 0.222701639 0)
(-0.120051819 0.22181942 0)
(-0.145609095 0.203131834 0)
(-0.165570656 0.171796553 0)
(-0.180317103 0.131775633 0)
(-0.190531076 0.0859405133 0)
(-0.196813735 0.0363510113 2.9771152e-34)
(-0.199448903 -0.015391543 -2.9771152e-34)
(-0.198275636 -0.0677566421 0)
(-0.192646158 -0.118867797 0)
(-0.181489353 -0.166059306 0)
(-0.163546088 -0.205440869 0)
(-0.13785873 -0.231577791 0)
(-0.104503397 -0.237504907 0)
(-0.0656637277 -0.215386225 0)
(-0.0281737981 -0.158249843 0)
(-0.00551068994 -0.0634668201 0)
(-0.003733144 0.0480883409 0)
(-0.0201212352 0.120839399 0)
(-0.049015389 0.167676444 0)
(-0.0816389788 0.190287503 0)
(-0.112989449 0.192487654 0)
(-0.140680562 0.178557134 4.67988087e-33)
(-0.163557395 0.152465451 0)
(-0.181246285 0.117554998 0)
(-0.193784176 0.076504745 -4.7406387e-33)
(-0.201296972 0.0314709977 2.26591483e-36)
(-0.203789197 -0.0156743934 4.98648583e-36)
(-0.20103537 -0.0630555947 0)
(-0.192565934 -0.108481583 0)
(-0.177765516 -0.149141427 0)
(-0.156124908 -0.181360926 0)
(-0.127679783 -0.20052426 0)
(-0.093564571 -0.201318535 0)
(-0.0566770457 -0.178463972 0)
(-0.023314667 -0.128090141 0)
(-0.00429570499 -0.0500435343 0)
(-0.00311504104 0.0383306348 0)
(-0.0173631172 0.0980508522 0)
(-0.0433176207 0.138129967 0)
(-0.0737180756 0.158979202 0)
(-0.104104452 0.162838227 0)
(-0.131970534 0.152618183 -4.67988087e-33)
(-0.155761615 0.131295704 0)
(-0.174612863 0.101603277 0)
(-0.18810022 0.065928994 4.7406387e-33)
(-0.19599742 0.0263693639 1.49106867e-33)
(-0.198111613 -0.0151233166 -1.49832107e-33)
(-0.194204012 -0.0565442429 0)
(-0.183996561 -0.0956260383 0)
(-0.167277175 -0.129654843 0)
(-0.144124395 -0.155368915 0)
(-0.115252464 -0.169022497 0)
(-0.0823814084 -0.166713889 0)
(-0.0485941043 -0.145040224 0)
(-0.0193975968 -0.102103348 0)
(-0.00342090976 -0.0390050014 0)
(-0.00263393544 0.0299262664 0)
(-0.0150226237 0.0779301302 0)
(-0.0380974224 0.111311111 0)
(-0.0658175686 0.129695795 0)
(-0.0942794744 0.13426388 0)
(-0.121044027 0.126925346 0)
(-0.144383609 0.109860571 0)
(-0.163148985 0.0852480465 0)
(-0.176619509 0.0551416377 0)
(-0.184335476 0.0214703159 2.99742697e-34)
(-0.185982938 -0.0138813627 -2.99742696e-34)
(-0.181343675 -0.0489515392 0)
(-0.170313964 -0.0815745557 0)
(-0.152999253 -0.10928927 0)
(-0.129891607 -0.129330738 0)
(-0.102114502 -0.138764246 0)
(-0.0716393812 -0.134816139 0)
(-0.0414365953 -0.115407288 0)
(-0.0161843496 -0.0798582218 0)
(-0.00276403347 -0.029860659 0)
(-0.00223473564 0.0226800251 0)
(-0.0129541257 0.0602838594 0)
(-0.0332381486 0.0873308381 0)
(-0.0580555292 0.102954502 0)
(-0.0840353816 0.107621822 0)
(-0.108906085 0.102520711 0)
(-0.13091408 0.0892086525 0)
(-0.148775833 0.0693818677 0)
(-0.161603551 0.0447501641 0)
(-0.16880129 0.0170067331 3.0013728e-34)
(-0.169993547 -0.0121372136 -3.0013728e-34)
(-0.164999673 -0.0408861792 0)
(-0.153857535 -0.0672953755 0)
(-0.136899081 -0.0892417065 0)
(-0.114876637 -0.104468703 0)
(-0.0891189089 -0.11074442 0)
(-0.0616328447 -0.106158117 0)
(-0.0351269753 -0.0895353365 0)
(-0.0135037427 -0.0609264418 0)
(-0.00225327245 -0.0222578266 0)
(-0.0018854558 0.0164662554 0)
(-0.0110624837 0.0449645402 0)
(-0.0286411423 0.0662105077 0)
(-0.050461129 0.0790278204 0)
(-0.0736531645 0.0834123321 0)
(-0.0961641802 0.0800414905 0)
(-0.116305918 0.069995361 0)
(-0.13276334 0.0545610902 0)
(-0.144575601 0.0351143637 0)
(-0.151082436 0.0130747342 0)
(-0.151887894 -0.0100881545 0)
(-0.146853004 -0.0328250779 0)
(-0.136119504 -0.0534823535 0)
(-0.120164255 -0.0703098547 0)
(-0.0998793397 -0.0815299502 0)
(-0.0766571215 -0.0854921384 0)
(-0.0524122118 -0.0809235399 0)
(-0.0295300342 -0.0672469513 0)
(-0.0112185728 -0.0449266639 0)
(-0.00184129732 -0.0159381045 0)
(-0.00156251811 0.0112077481 0)
(-0.00926988041 0.0318705368 0)
(-0.0242025197 0.0479368767 0)
(-0.0429884451 0.0580490732 0)
(-0.0632319152 0.061911502 0)
(-0.0831208709 0.0598559192 0)
(-0.101086249 0.0526055557 0)
(-0.115849131 0.0411071752 0)
(-0.126440927 0.0264236356 0)
(-0.13218724 0.00968560861 0)
(-0.132697634 -0.007916715 0)
(-0.127870718 -0.0251250501 0)
(-0.117915458 -0.0406102728 0)
(-0.103386533 -0.0529974515 0)
(-0.0852272524 -0.0609386989 0)
(-0.0648019886 -0.0632496901 0)
(-0.0438652637 -0.0591133862 0)
(-0.0244675016 -0.0483249906 0)
(-0.0092030931 -0.0315520068 0)
(-0.00149088369 -0.0107193778 0)
(-0.00124269218 0.00687236688 0)
(-0.00749726468 0.0209539386 0)
(-0.019799677 0.0325014312 0)
(-0.0355241953 0.0400873015 0)
(-0.0527239642 0.0432717645 0)
(-0.0698331061 0.0421741842 0)
(-0.0854326593 0.0372606192 0)
(-0.0983251711 0.0291991494 0)
(-0.107580785 0.0187673617 0)
(-0.112546721 0.00680864631 0)
(-0.112854336 -0.00578010988 0)
(-0.108431631 -0.0180487573 0)
(-0.0995214498 -0.028999773 0)
(-0.0867021672 -0.0376160635 0)
(-0.0709039772 -0.042924673 0)
(-0.0534054931 -0.0441071871 0)
(-0.0357703087 -0.0406592883 0)
(-0.0197281048 -0.0325810798 0)
(-0.00733072872 -0.0205903315 0)
(-0.00116697604 -0.00649226818 0)
(-0.000899882873 0.00347704303 0)
(-0.00566093236 0.0122244284 0)
(-0.0152978477 0.0199179412 0)
(-0.0279091943 0.025188655 0)
(-0.0419708365 0.0275859315 0)
(-0.0561592815 0.0271262715 0)
(-0.0692274825 0.0240986737 0)
(-0.0800968188 0.0189454324 0)
(-0.0879159924 0.0121895937 0)
(-0.0920844191 0.00440206682 0)
(-0.0922681504 -0.0038076757 0)
(-0.0884155138 -0.0117927647 0)
(-0.0807724922 -0.0188748762 0)
(-0.0698942052 -0.0243659733 0)
(-0.0566454539 -0.0276151919 0)
(-0.0421770501 -0.0280887038 0)
(-0.027846899 -0.0254864173 0)
(-0.0150887332 -0.0198866107 0)
(-0.00547449487 -0.0119313566 0)
(-0.000833547479 -0.0032219748 0)
(-0.000507507872 0.00108920857 0)
(-0.00368889243 0.00574014 0)
(-0.010587226 0.0102223808 0)
(-0.0199879398 0.0134022147 0)
(-0.0307552956 0.0149400968 0)
(-0.0418076559 0.0148327202 0)
(-0.0521004756 0.0132501849 0)
(-0.0607205945 0.0104516797 0)
(-0.0669425841 0.00673881623 0)
(-0.0702538291 0.0024372837 0)
(-0.0703711871 -0.0021063506 0)
(-0.06725584 -0.00652338636 0)
(-0.0611263916 -0.0104252533 0)
(-0.0524664979 -0.0134154702 0)
(-0.0420201076 -0.015116712 0)
(-0.0307626617 -0.0152183506 0)
(-0.0198243282 -0.0135494046 0)
(-0.0103615211 -0.0101761654 0)
(-0.00352670161 -0.00555507418 0)
(-0.000456470479 -0.000945966114 0)
(-6.44910035e-05 -0.000176240336 0)
(-0.0015989887 0.00163661746 0)
(-0.00569518848 0.00359860171 0)
(-0.011719932 0.00501067887 0)
(-0.0188880501 0.00571684654 0)
(-0.0263913886 0.00573382941 0)
(-0.0334549878 0.00514772258 0)
(-0.0394085018 0.00407326866 0)
(-0.0437225493 0.00263489185 0)
(-0.0460238851 0.000961861687 0)
(-0.0461058238 -0.000810104602 0)
(-0.0439388711 -0.00253598902 0)
(-0.0396813831 -0.00406056186 0)
(-0.0336869564 -0.00522175537 0)
(-0.0265027369 -0.00586030513 0)
(-0.0188496256 -0.00583829634 0)
(-0.0115675426 -0.00507039416 0)
(-0.00551559568 -0.00357095338 0)
(-0.00148203463 -0.00155258657 0)
(-3.10932182e-05 0.000233977822 0)
(0.00026139589 -0.000255577591 0)
(0.000151440754 0.000102073357 0)
(-0.00117495281 0.000547415529 0)
(-0.00348063236 0.000863516045 0)
(-0.00637558406 0.00102207786 0)
(-0.00946687323 0.00103797708 0)
(-0.0124000357 0.000936218555 0)
(-0.0148817766 0.00074306213 0)
(-0.0166861005 0.000483180533 0)
(-0.0176547264 0.000180088021 1.08300163e-33)
(-0.0176985212 -0.000142308485 -1.08300163e-33)
(-0.0168014862 -0.000458218609 0)
(-0.0150266287 -0.000739019113 0)
(-0.0125219002 -0.000953244426 0)
(-0.00952354885 -0.00106773205 0)
(-0.00635302394 -0.00105052575 0)
(-0.00340014968 -0.000876787948 0)
(-0.00108361515 -0.000539616004 0)
(0.000206111076 -8.25143395e-05 0)
(0.00027456382 0.000266745648 0)
)
;

boundaryField
{
    walls
    {
        type            fixedValue;
        value           uniform (0 0 0);
    }
    mov_wall
    {
        type            fixedValue;
        value           uniform (1 0 0);
    }
    empty
    {
        type            empty;
    }
}


// ************************************************************************* //
