# Force coefficients
# liftDir       : (0.000000000e+00 1.000000000e+00 0.000000000e+00)
# dragDir       : (1.000000000e+00 0.000000000e+00 0.000000000e+00)
# pitchAxis     : (0.000000000e+00 0.000000000e+00 1.000000000e+00)
# magUInf       : 1.000000000e+00
# lRef          : 1.000000000e+00
# Aref          : 5.000000000e-01
# CofR          : (0.000000000e+00 0.000000000e+00 0.000000000e+00)
# Time          	Cm              	Cd              	Cl              	Cl(f)           	Cl(r)           
0.04            	-1.258175374e+00	1.592869104e+01	-8.213227512e-03	-1.262281988e+00	1.254068761e+00
0.08            	-3.148667835e-01	8.249012703e+00	6.560943994e-02	-2.820620635e-01	3.476715034e-01
0.12            	4.322029329e-01	4.960252434e+00	1.874683129e-01	5.259370893e-01	-3.384687765e-01
0.16            	1.460234607e+00	2.350193019e+00	4.394001693e-01	1.679934692e+00	-1.240534523e+00
0.2             	2.976411886e+00	-2.807564478e-01	9.095148902e-01	3.431169331e+00	-2.521654441e+00
0.24            	5.246251884e+00	-3.347567706e+00	1.588441070e+00	6.040472419e+00	-4.452031349e+00
0.28            	8.594475339e+00	-7.386497859e+00	2.721105187e+00	9.955027933e+00	-7.233922746e+00
0.32            	1.331613976e+01	-1.251857960e+01	4.501683098e+00	1.556698131e+01	-1.106529821e+01
0.36            	1.945781773e+01	-1.911132173e+01	7.331964126e+00	2.312379979e+01	-1.579183567e+01
0.4             	2.641111055e+01	-2.757127138e+01	1.112556283e+01	3.197389196e+01	-2.084832913e+01
0.44            	3.317492213e+01	-3.735210024e+01	1.513561315e+01	4.074272871e+01	-2.560711556e+01
0.48            	3.883167923e+01	-4.755809469e+01	1.746296462e+01	4.756316154e+01	-3.010019692e+01
0.52            	4.344566431e+01	-5.758597102e+01	1.768322934e+01	5.228727898e+01	-3.460404965e+01
0.56            	4.721713083e+01	-6.642674303e+01	1.630732329e+01	5.537079248e+01	-3.906346919e+01
0.6             	4.992970928e+01	-7.204846265e+01	1.435020475e+01	5.710481166e+01	-4.275460690e+01
0.64            	5.168074232e+01	-7.270952243e+01	1.276118652e+01	5.806133558e+01	-4.530014906e+01
0.68            	5.292858632e+01	-6.724644821e+01	1.112780148e+01	5.849248706e+01	-4.736468558e+01
0.72            	5.375898181e+01	-5.681753947e+01	9.670711800e+00	5.859433771e+01	-4.892362591e+01
0.76            	5.456344919e+01	-4.412332454e+01	8.139740286e+00	5.863331933e+01	-5.049357905e+01
0.8             	5.553399153e+01	-3.214392778e+01	6.937991305e+00	5.900298718e+01	-5.206499588e+01
0.84            	5.676849633e+01	-2.240807044e+01	6.161222717e+00	5.984910768e+01	-5.368788497e+01
0.88            	5.807510042e+01	-1.564389149e+01	5.663781727e+00	6.090699128e+01	-5.524320956e+01
0.92            	5.923460161e+01	-1.185480124e+01	5.466107962e+00	6.196765559e+01	-5.650154763e+01
0.96            	6.028860905e+01	-1.040682923e+01	4.992977359e+00	6.278509773e+01	-5.779212037e+01
1               	6.098859123e+01	-9.763416151e+00	3.628297173e+00	6.280273982e+01	-5.917444264e+01
1.04            	6.106269543e+01	-1.041827150e+01	1.763402628e+00	6.194439675e+01	-6.018099412e+01
1.08            	6.020804524e+01	-1.168300265e+01	-5.916865936e-01	5.991220194e+01	-6.050388853e+01
1.12            	5.826524177e+01	-1.348728703e+01	-2.669473909e+00	5.693050481e+01	-5.959997872e+01
1.16            	5.561039301e+01	-1.477565457e+01	-3.372126534e+00	5.392432975e+01	-5.729645628e+01
1.2             	5.230882578e+01	-1.512924572e+01	-2.878313998e+00	5.086966878e+01	-5.374798278e+01
1.24            	4.840882156e+01	-1.423324309e+01	-1.630491860e+00	4.759357563e+01	-4.922406749e+01
1.28            	4.394100841e+01	-1.251235599e+01	-3.466741459e-02	4.392367470e+01	-4.395834212e+01
1.32            	3.908905079e+01	-1.001695522e+01	1.534778424e+00	3.985644000e+01	-3.832166158e+01
1.36            	3.417049175e+01	-6.902893139e+00	2.954347531e+00	3.564766552e+01	-3.269331799e+01
1.4             	3.015673471e+01	-5.760702161e+00	4.693551797e+00	3.250351060e+01	-2.780995881e+01
1.44            	2.777142411e+01	-7.733066578e+00	6.611561430e+00	3.107720483e+01	-2.446564340e+01
1.48            	2.767028018e+01	-1.347181746e+01	8.805503063e+00	3.207303171e+01	-2.326752865e+01
1.52            	2.953457802e+01	-2.455721372e+01	9.921632900e+00	3.449539447e+01	-2.457376157e+01
1.56            	3.239517409e+01	-3.823913737e+01	8.388913857e+00	3.658963102e+01	-2.820071716e+01
1.6             	3.519643430e+01	-5.025437220e+01	4.884497891e+00	3.763868324e+01	-3.275418535e+01
1.64            	3.723225533e+01	-5.815641353e+01	2.059128474e+00	3.826181957e+01	-3.620269109e+01
1.68            	3.837621904e+01	-6.026500200e+01	-6.690594120e-02	3.834276607e+01	-3.840967201e+01
1.72            	3.929361360e+01	-5.945405546e+01	-1.327717581e+00	3.862975481e+01	-3.995747239e+01
1.76            	4.032778238e+01	-5.765232318e+01	-1.953429060e+00	3.935106785e+01	-4.130449691e+01
1.8             	4.163938583e+01	-5.617280964e+01	-2.165233440e+00	4.055676911e+01	-4.272200255e+01
1.84            	4.328680405e+01	-5.519818960e+01	-2.061148976e+00	4.225622956e+01	-4.431737854e+01
1.88            	4.531315541e+01	-5.478180364e+01	-1.804685738e+00	4.441081254e+01	-4.621549828e+01
1.92            	4.766347577e+01	-5.503369576e+01	-1.714550680e+00	4.680620043e+01	-4.852075111e+01
1.96            	5.030641743e+01	-5.571375513e+01	-1.954880373e+00	4.932897724e+01	-5.128385762e+01
2               	5.315398234e+01	-5.660115927e+01	-2.584045479e+00	5.186195960e+01	-5.444600508e+01
2.04            	5.617795824e+01	-5.789075974e+01	-3.576837218e+00	5.438953963e+01	-5.796637685e+01
2.08            	5.924193670e+01	-5.948064807e+01	-4.788229505e+00	5.684782195e+01	-6.163605146e+01
2.12            	6.239278320e+01	-6.051109331e+01	-5.601528188e+00	5.959201911e+01	-6.519354730e+01
2.16            	6.573275970e+01	-6.188232588e+01	-5.873914568e+00	6.279580242e+01	-6.866971698e+01
2.2             	6.924203085e+01	-6.299722927e+01	-5.375917075e+00	6.655407231e+01	-7.192998939e+01
2.24            	7.307874706e+01	-6.398645719e+01	-4.103577068e+00	7.102695853e+01	-7.513053559e+01
2.28            	7.721184748e+01	-6.532150851e+01	-2.027695384e+00	7.619799979e+01	-7.822569517e+01
2.32            	8.166387806e+01	-6.628416816e+01	1.408851621e+00	8.236830387e+01	-8.095945225e+01
2.36            	8.632574790e+01	-6.899294171e+01	4.043231441e+00	8.834736362e+01	-8.430413218e+01
2.4             	9.073859349e+01	-7.065257986e+01	6.664038295e+00	9.407061264e+01	-8.740657434e+01
2.44            	9.449300304e+01	-7.157056251e+01	9.293634890e+00	9.913982048e+01	-8.984618559e+01
2.48            	9.739526434e+01	-7.097131614e+01	1.193646041e+01	1.033634945e+02	-9.142703413e+01
2.52            	9.967413823e+01	-6.888916916e+01	1.396650237e+01	1.066573894e+02	-9.269088705e+01
2.56            	1.016518042e+02	-6.596361705e+01	1.507227115e+01	1.091879398e+02	-9.411566864e+01
2.6             	1.034554242e+02	-6.289345252e+01	1.527919723e+01	1.110950228e+02	-9.581582557e+01
2.64            	1.053830446e+02	-6.028630753e+01	1.542571571e+01	1.130959025e+02	-9.767018677e+01
2.68            	1.072377061e+02	-5.846403702e+01	1.548263944e+01	1.149790259e+02	-9.949638643e+01
2.72            	1.086885222e+02	-5.701431640e+01	1.546246189e+01	1.164197532e+02	-1.009572913e+02
2.76            	1.096732748e+02	-5.592444266e+01	1.566783702e+01	1.175071933e+02	-1.018393563e+02
2.8             	1.102141650e+02	-5.537037963e+01	1.617717625e+01	1.183027531e+02	-1.021255769e+02
2.84            	1.103510960e+02	-5.486941846e+01	1.678550208e+01	1.187438471e+02	-1.019583450e+02
2.88            	1.101986067e+02	-5.462682515e+01	1.752466758e+01	1.189609405e+02	-1.014362729e+02
2.92            	1.098361343e+02	-5.458770481e+01	1.830058047e+01	1.189864245e+02	-1.006858441e+02
2.96            	1.093477102e+02	-5.475718099e+01	1.905063389e+01	1.188730271e+02	-9.982239324e+01
3               	1.088656777e+02	-5.496654068e+01	1.950496213e+01	1.186181588e+02	-9.911319667e+01
3.04            	1.084324096e+02	-5.518445377e+01	1.971130256e+01	1.182880609e+02	-9.857675834e+01
3.08            	1.080866635e+02	-5.542568650e+01	1.967442455e+01	1.179238758e+02	-9.824945122e+01
3.12            	1.078286754e+02	-5.570111881e+01	1.945941885e+01	1.175583848e+02	-9.809896599e+01
3.16            	1.076280674e+02	-5.602540642e+01	1.913341059e+01	1.171947727e+02	-9.806136209e+01
3.2             	1.074204594e+02	-5.643485600e+01	1.875669531e+01	1.167988070e+02	-9.804211173e+01
3.24            	1.071938513e+02	-5.691620258e+01	1.831267649e+01	1.163501896e+02	-9.803751306e+01
3.28            	1.069107101e+02	-5.721375326e+01	1.796833414e+01	1.158948772e+02	-9.792654305e+01
3.32            	1.065318069e+02	-5.798637215e+01	1.775145747e+01	1.154075356e+02	-9.765607813e+01
3.36            	1.060609701e+02	-5.891999072e+01	1.761000358e+01	1.148659719e+02	-9.725596832e+01
3.4             	1.055570582e+02	-5.995429399e+01	1.753959342e+01	1.143268549e+02	-9.678726148e+01
3.44            	1.050512678e+02	-6.110368539e+01	1.752360804e+01	1.138130718e+02	-9.628946378e+01
3.48            	1.045800065e+02	-6.216558585e+01	1.737304282e+01	1.132665279e+02	-9.589348506e+01
3.52            	1.041675087e+02	-6.309921811e+01	1.731713273e+01	1.128260751e+02	-9.550894237e+01
3.56            	1.038096942e+02	-6.415284607e+01	1.725588836e+01	1.124376383e+02	-9.518174998e+01
3.6             	1.035230833e+02	-6.484327401e+01	1.728698851e+01	1.121665776e+02	-9.487958909e+01
3.64            	1.032828268e+02	-6.589451777e+01	1.713587668e+01	1.118507651e+02	-9.471488845e+01
3.68            	1.031038730e+02	-6.684871673e+01	1.701498167e+01	1.116113639e+02	-9.459638219e+01
3.72            	1.029838502e+02	-6.776448649e+01	1.689613979e+01	1.114319201e+02	-9.453578033e+01
3.76            	1.029017732e+02	-6.863906178e+01	1.677511637e+01	1.112893314e+02	-9.451421503e+01
3.8             	1.028432378e+02	-6.947058480e+01	1.667312897e+01	1.111798023e+02	-9.450667328e+01
3.84            	1.028023917e+02	-7.026394526e+01	1.659827542e+01	1.111015294e+02	-9.450325401e+01
3.88            	1.027825377e+02	-7.103145523e+01	1.656020076e+01	1.110626381e+02	-9.450243731e+01
3.92            	1.027806843e+02	-7.176167341e+01	1.655304310e+01	1.110572059e+02	-9.450416278e+01
3.96            	1.027951098e+02	-7.241263908e+01	1.657567277e+01	1.110829462e+02	-9.450727346e+01
4               	1.028462818e+02	-7.303161581e+01	1.661766960e+01	1.111551166e+02	-9.453744698e+01
4.04            	1.029082787e+02	-7.359836511e+01	1.663803401e+01	1.112272957e+02	-9.458926170e+01
4.08            	1.029911875e+02	-7.399806525e+01	1.663156704e+01	1.113069711e+02	-9.467540402e+01
4.12            	1.030836377e+02	-7.438874749e+01	1.660959568e+01	1.113884356e+02	-9.477883990e+01
4.16            	1.031892539e+02	-7.470380153e+01	1.658284844e+01	1.114806781e+02	-9.489782970e+01
4.2             	1.033040270e+02	-7.496220522e+01	1.654064526e+01	1.115743496e+02	-9.503370433e+01
4.24            	1.034278475e+02	-7.518132105e+01	1.648063253e+01	1.116681638e+02	-9.518753124e+01
4.28            	1.035498218e+02	-7.538018764e+01	1.641692102e+01	1.117582823e+02	-9.534136130e+01
4.32            	1.036642883e+02	-7.556350207e+01	1.633084692e+01	1.118297118e+02	-9.549886487e+01
4.36            	1.037762989e+02	-7.572101264e+01	1.621978597e+01	1.118861919e+02	-9.566640594e+01
4.4             	1.038832836e+02	-7.587660381e+01	1.611353029e+01	1.119400488e+02	-9.582651847e+01
4.44            	1.039877646e+02	-7.604455638e+01	1.599934227e+01	1.119874358e+02	-9.598809348e+01
4.48            	1.040856712e+02	-7.621743621e+01	1.587348442e+01	1.120224134e+02	-9.614892903e+01
4.52            	1.041853891e+02	-7.639520194e+01	1.573462835e+01	1.120527032e+02	-9.631807490e+01
4.56            	1.042897086e+02	-7.656134365e+01	1.558561907e+01	1.120825181e+02	-9.649689907e+01
4.6             	1.043999520e+02	-7.673075119e+01	1.542593433e+01	1.121129192e+02	-9.668698487e+01
4.64            	1.045269552e+02	-7.693618699e+01	1.526088577e+01	1.121573981e+02	-9.689651232e+01
4.68            	1.046460844e+02	-7.709027549e+01	1.508529865e+01	1.121887337e+02	-9.710343505e+01
4.72            	1.047668684e+02	-7.722573995e+01	1.485640687e+01	1.121950719e+02	-9.733866499e+01
4.76            	1.048899446e+02	-7.735510071e+01	1.461349203e+01	1.121966907e+02	-9.758319862e+01
4.8             	1.050559551e+02	-7.759166854e+01	1.444182826e+01	1.122768693e+02	-9.783504100e+01
4.84            	1.051342151e+02	-7.767399082e+01	1.408900982e+01	1.121787200e+02	-9.808971020e+01
4.88            	1.052520056e+02	-7.779946169e+01	1.383682812e+01	1.121704196e+02	-9.833359153e+01
4.92            	1.053738586e+02	-7.791887622e+01	1.355887841e+01	1.121532978e+02	-9.859441935e+01
4.96            	1.055279913e+02	-7.809587508e+01	1.334075282e+01	1.121983677e+02	-9.885761490e+01
5               	1.056610259e+02	-7.820313448e+01	1.303632800e+01	1.121791899e+02	-9.914286188e+01
5.04            	1.058094130e+02	-7.834996308e+01	1.270256327e+01	1.121606946e+02	-9.945813137e+01
5.08            	1.059678478e+02	-7.844324439e+01	1.237135788e+01	1.121535267e+02	-9.978216883e+01
5.12            	1.061351117e+02	-7.850408358e+01	1.201772819e+01	1.121439758e+02	-1.001262476e+02
5.16            	1.063114177e+02	-7.852878729e+01	1.163583627e+01	1.121293358e+02	-1.004934995e+02
5.2             	1.065009516e+02	-7.857822624e+01	1.128213478e+01	1.121420190e+02	-1.008598843e+02
5.24            	1.066930006e+02	-7.850624799e+01	1.092227704e+01	1.121541391e+02	-1.012318620e+02
5.28            	1.068819589e+02	-7.843923575e+01	1.056494840e+01	1.121644331e+02	-1.015994847e+02
5.32            	1.070785720e+02	-7.833238575e+01	1.020033451e+01	1.121787393e+02	-1.019784048e+02
5.36            	1.072768551e+02	-7.821716409e+01	9.854182899e+00	1.122039466e+02	-1.023497637e+02
5.4             	1.074596250e+02	-7.808916127e+01	9.497252660e+00	1.122082514e+02	-1.027109987e+02
5.44            	1.076584244e+02	-7.791576654e+01	9.161583340e+00	1.122392161e+02	-1.030776328e+02
5.48            	1.078388319e+02	-7.763490431e+01	8.732521951e+00	1.122050928e+02	-1.034725709e+02
5.52            	1.080523009e+02	-7.751247392e+01	8.502809093e+00	1.123037054e+02	-1.038008963e+02
5.56            	1.082543937e+02	-7.732159258e+01	8.235361177e+00	1.123720743e+02	-1.041367131e+02
5.6             	1.084663145e+02	-7.712733614e+01	7.951054091e+00	1.124418416e+02	-1.044907875e+02
5.64            	1.086722134e+02	-7.685170976e+01	7.660139839e+00	1.125022833e+02	-1.048421435e+02
5.68            	1.088830020e+02	-7.661769988e+01	7.378682235e+00	1.125723431e+02	-1.051936609e+02
5.72            	1.091209780e+02	-7.637330632e+01	7.103640634e+00	1.126727984e+02	-1.055691577e+02
5.76            	1.093283996e+02	-7.586409841e+01	6.808303108e+00	1.127325511e+02	-1.059242480e+02
5.8             	1.095740357e+02	-7.554070450e+01	6.511530980e+00	1.128298012e+02	-1.063182702e+02
5.84            	1.098170716e+02	-7.519164386e+01	6.210035693e+00	1.129220894e+02	-1.067120537e+02
5.88            	1.100987400e+02	-7.519456222e+01	5.963188093e+00	1.130803341e+02	-1.071171460e+02
5.92            	1.103654019e+02	-7.506319054e+01	5.725457942e+00	1.132281309e+02	-1.075026730e+02
5.96            	1.106505480e+02	-7.481414025e+01	5.439838652e+00	1.133704673e+02	-1.079306286e+02
6               	1.109696694e+02	-7.469627964e+01	4.981708391e+00	1.134605236e+02	-1.084788152e+02
6.04            	1.113053109e+02	-7.443168228e+01	4.607894117e+00	1.136092580e+02	-1.090013639e+02
6.08            	1.116241293e+02	-7.425232546e+01	4.111153898e+00	1.136797062e+02	-1.095685523e+02
6.12            	1.119809754e+02	-7.411165394e+01	3.603092132e+00	1.137825215e+02	-1.101794294e+02
6.16            	1.123827962e+02	-7.358508562e+01	3.195828759e+00	1.139807105e+02	-1.107848818e+02
6.2             	1.128301773e+02	-7.391765288e+01	2.319996097e+00	1.139901753e+02	-1.116701792e+02
6.24            	1.133413665e+02	-7.374638072e+01	1.676715499e+00	1.141797243e+02	-1.125030088e+02
6.28            	1.138390348e+02	-7.400914320e+01	6.994245075e-01	1.141887471e+02	-1.134893225e+02
6.32            	1.144199839e+02	-7.437523495e+01	-3.273291336e-01	1.142563194e+02	-1.145836485e+02
6.36            	1.150067842e+02	-7.510181427e+01	-1.439350882e+00	1.142871088e+02	-1.157264597e+02
6.4             	1.156497795e+02	-7.603813155e+01	-2.591252385e+00	1.143541533e+02	-1.169454057e+02
6.44            	1.162596403e+02	-7.780672490e+01	-3.826373383e+00	1.143464536e+02	-1.181728270e+02
6.48            	1.168248772e+02	-7.968437127e+01	-4.535075371e+00	1.145573395e+02	-1.190924149e+02
6.52            	1.173383701e+02	-8.156681955e+01	-4.672864068e+00	1.150019381e+02	-1.196748021e+02
6.56            	1.176085880e+02	-8.307919983e+01	-3.907306407e+00	1.156549348e+02	-1.195622412e+02
6.6             	1.175302303e+02	-8.329644928e+01	-2.310471009e+00	1.163749948e+02	-1.186854658e+02
6.64            	1.172550421e+02	-8.190788959e+01	-3.175584725e-01	1.170962628e+02	-1.174138213e+02
6.68            	1.172093053e+02	-7.858415724e+01	1.802719428e+00	1.181106650e+02	-1.163079456e+02
6.72            	1.176683981e+02	-7.552507529e+01	3.035131874e+00	1.191859640e+02	-1.161508321e+02
6.76            	1.187241875e+02	-7.220976032e+01	3.863801948e+00	1.206560884e+02	-1.167922865e+02
6.8             	1.202702779e+02	-6.936378393e+01	4.170445636e+00	1.223555007e+02	-1.181850550e+02
6.84            	1.220572644e+02	-6.750291935e+01	4.032957493e+00	1.240737432e+02	-1.200407857e+02
6.88            	1.238114719e+02	-6.642295684e+01	3.625281627e+00	1.256241127e+02	-1.219988311e+02
6.92            	1.254444987e+02	-6.624574715e+01	3.276724206e+00	1.270828608e+02	-1.238061366e+02
6.96            	1.269529515e+02	-6.629797910e+01	2.894661005e+00	1.284002820e+02	-1.255056210e+02
7               	1.283084376e+02	-6.623816552e+01	2.421948102e+00	1.295194116e+02	-1.270974635e+02
7.04            	1.295141629e+02	-6.584684456e+01	1.840384006e+00	1.304343549e+02	-1.285939709e+02
7.08            	1.305842923e+02	-6.482967526e+01	1.182151904e+00	1.311753683e+02	-1.299932164e+02
7.12            	1.316003782e+02	-6.332235656e+01	5.563861422e-01	1.318785713e+02	-1.313221851e+02
7.16            	1.326802235e+02	-6.142464958e+01	9.446386076e-02	1.327274554e+02	-1.326329915e+02
7.2             	1.339681206e+02	-5.920678234e+01	-3.940780054e-01	1.337710816e+02	-1.341651597e+02
7.24            	1.355643156e+02	-5.686553439e+01	-9.468728277e-01	1.350908792e+02	-1.360377520e+02
7.28            	1.372150095e+02	-5.316692057e+01	-1.327041111e+00	1.365514889e+02	-1.378785300e+02
7.32            	1.389830668e+02	-4.883740226e+01	-1.786767406e+00	1.380896831e+02	-1.398764505e+02
7.36            	1.410406966e+02	-4.442281206e+01	-2.254016062e+00	1.399136886e+02	-1.421677046e+02
7.4             	1.434097247e+02	-4.049321565e+01	-2.842528913e+00	1.419884602e+02	-1.448309891e+02
7.44            	1.458295021e+02	-3.633296028e+01	-3.536510097e+00	1.440612470e+02	-1.475977571e+02
7.48            	1.479368878e+02	-3.172248436e+01	-4.457390204e+00	1.457081927e+02	-1.501655829e+02
7.52            	1.497346396e+02	-2.541717707e+01	-5.346400530e+00	1.470614393e+02	-1.524078398e+02
7.56            	1.510737985e+02	-2.035336134e+01	-6.173535130e+00	1.479870309e+02	-1.541605661e+02
7.6             	1.521768689e+02	-1.676807942e+01	-7.243407331e+00	1.485551653e+02	-1.557985726e+02
7.64            	1.530990041e+02	-1.450032921e+01	-7.835131744e+00	1.491814382e+02	-1.570165700e+02
7.68            	1.539269267e+02	-1.314203935e+01	-8.124036368e+00	1.498649085e+02	-1.579889449e+02
7.72            	1.546574640e+02	-1.236110319e+01	-8.564495064e+00	1.503752165e+02	-1.589397116e+02
7.76            	1.551978676e+02	-1.216105582e+01	-8.937440744e+00	1.507291472e+02	-1.596665880e+02
7.8             	1.556557632e+02	-1.226392243e+01	-9.127105507e+00	1.510922104e+02	-1.602193159e+02
7.84            	1.560635749e+02	-1.245125101e+01	-9.498675406e+00	1.513142372e+02	-1.608129126e+02
7.88            	1.564061331e+02	-1.272679856e+01	-9.862234472e+00	1.514750159e+02	-1.613372504e+02
7.92            	1.566979157e+02	-1.307634516e+01	-1.021742251e+01	1.515892045e+02	-1.618066270e+02
7.96            	1.569503603e+02	-1.342574964e+01	-1.059888424e+01	1.516509182e+02	-1.622498024e+02
8               	1.571531756e+02	-1.371768567e+01	-1.110816817e+01	1.515990915e+02	-1.627072597e+02
8.04            	1.573034957e+02	-1.411713955e+01	-1.129976813e+01	1.516536116e+02	-1.629533798e+02
8.08            	1.574260089e+02	-1.430638875e+01	-1.177102755e+01	1.515404951e+02	-1.633115227e+02
8.12            	1.575132669e+02	-1.450346462e+01	-1.207466560e+01	1.514759341e+02	-1.635505997e+02
8.16            	1.575772226e+02	-1.463414856e+01	-1.235800746e+01	1.513982188e+02	-1.637562263e+02
8.2             	1.576245705e+02	-1.472340939e+01	-1.262007067e+01	1.513145352e+02	-1.639346059e+02
8.24            	1.576607628e+02	-1.478529655e+01	-1.285931134e+01	1.512311071e+02	-1.640904185e+02
8.28            	1.576908705e+02	-1.489068923e+01	-1.290847196e+01	1.512366345e+02	-1.641451065e+02
8.32            	1.578305005e+02	-1.478012571e+01	-1.328561840e+01	1.511876913e+02	-1.644733097e+02
8.36            	1.577878061e+02	-1.493123889e+01	-1.328760613e+01	1.511440030e+02	-1.644316091e+02
8.4             	1.578428969e+02	-1.495479834e+01	-1.346335121e+01	1.511112213e+02	-1.645745725e+02
8.44            	1.578865037e+02	-1.502699384e+01	-1.359027569e+01	1.510913659e+02	-1.646816416e+02
8.48            	1.580233999e+02	-1.499863285e+01	-1.370257833e+01	1.511721107e+02	-1.648746891e+02
8.52            	1.580860836e+02	-1.503323300e+01	-1.377753601e+01	1.511973156e+02	-1.649748516e+02
8.56            	1.581434870e+02	-1.506214671e+01	-1.384110403e+01	1.512229350e+02	-1.650640390e+02
8.6             	1.581927201e+02	-1.507482939e+01	-1.388179958e+01	1.512518203e+02	-1.651336199e+02
8.64            	1.582360911e+02	-1.507584657e+01	-1.390968583e+01	1.512812482e+02	-1.651909340e+02
8.68            	1.581922922e+02	-1.513869691e+01	-1.394343618e+01	1.512205741e+02	-1.651640103e+02
8.72            	1.582135979e+02	-1.512225957e+01	-1.393981675e+01	1.512436895e+02	-1.651835063e+02
8.76            	1.582308390e+02	-1.506897650e+01	-1.390484477e+01	1.512784166e+02	-1.651832614e+02
8.8             	1.582520171e+02	-1.499407320e+01	-1.388845778e+01	1.513077882e+02	-1.651962460e+02
8.84            	1.582586223e+02	-1.491974485e+01	-1.379452443e+01	1.513613600e+02	-1.651558845e+02
8.88            	1.582589940e+02	-1.482159110e+01	-1.372362293e+01	1.513971826e+02	-1.651208055e+02
8.92            	1.582656600e+02	-1.470400570e+01	-1.363112662e+01	1.514500967e+02	-1.650812234e+02
8.96            	1.583489880e+02	-1.452416284e+01	-1.353281873e+01	1.515825787e+02	-1.651153974e+02
9               	1.582766054e+02	-1.448435072e+01	-1.340736342e+01	1.515729237e+02	-1.649802871e+02
9.04            	1.582366531e+02	-1.444222548e+01	-1.338079495e+01	1.515462556e+02	-1.649270506e+02
9.08            	1.582127108e+02	-1.437459998e+01	-1.318703647e+01	1.516191925e+02	-1.648062290e+02
9.12            	1.581845155e+02	-1.426983891e+01	-1.307939345e+01	1.516448187e+02	-1.647242122e+02
9.16            	1.581648497e+02	-1.417957822e+01	-1.290855095e+01	1.517105743e+02	-1.646191252e+02
9.2             	1.581341391e+02	-1.403231531e+01	-1.280820902e+01	1.517300346e+02	-1.645382436e+02
9.24            	1.581044609e+02	-1.390007746e+01	-1.266742276e+01	1.517707495e+02	-1.644381722e+02
9.28            	1.580773769e+02	-1.376749242e+01	-1.250420030e+01	1.518252768e+02	-1.643294771e+02
9.32            	1.581174237e+02	-1.352554726e+01	-1.240448439e+01	1.519151815e+02	-1.643196659e+02
9.36            	1.580001199e+02	-1.346002228e+01	-1.226782407e+01	1.518662078e+02	-1.641340319e+02
9.4             	1.579514188e+02	-1.331973026e+01	-1.213359776e+01	1.518846199e+02	-1.640182177e+02
9.44            	1.578922923e+02	-1.317247798e+01	-1.203200964e+01	1.518762875e+02	-1.639082971e+02
9.48            	1.578343193e+02	-1.303765869e+01	-1.193006854e+01	1.518692851e+02	-1.637993536e+02
9.52            	1.577705603e+02	-1.290721816e+01	-1.183368874e+01	1.518537159e+02	-1.636874046e+02
9.56            	1.577048256e+02	-1.277885558e+01	-1.174883787e+01	1.518304066e+02	-1.635792445e+02
9.6             	1.576392817e+02	-1.268989454e+01	-1.173887779e+01	1.517698429e+02	-1.635087206e+02
9.64            	1.575735881e+02	-1.259634987e+01	-1.169690830e+01	1.517251339e+02	-1.634220422e+02
9.68            	1.574965794e+02	-1.249232624e+01	-1.165110276e+01	1.516710280e+02	-1.633221307e+02
9.72            	1.574188275e+02	-1.239252103e+01	-1.161028754e+01	1.516136837e+02	-1.632239712e+02
9.76            	1.573282262e+02	-1.227824017e+01	-1.157361233e+01	1.515414200e+02	-1.631150324e+02
9.8             	1.572491949e+02	-1.218392767e+01	-1.155902434e+01	1.514696827e+02	-1.630287070e+02
9.84            	1.571624597e+02	-1.207819989e+01	-1.155485295e+01	1.513850332e+02	-1.629398862e+02
9.88            	1.570745109e+02	-1.197722675e+01	-1.156149858e+01	1.512937616e+02	-1.628552602e+02
9.92            	1.569863201e+02	-1.188553328e+01	-1.158522666e+01	1.511937068e+02	-1.627789335e+02
9.96            	1.568964153e+02	-1.180006025e+01	-1.162394074e+01	1.510844450e+02	-1.627083857e+02
10              	1.568307911e+02	-1.175182657e+01	-1.182257015e+01	1.509195060e+02	-1.627420761e+02
10.04           	1.567617068e+02	-1.173385543e+01	-1.189254511e+01	1.508154342e+02	-1.627079793e+02
10.08           	1.566806668e+02	-1.168033881e+01	-1.198381530e+01	1.506887591e+02	-1.626725744e+02
10.12           	1.565968618e+02	-1.162473726e+01	-1.209191429e+01	1.505509047e+02	-1.626428190e+02
10.16           	1.565108651e+02	-1.157677923e+01	-1.221106148e+01	1.504053343e+02	-1.626163958e+02
10.2            	1.564235023e+02	-1.153916383e+01	-1.233813085e+01	1.502544369e+02	-1.625925677e+02
10.24           	1.563323862e+02	-1.149858986e+01	-1.247008510e+01	1.500973437e+02	-1.625674288e+02
10.28           	1.562379034e+02	-1.146201972e+01	-1.261031128e+01	1.499327478e+02	-1.625430591e+02
10.32           	1.561396669e+02	-1.143435117e+01	-1.275640988e+01	1.497614620e+02	-1.625178719e+02
10.36           	1.560388691e+02	-1.140897604e+01	-1.291356003e+01	1.495820890e+02	-1.624956491e+02
10.4            	1.559344148e+02	-1.138451202e+01	-1.307726344e+01	1.493957831e+02	-1.624730465e+02
10.44           	1.558285246e+02	-1.135773014e+01	-1.325213178e+01	1.492024587e+02	-1.624545905e+02
10.48           	1.557192888e+02	-1.134388844e+01	-1.343672724e+01	1.490009252e+02	-1.624376524e+02
10.52           	1.556082587e+02	-1.132724123e+01	-1.362951918e+01	1.487934991e+02	-1.624230183e+02
10.56           	1.554965259e+02	-1.132443371e+01	-1.382606225e+01	1.485834948e+02	-1.624095571e+02
10.6            	1.553835633e+02	-1.132836583e+01	-1.402383722e+01	1.483716447e+02	-1.623954819e+02
10.64           	1.552704985e+02	-1.133605325e+01	-1.422559551e+01	1.481577007e+02	-1.623832962e+02
10.68           	1.551585268e+02	-1.136186672e+01	-1.443463914e+01	1.479412073e+02	-1.623758464e+02
10.72           	1.550474211e+02	-1.137011960e+01	-1.464153299e+01	1.477266546e+02	-1.623681876e+02
10.76           	1.549340799e+02	-1.138764389e+01	-1.485001233e+01	1.475090737e+02	-1.623590861e+02
10.8            	1.548173381e+02	-1.139924068e+01	-1.505788981e+01	1.472883932e+02	-1.623462830e+02
10.84           	1.547001236e+02	-1.140548496e+01	-1.526632873e+01	1.470669592e+02	-1.623332879e+02
10.88           	1.545775827e+02	-1.141643016e+01	-1.547180312e+01	1.468416812e+02	-1.623134843e+02
10.92           	1.544755589e+02	-1.147205797e+01	-1.570056294e+01	1.466252774e+02	-1.623258404e+02
10.96           	1.543722803e+02	-1.145363732e+01	-1.591246317e+01	1.464160487e+02	-1.623285119e+02
11              	1.542590905e+02	-1.144181111e+01	-1.610901570e+01	1.462045827e+02	-1.623135984e+02
11.04           	1.541399687e+02	-1.144255994e+01	-1.630624174e+01	1.459868479e+02	-1.622930896e+02
11.08           	1.540147577e+02	-1.144069409e+01	-1.649684839e+01	1.457663335e+02	-1.622631819e+02
11.12           	1.538856302e+02	-1.144640140e+01	-1.668866052e+01	1.455413000e+02	-1.622299605e+02
11.16           	1.537526974e+02	-1.144676357e+01	-1.687300252e+01	1.453161962e+02	-1.621891987e+02
11.2            	1.537022523e+02	-1.137504680e+01	-1.704433903e+01	1.451800828e+02	-1.622244218e+02
11.24           	1.535818884e+02	-1.136943989e+01	-1.721866520e+01	1.449725558e+02	-1.621912211e+02
11.28           	1.533819805e+02	-1.143941209e+01	-1.740332618e+01	1.446803174e+02	-1.620836436e+02
11.32           	1.533332624e+02	-1.138502916e+01	-1.757570496e+01	1.445454099e+02	-1.621211149e+02
11.36           	1.531411471e+02	-1.145290619e+01	-1.774810310e+01	1.442670955e+02	-1.620151986e+02
11.4            	1.531027397e+02	-1.136825720e+01	-1.788999248e+01	1.441577435e+02	-1.620477360e+02
11.44           	1.529180290e+02	-1.143878425e+01	-1.804833750e+01	1.438938602e+02	-1.619421977e+02
11.48           	1.528843243e+02	-1.136331101e+01	-1.819529276e+01	1.437866780e+02	-1.619819707e+02
11.52           	1.527861678e+02	-1.133564254e+01	-1.833112083e+01	1.436206073e+02	-1.619517282e+02
11.56           	1.526866528e+02	-1.131570413e+01	-1.846917641e+01	1.434520645e+02	-1.619212410e+02
11.6            	1.525881519e+02	-1.129582015e+01	-1.859679156e+01	1.432897561e+02	-1.618865477e+02
11.64           	1.524916379e+02	-1.126755738e+01	-1.871376948e+01	1.431347531e+02	-1.618485226e+02
11.68           	1.523973033e+02	-1.124399874e+01	-1.882411574e+01	1.429852454e+02	-1.618093611e+02
11.72           	1.522289259e+02	-1.129329641e+01	-1.895020163e+01	1.427538251e+02	-1.617040267e+02
11.76           	1.522016894e+02	-1.123614610e+01	-1.906263299e+01	1.426703729e+02	-1.617330059e+02
11.8            	1.521180207e+02	-1.117901865e+01	-1.913508537e+01	1.425504780e+02	-1.616855634e+02
11.84           	1.520409696e+02	-1.113180298e+01	-1.920606296e+01	1.424379381e+02	-1.616440011e+02
11.88           	1.519646377e+02	-1.108323977e+01	-1.927717043e+01	1.423260525e+02	-1.616032229e+02
11.92           	1.518913124e+02	-1.103795415e+01	-1.934311748e+01	1.422197536e+02	-1.615628711e+02
11.96           	1.518220340e+02	-1.099298867e+01	-1.940356163e+01	1.421202532e+02	-1.615238148e+02
12              	1.517593201e+02	-1.095039769e+01	-1.945631116e+01	1.420311645e+02	-1.614874757e+02
12.04           	1.517012943e+02	-1.090974575e+01	-1.950548647e+01	1.419485511e+02	-1.614540375e+02
12.08           	1.516471747e+02	-1.086751117e+01	-1.954912615e+01	1.418726116e+02	-1.614217377e+02
12.12           	1.515964723e+02	-1.082326167e+01	-1.958907920e+01	1.418019327e+02	-1.613910119e+02
12.16           	1.515489402e+02	-1.077326002e+01	-1.961914871e+01	1.417393658e+02	-1.613585145e+02
12.2            	1.515048949e+02	-1.072838808e+01	-1.965054725e+01	1.416796213e+02	-1.613301685e+02
12.24           	1.514627670e+02	-1.068175370e+01	-1.967448214e+01	1.416255259e+02	-1.613000081e+02
12.28           	1.514258206e+02	-1.064228965e+01	-1.970576926e+01	1.415729360e+02	-1.612787052e+02
12.32           	1.513151754e+02	-1.066088347e+01	-1.974868647e+01	1.414408321e+02	-1.611895186e+02
12.36           	1.511920949e+02	-1.075023879e+01	-1.968589343e+01	1.413491482e+02	-1.610350417e+02
12.4            	1.511319666e+02	-1.074429492e+01	-1.978042113e+01	1.412417560e+02	-1.610221771e+02
12.44           	1.510824248e+02	-1.072011141e+01	-1.982315132e+01	1.411708492e+02	-1.609940005e+02
12.48           	1.510399962e+02	-1.068666336e+01	-1.984261353e+01	1.411186894e+02	-1.609613029e+02
12.52           	1.510033495e+02	-1.064713779e+01	-1.985172096e+01	1.410774891e+02	-1.609292100e+02
12.56           	1.509717259e+02	-1.060561985e+01	-1.986164487e+01	1.410409034e+02	-1.609025483e+02
12.6            	1.509435921e+02	-1.055916971e+01	-1.986678529e+01	1.410101994e+02	-1.608769847e+02
12.64           	1.509139350e+02	-1.050098741e+01	-1.986262418e+01	1.409826229e+02	-1.608452471e+02
12.68           	1.508893211e+02	-1.044661672e+01	-1.985915536e+01	1.409597434e+02	-1.608188988e+02
12.72           	1.508687339e+02	-1.039289632e+01	-1.985014618e+01	1.409436608e+02	-1.607938070e+02
12.76           	1.508519008e+02	-1.033927877e+01	-1.983896751e+01	1.409324171e+02	-1.607713846e+02
12.8            	1.508384315e+02	-1.028440598e+01	-1.982554022e+01	1.409256614e+02	-1.607512016e+02
12.84           	1.508292211e+02	-1.023185538e+01	-1.980712632e+01	1.409256579e+02	-1.607327842e+02
12.88           	1.508245173e+02	-1.018388997e+01	-1.978636010e+01	1.409313372e+02	-1.607176973e+02
12.92           	1.508240086e+02	-1.013908448e+01	-1.976185346e+01	1.409430819e+02	-1.607049354e+02
12.96           	1.508269789e+02	-1.009341599e+01	-1.973377394e+01	1.409600919e+02	-1.606938659e+02
13              	1.508325907e+02	-1.004812146e+01	-1.970232406e+01	1.409814287e+02	-1.606837528e+02
13.04           	1.509162791e+02	-9.975526374e+00	-1.980463118e+01	1.410139635e+02	-1.608185947e+02
13.08           	1.509389913e+02	-9.870264150e+00	-1.968747465e+01	1.410952540e+02	-1.607827286e+02
13.12           	1.509592601e+02	-9.740460672e+00	-1.960056602e+01	1.411589771e+02	-1.607595431e+02
13.16           	1.509868041e+02	-9.704530148e+00	-1.952756589e+01	1.412230211e+02	-1.607505870e+02
13.2            	1.510082425e+02	-9.666205308e+00	-1.948063063e+01	1.412679271e+02	-1.607485578e+02
13.24           	1.510309698e+02	-9.628081632e+00	-1.943712291e+01	1.413124083e+02	-1.607495312e+02
13.28           	1.510574869e+02	-9.592451269e+00	-1.939134991e+01	1.413618119e+02	-1.607531618e+02
13.32           	1.510879375e+02	-9.558301076e+00	-1.933962698e+01	1.414181240e+02	-1.607577510e+02
13.36           	1.511219808e+02	-9.524654707e+00	-1.928355890e+01	1.414802013e+02	-1.607637603e+02
13.4            	1.511585402e+02	-9.491741106e+00	-1.922490130e+01	1.415460896e+02	-1.607709909e+02
13.44           	1.511973787e+02	-9.462323107e+00	-1.916970557e+01	1.416125259e+02	-1.607822315e+02
13.48           	1.512360958e+02	-9.430829671e+00	-1.911209685e+01	1.416800474e+02	-1.607921442e+02
13.52           	1.512760840e+02	-9.398508075e+00	-1.905598388e+01	1.417480920e+02	-1.608040759e+02
13.56           	1.513168594e+02	-9.366568000e+00	-1.899957028e+01	1.418170743e+02	-1.608166446e+02
13.6            	1.513582904e+02	-9.338546963e+00	-1.895165149e+01	1.418824647e+02	-1.608341162e+02
13.64           	1.514023469e+02	-9.341870035e+00	-1.888280966e+01	1.419609421e+02	-1.608437517e+02
13.68           	1.514395655e+02	-9.262899873e+00	-1.884050451e+01	1.420193133e+02	-1.608598178e+02
13.72           	1.514817079e+02	-9.237481472e+00	-1.878086221e+01	1.420912768e+02	-1.608721390e+02
13.76           	1.515248400e+02	-9.212994040e+00	-1.872438726e+01	1.421626464e+02	-1.608870336e+02
13.8            	1.515691643e+02	-9.183692033e+00	-1.866796269e+01	1.422351829e+02	-1.609031456e+02
13.84           	1.516150773e+02	-9.150380868e+00	-1.860738115e+01	1.423113867e+02	-1.609187678e+02
13.88           	1.516633673e+02	-9.120733535e+00	-1.854591593e+01	1.423904093e+02	-1.609363253e+02
13.92           	1.517136284e+02	-9.090305410e+00	-1.848137748e+01	1.424729397e+02	-1.609543172e+02
13.96           	1.517568393e+02	-9.051381428e+00	-1.843855251e+01	1.425375630e+02	-1.609761155e+02
14              	1.518105285e+02	-9.039346623e+00	-1.836751686e+01	1.426267701e+02	-1.609942869e+02
14.04           	1.518693920e+02	-9.022961426e+00	-1.828946743e+01	1.427246583e+02	-1.610141257e+02
14.08           	1.519314788e+02	-9.001551990e+00	-1.821269289e+01	1.428251323e+02	-1.610378252e+02
14.12           	1.519959007e+02	-8.976154415e+00	-1.813519338e+01	1.429283040e+02	-1.610634974e+02
14.16           	1.520620614e+02	-8.949319756e+00	-1.805807337e+01	1.430330248e+02	-1.610910981e+02
14.2            	1.521270081e+02	-8.918499114e+00	-1.797840379e+01	1.431378062e+02	-1.611162100e+02
14.24           	1.522652713e+02	-8.827926974e+00	-1.787482383e+01	1.433278594e+02	-1.612026832e+02
14.28           	1.522616263e+02	-8.828553457e+00	-1.780206696e+01	1.433605928e+02	-1.611626597e+02
14.32           	1.523217966e+02	-8.800512259e+00	-1.772593916e+01	1.434588270e+02	-1.611847662e+02
14.36           	1.523836270e+02	-8.766396727e+00	-1.764408323e+01	1.435615854e+02	-1.612056686e+02
14.4            	1.524474074e+02	-8.727672350e+00	-1.755664448e+01	1.436690852e+02	-1.612257297e+02
14.44           	1.525140195e+02	-8.687218069e+00	-1.746780225e+01	1.437801184e+02	-1.612479206e+02
14.48           	1.525787888e+02	-8.636875947e+00	-1.736371853e+01	1.438969296e+02	-1.612606481e+02
14.52           	1.526456083e+02	-8.590232947e+00	-1.726344136e+01	1.440138877e+02	-1.612773290e+02
14.56           	1.527140879e+02	-8.549915706e+00	-1.716885650e+01	1.441296597e+02	-1.612985162e+02
14.6            	1.527849579e+02	-8.509380340e+00	-1.707146353e+01	1.442492262e+02	-1.613206897e+02
14.64           	1.528582061e+02	-8.469392353e+00	-1.696995696e+01	1.443732276e+02	-1.613431845e+02
14.68           	1.529321314e+02	-8.431785335e+00	-1.686935480e+01	1.444974540e+02	-1.613668088e+02
14.72           	1.530076395e+02	-8.397732220e+00	-1.677173067e+01	1.446217742e+02	-1.613935048e+02
14.76           	1.530833695e+02	-8.360162118e+00	-1.666844749e+01	1.447491458e+02	-1.614175933e+02
14.8            	1.532442685e+02	-8.239742362e+00	-1.653669463e+01	1.449759212e+02	-1.615126158e+02
14.84           	1.532554149e+02	-8.257326032e+00	-1.645520384e+01	1.450278130e+02	-1.614830168e+02
14.88           	1.533363209e+02	-8.207124524e+00	-1.635119823e+01	1.451607218e+02	-1.615119200e+02
14.92           	1.534141152e+02	-8.194383745e+00	-1.625582839e+01	1.452862010e+02	-1.615420294e+02
14.96           	1.534904002e+02	-8.165377472e+00	-1.614938336e+01	1.454157085e+02	-1.615650919e+02
15              	1.535697854e+02	-8.131451752e+00	-1.604018514e+01	1.455496929e+02	-1.615898780e+02
15.04           	1.536514825e+02	-8.094285867e+00	-1.592704810e+01	1.456879584e+02	-1.616150065e+02
15.08           	1.537347201e+02	-8.057077433e+00	-1.581219384e+01	1.458286232e+02	-1.616408170e+02
15.12           	1.538193792e+02	-8.022044245e+00	-1.569741632e+01	1.459706710e+02	-1.616680873e+02
15.16           	1.539052618e+02	-7.984880618e+00	-1.557981099e+01	1.461153563e+02	-1.616951673e+02
15.2            	1.539926943e+02	-7.950018292e+00	-1.546117463e+01	1.462621070e+02	-1.617232816e+02
15.24           	1.540814228e+02	-7.915080551e+00	-1.533961063e+01	1.464116175e+02	-1.617512281e+02
15.28           	1.541717414e+02	-7.881360157e+00	-1.521622752e+01	1.465636276e+02	-1.617798552e+02
15.32           	1.542637575e+02	-7.848364143e+00	-1.509291699e+01	1.467172990e+02	-1.618102160e+02
15.36           	1.543575052e+02	-7.812920797e+00	-1.496832713e+01	1.468733416e+02	-1.618416688e+02
15.4            	1.544523519e+02	-7.777154097e+00	-1.484176176e+01	1.470314710e+02	-1.618732328e+02
15.44           	1.545491471e+02	-7.740844479e+00	-1.471078420e+01	1.471937550e+02	-1.619045392e+02
15.48           	1.546473802e+02	-7.704720010e+00	-1.457891724e+01	1.473579216e+02	-1.619368388e+02
15.52           	1.547453014e+02	-7.668437974e+00	-1.444432958e+01	1.475231366e+02	-1.619674662e+02
15.56           	1.548435706e+02	-7.633680377e+00	-1.430917786e+01	1.476889817e+02	-1.619981595e+02
15.6            	1.549430987e+02	-7.603710621e+00	-1.417868716e+01	1.478537551e+02	-1.620324423e+02
15.64           	1.550441722e+02	-7.573506495e+00	-1.404538979e+01	1.480214773e+02	-1.620668671e+02
15.68           	1.551442420e+02	-7.548217837e+00	-1.391437615e+01	1.481870539e+02	-1.621014300e+02
15.72           	1.552448966e+02	-7.523153658e+00	-1.378243942e+01	1.483536769e+02	-1.621361163e+02
15.76           	1.553464963e+02	-7.499207364e+00	-1.365082856e+01	1.485210820e+02	-1.621719106e+02
15.8            	1.554487947e+02	-7.475273423e+00	-1.351544561e+01	1.486910719e+02	-1.622065175e+02
15.84           	1.555508863e+02	-7.454908455e+00	-1.338163810e+01	1.488600672e+02	-1.622417053e+02
15.88           	1.557306536e+02	-7.377970499e+00	-1.322837842e+01	1.491164644e+02	-1.623448429e+02
15.92           	1.557651413e+02	-7.400735102e+00	-1.310704039e+01	1.492116211e+02	-1.623186615e+02
15.96           	1.558647070e+02	-7.392928444e+00	-1.298189505e+01	1.493737595e+02	-1.623556545e+02
16              	1.559654436e+02	-7.383837866e+00	-1.285175835e+01	1.495395644e+02	-1.623913228e+02
16.04           	1.560668462e+02	-7.373380539e+00	-1.271791704e+01	1.497078876e+02	-1.624258047e+02
16.08           	1.561673173e+02	-7.362530406e+00	-1.258997783e+01	1.498723284e+02	-1.624623062e+02
16.12           	1.562648667e+02	-7.348507416e+00	-1.245745274e+01	1.500361403e+02	-1.624935931e+02
16.16           	1.563630740e+02	-7.336278634e+00	-1.232584115e+01	1.502001534e+02	-1.625259945e+02
16.2            	1.564609450e+02	-7.331736647e+00	-1.219829845e+01	1.503617958e+02	-1.625600943e+02
16.24           	1.565585336e+02	-7.335309877e+00	-1.207189761e+01	1.505225848e+02	-1.625944824e+02
16.28           	1.566595555e+02	-7.338596785e+00	-1.194866180e+01	1.506852246e+02	-1.626338864e+02
16.32           	1.567620966e+02	-7.344576007e+00	-1.182728045e+01	1.508484563e+02	-1.626757368e+02
16.36           	1.568652431e+02	-7.360933996e+00	-1.170745852e+01	1.510115139e+02	-1.627189724e+02
16.4            	1.569663161e+02	-7.374721441e+00	-1.158128156e+01	1.511756754e+02	-1.627569569e+02
16.44           	1.570678329e+02	-7.396361696e+00	-1.145928326e+01	1.513381913e+02	-1.627974745e+02
16.48           	1.571710927e+02	-7.430550469e+00	-1.134606274e+01	1.514980613e+02	-1.628441240e+02
16.52           	1.572747217e+02	-7.466305464e+00	-1.123752499e+01	1.516559592e+02	-1.628934842e+02
16.56           	1.573759004e+02	-7.505783298e+00	-1.113148852e+01	1.518101562e+02	-1.629416447e+02
16.6            	1.574740345e+02	-7.551730823e+00	-1.102813203e+01	1.519599685e+02	-1.629881005e+02
16.64           	1.575705287e+02	-7.594097293e+00	-1.092105328e+01	1.521100021e+02	-1.630310554e+02
16.68           	1.576646749e+02	-7.631786830e+00	-1.080989748e+01	1.522597262e+02	-1.630696236e+02
16.72           	1.577574206e+02	-7.671922247e+00	-1.070110462e+01	1.524068683e+02	-1.631079729e+02
16.76           	1.578469123e+02	-7.718437975e+00	-1.059982966e+01	1.525469975e+02	-1.631468272e+02
16.8            	1.579331730e+02	-7.770608050e+00	-1.050509894e+01	1.526806235e+02	-1.631857224e+02
16.84           	1.580047687e+02	-7.806627252e+00	-1.041169097e+01	1.527989232e+02	-1.632106142e+02
16.88           	1.580681685e+02	-7.885155830e+00	-1.031772994e+01	1.529093035e+02	-1.632270335e+02
16.92           	1.581359083e+02	-7.965190338e+00	-1.024270633e+01	1.530145552e+02	-1.632572615e+02
16.96           	1.582052772e+02	-8.044452202e+00	-1.017284294e+01	1.531188557e+02	-1.632916987e+02
17              	1.582750451e+02	-8.130077824e+00	-1.010857614e+01	1.532207570e+02	-1.633293332e+02
17.04           	1.583438034e+02	-8.224056111e+00	-1.005664436e+01	1.533154812e+02	-1.633721255e+02
17.08           	1.584126048e+02	-8.324513901e+00	-1.001090481e+01	1.534071524e+02	-1.634180572e+02
17.12           	1.584781240e+02	-8.426238399e+00	-9.963932200e+00	1.534961579e+02	-1.634600901e+02
17.16           	1.585408420e+02	-8.533990338e+00	-9.926751009e+00	1.535774665e+02	-1.635042175e+02
17.2            	1.586005632e+02	-8.640759586e+00	-9.888710281e+00	1.536562080e+02	-1.635449183e+02
17.24           	1.586556185e+02	-8.752278919e+00	-9.857809094e+00	1.537267139e+02	-1.635845230e+02
17.28           	1.587063669e+02	-8.869683816e+00	-9.835240052e+00	1.537887469e+02	-1.636239869e+02
17.32           	1.587541124e+02	-8.986771752e+00	-9.820485347e+00	1.538438697e+02	-1.636643551e+02
17.36           	1.587983240e+02	-9.108241963e+00	-9.813196764e+00	1.538917256e+02	-1.637049224e+02
17.4            	1.588135741e+02	-9.204897763e+00	-9.662377985e+00	1.539823851e+02	-1.636447631e+02
17.44           	1.588612493e+02	-9.334219946e+00	-9.809475824e+00	1.539565114e+02	-1.637659872e+02
17.48           	1.589026066e+02	-9.492185090e+00	-9.808909593e+00	1.539981518e+02	-1.638070614e+02
17.52           	1.589369530e+02	-9.620302271e+00	-9.820835183e+00	1.540265354e+02	-1.638473706e+02
17.56           	1.589636934e+02	-9.735399360e+00	-9.846929377e+00	1.540402287e+02	-1.638871581e+02
17.6            	1.589873367e+02	-9.850290337e+00	-9.881040206e+00	1.540468166e+02	-1.639278568e+02
17.64           	1.590076325e+02	-9.971172106e+00	-9.923562857e+00	1.540458511e+02	-1.639694139e+02
17.68           	1.590259544e+02	-1.009421624e+01	-9.971919635e+00	1.540399945e+02	-1.640119142e+02
17.72           	1.590232586e+02	-1.020699039e+01	-9.877501687e+00	1.540845078e+02	-1.639620094e+02
17.76           	1.590164909e+02	-1.027528215e+01	-9.941796394e+00	1.540455927e+02	-1.639873891e+02
17.8            	1.590178177e+02	-1.038627429e+01	-9.994656664e+00	1.540204894e+02	-1.640151461e+02
17.84           	1.590231462e+02	-1.051769411e+01	-1.005898812e+01	1.539936521e+02	-1.640526402e+02
17.88           	1.590296323e+02	-1.065213950e+01	-1.012566548e+01	1.539667995e+02	-1.640924650e+02
17.92           	1.590360861e+02	-1.078682053e+01	-1.021299963e+01	1.539295863e+02	-1.641425859e+02
17.96           	1.590412804e+02	-1.092182882e+01	-1.030132814e+01	1.538906164e+02	-1.641919445e+02
18              	1.590466867e+02	-1.105841876e+01	-1.039559865e+01	1.538488873e+02	-1.642444860e+02
18.04           	1.590532211e+02	-1.120044998e+01	-1.050104974e+01	1.538026962e+02	-1.643037459e+02
18.08           	1.590563450e+02	-1.134303309e+01	-1.061368439e+01	1.537495028e+02	-1.643631872e+02
18.12           	1.590597709e+02	-1.148673672e+01	-1.073012111e+01	1.536947103e+02	-1.644248314e+02
18.16           	1.590627659e+02	-1.162345658e+01	-1.085051256e+01	1.536375096e+02	-1.644880222e+02
18.2            	1.590644669e+02	-1.175572662e+01	-1.096609949e+01	1.535814172e+02	-1.645475167e+02
18.24           	1.590639872e+02	-1.188288064e+01	-1.108604722e+01	1.535209636e+02	-1.646070108e+02
18.28           	1.590619224e+02	-1.200574188e+01	-1.120598759e+01	1.534589286e+02	-1.646649162e+02
18.32           	1.590579851e+02	-1.212340127e+01	-1.132961511e+01	1.533931775e+02	-1.647227926e+02
18.36           	1.590529980e+02	-1.224195256e+01	-1.145308050e+01	1.533264577e+02	-1.647795383e+02
18.4            	1.590504930e+02	-1.233399656e+01	-1.155010527e+01	1.532754404e+02	-1.648255456e+02
18.44           	1.590435454e+02	-1.245393474e+01	-1.168328695e+01	1.532019020e+02	-1.648851889e+02
18.48           	1.591155004e+02	-1.247155246e+01	-1.180316304e+01	1.532139189e+02	-1.650170819e+02
18.52           	1.590395145e+02	-1.264076554e+01	-1.190985691e+01	1.530845860e+02	-1.649944430e+02
18.56           	1.590314306e+02	-1.274560689e+01	-1.204082692e+01	1.530110171e+02	-1.650518441e+02
18.6            	1.590233361e+02	-1.285129964e+01	-1.217230586e+01	1.529371832e+02	-1.651094891e+02
18.64           	1.590109607e+02	-1.295265458e+01	-1.227684683e+01	1.528725373e+02	-1.651493841e+02
18.68           	1.590044337e+02	-1.305342638e+01	-1.240673749e+01	1.528010649e+02	-1.652078024e+02
18.72           	1.589997256e+02	-1.314454557e+01	-1.248634490e+01	1.527565531e+02	-1.652428980e+02
18.76           	1.589972875e+02	-1.322836801e+01	-1.261825173e+01	1.526881616e+02	-1.653064133e+02
18.8            	1.590764578e+02	-1.324576579e+01	-1.272869230e+01	1.527121116e+02	-1.654408039e+02
18.84           	1.589997486e+02	-1.339543466e+01	-1.283731396e+01	1.525810916e+02	-1.654184056e+02
18.88           	1.590016069e+02	-1.348547039e+01	-1.291338482e+01	1.525449145e+02	-1.654582993e+02
18.92           	1.590734846e+02	-1.349307259e+01	-1.305580673e+01	1.525455812e+02	-1.656013880e+02
18.96           	1.589918334e+02	-1.364426221e+01	-1.315965366e+01	1.524120065e+02	-1.655716602e+02
19              	1.590627386e+02	-1.366296565e+01	-1.326849077e+01	1.524284932e+02	-1.656969840e+02
19.04           	1.589827475e+02	-1.381257544e+01	-1.336311344e+01	1.523011908e+02	-1.656643043e+02
19.08           	1.589836952e+02	-1.389919522e+01	-1.342829292e+01	1.522695487e+02	-1.656978417e+02
19.12           	1.590548441e+02	-1.389845051e+01	-1.355849047e+01	1.522755989e+02	-1.658340894e+02
19.16           	1.589749346e+02	-1.404197190e+01	-1.364564886e+01	1.521521101e+02	-1.657977590e+02
19.2            	1.589664409e+02	-1.413158060e+01	-1.374216364e+01	1.520953591e+02	-1.658375228e+02
19.24           	1.589684988e+02	-1.421059761e+01	-1.379556847e+01	1.520707146e+02	-1.658662830e+02
19.28           	1.590422001e+02	-1.420713962e+01	-1.392354260e+01	1.520804288e+02	-1.660039714e+02
19.32           	1.589629395e+02	-1.435699701e+01	-1.400945310e+01	1.519582130e+02	-1.659676661e+02
19.36           	1.589641842e+02	-1.444377207e+01	-1.407390698e+01	1.519272307e+02	-1.660011377e+02
19.4            	1.590336618e+02	-1.444562082e+01	-1.419847084e+01	1.519344264e+02	-1.661328973e+02
19.44           	1.590355091e+02	-1.452746164e+01	-1.428586371e+01	1.518925773e+02	-1.661784410e+02
19.48           	1.589544029e+02	-1.468389671e+01	-1.437060313e+01	1.517691013e+02	-1.661397045e+02
19.52           	1.589504923e+02	-1.476591070e+01	-1.444178425e+01	1.517296002e+02	-1.661713844e+02
19.56           	1.589509678e+02	-1.484338871e+01	-1.452410027e+01	1.516889177e+02	-1.662130179e+02
19.6            	1.590197427e+02	-1.484658235e+01	-1.464348561e+01	1.516979999e+02	-1.663414855e+02
19.64           	1.589377849e+02	-1.499857684e+01	-1.472514649e+01	1.515752117e+02	-1.663003581e+02
19.68           	1.589357072e+02	-1.508651272e+01	-1.478294823e+01	1.515442331e+02	-1.663271813e+02
19.72           	1.590056926e+02	-1.508820623e+01	-1.490717867e+01	1.515521032e+02	-1.664592819e+02
19.76           	1.589245611e+02	-1.525047477e+01	-1.498950297e+01	1.514298096e+02	-1.664193126e+02
19.8            	1.589234037e+02	-1.534779272e+01	-1.504334897e+01	1.514017292e+02	-1.664450782e+02
19.84           	1.589914561e+02	-1.534851114e+01	-1.518245198e+01	1.514002301e+02	-1.665826821e+02
19.88           	1.589092827e+02	-1.551119735e+01	-1.526361010e+01	1.512774776e+02	-1.665410877e+02
19.92           	1.589056247e+02	-1.560206890e+01	-1.532445713e+01	1.512433962e+02	-1.665678533e+02
19.96           	1.589736296e+02	-1.560146997e+01	-1.545454326e+01	1.512463580e+02	-1.667009012e+02
20              	1.588911320e+02	-1.575825583e+01	-1.553397513e+01	1.511241445e+02	-1.666581196e+02
