/*--------------------------------*- C++ -*----------------------------------*\
| =========                 |                                                 |
| \\      /  F ield         | OpenFOAM: The Open Source CFD Toolbox           |
|  \\    /   O peration     | Version:  5.x                                   |
|   \\  /    A nd           | Web:      www.OpenFOAM.org                      |
|    \\/     M anipulation  |                                                 |
\*---------------------------------------------------------------------------*/
FoamFile
{
    version     2.0;
    format      ascii;
    class       volScalarField;
    location    "2";
    object      p;
}
// * * * * * * * * * * * * * * * * * * * * * * * * * * * * * * * * * * * * * //

dimensions      [0 2 -2 0 0 0 0];

internalField   nonuniform List<scalar> 
400
(
8.68536428e-06
2.45247057
3.49433339
3.89888836
4.10665571
4.22471532
4.29430075
4.34028891
4.376351
4.41012477
4.44677513
4.49093102
4.54767115
4.62450626
4.73481415
4.904612
5.18239468
5.68421483
6.84132822
9.41173636
1.88671766
2.86730149
3.41989473
3.74775418
3.96519081
4.10975751
4.20768527
4.27900427
4.336758
4.38962747
4.4442606
4.50658769
4.58334935
4.68331328
4.81974118
5.01369331
5.2940359
5.69848191
6.33842754
7.42838216
2.98209236
3.26254361
3.54234346
3.77069114
3.94571693
4.07572725
4.17323781
4.25001637
4.31528963
4.37625076
4.43894053
4.50903733
4.59259071
4.69679778
4.83086437
5.00665162
5.23633455
5.52395164
5.86050243
6.19824789
3.52780066
3.58535775
3.72179922
3.86538972
3.98907664
4.09084503
4.17462351
4.24572807
4.30954177
4.37103864
4.43479044
4.5052203
4.58680418
4.68426974
4.80246551
4.94570616
5.11576222
5.30516031
5.47834862
5.55964918
3.84423516
3.82689679
3.88519498
3.96939727
4.05223362
4.12780488
4.19568295
4.25749283
4.31593858
4.37410844
4.43508143
4.50187385
4.5773471
4.66402151
4.76351876
4.87552495
4.99637225
5.11481448
5.1958578
5.18372624
4.04552006
4.00367596
4.02144213
4.06786518
4.1213973
4.17575584
4.22887005
4.28055353
4.33187652
4.38450846
4.44028783
4.50098472
4.56806505
4.64234214
4.72334153
4.80838087
4.89182052
4.96269102
4.99309284
4.94681882
4.18060478
4.13384825
4.13185524
4.15538445
4.18884908
4.22708223
4.26774281
4.30988806
4.35365412
4.39974843
4.44905553
4.50235384
4.56003544
4.62173778
4.68580088
4.74864091
4.80457405
4.84467927
4.84863731
4.79369154
4.27567695
4.23085948
4.21967632
4.22969024
4.24986154
4.27637051
4.30713838
4.34099915
4.37759533
4.41701616
4.45946867
4.50501333
4.5533019
4.6032653
4.65272058
4.69802635
4.73427322
4.75486078
4.74557376
4.69205453
4.34469121
4.30374713
4.28864459
4.290843
4.30239176
4.32058732
4.34374595
4.37071804
4.40090959
4.43403233
4.46984522
4.50793457
4.5475
4.58712503
4.62452886
4.65642831
4.67890828
4.68734745
4.6718931
4.62322984
4.39527455
4.35851932
4.34217186
4.33997285
4.346004
4.35837641
4.37577646
4.39716078
4.42184134
4.44931489
4.47906708
4.51040316
4.54229024
4.57320815
4.60101549
4.62294096
4.63601028
4.63710675
4.61933902
4.57639185
4.43197689
4.39927111
4.38306797
4.37852426
4.38107982
4.38941045
4.40250216
4.41943954
4.43951739
4.46212428
4.48659783
4.51210231
4.53752329
4.56138392
4.58179089
4.59649572
4.60330887
4.60018799
4.58222042
4.54490889
4.45778788
4.42890787
4.41359289
4.40795771
4.40839276
4.41396088
4.42387821
4.43735291
4.4537028
4.47227586
4.49234567
4.51302849
4.53322116
4.55156589
4.56644733
4.5760846
4.57889981
4.57358904
4.55657013
4.52449369
4.47483725
4.4495844
4.43557307
4.42963273
4.42886559
4.43260665
4.4402489
4.45111226
4.46455694
4.47992985
4.49649141
4.51336434
4.529505
4.54370237
4.55460567
4.56082461
4.56124121
4.55505031
4.53958833
4.51227564
4.4847391
4.46296949
4.45050421
4.4447632
4.44342887
4.44604141
4.45213543
4.46113068
4.47243629
4.48541682
4.49934429
4.51337233
4.52653301
4.53775943
4.54593132
4.5499726
4.54910735
4.54287125
4.52927047
4.50628835
4.48878217
4.47041244
4.45963153
4.45440502
4.45293942
4.45494931
4.46009142
4.46787479
4.4777548
4.48911588
4.50124551
4.51332947
4.52446863
4.53371873
4.54014734
4.54292588
4.54153647
4.53576257
4.52414944
4.50515205
4.48806961
4.47306684
4.46402021
4.45946682
4.45814336
4.45993669
4.46461807
4.47177565
4.48089989
4.49138323
4.50251501
4.51349559
4.52347029
4.531583
4.53704264
4.53921194
4.53777527
4.53272136
4.52309807
4.50783709
4.48367738
4.47202081
4.46465214
4.46077468
4.45971443
4.46155001
4.46616656
4.47321903
4.48221355
4.49252664
4.50342185
4.51408198
4.52365898
4.53134049
4.53642723
4.53842432
4.53718268
4.53289126
4.52514033
4.51343127
4.47686552
4.46839904
4.46244146
4.45902846
4.45817538
4.46018358
4.46504862
4.47247082
4.4819409
4.49278284
4.50419325
4.5152918
4.52518565
4.53304984
4.5382189
4.54028937
4.53925065
4.53551079
4.52930083
4.52087028
4.46929716
4.46320658
4.45768742
4.45398186
4.45293632
4.45510376
4.4605574
4.46898243
4.47978447
4.49216159
4.50516587
4.51776938
4.52894152
4.53774433
4.54344444
4.54564115
4.54441515
4.54042767
4.53471142
4.52867909
4.46346085
4.457536
4.4503847
4.44494226
4.44291935
4.44511158
4.4515833
4.46188794
4.47522883
4.49056387
4.50668374
4.52228619
4.53606262
4.54680803
4.55356053
4.55577419
4.55352981
4.54776
4.5403632
4.53447452
)
;

boundaryField
{
    walls
    {
        type            zeroGradient;
    }
    mov_wall
    {
        type            zeroGradient;
    }
    empty
    {
        type            empty;
    }
}


// ************************************************************************* //
