/*--------------------------------*- C++ -*----------------------------------*\
| =========                 |                                                 |
| \\      /  F ield         | OpenFOAM: The Open Source CFD Toolbox           |
|  \\    /   O peration     | Version:  5.x                                   |
|   \\  /    A nd           | Web:      www.OpenFOAM.org                      |
|    \\/     M anipulation  |                                                 |
\*---------------------------------------------------------------------------*/
FoamFile
{
    version     2.0;
    format      ascii;
    class       surfaceScalarField;
    location    "2";
    object      phi;
}
// * * * * * * * * * * * * * * * * * * * * * * * * * * * * * * * * * * * * * //

dimensions      [0 3 -1 0 0 0 0];

internalField   nonuniform List<scalar> 
760
(
0.00134817539
-0.00134817953
0.00245763935
-0.00110946396
0.0031351337
-0.000677494352
0.0035597132
-0.000424579527
0.00383224667
-0.000272533504
0.00400944522
-0.000177198584
0.00412520547
-0.000115760279
0.0041992064
-7.40009646e-05
0.00424242068
-4.32142982e-05
0.00426054164
-1.81209432e-05
0.00425561084
4.93083134e-06
0.00422674732
2.88635528e-05
0.00416938043
5.73668869e-05
0.00407357784
9.5802589e-05
0.00391994562
0.000153632273
0.00367201586
0.000247929878
0.00326315847
0.000408857463
0.00257264026
0.000690518164
0.00140850183
0.0011641383
0.00140850174
-5.46961749e-05
-0.00129348336
0.000412590538
-0.00157675066
0.00103002507
-0.00129492886
0.00157870503
-0.000973259474
0.00201481879
-0.000708647259
0.00234475802
-0.000507137803
0.00258509217
-0.000356094402
0.00275124135
-0.000240150131
0.00285453721
-0.00014651016
0.00290176382
-6.53475648e-05
0.00289533584
1.13588271e-05
0.00283290187
9.12975819e-05
0.00270710073
0.000183168062
0.00250434305
0.000298560233
0.00220409391
0.000453881311
0.00178089053
0.000671133226
0.00121756126
0.000972186849
0.000552809499
0.00135527011
1.30657779e-05
0.00170388211
0.00142156743
-0.000271735866
-0.00102174749
-0.000221030798
-0.00162745575
7.13588363e-05
-0.00158731849
0.000446270393
-0.00134817103
0.000812467212
-0.00107484409
0.00112926944
-0.00082394004
0.00138204181
-0.000608866752
0.00156796606
-0.000426074355
0.00168833171
-0.000266875787
0.00174463801
-0.000121653871
0.00173674419
1.9252635e-05
0.00166209194
0.00016594988
0.00151567529
0.000329584797
0.00129122284
0.000523012741
0.000984987181
0.000760116907
0.000604992163
0.00105112812
0.000189839827
0.00138733914
-0.000160050378
0.00170516041
-0.00026164207
0.00180547392
0.0011599253
-0.000227943365
-0.000793804089
-0.00036120359
-0.00149419554
-0.000308340981
-0.00164018108
-0.000134841891
-0.00152167011
8.9180065e-05
-0.00129886604
0.000314934016
-0.001049694
0.000513217539
-0.000807150274
0.000668248602
-0.000581105391
0.000771935134
-0.000370562281
0.000819979637
-0.000169698361
0.000809672436
2.95598116e-05
0.000739149505
0.000236472802
0.000607889975
0.000460844393
0.000419072623
0.000711830204
0.000184494441
0.000994695132
-6.72125311e-05
0.00130283501
-0.000280630902
0.00160075741
-0.000369425076
0.00179395459
-0.000246995455
0.00168304441
0.000912929828
-0.000168967508
-0.000624836531
-0.000352023954
-0.0013111391
-0.000431573029
-0.001560632
-0.000408933164
-0.00154430995
-0.000319468646
-0.00138833055
-0.00020013757
-0.00116902508
-7.98602622e-05
-0.000927427586
2.15220799e-05
-0.000682487717
9.13688821e-05
-0.000440409036
0.00012207453
-0.000200403961
0.000109697945
4.19363952e-05
5.35905662e-05
0.000292580137
-4.27978549e-05
0.000557232808
-0.000169734866
0.000838767302
-0.00030768423
0.00113264461
-0.000423491217
0.00141864202
-0.000470038917
0.00164730502
-0.000397831747
0.00172174734
-0.000196432983
0.00148164568
0.000716496871
-0.000124194648
-0.00050064183
-0.000308343992
-0.00112698975
-0.000450510321
-0.00141846565
-0.000523229152
-0.0014715911
-0.000535425306
-0.00137613437
-0.000508203617
-0.00119624675
-0.000463206992
-0.000972424208
-0.000418116524
-0.000727578182
-0.000385677816
-0.000472847709
-0.000373971558
-0.00021211015
-0.000386785549
5.47504371e-05
-0.000423512888
0.000329307454
-0.000478403487
0.00061212335
-0.000539217517
0.000899581339
-0.000585849291
0.00117927648
-0.000590533768
0.00142332659
-0.000523098312
0.00157986956
-0.000366705509
0.00156535447
-0.000150587792
0.00126552794
0.000565909102
-9.45753389e-05
-0.000406066442
-0.000264657661
-0.000956907416
-0.000430753604
-0.00125236969
-0.000557000277
-0.0013453444
-0.000636824682
-0.00129630993
-0.000678180701
-0.0011548907
-0.000693989116
-0.000956615777
-0.000696979014
-0.000724588285
-0.000697326394
-0.000472500322
-0.000701714419
-0.000207722071
-0.000712911439
6.59475412e-05
-0.000729383084
0.000345779141
-0.000744794797
0.000627535023
-0.000747614259
0.000902400745
-0.000721496059
0.00115315831
-0.000647861669
0.0013496923
-0.000512888019
0.00144489598
-0.000321211598
0.00137367803
-0.000116487167
0.00106080347
0.000449421927
-7.53457358e-05
-0.000330720664
-0.000228213357
-0.000804039783
-0.000398366148
-0.00108221689
-0.00055055852
-0.00119315201
-0.00067065186
-0.00117621657
-0.000757609533
-0.001067933
-0.000816820736
-0.000897404545
-0.000855626736
-0.000685782275
-0.000880665363
-0.000447461704
-0.000896401416
-0.000191986005
-0.000904309432
7.38556267e-05
-0.000902396285
0.000343866084
-0.0008850035
0.000610142264
-0.00084312986
0.000860527053
-0.000765839816
0.00107586822
-0.000643678312
0.00122753083
-0.000475112061
0.00127632981
-0.000276313652
0.00117487966
-9.21338707e-05
0.000876623684
0.000357288026
-6.2289671e-05
-0.000268430959
-0.000198545751
-0.000667783688
-0.000362902048
-0.000917860586
-0.000523863377
-0.00103219066
-0.000664431985
-0.00103564794
-0.000778149293
-0.00095421566
-0.000864835414
-0.000810718387
-0.000927190654
-0.000623427005
-0.000968425769
-0.000406226589
-0.0009907471
-0.000169664688
-0.000994460936
7.75694829e-05
-0.000977547947
0.000326953175
-0.000935714031
0.000568308432
-0.000863116589
0.000787929621
-0.000754134658
0.000966886237
-0.000606634097
0.00108003024
-0.000426954945
0.0010966507
-0.000236040333
0.000983965113
-7.43495221e-05
0.000714932905
0.000282938479
-5.27695581e-05
-0.000215661379
-0.000173814648
-0.000546738574
-0.000327560846
-0.000764114389
-0.000486871018
-0.000872880486
-0.00063438665
-0.000888132292
-0.000760765461
-0.000827836824
-0.000862125059
-0.000709358755
-0.000937663563
-0.000547888459
-0.000987792046
-0.000356098081
-0.00101283242
-0.000144624326
-0.00101223049
7.69675334e-05
-0.000984247345
0.000298970058
-0.000926168366
0.000510229534
-0.000835162679
0.000696924002
-0.000709978617
0.000841702174
-0.000553598752
0.000923650335
-0.000376677602
0.000919729535
-0.000200960201
0.000808247747
-6.08626052e-05
0.000574835357
0.000222075875
-4.52976985e-05
-0.000170363677
-0.000152453107
-0.000439583129
-0.000293297803
-0.000623269691
-0.000444760083
-0.000721418211
-0.00059034144
-0.000742550935
-0.000719467527
-0.000698710725
-0.000826039178
-0.000602787078
-0.000906869904
-0.000467057691
-0.000960338428
-0.000302629513
-0.000985393528
-0.000119569209
-0.000980953463
7.25274469e-05
-0.000945722721
0.000263739297
-0.000878471278
0.000442978123
-0.000778847259
0.000597300056
-0.00064877752
0.000711632486
-0.000494398555
0.000769271363
-0.000328200827
0.000753531777
-0.000170676619
0.000650723534
-5.02801215e-05
0.000454438892
0.000171795778
-3.90611815e-05
-0.000131302517
-0.000133400358
-0.000345243912
-0.000260343171
-0.000496326859
-0.000400378278
-0.000581383105
-0.000538416441
-0.000604512782
-0.000663674152
-0.000573453019
-0.000768916049
-0.000497545172
-0.000849498488
-0.000386475225
-0.000902474716
-0.00024965324
-0.000925907331
-9.61365501e-05
-0.000918462687
6.50828107e-05
-0.000879331648
0.000224608231
-0.000808513345
0.000372159803
-0.000707486551
0.000496273295
-0.00058024674
0.000584392735
-0.000434577405
0.000623602064
-0.000283241307
0.000602195673
-0.000144569842
0.000512052051
-4.17541671e-05
0.000351623224
0.000130041643
-3.36077606e-05
-9.76947981e-05
-0.000115967905
-0.000262883744
-0.000228674884
-0.00038361985
-0.000355313941
-0.000454744027
-0.000482424907
-0.000477401819
-0.000599627056
-0.000456250884
-0.000699290002
-0.000397882235
-0.000776011885
-0.000309753336
-0.000826086729
-0.000199578368
-0.000847082646
-7.51405856e-05
-0.000837605755
5.56059571e-05
-0.000797294678
0.000184297154
-0.000727069229
0.000301934325
-0.000629628427
0.000398832481
-0.000510141417
0.000464905755
-0.00037698924
0.000490449934
-0.000242304831
0.00046751129
-0.000121973228
0.000391720443
-3.4731784e-05
0.000264381775
9.53098861e-05
-2.865538e-05
-6.90394585e-05
-9.96531035e-05
-0.000191886031
-0.000198103004
-0.000285169935
-0.000310335655
-0.000342511342
-0.000424586021
-0.000363151429
-0.000531228202
-0.000349608705
-0.000622721249
-0.000306389204
-0.000693397564
-0.000239077035
-0.000739206905
-0.000153769026
-0.000757505506
-5.68419578e-05
-0.000746952538
4.50530333e-05
-0.000707550738
0.000144895385
-0.000640842705
0.000235226288
-0.000550242216
0.000308231966
-0.000441435116
0.000356098649
-0.000322726394
0.000371741237
-0.000205154402
0.000349939334
-0.000102179399
0.000288745457
-2.88006927e-05
0.000191003068
6.65092153e-05
-2.39788763e-05
-4.50605999e-05
-8.39895726e-05
-0.000131875364
-0.000168241595
-0.000200917938
-0.000265571143
-0.000245181776
-0.000365902079
-0.000262820453
-0.000460552334
-0.000254958421
-0.000542373986
-0.00022456755
-0.000605766259
-0.000175684777
-0.000646623473
-0.00011291183
-0.000662280476
-4.11849576e-05
-0.000651504338
3.42769195e-05
-0.000614560244
0.000107951329
-0.000553354247
0.000174020313
-0.000471625302
0.000226503014
-0.000375124033
0.00025959736
-0.000271680695
0.000268297899
-0.000171045662
0.000249304322
-8.44105723e-05
0.000202110391
-2.35980195e-05
0.000130190524
4.2911219e-05
-1.93469636e-05
-2.57136322e-05
-6.84623171e-05
-8.27600172e-05
-0.00013849141
-0.000130888893
-0.000220613794
-0.000163059417
-0.000306394761
-0.000177039466
-0.000388186184
-0.000173166954
-0.000459423937
-0.000153329764
-0.000514803826
-0.000120304879
-0.000550370469
-7.73451985e-05
-0.000563567568
-2.79878771e-05
-0.000553290449
2.39997952e-05
-0.000519962959
7.46238563e-05
-0.000465635723
0.000119693105
-0.000394076106
0.000154943411
-0.000310793059
0.000176314305
-0.000222920232
0.000180425059
-0.000138881712
0.000165265805
-6.78072418e-05
0.000131035935
-1.87603541e-05
8.11436468e-05
2.41508916e-05
-1.45036546e-05
-1.12099792e-05
-5.2514453e-05
-4.47491739e-05
-0.0001081093
-7.52940684e-05
-0.000174666084
-9.6502677e-05
-0.000245312807
-0.000106392764
-0.000313481977
-0.000104997766
-0.000373341768
-9.3469933e-05
-0.000420077787
-7.35688253e-05
-0.000450061207
-4.73617628e-05
-0.000460953542
-1.70955486e-05
-0.000451788011
1.48342471e-05
-0.00042304759
4.58834289e-05
-0.000376732937
7.33784638e-05
-0.000316391097
9.46015886e-05
-0.00024705256
0.000106975776
-0.000175011645
0.000108384139
-0.00010739179
9.76459435e-05
-5.14805004e-05
7.51246462e-05
-1.3913176e-05
4.35763236e-05
1.02377392e-05
-9.20159034e-06
-2.00842269e-06
-3.56799686e-05
-1.8270722e-05
-7.64253407e-05
-3.45486652e-05
-0.000126794141
-4.61338936e-05
-0.000181383916
-5.18030272e-05
-0.00023478589
-5.1595814e-05
-0.00028209474
-4.61610741e-05
-0.000319221306
-3.64422306e-05
-0.000343071464
-2.35115739e-05
-0.000351654374
-8.51262168e-06
-0.000344162963
7.34283358e-06
-0.000321044062
2.27645165e-05
-0.000284051176
3.63855741e-05
-0.000236251104
4.68015263e-05
-0.000181937222
5.26619076e-05
-0.000126389298
5.28362233e-05
-7.54201442e-05
4.66767912e-05
-3.46778622e-05
3.43823627e-05
-8.71299032e-06
1.76114451e-05
1.5247608e-06
-3.43713836e-06
1.42866226e-06
-1.80415234e-05
-3.66628689e-06
-4.3400221e-05
-9.18990571e-06
-7.64233099e-05
-1.31107679e-05
-0.00011317173
-1.50546092e-05
-0.000149644662
-1.51229064e-05
-0.000182226644
-1.35791138e-05
-0.000207924527
-1.07443534e-05
-0.000224483724
-6.95236594e-06
-0.000230453908
-2.54242283e-06
-0.000225242924
2.13185715e-06
-0.000209169988
6.69157636e-06
-0.000183512119
1.07276963e-05
-0.000150518254
1.38076593e-05
-0.000113354749
1.54984135e-05
-7.59310203e-05
1.54125104e-05
-4.25425538e-05
1.32883412e-05
-1.72749751e-05
9.11479733e-06
-3.1036003e-06
3.44007311e-06
-1.57883433e-06
1.42862183e-06
-2.23769751e-06
-1.14276003e-05
-2.45383286e-05
-3.95928855e-05
-5.47157495e-05
-6.82948397e-05
-7.90391839e-05
-8.59915454e-05
-8.85339624e-05
-8.64021006e-05
-7.97105287e-05
-6.89828512e-05
-5.51752217e-05
-3.96768401e-05
-2.42643558e-05
-1.09760304e-05
-1.8612379e-06
1.57883461e-06
)
;

boundaryField
{
    walls
    {
        type            calculated;
        value           uniform 0;
    }
    mov_wall
    {
        type            calculated;
        value           uniform 0;
    }
    empty
    {
        type            empty;
        value           nonuniform 0();
    }
}


// ************************************************************************* //
