/*--------------------------------*- C++ -*----------------------------------*\
| =========                 |                                                 |
| \\      /  F ield         | OpenFOAM: The Open Source CFD Toolbox           |
|  \\    /   O peration     | Version:  5.x                                   |
|   \\  /    A nd           | Web:      www.OpenFOAM.org                      |
|    \\/     M anipulation  |                                                 |
\*---------------------------------------------------------------------------*/
FoamFile
{
    version     2.0;
    format      ascii;
    class       volVectorField;
    location    "2";
    object      U;
}
// * * * * * * * * * * * * * * * * * * * * * * * * * * * * * * * * * * * * * //

dimensions      [0 1 -1 0 0 0 0];

internalField   nonuniform List<vector> 
400
(
(0.291698263 0.149644116 0)
(0.388186943 0.128007851 0)
(0.557615934 0.0757318404 0)
(0.674785376 0.043304359 0)
(0.743765891 0.0251589713 0)
(0.787073862 0.0148801456 0)
(0.815461346 0.00893078248 0)
(0.833937565 0.00530982299 0)
(0.845363197 0.00289950184 0)
(0.851346869 0.00108484245 2.66527636e-34)
(0.85263837 -0.000502815769 -2.66527636e-34)
(0.849352068 -0.00216064171 0)
(0.840971408 -0.00421699715 0)
(0.826112144 -0.00722086357 0)
(0.802019168 -0.0122363798 0)
(0.763538072 -0.0213890973 0)
(0.699488382 -0.0388385131 0)
(0.584557131 -0.0722731921 0)
(0.407900527 -0.128436269 0)
(0.300688097 -0.152947554 0)
(0.00120408151 0.287432865 0)
(0.0133206716 0.293872283 0)
(0.140043808 0.209904602 0)
(0.264970275 0.142985583 0)
(0.364175486 0.0968012 0)
(0.440116741 0.0654402721 0)
(0.496536663 0.0439754677 0)
(0.536685787 0.0287005407 0)
(0.563268526 0.0170794722 0)
(0.578131053 0.00742296763 0)
(0.582203981 -0.00150087005 0)
(0.575509256 -0.0107973777 0)
(0.557103843 -0.0217340892 0)
(0.524908387 -0.0361390101 0)
(0.475514724 -0.0569627713 0)
(0.40432329 -0.0889764468 0)
(0.305685526 -0.139150123 0)
(0.174496866 -0.215274698 0)
(0.034106293 -0.310800857 0)
(0.0108691332 -0.30590902 0)
(-0.0321468469 0.24177413 0)
(-0.0634308305 0.333546867 0)
(-0.0219374511 0.299501474 0)
(0.0505972516 0.240050016 0)
(0.127393629 0.183018756 0)
(0.196813364 0.135452361 0)
(0.254160418 0.0974503513 0)
(0.298080386 0.066887588 0)
(0.328656866 0.0413748134 0)
(0.346298535 0.0187811052 -2.3579779e-33)
(0.351201993 -0.00280918652 2.3579779e-33)
(0.343117843 -0.0252941386 0)
(0.32126949 -0.0508285443 0)
(0.284425944 -0.0820930794 0)
(0.231323199 -0.122477848 0)
(0.161912565 -0.175656117 0)
(0.0798322198 -0.243206706 0)
(-0.00333887916 -0.317980545 0)
(-0.0578536913 -0.36636259 0)
(-0.0313894031 -0.270690394 0)
(-0.0261205351 0.182361456 0)
(-0.0666199739 0.316883074 0)
(-0.0735396046 0.330899565 0)
(-0.048134021 0.295349796 0)
(-0.00567716597 0.244249822 0)
(0.0411057318 0.192427938 0)
(0.0845367126 0.145091567 0)
(0.120414548 0.103003871 0)
(0.146574467 0.0651525933 0)
(0.161914183 0.029887776 2.3554736e-33)
(0.165801519 -0.00469379428 -2.3554736e-33)
(0.15778801 -0.0406680243 0)
(0.137576678 -0.0803002551 0)
(0.105276747 -0.125976448 0)
(0.0620831783 -0.179771313 0)
(0.01160415 -0.242026173 0)
(-0.0380318009 -0.307761082 0)
(-0.072050991 -0.359576686 0)
(-0.0711646333 -0.355583852 0)
(-0.0287211769 -0.209177951 0)
(-0.0176298394 0.140767371 0)
(-0.0549174208 0.281825124 0)
(-0.0828652213 0.324480743 0)
(-0.0880801432 0.312391969 0)
(-0.0751254583 0.274436464 0)
(-0.0526352505 0.226772842 0)
(-0.0275211788 0.177297771 0)
(-0.00459082703 0.129141439 0)
(0.0130117698 0.0829098212 0)
(0.0233445942 0.0379321526 -2.94546572e-34)
(0.0252976015 -0.00710057562 2.94546572e-34)
(0.0184036439 -0.0537971289 0)
(0.00287648164 -0.103797546 0)
(-0.0200962435 -0.158363245 0)
(-0.0477780924 -0.217525462 0)
(-0.0750668886 -0.278342183 0)
(-0.0936303163 -0.331689808 0)
(-0.0922290464 -0.357394746 0)
(-0.0635082208 -0.318877113 0)
(-0.0207313885 -0.162075706 0)
(-0.0116544545 0.111591204 0)
(-0.0431531512 0.243762026 0)
(-0.0782863712 0.299854201 0)
(-0.100583371 0.304994179 0)
(-0.108316541 0.280413866 0)
(-0.105724257 0.240361813 0)
(-0.0975455391 0.193271183 0)
(-0.087804118 0.143540216 0)
(-0.0795467504 0.0930228291 0)
(-0.074839177 0.0420741667 0)
(-0.074859973 -0.00975808797 0)
(-0.079945797 -0.0632473668 0)
(-0.0895101697 -0.119028267 0)
(-0.10182158 -0.176987135 0)
(-0.113697946 -0.235290851 0)
(-0.120289953 -0.288841848 0)
(-0.115240427 -0.327078054 0)
(-0.0922729705 -0.331560988 0)
(-0.052188322 -0.27511593 0)
(-0.0142849022 -0.127258699 0)
(-0.00803202613 0.0899664571 0)
(-0.034306191 0.207872288 0)
(-0.0703709005 0.267734596 0)
(-0.100963155 0.283500748 0)
(-0.121514608 0.269744614 0)
(-0.133069052 0.237798839 0)
(-0.138144322 0.195376157 0)
(-0.13945983 0.147210315 0)
(-0.139375983 0.0958868488 0)
(-0.139609846 0.0425945836 0)
(-0.141124565 -0.0122610181 0)
(-0.144064511 -0.0685360704 0)
(-0.147666062 -0.125818346 0)
(-0.150148152 -0.182779364 0)
(-0.148673775 -0.236305794 0)
(-0.139569956 -0.280381235 0)
(-0.119018637 -0.304892243 0)
(-0.0848762903 -0.294950429 0)
(-0.042205213 -0.232149843 0)
(-0.0100066821 -0.100708083 0)
(-0.00589833308 0.0731548812 0)
(-0.0280521943 0.175454484 0)
(-0.062463924 0.233446847 0)
(-0.0961962493 0.254640792 0)
(-0.12378875 0.248651717 0)
(-0.14434215 0.223967955 0)
(-0.15862881 0.187063368 0)
(-0.168077142 0.142427123 0)
(-0.174179129 0.09293907 0)
(-0.178099955 0.0403520907 0)
(-0.180464392 -0.0142226081 0)
(-0.181237618 -0.0698398365 0)
(-0.179654092 -0.125218436 0)
(-0.174210935 -0.178168414 0)
(-0.162813615 -0.224930768 0)
(-0.143215861 -0.259502491 0)
(-0.113843762 -0.273191724 0)
(-0.0753177388 -0.254888478 0)
(-0.034319295 -0.19292046 0)
(-0.00728504471 -0.0799897831 0)
(-0.00459322134 0.0595136398 0)
(-0.0235446838 0.14653639 0)
(-0.0553442398 0.199653015 0)
(-0.0893217751 0.222690628 0)
(-0.120054776 0.221807678 0)
(-0.145612835 0.203120499 0)
(-0.165575054 0.171786679 0)
(-0.18032199 0.131768103 0)
(-0.190536255 0.0859359731 0)
(-0.196818987 0.0363498215 2.97712576e-34)
(-0.199454001 -0.0153893189 -2.97712576e-34)
(-0.198280359 -0.0677512292 0)
(-0.192650316 -0.118859684 0)
(-0.181492811 -0.166049206 0)
(-0.163548776 -0.205429659 0)
(-0.137860642 -0.23156645 0)
(-0.104504595 -0.237494452 0)
(-0.0656643382 -0.215377658 0)
(-0.0281740022 -0.158244086 0)
(-0.0055107164 -0.0634646733 0)
(-0.00373318726 0.0480857605 0)
(-0.0201214547 0.120832722 0)
(-0.0490159095 0.167666731 0)
(-0.0816398316 0.190275892 0)
(-0.11299061 0.192475343 0)
(-0.140681982 0.178545309 4.67989574e-33)
(-0.163559009 0.152455199 0)
(-0.18124802 0.117547225 0)
(-0.193785955 0.0765001117 -4.74065448e-33)
(-0.201298718 0.031469871 2.26601705e-36)
(-0.203790833 -0.0156719567 4.98641207e-36)
(-0.201036821 -0.0630498381 0)
(-0.192567137 -0.108473022 0)
(-0.177766433 -0.149130811 0)
(-0.156125541 -0.181349181 0)
(-0.127680164 -0.200512421 0)
(-0.0935647571 -0.20130767 0)
(-0.0566771045 -0.178455113 0)
(-0.0233146668 -0.128084218 0)
(-0.0042956983 -0.0500413358 0)
(-0.00311502716 0.0383280157 0)
(-0.0173630261 0.0980441058 0)
(-0.043317369 0.13812019 0)
(-0.0737176035 0.158967553 0)
(-0.104103715 0.162825911 0)
(-0.131969508 0.152606383 -4.67989574e-33)
(-0.155760305 0.131285502 0)
(-0.174611298 0.101595572 0)
(-0.188098454 0.0659244394 4.74065448e-33)
(-0.195995523 0.0263683229 1.49107365e-33)
(-0.198109662 -0.0151207928 -1.49832608e-33)
(-0.194202086 -0.0565384069 0)
(-0.183994729 -0.0956174164 0)
(-0.167275503 -0.129644192 0)
(-0.144122948 -0.155357169 0)
(-0.115251303 -0.169010698 0)
(-0.082380575 -0.166703109 0)
(-0.0485936081 -0.145031483 0)
(-0.0193973931 -0.10209754 0)
(-0.00342087107 -0.0390028617 0)
(-0.00263386811 0.0299237755 0)
(-0.0150222403 0.0779236932 0)
(-0.03809644 0.111301775 0)
(-0.065815837 0.12968467 0)
(-0.0942769286 0.134252122 0)
(-0.121040671 0.126914087 0)
(-0.144379512 0.109850845 0)
(-0.163144279 0.0852407141 0)
(-0.176614372 0.0551373259 0)
(-0.18433012 0.0214693725 2.99743629e-34)
(-0.185977588 -0.0138788898 -2.99743629e-34)
(-0.181338554 -0.0489458984 0)
(-0.17030927 -0.0815662625 0)
(-0.152995151 -0.109279062 0)
(-0.12988822 -0.129319518 0)
(-0.102111909 -0.13875302 0)
(-0.0716376038 -0.134805931 0)
(-0.0414355842 -0.11539906 0)
(-0.016183956 -0.0798527972 0)
(-0.00276396468 -0.0298586833 0)
(-0.00223462315 0.0226778127 0)
(-0.0129534977 0.0602780721 0)
(-0.0332365532 0.0873223957 0)
(-0.0580527333 0.10294441 0)
(-0.0840312969 0.107611134 0)
(-0.108900735 0.102510463 0)
(-0.130907593 0.0891997926 0)
(-0.148768428 0.0693751888 0)
(-0.161595516 0.0447462441 0)
(-0.168792961 0.0170058949 3.00138168e-34)
(-0.169985278 -0.012134924 -3.00138168e-34)
(-0.164991811 -0.0408809918 0)
(-0.153850392 -0.0672877722 0)
(-0.136892908 -0.0892323767 0)
(-0.114871609 -0.104458487 0)
(-0.0891151141 -0.110734242 0)
(-0.0616302795 -0.106148914 0)
(-0.0351255347 -0.0895279743 0)
(-0.0135031893 -0.060921638 0)
(-0.0022531776 -0.0222561072 0)
(-0.00188531056 0.0164644378 0)
(-0.0110616825 0.0449596716 0)
(-0.0286391127 0.0662033202 0)
(-0.0504575704 0.0790191668 0)
(-0.0736479615 0.0834031267 0)
(-0.0961573646 0.0800326382 0)
(-0.116297658 0.0699876919 0)
(-0.13275392 0.0545553001 0)
(-0.144565396 0.0351109628 0)
(-0.151071878 0.0130740097 0)
(-0.151877438 -0.0100861584 0)
(-0.146843095 -0.0328205612 0)
(-0.136110538 -0.0534757424 0)
(-0.12015655 -0.0703017624 0)
(-0.099873109 -0.0815211228 0)
(-0.0766524592 -0.0854833911 0)
(-0.0524090874 -0.0809156874 0)
(-0.0295282929 -0.0672407323 0)
(-0.0112179078 -0.0449226662 0)
(-0.00184118392 -0.0159367126 0)
(-0.00156235741 0.0112063935 0)
(-0.00926899645 0.0318667549 0)
(-0.0242002778 0.0479311785 0)
(-0.0429845001 0.0580421285 0)
(-0.0632261237 0.0619040591 0)
(-0.0831132571 0.0598487283 0)
(-0.101076997 0.0525993061 0)
(-0.115838564 0.0411024449 0)
(-0.126429474 0.0264208495 0)
(-0.132175394 0.00968500858 0)
(-0.132685918 -0.00791508824 0)
(-0.127859637 -0.0251213593 0)
(-0.117905462 -0.0406048713 0)
(-0.103377978 -0.0529908523 0)
(-0.0852203747 -0.0609315285 0)
(-0.0647968797 -0.0632426298 0)
(-0.0438618685 -0.0591071082 0)
(-0.024465625 -0.0483200892 0)
(-0.00920238157 -0.031548928 0)
(-0.00149076321 -0.0107183559 0)
(-0.0012425385 0.00687148599 0)
(-0.00749640356 0.0209512892 0)
(-0.0197974694 0.0324973053 0)
(-0.0355202783 0.0400821774 0)
(-0.0527181706 0.0432662098 0)
(-0.0698254402 0.0421687804 0)
(-0.0854232967 0.0372559023 0)
(-0.0983144389 0.0291955676 0)
(-0.107569127 0.0187652441 0)
(-0.112534656 0.00680818116 0)
(-0.112842408 -0.00577888837 0)
(-0.108420371 -0.0180459715 0)
(-0.0995113228 -0.0289956936 0)
(-0.08669354 -0.0376110872 0)
(-0.0708970847 -0.042919288 0)
(-0.0534004168 -0.0441019248 0)
(-0.0357669715 -0.0406546678 0)
(-0.0197262837 -0.0325775469 0)
(-0.00733004846 -0.0205881943 0)
(-0.0011668634 -0.00649162093 0)
(-0.000899761508 0.00347658706 0)
(-0.00566020589 0.0122228271 0)
(-0.0152959257 0.0199153081 0)
(-0.02790572 0.0251852932 0)
(-0.0419656278 0.0275822282 0)
(-0.0561523183 0.0271226337 0)
(-0.0692189112 0.0240954792 0)
(-0.0800869378 0.0189429966 0)
(-0.0879052195 0.012188147 0)
(-0.0920732497 0.00440174088 0)
(-0.0922571101 -0.00380685589 0)
(-0.0884051108 -0.0117908823 0)
(-0.0807631723 -0.018872117 0)
(-0.0698863136 -0.0243626126 0)
(-0.056639204 -0.0276115711 0)
(-0.0421725035 -0.028085197 0)
(-0.0278439606 -0.0254833889 0)
(-0.0150871664 -0.019884366 0)
(-0.00547392926 -0.0119300844 0)
(-0.000833459803 -0.00322166217 0)
(-0.000507441597 0.00108907396 0)
(-0.00368840124 0.00573938457 0)
(-0.0105858144 0.0102210094 0)
(-0.0199852791 0.0134003921 0)
(-0.0307512021 0.0149380471 0)
(-0.041802089 0.0148306815 0)
(-0.0520935418 0.0132483801 0)
(-0.0607125359 0.0104502954 0)
(-0.0669337515 0.00673798883 0)
(-0.0702446462 0.0024370909 0)
(-0.0703621078 -0.00210589357 0)
(-0.0672473047 -0.00652232707 0)
(-0.0611187852 -0.0104236987 0)
(-0.0524601138 -0.0134135794 0)
(-0.0420151195 -0.0151146845 0)
(-0.0307591062 -0.0152164075 0)
(-0.0198221 -0.0135477631 0)
(-0.0103603889 -0.0101750056 0)
(-0.00352632797 -0.00555449493 0)
(-0.000456424776 -0.000945901552 0)
(-6.44916493e-05 -0.000176203738 0)
(-0.00159879255 0.00163641113 0)
(-0.00569443559 0.00359812579 0)
(-0.0117183524 0.00501000452 0)
(-0.0188854822 0.00571606846 0)
(-0.0263877849 0.0057330442 0)
(-0.033450413 0.00514702 0)
(-0.0394031207 0.00407272484 0)
(-0.0437166078 0.00263456339 0)
(-0.0460176844 0.000961781362 0)
(-0.0460996902 -0.000809929941 0)
(-0.0439331234 -0.00253557834 0)
(-0.0396763002 -0.00405995804 0)
(-0.0336827484 -0.00522102216 0)
(-0.0264995228 -0.00585952315 0)
(-0.0188474188 -0.00583755698 0)
(-0.0115662466 -0.00506978976 0)
(-0.00551501559 -0.00357056239 0)
(-0.00148190025 -0.00155244874 0)
(-3.10997908e-05 0.000233921355 0)
(0.00026135125 -0.000255537865 0)
(0.000151393624 0.000102065209 0)
(-0.00117483091 0.000547347338 0)
(-0.00348019906 0.000863405508 0)
(-0.00637475329 0.00102194544 0)
(-0.00946561678 0.00103784096 0)
(-0.0123983773 0.000936094835 0)
(-0.0148797829 0.000742964829 0)
(-0.0166838718 0.000483120652 0)
(-0.0176523864 0.000180072269 1.08300429e-33)
(-0.0176962054 -0.000142278494 -1.08300429e-33)
(-0.0167993284 -0.000458146368 0)
(-0.0150247467 -0.000738912628 0)
(-0.0125203825 -0.000953115476 0)
(-0.00952244362 -0.00106759567 0)
(-0.00635233151 -0.00105039965 0)
(-0.00339981905 -0.00087669121 0)
(-0.00108354691 -0.000539566068 0)
(0.000206054449 -8.25199199e-05 0)
(0.000274523454 0.000266705258 0)
)
;

boundaryField
{
    walls
    {
        type            fixedValue;
        value           uniform (0 0 0);
    }
    mov_wall
    {
        type            fixedValue;
        value           uniform (1 0 0);
    }
    empty
    {
        type            empty;
    }
}


// ************************************************************************* //
