/*--------------------------------*- C++ -*----------------------------------*\
| =========                 |                                                 |
| \\      /  F ield         | OpenFOAM: The Open Source CFD Toolbox           |
|  \\    /   O peration     | Version:  5.x                                   |
|   \\  /    A nd           | Web:      www.OpenFOAM.org                      |
|    \\/     M anipulation  |                                                 |
\*---------------------------------------------------------------------------*/
FoamFile
{
    version     2.0;
    format      ascii;
    class       volScalarField;
    location    "2.9";
    object      p;
}
// * * * * * * * * * * * * * * * * * * * * * * * * * * * * * * * * * * * * * //

dimensions      [0 2 -2 0 0 0 0];

internalField   nonuniform List<scalar> 
400
(
6.24583879e-06
2.45246786
3.49433183
3.89888799
4.10665596
4.22471548
4.29430016
4.34028705
4.37634758
4.41011974
4.44676874
4.49092368
4.54766336
4.62449843
4.73480661
4.90460506
5.18238869
5.68421002
6.84132456
9.41173356
1.88671343
2.86729793
3.41989221
3.74775252
3.96518951
4.10975599
4.20768306
4.27900106
4.33675365
4.38962202
4.44425424
4.50658079
4.58334239
4.68330667
4.81973516
5.0136879
5.29403112
5.69847782
6.33842431
7.42838001
2.98208644
3.26253882
3.54233973
3.77068823
3.94571437
4.07572448
4.17323438
4.25001206
4.31528441
4.37624475
4.43893392
4.50903044
4.59258393
4.69679154
4.83085893
5.00664696
5.23633047
5.52394802
5.86049949
6.19824625
3.52779297
3.58535149
3.7217941
3.86538545
3.98907278
4.09084106
4.17461896
4.24572273
4.30953566
4.37103193
4.43478338
4.50521315
4.58679722
4.68426331
4.80245991
4.94570142
5.11575814
5.3051567
5.4783457
5.55964765
3.84422596
3.82688925
3.88518857
3.96939166
4.05222846
4.1277997
4.19567733
4.25748651
4.31593161
4.374101
4.43507381
4.50186631
4.57733983
4.66401471
4.76351267
4.8755197
4.99636777
5.11481059
5.19585467
5.18372452
4.04550995
4.00366759
4.02143482
4.06785854
4.12139105
4.17574963
4.22886352
4.28054644
4.33186885
4.38450039
4.44027968
4.50097677
4.56805746
4.64233499
4.72333494
4.808375
4.89181544
4.96268667
4.99308934
4.94681662
4.1805945
4.13383962
4.13184752
4.15537724
4.18884214
4.22707532
4.26773567
4.3098805
4.35364606
4.39974
4.44904701
4.50234556
4.56002759
4.6217304
4.68579398
4.74863458
4.80456841
4.8446744
4.8486333
4.79368866
4.27566722
4.23085114
4.21966871
4.22968296
4.24985437
4.27636328
4.30713095
4.3409914
4.3775872
4.41700771
4.45946009
4.50500493
4.55329393
4.60325785
4.65271359
4.69801981
4.73426721
4.75485541
4.74556913
4.69205078
4.34468268
4.30373955
4.28863752
4.29083609
4.30238479
4.32058018
4.34373856
4.37071039
4.40090167
4.43402416
4.46983691
4.50792635
4.54749213
4.58711766
4.62452197
4.65642179
4.67890211
4.68734169
4.67188782
4.62322511
4.39526766
4.35851282
4.34216559
4.3399666
4.34599757
4.35836968
4.37576939
4.39715344
4.4218338
4.4493072
4.4790593
4.51039541
4.54228272
4.57320102
4.6010088
4.62293461
4.63600413
4.63710074
4.61933315
4.57638609
4.43197189
4.39926586
4.38306262
4.37851878
4.3810741
4.38940435
4.40249563
4.41943267
4.43951032
4.46211715
4.48659069
4.51209521
4.53751632
4.56137719
4.58178449
4.59648958
4.60330281
4.60018185
4.58221406
4.54490218
4.45778474
4.42890391
4.41358846
4.40795298
4.40838772
4.41395546
4.42387233
4.43734662
4.45369627
4.47226928
4.49233917
4.5130221
4.53321486
4.55155971
4.5664413
4.5760787
4.57889388
4.57358286
4.55656345
4.52448622
4.4748357
4.44958159
4.43556946
4.42962861
4.42886108
4.4326018
4.44024364
4.4511066
4.46455099
4.47992381
4.49648548
4.51335858
4.52949938
4.54369681
4.55460011
4.560819
4.56123543
4.55504415
4.53958147
4.51226765
4.48473863
4.46296754
4.45050126
4.44475955
4.44342471
4.4460369
4.45213062
4.46112557
4.47243093
4.48541133
4.49933887
4.51336712
4.52652799
4.53775449
4.5459263
4.54996738
4.5491018
4.54286522
4.5292636
4.50628016
4.48878216
4.47041089
4.45962895
4.45440166
4.45293544
4.45494492
4.4600868
4.46787003
4.47774992
4.48911093
4.50124062
4.51332475
4.52446412
4.53371434
4.54014288
4.54292115
4.54153129
4.5357568
4.52414277
4.50514398
4.48806945
4.47306517
4.4640176
4.4594635
4.45813939
4.45993226
4.46461343
4.47177098
4.48089529
4.49137872
4.50251062
4.51349138
4.52346629
4.53157914
4.53703875
4.53920776
4.5377706
4.53271604
4.52309183
4.5078295
4.48367661
4.47201859
4.46464909
4.46077104
4.45971026
4.46154541
4.46616175
4.47321425
4.48220901
4.4925224
4.50341792
4.51407832
4.52365555
4.5313372
4.53642392
4.53842076
4.53717864
4.53288655
4.52513474
4.5134245
4.47686382
4.46839607
4.46243769
4.45902416
4.45817069
4.46017859
4.46504351
4.47246582
4.48193626
4.4927787
4.50418965
4.51528866
4.52518285
4.53304722
4.53821628
4.54028651
4.53924731
4.53550679
4.52929603
4.52086454
4.46929444
4.46320283
4.45768277
4.45397655
4.45293061
4.4550979
4.46055162
4.46897696
4.47977956
4.49215744
4.50516255
4.51776683
4.52893955
4.53774267
4.54344281
4.54563924
4.54441269
4.54042448
4.53470743
4.52867441
4.46345737
4.4575316
4.45037909
4.44493561
4.44291207
4.44510416
4.45157619
4.46188151
4.47522337
4.49055959
4.50668075
4.52228441
4.53606181
4.54680781
4.55356043
4.55577374
4.5535286
4.54775777
4.54035991
4.53447054
)
;

boundaryField
{
    walls
    {
        type            zeroGradient;
    }
    mov_wall
    {
        type            zeroGradient;
    }
    empty
    {
        type            empty;
    }
}


// ************************************************************************* //
