/*--------------------------------*- C++ -*----------------------------------*\
| =========                 |                                                 |
| \\      /  F ield         | OpenFOAM: The Open Source CFD Toolbox           |
|  \\    /   O peration     | Version:  5.x                                   |
|   \\  /    A nd           | Web:      www.OpenFOAM.org                      |
|    \\/     M anipulation  |                                                 |
\*---------------------------------------------------------------------------*/
FoamFile
{
    version     2.0;
    format      ascii;
    class       surfaceScalarField;
    location    "2.9";
    object      phi;
}
// * * * * * * * * * * * * * * * * * * * * * * * * * * * * * * * * * * * * * //

dimensions      [0 3 -1 0 0 0 0];

internalField   nonuniform List<scalar> 
760
(
0.0013481755
-0.00134817847
0.00245763922
-0.00110946371
0.00313513436
-0.000677495134
0.00355971548
-0.00042458114
0.00383225109
-0.000272535616
0.00400945191
-0.000177200817
0.00412521424
-0.000115762299
0.00419921679
-7.40025305e-05
0.00424243206
-4.32152624e-05
0.00426055328
-1.81212289e-05
0.00425562204
4.93123539e-06
0.0042267575
2.88645819e-05
0.00416938918
5.73683795e-05
0.00407358489
9.58043289e-05
0.00391995083
0.000153634068
0.00367201921
0.000247931612
0.00326316018
0.000408859061
0.00257264074
0.000690519476
0.00140850173
0.00116413905
0.00140850174
-5.46959049e-05
-0.00129348257
0.000412591993
-0.00157675159
0.00103002925
-0.00129493235
0.00157871335
-0.00097326521
0.00201483214
-0.000708654405
0.00234477662
-0.000507145314
0.00258511559
-0.000356101268
0.00275126864
-0.000240155541
0.002854567
-0.000146513579
0.00290179452
-6.53487295e-05
0.00289536582
1.13599387e-05
0.00283292963
9.13007767e-05
0.0027071251
0.000183172953
0.00250436324
0.000298566263
0.00220410952
0.000453887845
0.00178090147
0.000671139665
0.00121756782
0.000972192676
0.000552812463
0.00135527481
1.30664404e-05
0.00170388507
0.0014215682
-0.000271734956
-0.00102174761
-0.000221027102
-0.00162745945
7.13671935e-05
-0.00158732662
0.000446284961
-0.00134818294
0.000812488892
-0.00107485832
0.00112929835
-0.000823954781
0.00138207726
-0.000608880205
0.00156800672
-0.000426085009
0.00168837577
-0.000266882591
0.00174468336
-0.000121656279
0.00173678862
1.92546827e-05
0.00166213335
0.000165956033
0.00151571193
0.000329594371
0.00129125345
0.000523024777
0.000985011098
0.00076013025
0.000605009237
0.00105114155
0.000189850438
0.00138735146
-0.000160045233
0.00170517045
-0.000261640697
0.00180548052
0.00115992754
-0.000227941741
-0.000793805857
-0.000361197717
-0.0014942035
-0.000308328824
-0.00164019552
-0.000134821986
-0.00152168975
8.92084492e-05
-0.00129888871
0.000314970771
-0.0010497171
0.000513261738
-0.000807171205
0.000668298623
-0.000581121929
0.000771988872
-0.000370572835
0.000820034683
-0.000169702054
0.000809726287
2.95630975e-05
0.000739199752
0.000236482544
0.000607934519
0.000460859561
0.000419109899
0.000711849382
0.000184523573
0.000994716597
-6.71917058e-05
0.00130285685
-0.000280617881
0.00160077763
-0.000369418665
0.00179397122
-0.000246993708
0.00168305556
0.000912933863
-0.000168965315
-0.000624840508
-0.000352016506
-0.00131115232
-0.000431558257
-0.00156065379
-0.000408909789
-0.00154433822
-0.000319436185
-0.00138836228
-0.00020009636
-0.00116905689
-7.9811426e-05
-0.000927456153
2.15767626e-05
-0.000682510165
9.14271279e-05
-0.000440423232
0.000122133831
-0.000200408741
0.000109755731
4.19412291e-05
5.3644372e-05
0.000292593895
-4.27502153e-05
0.000557254091
-0.000169695075
0.000838794181
-0.000307653259
0.00113267476
-0.000423469214
0.00141867282
-0.000470025236
0.00164733367
-0.000397825012
0.00172177099
-0.000196431096
0.00148166164
0.000716502787
-0.000124192212
-0.000500648263
-0.000308335901
-0.00112700861
-0.000450494617
-0.0014184951
-0.000523204795
-0.00147162806
-0.000535392058
-0.00137617501
-0.00050816199
-0.00119628692
-0.000463158198
-0.000972459919
-0.000418062374
-0.000727606016
-0.000385620536
-0.000472865122
-0.000373913597
-0.000212115698
-0.000386729368
5.47570284e-05
-0.000423460795
0.000329325345
-0.000478357516
0.000612150776
-0.000539179259
0.000899615846
-0.000585819682
0.00117931513
-0.000590512916
0.00142336605
-0.000523085487
0.00157990627
-0.000366699253
0.00156538479
-0.000150586034
0.00126554843
0.000565916753
-9.45730064e-05
-0.000406075243
-0.00026464996
-0.000956931615
-0.000430738816
-0.00125240624
-0.00055697762
-0.0013453893
-0.000636794123
-0.00129635853
-0.000678142836
-0.00115493818
-0.000693945104
-0.000956657592
-0.000696930502
-0.000724620593
-0.000697275388
-0.000472520271
-0.000701663111
-0.00020772802
-0.000712862003
6.59559229e-05
-0.000729337511
0.000345800896
-0.000744754791
0.00062756807
-0.000747581134
0.000902442139
-0.000721470585
0.0011532045
-0.000647843903
0.00134973934
-0.000512877241
0.00144493964
-0.000321206424
0.00137371402
-0.00011648573
0.00106082777
0.000449431013
-7.53438101e-05
-0.000330731448
-0.000228206996
-0.000804068387
-0.000398353991
-0.00108225921
-0.000550540045
-0.00119320325
-0.000670627175
-0.00117627144
-0.000757579225
-0.00106798613
-0.00081678578
-0.000897450979
-0.000855588447
-0.000685817849
-0.000880625327
-0.000447483368
-0.000896361374
-0.000191992011
-0.000904271109
7.38656273e-05
-0.000902361229
0.000343891045
-0.000884972971
0.000610179868
-0.000843104776
0.000860573958
-0.000765820687
0.00107592036
-0.000643665121
0.00122758371
-0.000475104194
0.0012763787
-0.000276309965
0.00117491984
-9.21328801e-05
0.000876650735
0.000357298132
-6.22883696e-05
-0.000268443111
-0.000198541464
-0.000667815275
-0.000362893881
-0.000917906739
-0.000523851058
-0.00103224605
-0.000664415694
-0.00103570683
-0.000778129521
-0.000954272349
-0.000864812853
-0.000810767631
-0.00092716616
-0.000623464454
-0.000968400347
-0.000406249094
-0.000990721867
-0.000169670473
-0.000994437019
7.7580742e-05
-0.000977526344
0.00032698036
-0.000935695502
0.00056834908
-0.000863101611
0.000787980137
-0.000754123432
0.000966942204
-0.000606626517
0.00108008676
-0.00042695056
0.00109670271
-0.000236038372
0.000984007656
-7.43490389e-05
0.00071496144
0.000282949108
-5.27689992e-05
-0.000215674136
-0.000173812878
-0.000546771421
-0.000327557529
-0.000764162055
-0.000486866125
-0.000872937385
-0.000634380368
-0.000888192559
-0.000760758107
-0.000827894645
-0.000862116977
-0.000709408799
-0.000937655084
-0.00054792631
-0.000987783504
-0.000356120566
-0.00101282419
-0.000144629698
-0.00101222298
7.69795416e-05
-0.000984240922
0.00029899827
-0.00092616326
0.000510271428
-0.000835158941
0.00069697589
-0.000709976147
0.000841759487
-0.000553597355
0.000923707994
-0.000376677006
0.000919782333
-0.000200960076
0.000808290698
-6.08626405e-05
0.000574864009
0.000222086487
-4.52979106e-05
-0.000170376218
-0.00015245398
-0.000439615399
-0.000293299622
-0.000623316425
-0.000444763071
-0.000721473882
-0.000590345751
-0.000742609804
-0.00071947324
-0.00069876714
-0.00082604625
-0.000602835839
-0.000906878132
-0.000467094465
-0.000960347466
-0.000302651178
-0.000985402978
-0.000119574073
-0.000980962951
7.25395947e-05
-0.000945731924
0.000263767245
-0.000878479885
0.000443019363
-0.000778854932
0.000597350957
-0.000648783919
0.000711688547
-0.000494403419
0.000769327563
-0.000328204061
0.000753582991
-0.000170678329
0.000650764939
-5.02806555e-05
0.000454466312
0.000171805838
-3.90621253e-05
-0.000131314051
-0.000133403708
-0.000345273845
-0.000260349841
-0.000496370341
-0.000400388766
-0.000581434956
-0.00053843087
-0.00060456763
-0.000663692341
-0.0005735056
-0.000768937548
-0.000497590641
-0.000849522578
-0.000386509507
-0.000902500433
-0.000249673362
-0.00092593356
-9.61408879e-05
-0.000918488301
6.50944429e-05
-0.000879355631
0.00022463464
-0.000808534845
0.000372198569
-0.000707504879
0.000496320966
-0.000580261382
0.000584445067
-0.00043458809
0.000623654331
-0.000283248113
0.000602243064
-0.000144573267
0.000512090099
-4.17551609e-05
0.000351648183
0.000130050665
-3.36093425e-05
-9.7704658e-05
-0.000115973328
-0.000262909829
-0.000228685617
-0.000383658093
-0.00035533077
-0.000454789854
-0.000482447974
-0.000477450417
-0.000599655958
-0.000456297545
-0.000699323903
-0.000397922647
-0.000776049593
-0.000309783855
-0.000826126748
-0.000199596297
-0.00084712327
-7.5144407e-05
-0.00083764522
5.56164457e-05
-0.000797331351
0.000184320862
-0.000727101753
0.000301969015
-0.000629655795
0.000398874988
-0.000510162993
0.000464952234
-0.000377004799
0.000490496143
-0.000242314637
0.00046755294
-0.000121978106
0.000391753601
-3.47331741e-05
0.000264403253
9.53174769e-05
-2.86574441e-05
-6.90471937e-05
-9.96600154e-05
-0.000191907175
-0.000198116627
-0.000285201463
-0.000310357035
-0.0003425495
-0.000424615389
-0.000363192123
-0.000531265035
-0.000349647893
-0.000622764413
-0.000306423211
-0.000693445467
-0.000239102778
-0.000739257619
-0.000153784205
-0.000757556882
-5.68452419e-05
-0.000747002352
4.5061874e-05
-0.000707596894
0.000144915446
-0.000640883439
0.00023525563
-0.00055027625
0.000308267824
-0.000441461727
0.000356137684
-0.000322745433
0.000371779816
-0.000205166325
0.000349973832
-0.000102185308
0.000288772609
-2.88023728e-05
0.00019102034
6.65151025e-05
-2.39811855e-05
-4.50660332e-05
-8.39972385e-05
-0.00013189104
-0.000168256677
-0.000200941946
-0.000265594866
-0.000245211311
-0.000365934799
-0.000262852263
-0.000460593539
-0.000254989221
-0.000542422398
-0.000224594351
-0.000605820024
-0.000175705107
-0.000646680355
-0.000112923867
-0.000662338029
-4.11876359e-05
-0.000651560067
3.42838202e-05
-0.000614611788
0.000107967129
-0.000553399598
0.000174043471
-0.000471663004
0.000226531278
-0.000375153305
0.000259627997
-0.000271701472
0.000268327957
-0.000171058576
0.000249330909
-8.44169381e-05
0.000202130972
-2.35998288e-05
0.00013020325
4.29152861e-05
-1.93492042e-05
-2.57168745e-05
-6.84698783e-05
-8.27703437e-05
-0.000138506371
-0.000130905369
-0.00022063745
-0.000163080167
-0.000306427579
-0.00017706215
-0.00038822776
-0.000173189119
-0.000459473032
-0.000153349143
-0.000514858522
-0.000120319613
-0.0005504284
-7.73539485e-05
-0.000563626153
-2.79898784e-05
-0.000553347093
2.4004703e-05
-0.000520015237
7.46352004e-05
-0.000465681578
0.000119709783
-0.000394114041
0.000154963765
-0.000310822296
0.000176336287
-0.000222940777
0.000180446447
-0.000138894334
0.00016528445
-6.78133905e-05
0.000131050014
-1.87620841e-05
8.11519487e-05
2.41532171e-05
-1.45054882e-05
-1.12114078e-05
-5.2520991e-05
-4.47548948e-05
-0.000108122519
-7.53038156e-05
-0.000174687268
-9.6515343e-05
-0.000245342482
-0.000106406878
-0.000313519877
-0.000105011738
-0.000373386831
-9.34822539e-05
-0.00042012825
-7.35782365e-05
-0.000450114811
-4.73673699e-05
-0.00046100778
-1.70968631e-05
-0.000451840373
1.48373102e-05
-0.000423095769
4.58905614e-05
-0.000376775004
7.33889703e-05
-0.000316425669
9.46144139e-05
-0.000247078945
0.000106989584
-0.000175029924
0.000108397456
-0.000107402802
9.76573399e-05
-5.14857301e-05
7.51329381e-05
-1.3914597e-05
4.35808129e-05
1.02386283e-05
-9.20273774e-06
-2.00864391e-06
-3.56846466e-05
-1.82730702e-05
-7.64353332e-05
-3.45531758e-05
-0.000126810658
-4.61399926e-05
-0.000181407495
-5.18099632e-05
-0.000234816384
-5.1602786e-05
-0.00028213133
-4.61673024e-05
-0.000319262562
-3.64470367e-05
-0.000343115482
-2.35144604e-05
-0.000351698988
-8.51332134e-06
-0.00034420598
7.3443551e-06
-0.000321083477
2.27680851e-05
-0.00028408535
3.63908299e-05
-0.000236278896
4.68079366e-05
-0.000181958104
5.26687894e-05
-0.000126403426
5.28427998e-05
-7.54283495e-05
4.66822901e-05
-3.4681541e-05
3.43861436e-05
-8.71388914e-06
1.76131641e-05
1.52474161e-06
-3.4374719e-06
1.42887665e-06
-1.80438122e-05
-3.66678004e-06
-4.34059314e-05
-9.19112452e-06
-7.64334736e-05
-1.31124847e-05
-0.000113186827
-1.50565774e-05
-0.000149664633
-1.51249032e-05
-0.000182250939
-1.35809276e-05
-0.000207952167
-1.07457816e-05
-0.000224513386
-6.95324009e-06
-0.000230484049
-2.54264423e-06
-0.000225271952
2.13230101e-06
-0.000209196438
6.69262201e-06
-0.000183534804
1.07292262e-05
-0.000150536379
1.38095149e-05
-0.000113367991
1.55003963e-05
-7.59395706e-05
1.54143856e-05
-4.25471207e-05
1.32898598e-05
-1.72766965e-05
9.11574027e-06
-3.10384988e-06
3.44032956e-06
-1.57910621e-06
1.42891452e-06
-2.23782377e-06
-1.14289292e-05
-2.45414231e-05
-3.95980092e-05
-5.47228899e-05
-6.83037634e-05
-7.90494894e-05
-8.60027007e-05
-8.85453425e-05
-8.64130425e-05
-7.97204071e-05
-6.89911567e-05
-5.51816228e-05
-3.96812211e-05
-2.42668384e-05
-1.0976979e-05
-1.86123276e-06
1.57910484e-06
)
;

boundaryField
{
    walls
    {
        type            calculated;
        value           uniform 0;
    }
    mov_wall
    {
        type            calculated;
        value           uniform 0;
    }
    empty
    {
        type            empty;
        value           nonuniform 0();
    }
}


// ************************************************************************* //
