/*--------------------------------*- C++ -*----------------------------------*\
| =========                 |                                                 |
| \\      /  F ield         | OpenFOAM: The Open Source CFD Toolbox           |
|  \\    /   O peration     | Version:  5.x                                   |
|   \\  /    A nd           | Web:      www.OpenFOAM.org                      |
|    \\/     M anipulation  |                                                 |
\*---------------------------------------------------------------------------*/
FoamFile
{
    version     2.0;
    format      ascii;
    class       volVectorField;
    location    "2.9";
    object      U;
}
// * * * * * * * * * * * * * * * * * * * * * * * * * * * * * * * * * * * * * //

dimensions      [0 1 -1 0 0 0 0];

internalField   nonuniform List<vector> 
400
(
(0.291698269 0.149643987 0)
(0.388186928 0.128007782 0)
(0.557615959 0.0757318634 0)
(0.674785643 0.043304455 0)
(0.743766546 0.0251591108 0)
(0.787074972 0.0148802965 0)
(0.815462904 0.00893091783 0)
(0.833939503 0.00530992506 0)
(0.845365402 0.0028995608 0)
(0.851349202 0.00108485347 2.66527293e-34)
(0.852640684 -0.000502853273 -2.66527293e-34)
(0.849354231 -0.00216072195 0)
(0.840973319 -0.00421710672 0)
(0.826113735 -0.00722098464 0)
(0.802020398 -0.0122364983 0)
(0.763538926 -0.0213892085 0)
(0.699488877 -0.0388386162 0)
(0.584557328 -0.0722732774 0)
(0.407900533 -0.12843631 0)
(0.300688068 -0.152947537 0)
(0.00120408396 0.287432641 0)
(0.013320784 0.293872272 0)
(0.140044303 0.209904926 0)
(0.264971469 0.142986196 0)
(0.364177623 0.0968019938 0)
(0.440119937 0.0654411152 0)
(0.496540896 0.0439762371 0)
(0.536690912 0.0287011422 0)
(0.563274304 0.0170798462 0)
(0.578137179 0.00742308509 0)
(0.582210125 -0.00150101117 0)
(0.575515097 -0.0107977535 0)
(0.557109108 -0.0217346492 0)
(0.524912879 -0.0361396834 0)
(0.47551832 -0.0569634837 0)
(0.404325942 -0.0889771382 0)
(0.305687251 -0.139150746 0)
(0.174497764 -0.215275198 0)
(0.0341065713 -0.310801154 0)
(0.0108691527 -0.305909064 0)
(-0.0321468042 0.241774031 0)
(-0.0634304647 0.333547262 0)
(-0.0219363286 0.29950255 0)
(0.050599486 0.240051687 0)
(0.127397226 0.183020802 0)
(0.196818432 0.135454501 0)
(0.254166898 0.0974523104 0)
(0.298088073 0.066889139 0)
(0.328665435 0.0413758021 0)
(0.346307584 0.0187814537 -2.35797452e-33)
(0.351211078 -0.00280948509 2.35797452e-33)
(0.343126524 -0.0252950313 0)
(0.321277373 -0.0508299263 0)
(0.284432723 -0.0820948026 0)
(0.231328679 -0.122479738 0)
(0.161916661 -0.175657999 0)
(0.0798349523 -0.243208418 0)
(-0.00333738362 -0.317981931 0)
(-0.0578531547 -0.366363483 0)
(-0.0313893264 -0.27069067 0)
(-0.0261204332 0.18236162 0)
(-0.0666193386 0.316884187 0)
(-0.0735378902 0.330901762 0)
(-0.048130866 0.295352898 0)
(-0.00567235332 0.244253469 0)
(0.0411122668 0.19243169 0)
(0.0845448661 0.145094984 0)
(0.120424059 0.103006579 0)
(0.146584954 0.065154328 0)
(0.161925184 0.0298883956 2.35546992e-33)
(0.165812533 -0.00469430708 -2.35546992e-33)
(0.157798534 -0.0406695823 0)
(0.137586252 -0.0803026875 0)
(0.105284996 -0.125979519 0)
(0.062089852 -0.179774736 0)
(0.0116091404 -0.242029639 0)
(-0.038028464 -0.307764278 0)
(-0.0720491445 -0.359579306 0)
(-0.0711639419 -0.355585596 0)
(-0.0287210631 -0.209178567 0)
(-0.0176296914 0.14076793 0)
(-0.054916586 0.281827211 0)
(-0.0828630872 0.324484337 0)
(-0.0880763682 0.312396742 0)
(-0.0751198772 0.2744419 0)
(-0.05262785 0.22677834 0)
(-0.0275121063 0.177302735 0)
(-0.00458038138 0.129145356 0)
(0.0130231767 0.0829123157 0)
(0.0233564769 0.0379330191 -2.94546068e-34)
(0.0253094391 -0.00710136887 2.94546068e-34)
(0.0184149222 -0.0537994601 0)
(0.00288672603 -0.103801172 0)
(-0.0200874296 -0.158367832 0)
(-0.0477709829 -0.217530607 0)
(-0.0750616001 -0.278347433 0)
(-0.0936268019 -0.331694685 0)
(-0.0922271081 -0.357398769 0)
(-0.0635074898 -0.318879824 0)
(-0.020731265 -0.162076702 0)
(-0.0116542848 0.111592243 0)
(-0.0431522299 0.243765233 0)
(-0.0782840736 0.299859333 0)
(-0.100579393 0.305000723 0)
(-0.108310772 0.280421136 0)
(-0.105716728 0.240369051 0)
(-0.0975364253 0.193277653 0)
(-0.087793727 0.143545283 0)
(-0.079535493 0.0930260219 0)
(-0.0748275295 0.0420752211 0)
(-0.0748484359 -0.00975921975 0)
(-0.0799348563 -0.0632505312 0)
(-0.089500269 -0.119033146 0)
(-0.101813091 -0.17699329 0)
(-0.113691131 -0.235297755 0)
(-0.120284921 -0.288848905 0)
(-0.115237116 -0.327084624 0)
(-0.0922711635 -0.331566417 0)
(-0.0521876457 -0.2751196 0)
(-0.0142847886 -0.127260066 0)
(-0.00803186145 0.0899679916 0)
(-0.0343053081 0.207876624 0)
(-0.0703687222 0.267741241 0)
(-0.100959428 0.283508994 0)
(-0.121509271 0.269753606 0)
(-0.133062166 0.237807672 0)
(-0.138136066 0.195383974 0)
(-0.13945049 0.147216383 0)
(-0.139365929 0.0958906235 0)
(-0.139599506 0.0425957524 0)
(-0.141114384 -0.0122625167 0)
(-0.144054913 -0.0685400559 0)
(-0.147657424 -0.125824432 0)
(-0.150140784 -0.182787007 0)
(-0.148667894 -0.236314342 0)
(-0.139565649 -0.280389956 0)
(-0.119015837 -0.304900351 0)
(-0.084874785 -0.294957123 0)
(-0.0422046597 -0.232154365 0)
(-0.0100065917 -0.100709774 0)
(-0.00589819641 0.0731568621 0)
(-0.0280514628 0.175459821 0)
(-0.0624621262 0.233454813 0)
(-0.0961931954 0.2546505 0)
(-0.123784416 0.248662163 0)
(-0.144336612 0.22397811 0)
(-0.158622228 0.187072275 0)
(-0.168069747 0.142433975 0)
(-0.174171215 0.0929432725 0)
(-0.178091862 0.0403533004 0)
(-0.180456473 -0.0142244606 0)
(-0.181230206 -0.0698445496 0)
(-0.179647474 -0.125225566 0)
(-0.174205336 -0.178177328 0)
(-0.162809181 -0.224940698 0)
(-0.143212646 -0.259512585 0)
(-0.113841702 -0.273201077 0)
(-0.0753166541 -0.254896179 0)
(-0.0343189089 -0.192925653 0)
(-0.00728498552 -0.0799917237 0)
(-0.00459312845 0.0595159637 0)
(-0.0235441888 0.146542485 0)
(-0.0553430275 0.199661967 0)
(-0.0893197284 0.222701411 0)
(-0.120051898 0.221819176 0)
(-0.145609201 0.203131594 0)
(-0.165570783 0.171796342 0)
(-0.180317239 0.131775476 0)
(-0.190531211 0.0859404313 0)
(-0.196813867 0.0363510091 2.97712025e-34)
(-0.199449033 -0.0153914701 -2.97712025e-34)
(-0.19827576 -0.0677565014 0)
(-0.192646268 -0.118867595 0)
(-0.18148944 -0.166059055 0)
(-0.163546153 -0.20544059 0)
(-0.137858777 -0.231577513 0)
(-0.104503432 -0.237504657 0)
(-0.0656637495 -0.215386026 0)
(-0.0281738069 -0.158249711 0)
(-0.00551069125 -0.063466771 0)
(-0.00373314595 0.048088286 0)
(-0.0201212454 0.120839251 0)
(-0.0490154098 0.167676231 0)
(-0.0816390058 0.190287253 0)
(-0.112989481 0.192487392 0)
(-0.140680604 0.178556883 4.67988887e-33)
(-0.16355745 0.152465229 0)
(-0.181246348 0.117554828 0)
(-0.193784236 0.0765046501 -4.74064666e-33)
(-0.201297022 0.0314709904 2.26593017e-36)
(-0.203789241 -0.015674316 4.98648618e-36)
(-0.201035412 -0.0630554448 0)
(-0.192565974 -0.108481373 0)
(-0.177765547 -0.149141171 0)
(-0.156124926 -0.181360639 0)
(-0.12767979 -0.200523971 0)
(-0.0935645752 -0.201318273 0)
(-0.05667705 -0.178463763 0)
(-0.0233146706 -0.128090005 0)
(-0.00429570632 -0.0500434848 0)
(-0.00311503887 0.0383305804 0)
(-0.0173631153 0.0980507046 0)
(-0.0433176217 0.138129749 0)
(-0.0737180733 0.158978942 0)
(-0.104104439 0.162837958 0)
(-0.131970512 0.152617928 -4.67988887e-33)
(-0.155761593 0.131295483 0)
(-0.174612844 0.101603105 0)
(-0.1881002 0.0659288912 4.74064666e-33)
(-0.195997391 0.026369347 1.49107119e-33)
(-0.198111574 -0.015123244 -1.4983236e-33)
(-0.194203971 -0.0565440922 0)
(-0.183996526 -0.0956258278 0)
(-0.167277145 -0.12965459 0)
(-0.144124367 -0.155368637 0)
(-0.115252438 -0.169022214 0)
(-0.0823813861 -0.166713629 0)
(-0.0485940909 -0.145040015 0)
(-0.0193975928 -0.102103211 0)
(-0.0034209098 -0.0390049527 0)
(-0.00263393035 0.0299262144 0)
(-0.0150226096 0.0779299922 0)
(-0.0380974004 0.111310904 0)
(-0.0658175353 0.129695543 0)
(-0.0942794216 0.134263615 0)
(-0.12104395 0.126925097 0)
(-0.144383514 0.10986036 0)
(-0.163148883 0.085247885 0)
(-0.176619406 0.0551415379 0)
(-0.18433537 0.0214702918 2.99743192e-34)
(-0.185982826 -0.0138813021 -2.99743192e-34)
(-0.18134356 -0.0489513988 0)
(-0.170313857 -0.0815743532 0)
(-0.152999163 -0.109289028 0)
(-0.129891535 -0.129330476 0)
(-0.102114445 -0.138763984 0)
(-0.0716393388 -0.134815897 0)
(-0.0414365686 -0.115407091 0)
(-0.0161843385 -0.0798580918 0)
(-0.00276403151 -0.0298606123 0)
(-0.00223473054 0.0226799765 0)
(-0.0129541041 0.0602837361 0)
(-0.0332381051 0.087330654 0)
(-0.0580554647 0.102954274 0)
(-0.0840352921 0.107621577 0)
(-0.108905964 0.102520478 0)
(-0.130913928 0.0892084571 0)
(-0.14877566 0.0693817238 0)
(-0.161603371 0.0447500777 0)
(-0.168801112 0.0170067104 3.00137768e-34)
(-0.169993371 -0.012137165 -3.00137768e-34)
(-0.164999499 -0.0408860577 0)
(-0.153857371 -0.0672951925 0)
(-0.136898938 -0.0892414833 0)
(-0.114876524 -0.104468463 0)
(-0.0891188258 -0.110744184 0)
(-0.0616327879 -0.106157902 0)
(-0.0351269412 -0.0895351618 0)
(-0.0135037277 -0.0609263257 0)
(-0.0022532692 -0.0222577844 0)
(-0.00188545316 0.0164662121 0)
(-0.0110624615 0.0449644334 0)
(-0.0286410853 0.0662103529 0)
(-0.0504610386 0.0790276301 0)
(-0.0736530434 0.0834121229 0)
(-0.096164026 0.0800412862 0)
(-0.116305727 0.0699951877 0)
(-0.132763119 0.0545609662 0)
(-0.144575364 0.0351142954 0)
(-0.151082198 0.0130747212 0)
(-0.151887665 -0.0100881113 0)
(-0.146852787 -0.0328249768 0)
(-0.136119302 -0.0534821988 0)
(-0.120164077 -0.0703096612 0)
(-0.0998791955 -0.0815297397 0)
(-0.0766570164 -0.0854919328 0)
(-0.0524121437 -0.080923357 0)
(-0.0295299965 -0.0672468054 0)
(-0.0112185575 -0.044926568 0)
(-0.0018412942 -0.0159380699 0)
(-0.00156251786 0.0112077135 0)
(-0.00926986238 0.031870448 0)
(-0.024202461 0.0479367517 0)
(-0.0429883418 0.0580489245 0)
(-0.063231773 0.0619113399 0)
(-0.0831206943 0.0598557574 0)
(-0.101086038 0.0526054139 0)
(-0.115848887 0.041107073 0)
(-0.126440659 0.0264235837 0)
(-0.132186965 0.00968560683 0)
(-0.132697369 -0.00791667168 0)
(-0.127870473 -0.025124965 0)
(-0.117915236 -0.0406101486 0)
(-0.103386339 -0.0529972955 0)
(-0.0852270934 -0.0609385263 0)
(-0.0648018709 -0.0632495203 0)
(-0.0438651881 -0.059113237 0)
(-0.024467462 -0.0483248751 0)
(-0.00920307902 -0.0315519336 0)
(-0.0014908815 -0.0107193526 0)
(-0.00124269174 0.00687234455 0)
(-0.00749725042 0.0209538713 0)
(-0.0197996262 0.0325013354 0)
(-0.0355240964 0.0400871919 0)
(-0.0527238187 0.0432716503 0)
(-0.0698329221 0.0421740719 0)
(-0.0854324432 0.0372605181 0)
(-0.0983249259 0.0291990736 0)
(-0.107580515 0.0187673238 0)
(-0.112546439 0.0068086507 0)
(-0.112854059 -0.00578006775 0)
(-0.108431375 -0.0180486849 0)
(-0.099521224 -0.028999676 0)
(-0.0867019747 -0.0376159463 0)
(-0.0709038208 -0.0429245435 0)
(-0.0534053763 -0.0441070583 0)
(-0.0357702326 -0.0406591751 0)
(-0.0197280653 -0.0325809941 0)
(-0.00733071574 -0.0205902801 0)
(-0.00116697456 -0.00649225226 0)
(-0.000899879678 0.00347703392 0)
(-0.00566091864 0.0122243867 0)
(-0.015297809 0.0199178755 0)
(-0.0279091142 0.0251885797 0)
(-0.041970709 0.0275858578 0)
(-0.0561591113 0.0271262044 0)
(-0.0692272797 0.0240986151 0)
(-0.0800965915 0.0189453871 0)
(-0.0879157458 0.0121895701 0)
(-0.0920841603 0.00440207202 0)
(-0.092267892 -0.0038076414 0)
(-0.0884152719 -0.0117927076 0)
(-0.0807722797 -0.0188748039 0)
(-0.0698940286 -0.0243658914 0)
(-0.0566453143 -0.0276151047 0)
(-0.0421769473 -0.0280886176 0)
(-0.0278468318 -0.0254863412 0)
(-0.015088698 -0.0198865538 0)
(-0.00547448327 -0.0119313243 0)
(-0.000833546226 -0.00322196653 0)
(-0.000507502092 0.00108920957 0)
(-0.00368887821 0.00574012419 0)
(-0.010587199 0.0102223467 0)
(-0.0199878852 0.0134021709 0)
(-0.0307552026 0.0149400544 0)
(-0.0418075223 0.0148326861 0)
(-0.0521003085 0.0132501599 0)
(-0.0607204049 0.0104516621 0)
(-0.0669423806 0.00673880724 0)
(-0.070253618 0.00243728787 0)
(-0.0703709756 -0.00210632959 0)
(-0.0672556393 -0.0065233498 0)
(-0.061126214 -0.0104252068 0)
(-0.0524663519 -0.0134154198 0)
(-0.042019996 -0.0151166616 0)
(-0.0307625828 -0.0152183029 0)
(-0.0198242783 -0.0135493631 0)
(-0.0103614953 -0.0101761347 0)
(-0.00352669315 -0.00555505789 0)
(-0.00045646954 -0.000945963383 0)
(-6.44859079e-05 -0.000176234965 0)
(-0.0015989779 0.00163662072 0)
(-0.00569517282 0.00359859527 0)
(-0.0117199029 0.00501066351 0)
(-0.018887998 0.00571682861 0)
(-0.0263913074 0.00573381599 0)
(-0.0334548785 0.0051477165 0)
(-0.039408372 0.00407326774 0)
(-0.0437224087 0.00263489292 0)
(-0.0460237412 0.000961864664 0)
(-0.0461056815 -0.000810096828 0)
(-0.043938736 -0.00253597423 0)
(-0.0396812625 -0.00406054127 0)
(-0.0336868574 -0.0052217327 0)
(-0.0265026633 -0.00586028382 0)
(-0.0188495768 -0.00583827797 0)
(-0.0115675145 -0.00507037927 0)
(-0.00551558294 -0.00357094291 0)
(-0.00148203133 -0.0015525818 0)
(-3.1093151e-05 0.000233977366 0)
(0.00026139678 -0.000255574638 0)
(0.000151442918 0.000102078359 0)
(-0.001174949 0.000547418108 0)
(-0.00348062478 0.000863514801 0)
(-0.00637556974 0.00102207428 0)
(-0.00946684845 0.00103797416 0)
(-0.0123999981 0.000936218244 0)
(-0.0148817276 0.000743063914 0)
(-0.0166860448 0.000483182496 0)
(-0.0176546693 0.000180089091 1.08300341e-33)
(-0.0176984664 -0.00014230755 -1.08300341e-33)
(-0.0168014355 -0.000458216334 0)
(-0.0150265839 -0.000739015023 0)
(-0.0125218635 -0.000953239473 0)
(-0.0095235224 -0.0010677276 0)
(-0.00635300814 -0.0010505225 0)
(-0.00340014288 -0.000876785809 0)
(-0.00108361421 -0.000539614786 0)
(0.000206109721 -8.25141531e-05 0)
(0.000274563018 0.000266744939 0)
)
;

boundaryField
{
    walls
    {
        type            fixedValue;
        value           uniform (0 0 0);
    }
    mov_wall
    {
        type            fixedValue;
        value           uniform (1 0 0);
    }
    empty
    {
        type            empty;
    }
}


// ************************************************************************* //
