/*--------------------------------*- C++ -*----------------------------------*\
| =========                 |                                                 |
| \\      /  F ield         | OpenFOAM: The Open Source CFD Toolbox           |
|  \\    /   O peration     | Version:  5.x                                   |
|   \\  /    A nd           | Web:      www.OpenFOAM.org                      |
|    \\/     M anipulation  |                                                 |
\*---------------------------------------------------------------------------*/
FoamFile
{
    version     2.0;
    format      ascii;
    class       volScalarField;
    location    "4";
    object      p;
}
// * * * * * * * * * * * * * * * * * * * * * * * * * * * * * * * * * * * * * //

dimensions      [0 2 -2 0 0 0 0];

internalField   nonuniform List<scalar> 
400
(
3.55871073e-06
2.45246395
3.49432779
3.89888399
4.10665197
4.22471142
4.29429603
4.34028288
4.37634343
4.41011559
4.44676451
4.49091935
4.54765897
4.62449408
4.73480233
4.90460081
5.18238443
5.68420577
6.84132035
9.41172938
1.88670959
2.86729388
3.41988811
3.74774845
3.96518548
4.10975197
4.20767896
4.27899686
4.33674943
4.38961782
4.44425005
4.50657654
4.58333806
4.68330234
4.81973089
5.01368372
5.29402695
5.69847364
6.33842014
7.42837584
2.98208234
3.26253472
3.54233559
3.77068409
3.94571028
4.07572045
4.17323032
4.2500079
4.31528017
4.37624052
4.43892974
4.50902627
4.59257972
4.69678728
4.83085469
5.0066428
5.23632635
5.52394389
5.86049533
6.19824208
3.52778877
3.58534737
3.72178996
3.86538126
3.98906862
4.09083697
4.17461492
4.24571863
4.30953146
4.37102768
4.43477919
4.50520903
4.5867931
4.68425915
4.80245572
4.94569728
5.11575405
5.3051526
5.47834156
5.55964348
3.84422167
3.82688509
3.88518444
3.96938748
4.05222424
4.12779552
4.19567323
4.25748244
4.31592746
4.37409675
4.43506957
4.50186218
4.57733578
4.66401064
4.76350853
4.87551555
4.99636365
5.11480649
5.19585055
5.18372038
4.04550559
4.00366337
4.02143069
4.0678544
4.12138682
4.17574536
4.22885933
4.28054234
4.33186474
4.38449618
4.44027541
4.50097257
4.56805339
4.64233097
4.72333086
4.80837084
4.89181127
4.96268254
4.99308522
4.94681252
4.18059013
4.13383533
4.13184335
4.15537313
4.18883796
4.22707102
4.26773135
4.30987628
4.35364192
4.39973583
4.44904274
4.50234127
4.56002342
4.62172635
4.68578993
4.74863044
4.8045642
4.84467019
4.84862915
4.79368457
4.27566292
4.23084682
4.21966447
4.22967882
4.24985024
4.27635904
4.30712658
4.34098705
4.37758297
4.41700354
4.45945586
4.5050006
4.55328963
4.60325368
4.65270952
4.69801571
4.73426302
4.75485116
4.74556492
4.69204665
4.34467847
4.30373526
4.28863321
4.29083188
4.30238067
4.32057602
4.34373424
4.37070596
4.40089729
4.43401992
4.46983271
4.50792206
4.54748775
4.58711335
4.62451779
4.65641769
4.67889796
4.68733747
4.67188358
4.62322091
4.39526355
4.35850862
4.34216128
4.3399623
4.34599338
4.35836556
4.3757652
4.39714906
4.42182934
4.44930284
4.47905507
4.51039118
4.54227838
4.57319663
4.60100449
4.62293042
4.636
4.63709658
4.61932893
4.57638186
4.43196779
4.39926177
4.38305841
4.37851446
4.38106981
4.3894002
4.40249154
4.41942845
4.43950593
4.46211271
4.48658638
4.51209101
4.53751209
4.56137286
4.58178012
4.59648529
4.60329863
4.60017772
4.5822099
4.54489796
4.45778061
4.42889986
4.41358437
4.40794875
4.40838341
4.41395122
4.42386824
4.43734256
4.45369206
4.47226491
4.49233479
4.51301784
4.5332107
4.5515555
4.566437
4.57607437
4.57888962
4.57357869
4.5565593
4.52448203
4.4748315
4.4495775
4.43556544
4.42962453
4.42885686
4.43259752
4.44023948
4.45110258
4.46454697
4.47991963
4.49648115
4.51335428
4.52949519
4.54369268
4.55459594
4.56081475
4.56123116
4.55503993
4.53957729
4.51226346
4.48473442
4.46296335
4.4504972
4.44475556
4.44342064
4.4460327
4.4521264
4.46112148
4.47242697
4.48540734
4.49933472
4.51336285
4.52652375
4.53775035
4.54592221
4.54996325
4.54909759
4.54286098
4.52925938
4.50627594
4.48877804
4.47040665
4.45962477
4.45439763
4.45293147
4.45494086
4.46008263
4.46786586
4.47774588
4.48910698
4.50123662
4.51332062
4.5244599
4.53371016
4.54013877
4.54291707
4.54152716
4.5357526
4.52413854
4.50513973
4.48806544
4.47306099
4.46401335
4.45945933
4.45813537
4.45992828
4.46460935
4.4717668
4.48089113
4.49137468
4.50250665
4.51348736
4.52346216
4.53157496
4.53703458
4.53920366
4.5377665
4.53271189
4.52308762
4.50782524
4.48367264
4.47201452
4.46464488
4.46076678
4.45970608
4.46154135
4.4661577
4.47321011
4.48220479
4.49251823
4.50341384
4.5140743
4.52365149
4.53133307
4.53641975
4.53841661
4.53717451
4.53288242
4.52513057
4.51342027
4.47685978
4.46839206
4.46243356
4.4590199
4.45816639
4.46017436
4.46503937
4.47246168
4.48193205
4.49277445
4.50418545
4.51528455
4.52517879
4.53304314
4.53821214
4.54028234
4.53924315
4.53550264
4.52929187
4.52086035
4.46929028
4.46319876
4.45767868
4.45397235
4.45292629
4.45509355
4.46054733
4.46897274
4.47977535
4.4921532
4.50515831
4.51776264
4.52893544
4.5377386
4.54343872
4.54563512
4.54440854
4.54042032
4.53470327
4.52867024
4.46345312
4.4575274
4.45037492
4.4449314
4.44290776
4.44509977
4.4515718
4.46187719
4.47521913
4.49055539
4.50667655
4.52228023
4.53605768
4.54680373
4.55355638
4.55576967
4.5535245
4.54775363
4.54035575
4.53446637
)
;

boundaryField
{
    walls
    {
        type            zeroGradient;
    }
    mov_wall
    {
        type            zeroGradient;
    }
    empty
    {
        type            empty;
    }
}


// ************************************************************************* //
