/*--------------------------------*- C++ -*----------------------------------*\
| =========                 |                                                 |
| \\      /  F ield         | OpenFOAM: The Open Source CFD Toolbox           |
|  \\    /   O peration     | Version:  5.x                                   |
|   \\  /    A nd           | Web:      www.OpenFOAM.org                      |
|    \\/     M anipulation  |                                                 |
\*---------------------------------------------------------------------------*/
FoamFile
{
    version     2.0;
    format      ascii;
    class       surfaceScalarField;
    location    "4";
    object      phi;
}
// * * * * * * * * * * * * * * * * * * * * * * * * * * * * * * * * * * * * * //

dimensions      [0 3 -1 0 0 0 0];

internalField   nonuniform List<scalar> 
760
(
0.00134817611
-0.0013481778
0.00245763951
-0.00110946341
0.00313513453
-0.000677495014
0.00355971564
-0.000424581094
0.00383225126
-0.000272535625
0.00400945212
-0.000177200864
0.00412521448
-0.000115762358
0.00419921706
-7.40025723e-05
0.00424243234
-4.3215276e-05
0.00426055358
-1.81212286e-05
0.00425562235
4.93123103e-06
0.00422675777
2.88645726e-05
0.00416938939
5.73683831e-05
0.00407358504
9.58043567e-05
0.00391995094
0.000153634108
0.0036720193
0.000247931642
0.00326316023
0.000408859068
0.00257264076
0.000690519467
0.00140850173
0.00116413904
0.00140850173
-5.46955578e-05
-0.00129348224
0.000412592364
-0.00157675133
0.00103002959
-0.00129493224
0.00157871371
-0.00097326521
0.00201483258
-0.000708654483
0.00234477717
-0.000507145446
0.00258511624
-0.000356101425
0.00275126935
-0.00024015568
0.00285456774
-0.000146513666
0.00290179528
-6.53487564e-05
0.00289536657
1.13599526e-05
0.00283293033
9.13008105e-05
0.00270712571
0.000183173007
0.00250436372
0.000298566351
0.00220410987
0.000453887969
0.00178090172
0.000671139803
0.00121756799
0.0009721928
0.000552812554
0.0013552749
1.30664748e-05
0.00170388512
0.00142156821
-0.000271734785
-0.00102174745
-0.000221026785
-0.00162745932
7.13676094e-05
-0.00158732663
0.000446285477
-0.00134818308
0.000812489536
-0.00107485854
0.00112929915
-0.000823955046
0.00138207821
-0.000608880482
0.00156800779
-0.000426085256
0.00168837688
-0.000266882759
0.00174468447
-0.000121656338
0.0017367897
1.9254727e-05
0.00166213437
0.00016595615
0.00151571284
0.000329594538
0.0012912542
0.000523024992
0.000985011661
0.000760130514
0.000605009633
0.00105114184
0.000189850697
0.00138735174
-0.000160045085
0.00170517068
-0.000261640634
0.00180548067
0.00115992758
-0.000227941649
-0.0007938058
-0.000361197441
-0.00149420352
-0.000308328369
-0.0016401957
-0.000134821363
-0.00152169008
8.9209237e-05
-0.00129888913
0.000314971737
-0.00104971754
0.000513262886
-0.000807171621
0.000668299915
-0.00058112228
0.000771990232
-0.000370573076
0.000820036032
-0.000169702138
0.000809727581
2.95631851e-05
0.000739200966
0.000236482775
0.000607935619
0.000460859891
0.000419110828
0.000711849781
0.00018452429
0.000994717054
-6.71912027e-05
0.00130285734
-0.000280617559
0.00160077811
-0.000369418487
0.00179397162
-0.000246993635
0.00168305582
0.000912933949
-0.000168965256
-0.000624840544
-0.000352016264
-0.0013111525
-0.000431557792
-0.00156065417
-0.000408909105
-0.00154433877
-0.00031943531
-0.00138836293
-0.000200095308
-0.00116905754
-7.98101973e-05
-0.000927456721
2.15781474e-05
-0.000682510615
9.14286001e-05
-0.000440423527
0.000122135296
-0.000200408836
0.000109757117
4.19413664e-05
5.36456502e-05
0.000292594252
-4.27490603e-05
0.000557254611
-0.00016969408
0.000838794803
-0.000307652471
0.00113267544
-0.000423468658
0.00141867353
-0.00047002489
0.00164733435
-0.000397824832
0.00172177157
-0.000196431029
0.00148166202
0.000716502917
-0.000124192161
-0.000500648388
-0.000308335691
-0.00112700896
-0.000450494179
-0.00141849567
-0.000523204114
-0.00147162883
-0.000535391165
-0.00137617588
-0.000508160931
-0.00119628777
-0.000463156994
-0.00097246065
-0.000418061035
-0.000727606561
-0.000385619101
-0.000472865453
-0.000373912153
-0.000212115785
-0.000386728007
5.47572176e-05
-0.000423459567
0.000329325817
-0.000478356425
0.000612151482
-0.000539178313
0.0008996167
-0.000585818914
0.00117931604
-0.000590512364
0.00142336698
-0.00052308515
0.00157990714
-0.000366699092
0.00156538552
-0.000150585986
0.00126554893
0.00056591693
-9.45729456e-05
-0.000406075446
-0.000264649777
-0.000956932124
-0.000430738441
-0.001252407
-0.000556977013
-0.00134539025
-0.000636793298
-0.00129635959
-0.000678141852
-0.00115493922
-0.000693944016
-0.000956658488
-0.000696929326
-0.000724621241
-0.000697274134
-0.000472520631
-0.000701661828
-0.000207728085
-0.000712860781
6.59561659e-05
-0.000729336425
0.000345801459
-0.000744753857
0.000627568923
-0.000747580338
0.000902443195
-0.000721469929
0.00115320564
-0.000647843414
0.00134974046
-0.000512876939
0.00144494066
-0.000321206288
0.00137371487
-0.000116485703
0.00106082835
0.000449431231
-7.53437377e-05
-0.000330731705
-0.000228206836
-0.000804069029
-0.000398353699
-0.00108226013
-0.000550539575
-0.00119320436
-0.000670626511
-0.00117627264
-0.000757578408
-0.00106798732
-0.000816784884
-0.000897452018
-0.000855587518
-0.000685818606
-0.000880624365
-0.00044748377
-0.000896360383
-0.000191992053
-0.000904270141
7.38659263e-05
-0.000902360364
0.000343891676
-0.000884972254
0.000610180813
-0.000843104196
0.000860575148
-0.000765820215
0.00107592168
-0.000643664756
0.00122758501
-0.000475103955
0.00127637986
-0.000276309855
0.00117492077
-9.2132865e-05
0.000876651366
0.000357298374
-6.22883028e-05
-0.000268443391
-0.000198541331
-0.000667816007
-0.000362893678
-0.000917907781
-0.000523850761
-0.00103224727
-0.000664415268
-0.00103570812
-0.000778128965
-0.000954273618
-0.000864812226
-0.000810768761
-0.000927165532
-0.000623465306
-0.00096839974
-0.000406249557
-0.000990721261
-0.000169670516
-0.000994436409
7.75810866e-05
-0.000977525778
0.000326981044
-0.000935695041
0.000568350069
-0.000863101271
0.00078798138
-0.000754123181
0.000966943597
-0.000606626322
0.00108008816
-0.000426950419
0.00109670396
-0.000236038297
0.00098400865
-7.43490256e-05
0.000714962094
0.000282949353
-5.27689652e-05
-0.000215674413
-0.000173812792
-0.000546772179
-0.000327557419
-0.00076416316
-0.000486866007
-0.000872938678
-0.000634380218
-0.0008881939
-0.000760757886
-0.000827895933
-0.000862116694
-0.000709409947
-0.0009376548
-0.000547927207
-0.000987783272
-0.000356121091
-0.001012824
-0.000144629777
-0.00101222279
7.69798963e-05
-0.000984240726
0.000298998987
-0.000926163093
0.000510272432
-0.000835158842
0.000696977122
-0.000709976111
0.00084176087
-0.000553597342
0.000923709404
-0.000376676987
0.000919783618
-0.000200960053
0.00080829172
-6.0862629e-05
0.00057486467
0.000222086724
-4.5297928e-05
-0.000170376476
-0.000152453972
-0.000439616124
-0.000293299619
-0.000623317514
-0.00044476312
-0.000721475184
-0.000590345866
-0.000742611153
-0.000719473378
-0.000698768406
-0.000826046365
-0.000602836943
-0.000906878233
-0.000467095337
-0.000960347607
-0.000302651726
-0.000985403183
-0.000119574205
-0.000980963184
7.25399089e-05
-0.00094573213
0.00026376795
-0.000878480047
0.000443020358
-0.000778855078
0.000597352149
-0.000648784071
0.000711689857
-0.000494403562
0.000769328899
-0.000328204161
0.000753584228
-0.00017067837
0.00065076594
-5.02806569e-05
0.000454466962
0.000171806065
-3.90621869e-05
-0.000131314291
-0.000133403796
-0.000345274497
-0.000260349966
-0.000496371335
-0.000400388974
-0.00058143618
-0.000538431208
-0.000604568927
-0.000663692798
-0.000573506812
-0.000768938059
-0.000497591664
-0.000849523087
-0.000386510292
-0.000902500948
-0.000249673866
-0.000925934116
-9.61410462e-05
-0.000918488896
6.50946867e-05
-0.000879356208
0.000224635275
-0.000808535342
0.000372199509
-0.000707505279
0.000496322092
-0.000580261704
0.000584446278
-0.00043458835
0.000623655541
-0.0002832483
0.000602244183
-0.000144573367
0.000512091016
-4.17551846e-05
0.000351648789
0.00013005088
-3.3609416e-05
-9.77048851e-05
-0.000115973501
-0.000262910396
-0.000228685879
-0.000383658941
-0.000355331137
-0.000454790915
-0.000482448491
-0.000477451579
-0.000599656654
-0.000456298656
-0.000699324738
-0.000397923574
-0.00077605048
-0.000309784531
-0.000826127626
-0.000199596705
-0.00084712414
-7.51445343e-05
-0.000837646099
5.56166358e-05
-0.000797332214
0.000184321391
-0.000727102533
0.000301969841
-0.000629656433
0.000398876008
-0.000510163476
0.000464953327
-0.000377005149
0.000490497211
-0.000242314873
0.000467553905
-0.000121978238
0.000391754386
-3.47332165e-05
0.000264403776
9.53176675e-05
-2.86574951e-05
-6.90473978e-05
-9.96602271e-05
-0.00019190766
-0.000198117
-0.000285202154
-0.00031035755
-0.00034255035
-0.000424616054
-0.00036319307
-0.000531265886
-0.000349648833
-0.000622765452
-0.000306424015
-0.000693446628
-0.000239103347
-0.000739258803
-0.000153784511
-0.000757558026
-5.68452995e-05
-0.000747003449
4.50620551e-05
-0.000707597942
0.000144915876
-0.000640884402
0.000235256303
-0.000550277063
0.000308268682
-0.000441462346
0.000356138623
-0.000322745859
0.00037178073
-0.00020516659
0.000349974635
-0.000102185447
0.000288773243
-2.88024203e-05
0.000191020754
6.65152529e-05
-2.39812053e-05
-4.50661899e-05
-8.3997435e-05
-0.000131891437
-0.000168257092
-0.000200942494
-0.000265595479
-0.000245211949
-0.000365935577
-0.000262852956
-0.000460594483
-0.000254989924
-0.000542423525
-0.000224594981
-0.000605821312
-0.000175705565
-0.000646681719
-0.000112924093
-0.000662339368
-4.11876329e-05
-0.00065156132
3.42840164e-05
-0.000614612939
0.000107967493
-0.000553400638
0.000174043995
-0.000471663895
0.000226531942
-0.000375154001
0.00025962874
-0.000271701951
0.000268328691
-0.000171058859
0.000249331548
-8.44170727e-05
0.000202131458
-2.35998693e-05
0.000130203551
4.29153876e-05
-1.93492161e-05
-2.57169607e-05
-6.84700296e-05
-8.27706297e-05
-0.000138506748
-0.00013090578
-0.000220638067
-0.000163080625
-0.000306428396
-0.000177062611
-0.000388228737
-0.000173189569
-0.000459474159
-0.000153349557
-0.000514859798
-0.000120319934
-0.000550429782
-7.73541116e-05
-0.00056362755
-2.79898541e-05
-0.00055334841
2.40048926e-05
-0.000520016421
7.46355113e-05
-0.000465682611
0.000119710184
-0.000394114914
0.000154964242
-0.000310822986
0.000176336815
-0.000222941263
0.000180446977
-0.000138894621
0.000165284916
-6.7813519e-05
0.000131050361
-1.87621153e-05
8.11521492e-05
2.41532736e-05
-1.45055227e-05
-1.12114235e-05
-5.25211013e-05
-4.47550472e-05
-0.000108122806
-7.53040791e-05
-0.000174687787
-9.65156484e-05
-0.000245343229
-0.000106407164
-0.0003135208
-0.000105011983
-0.000373387882
-9.34824621e-05
-0.000420129411
-7.35784042e-05
-0.000450116064
-4.73674646e-05
-0.000461009073
-1.70968455e-05
-0.000451841621
1.48374503e-05
-0.000423096893
4.58907965e-05
-0.000376775962
7.338926e-05
-0.000316426451
9.46147307e-05
-0.000247079552
0.000106989915
-0.000175030355
0.000108397783
-0.000107403061
9.76576298e-05
-5.14858462e-05
7.51331537e-05
-1.39146221e-05
4.35809301e-05
1.0238652e-05
-9.2027985e-06
-2.00861853e-06
-3.56847325e-05
-1.82731007e-05
-7.64355194e-05
-3.45532871e-05
-0.000126811016
-4.61401548e-05
-0.000181408061
-5.18101222e-05
-0.000234817136
-5.16029018e-05
-0.000282132211
-4.61673726e-05
-0.000319263524
-3.64470811e-05
-0.000343116501
-2.35144871e-05
-0.000351700038
-8.51331235e-06
-0.00034420701
7.34442389e-06
-0.000321084421
2.27682164e-05
-0.000284086151
3.63910006e-05
-0.00023627953
4.68081168e-05
-0.000181958576
5.26689615e-05
-0.00012640375
5.28429577e-05
-7.54285435e-05
4.66824271e-05
-3.46816287e-05
3.43862453e-05
-8.71390797e-06
1.76132159e-05
1.52474562e-06
-3.43752687e-06
1.42890517e-06
-1.80438725e-05
-3.66674171e-06
-4.34060302e-05
-9.19111782e-06
-7.64336605e-05
-1.31125204e-05
-0.000113187152
-1.50566339e-05
-0.00014966511
-1.51249454e-05
-0.000182251537
-1.3580938e-05
-0.000207952835
-1.07457713e-05
-0.000224514083
-6.9532306e-06
-0.000230484753
-2.54264164e-06
-0.000225272642
2.13231093e-06
-0.000209197078
6.69265543e-06
-0.000183535353
1.07292831e-05
-0.000150536806
1.38095797e-05
-0.000113368292
1.55004531e-05
-7.59397613e-05
1.5414429e-05
-4.25472249e-05
1.32898924e-05
-1.72767391e-05
9.11576337e-06
-3.10385763e-06
3.44034008e-06
-1.57910936e-06
1.42890017e-06
-2.23784302e-06
-1.14289552e-05
-2.45414667e-05
-3.95980957e-05
-5.47230431e-05
-6.8303985e-05
-7.90497552e-05
-8.6002979e-05
-8.85456135e-05
-8.64133001e-05
-7.97206463e-05
-6.89913646e-05
-5.51817829e-05
-3.96813252e-05
-2.42668918e-05
-1.09769969e-05
-1.86123224e-06
1.57910932e-06
)
;

boundaryField
{
    walls
    {
        type            calculated;
        value           uniform 0;
    }
    mov_wall
    {
        type            calculated;
        value           uniform 0;
    }
    empty
    {
        type            empty;
        value           nonuniform 0();
    }
}


// ************************************************************************* //
