/*--------------------------------*- C++ -*----------------------------------*\
| =========                 |                                                 |
| \\      /  F ield         | OpenFOAM: The Open Source CFD Toolbox           |
|  \\    /   O peration     | Version:  5.x                                   |
|   \\  /    A nd           | Web:      www.OpenFOAM.org                      |
|    \\/     M anipulation  |                                                 |
\*---------------------------------------------------------------------------*/
FoamFile
{
    version     2.0;
    format      ascii;
    class       volVectorField;
    location    "4";
    object      U;
}
// * * * * * * * * * * * * * * * * * * * * * * * * * * * * * * * * * * * * * //

dimensions      [0 1 -1 0 0 0 0];

internalField   nonuniform List<vector> 
400
(
(0.29169834 0.149643908 0)
(0.388187038 0.128007741 0)
(0.557616009 0.075731846 0)
(0.674785673 0.0433044475 0)
(0.743766577 0.0251591096 0)
(0.787075011 0.0148802997 0)
(0.81546295 0.00893092254 0)
(0.833939553 0.00530992823 0)
(0.845365457 0.00289956136 0)
(0.85134926 0.00108485299 2.66527041e-34)
(0.852640745 -0.000502852705 -2.66527041e-34)
(0.849354289 -0.00216072028 0)
(0.840973368 -0.00421710596 0)
(0.826113771 -0.00722098621 0)
(0.802020424 -0.0122365012 0)
(0.763538944 -0.02138921 0)
(0.69948889 -0.0388386153 0)
(0.584557334 -0.072273275 0)
(0.407900534 -0.128436308 0)
(0.300688067 -0.152947536 0)
(0.00120412952 0.287432529 0)
(0.0133208673 0.293872203 0)
(0.140044374 0.209904896 0)
(0.264971538 0.142986187 0)
(0.364177703 0.0968019987 0)
(0.440120036 0.0654411301 0)
(0.496541017 0.0439762564 0)
(0.536691049 0.0287011586 0)
(0.563274451 0.0170798549 0)
(0.57813733 0.00742308714 0)
(0.582210277 -0.0015010116 0)
(0.575515244 -0.0107977543 0)
(0.557109241 -0.0217346526 0)
(0.524912988 -0.0361396924 0)
(0.475518403 -0.0569634974 0)
(0.404326 -0.0889771519 0)
(0.305687291 -0.139150756 0)
(0.174497788 -0.215275203 0)
(0.0341065826 -0.310801156 0)
(0.0108691557 -0.305909063 0)
(-0.0321467848 0.241773979 0)
(-0.0634304137 0.33354722 0)
(-0.0219362555 0.299502536 0)
(0.0505995783 0.240051697 0)
(0.127397341 0.183020828 0)
(0.196818576 0.135454538 0)
(0.254167075 0.0974523521 0)
(0.298088277 0.0668891766 0)
(0.328665655 0.041375827 0)
(0.346307808 0.0187814623 -2.35797227e-33)
(0.3512113 -0.00280949027 2.35797227e-33)
(0.343126737 -0.0252950451 0)
(0.321277569 -0.0508299464 0)
(0.284432891 -0.0820948305 0)
(0.231328811 -0.122479774 0)
(0.161916757 -0.17565804 0)
(0.0798350165 -0.243208456 0)
(-0.00333734465 -0.317981961 0)
(-0.0578531355 -0.366363502 0)
(-0.031389321 -0.270690676 0)
(-0.0261204246 0.1823616 0)
(-0.0666193032 0.316884176 0)
(-0.0735378177 0.33090178 0)
(-0.0481307582 0.295352943 0)
(-0.0056722122 0.244253531 0)
(0.0411124426 0.192431759 0)
(0.0845450786 0.145095053 0)
(0.120424305 0.103006639 0)
(0.146585222 0.0651543691 0)
(0.161925458 0.0298884102 2.35546766e-33)
(0.1658128 -0.00469431969 -2.35546766e-33)
(0.157798787 -0.0406696162 0)
(0.137586486 -0.0803027358 0)
(0.1052852 -0.125979578 0)
(0.0620900176 -0.179774807 0)
(0.0116092621 -0.242029716 0)
(-0.0380283829 -0.307764353 0)
(-0.0720490968 -0.359579368 0)
(-0.0711639192 -0.355585636 0)
(-0.0287210569 -0.209178581 0)
(-0.0176296874 0.140767929 0)
(-0.054916559 0.281827232 0)
(-0.082863018 0.324484393 0)
(-0.0880762533 0.31239683 0)
(-0.0751197207 0.274442006 0)
(-0.0526276564 0.226778447 0)
(-0.0275118769 0.177302833 0)
(-0.004580118 0.129145436 0)
(0.0130234653 0.0829123697 0)
(0.023356774 0.0379330375 -2.94545785e-34)
(0.0253097272 -0.0071013909 2.94545785e-34)
(0.018415191 -0.0537995185 0)
(0.00288697122 -0.103801257 0)
(-0.0200872129 -0.158367934 0)
(-0.0477708035 -0.21753072 0)
(-0.0750614657 -0.278347552 0)
(-0.0936267131 -0.331694801 0)
(-0.0922270582 -0.357398867 0)
(-0.0635074682 -0.318879889 0)
(-0.0207312598 -0.162076724 0)
(-0.0116542816 0.111592259 0)
(-0.0431522073 0.243765287 0)
(-0.0782840107 0.299859429 0)
(-0.100579281 0.305000856 0)
(-0.108310614 0.280421288 0)
(-0.105716531 0.240369202 0)
(-0.0975361974 0.193277783 0)
(-0.0877934708 0.143545383 0)
(-0.079535213 0.0930260849 0)
(-0.0748272383 0.0420752398 0)
(-0.0748481521 -0.00975925215 0)
(-0.0799345949 -0.0632506142 0)
(-0.0895000354 -0.119033269 0)
(-0.101812886 -0.176993438 0)
(-0.113690958 -0.235297916 0)
(-0.120284788 -0.288849069 0)
(-0.115237029 -0.32708478 0)
(-0.0922711162 -0.331566549 0)
(-0.052187628 -0.275119689 0)
(-0.0142847855 -0.127260097 0)
(-0.00803185695 0.0899680248 0)
(-0.0343052867 0.207876711 0)
(-0.0703686683 0.267741376 0)
(-0.10095933 0.283509167 0)
(-0.121509127 0.2697538 0)
(-0.133061984 0.237807864 0)
(-0.138135857 0.195384138 0)
(-0.139450262 0.147216503 0)
(-0.139365684 0.0958906929 0)
(-0.139599249 0.0425957679 0)
(-0.14111413 -0.01226256 0)
(-0.14405468 -0.0685401601 0)
(-0.147657221 -0.125824589 0)
(-0.150140611 -0.182787199 0)
(-0.148667749 -0.23631455 0)
(-0.139565534 -0.280390162 0)
(-0.119015759 -0.304900542 0)
(-0.0848747432 -0.294957282 0)
(-0.0422046464 -0.232154474 0)
(-0.0100065907 -0.100709814 0)
(-0.00589819038 0.0731569088 0)
(-0.0280514417 0.175459938 0)
(-0.0624620824 0.233454983 0)
(-0.0961931196 0.254650707 0)
(-0.123784302 0.248662391 0)
(-0.144336462 0.223978336 0)
(-0.158622055 0.187072471 0)
(-0.168069563 0.142434117 0)
(-0.174171025 0.0929433491 0)
(-0.178091665 0.0403533109 0)
(-0.180456275 -0.0142245153 0)
(-0.18123002 -0.06984467 0)
(-0.179647315 -0.125225748 0)
(-0.174205206 -0.178177555 0)
(-0.162809076 -0.224940946 0)
(-0.143212562 -0.259512829 0)
(-0.113841642 -0.273201298 0)
(-0.0753166207 -0.254896359 0)
(-0.0343188986 -0.192925775 0)
(-0.00728498524 -0.0799917702 0)
(-0.00459312268 0.0595160183 0)
(-0.0235441702 0.146542625 0)
(-0.0553429946 0.199662166 0)
(-0.0893196787 0.222701646 0)
(-0.120051826 0.221819428 0)
(-0.145609102 0.203131843 0)
(-0.165570663 0.171796561 0)
(-0.180317112 0.131775639 0)
(-0.190531087 0.0859405184 0)
(-0.196813745 0.0363510172 2.97711743e-34)
(-0.19944891 -0.0153915355 -2.97711743e-34)
(-0.198275641 -0.0677566343 0)
(-0.192646164 -0.11886779 0)
(-0.181489359 -0.166059301 0)
(-0.163546094 -0.205440864 0)
(-0.137858733 -0.231577785 0)
(-0.104503398 -0.237504901 0)
(-0.0656637286 -0.215386221 0)
(-0.0281737991 -0.15824984 0)
(-0.00551069049 -0.0634668201 0)
(-0.00373314322 0.0480883426 0)
(-0.0201212342 0.120839403 0)
(-0.0490153902 0.167676449 0)
(-0.0816389828 0.190287507 0)
(-0.112989454 0.192487659 0)
(-0.140680567 0.178557141 4.67988445e-33)
(-0.1635574 0.152465459 0)
(-0.18124629 0.117555005 0)
(-0.193784183 0.0765047501 -4.74064193e-33)
(-0.20129698 0.0314710023 2.26595742e-36)
(-0.203789203 -0.0156743873 4.98649165e-36)
(-0.201035374 -0.0630555867 0)
(-0.192565937 -0.108481575 0)
(-0.17776552 -0.149141421 0)
(-0.156124913 -0.18136092 0)
(-0.127679786 -0.200524255 0)
(-0.0935645725 -0.20131853 0)
(-0.056677046 -0.178463967 0)
(-0.023314667 -0.128090137 0)
(-0.00429570512 -0.0500435335 0)
(-0.00311504089 0.0383306346 0)
(-0.0173631163 0.0980508551 0)
(-0.04331762 0.138129971 0)
(-0.0737180771 0.158979205 0)
(-0.104104456 0.16283823 0)
(-0.131970538 0.152618186 -4.67988445e-33)
(-0.155761618 0.13129571 0)
(-0.174612865 0.101603284 0)
(-0.188100223 0.065929 4.74064193e-33)
(-0.195997426 0.0263693683 1.49106972e-33)
(-0.198111619 -0.015123312 -1.49832217e-33)
(-0.194204016 -0.0565442365 0)
(-0.183996563 -0.0956260301 0)
(-0.167277176 -0.129654835 0)
(-0.144124397 -0.155368909 0)
(-0.115252467 -0.169022492 0)
(-0.0823814107 -0.166713884 0)
(-0.0485941049 -0.14504022 0)
(-0.0193975964 -0.102103344 0)
(-0.00342090946 -0.0390049997 0)
(-0.00263393611 0.0299262648 0)
(-0.0150226239 0.0779301315 0)
(-0.0380974209 0.111311115 0)
(-0.0658175676 0.129695798 0)
(-0.0942794757 0.134263883 0)
(-0.12104403 0.126925348 0)
(-0.144383612 0.109860575 0)
(-0.163148986 0.0852480522 0)
(-0.176619509 0.0551416444 0)
(-0.184335478 0.0214703215 2.99742899e-34)
(-0.185982942 -0.0138813584 -2.99742899e-34)
(-0.181343679 -0.0489515346 0)
(-0.170313965 -0.0815745492 0)
(-0.152999253 -0.109289262 0)
(-0.129891607 -0.12933073 0)
(-0.102114504 -0.138764241 0)
(-0.0716393833 -0.134816135 0)
(-0.0414365966 -0.115407285 0)
(-0.0161843496 -0.0798582189 0)
(-0.00276403314 -0.0298606571 0)
(-0.00223473661 0.0226800237 0)
(-0.0129541267 0.0602838591 0)
(-0.0332381476 0.0873308399 0)
(-0.058055527 0.102954505 0)
(-0.0840353801 0.107621826 0)
(-0.108906085 0.102520713 0)
(-0.130914082 0.0892086539 0)
(-0.148775834 0.069381871 0)
(-0.161603549 0.0447501698 0)
(-0.168801289 0.0170067396 3.00137484e-34)
(-0.169993547 -0.0121372083 -3.00137484e-34)
(-0.164999675 -0.0408861751 0)
(-0.153857537 -0.067295371 0)
(-0.136899081 -0.0892417003 0)
(-0.114876636 -0.104468696 0)
(-0.0891189087 -0.110744413 0)
(-0.0616328457 -0.106158112 0)
(-0.0351269767 -0.0895353335 0)
(-0.0135037434 -0.0609264398 0)
(-0.00225327248 -0.0222578255 0)
(-0.00188545623 0.0164662556 0)
(-0.0110624846 0.0449645393 0)
(-0.0286411423 0.0662105078 0)
(-0.0504611271 0.0790278225 0)
(-0.0736531615 0.0834123356 0)
(-0.0961641781 0.0800414933 0)
(-0.116305918 0.0699953624 0)
(-0.132763341 0.0545610915 0)
(-0.144575601 0.0351143671 0)
(-0.151082433 0.0130747399 0)
(-0.151887891 -0.0100881484 0)
(-0.146853004 -0.0328250729 0)
(-0.136119505 -0.0534823497 0)
(-0.120164256 -0.0703098505 0)
(-0.0998793395 -0.0815299448 0)
(-0.0766571206 -0.0854921324 0)
(-0.0524122115 -0.0809235349 0)
(-0.0295300349 -0.0672469481 0)
(-0.0112185737 -0.0449266623 0)
(-0.00184129769 -0.0159381042 0)
(-0.00156251756 0.0112077498 0)
(-0.00926988007 0.0318705366 0)
(-0.0242025201 0.047936876 0)
(-0.0429884444 0.0580490735 0)
(-0.0632319125 0.0619115044 0)
(-0.0831208672 0.0598559226 0)
(-0.101086246 0.0526055583 0)
(-0.11584913 0.0411071764 0)
(-0.126440927 0.0264236369 0)
(-0.132187238 0.00968561196 0)
(-0.132697631 -0.00791670967 0)
(-0.127870716 -0.0251250445 0)
(-0.117915457 -0.0406102685 0)
(-0.103386533 -0.0529974482 0)
(-0.085227253 -0.0609386955 0)
(-0.0648019883 -0.0632496858 0)
(-0.0438652631 -0.0591133818 0)
(-0.0244675015 -0.0483249872 0)
(-0.00920309362 -0.031552005 0)
(-0.00149088404 -0.0107193777 0)
(-0.00124269103 0.00687236887 0)
(-0.00749726297 0.0209539396 0)
(-0.0197996765 0.0325014311 0)
(-0.0355241952 0.0400873009 0)
(-0.0527239628 0.043271765 0)
(-0.0698331028 0.0421741867 0)
(-0.0854326552 0.0372606224 0)
(-0.0983251683 0.0291991517 0)
(-0.107580784 0.0187673627 0)
(-0.112546721 0.00680864761 0)
(-0.112854334 -0.00578010682 0)
(-0.108431628 -0.0180487526 0)
(-0.0995214474 -0.0289997684 0)
(-0.0867021665 -0.0376160599 0)
(-0.0709039777 -0.0429246704 0)
(-0.0534054936 -0.0441071845 0)
(-0.0357703086 -0.0406592854 0)
(-0.0197281045 -0.032581077 0)
(-0.00733072869 -0.0205903297 0)
(-0.00116697614 -0.00649226783 0)
(-0.000899881986 0.00347704374 0)
(-0.00566093035 0.0122244299 0)
(-0.015297846 0.0199179423 0)
(-0.0279091935 0.025188655 0)
(-0.0419708359 0.027585931 0)
(-0.0561592796 0.0271262722 0)
(-0.0692274789 0.024098676 0)
(-0.0800968148 0.0189454353 0)
(-0.0879159897 0.0121895956 0)
(-0.092084418 0.00440206764 0)
(-0.0922681494 -0.00380767461 0)
(-0.0884155118 -0.0117927623 0)
(-0.0807724897 -0.0188748725 0)
(-0.0698942034 -0.0243659698 0)
(-0.0566454535 -0.0276151893 0)
(-0.0421770506 -0.028088702 0)
(-0.0278468995 -0.0254864157 0)
(-0.0150887333 -0.019886609 0)
(-0.00547449469 -0.0119313552 0)
(-0.000833547369 -0.00322197417 0)
(-0.000507507741 0.00108920782 0)
(-0.00368889133 0.0057401408 0)
(-0.0105872239 0.0102223823 0)
(-0.019987938 0.0134022157 0)
(-0.0307552947 0.0149400967 0)
(-0.0418076551 0.0148327198 0)
(-0.0521004736 0.0132501855 0)
(-0.0607205912 0.0104516816 0)
(-0.0669425807 0.00673881846 0)
(-0.070253827 0.00243728508 0)
(-0.0703711862 -0.00210635009 0)
(-0.0672558392 -0.0065233857 0)
(-0.0611263902 -0.0104252517 0)
(-0.0524664963 -0.0134154678 0)
(-0.0420201066 -0.0151167097 0)
(-0.0307626618 -0.0152183491 0)
(-0.0198243288 -0.0135494037 0)
(-0.0103615216 -0.0101761647 0)
(-0.00352670167 -0.00555507352 0)
(-0.000456470389 -0.000945965623 0)
(-6.44913456e-05 -0.000176241497 0)
(-0.00159898876 0.0016366172 0)
(-0.00569518725 0.00359860248 0)
(-0.01171993 0.00501068022 0)
(-0.0188880485 0.00571684738 0)
(-0.0263913879 0.00573382915 0)
(-0.0334549872 0.00514772192 0)
(-0.0394085003 0.00407326879 0)
(-0.0437225469 0.00263489312 0)
(-0.0460238828 0.00096186323 0)
(-0.0461058225 -0.00081010379 0)
(-0.0439388706 -0.00253598901 0)
(-0.0396813828 -0.00406056188 0)
(-0.0336869557 -0.00522175475 0)
(-0.0265027361 -0.00586030396 0)
(-0.0188496253 -0.0058382952 0)
(-0.0115675429 -0.00507039348 0)
(-0.00551559621 -0.00357095313 0)
(-0.00148203492 -0.00155258649 0)
(-3.10932546e-05 0.000233977895 0)
(0.000261395417 -0.000255578081 0)
(0.000151439893 0.000102073012 0)
(-0.00117495289 0.000547415573 0)
(-0.00348063114 0.000863516595 0)
(-0.00637558233 0.00102207845 0)
(-0.00946687238 0.00103797714 0)
(-0.012400036 0.0009362181 0)
(-0.0148817771 0.000743061767 0)
(-0.0166861 0.000483180755 0)
(-0.0176547248 0.00018008867 1.0830024e-33)
(-0.0176985198 -0.000142307986 -1.0830024e-33)
(-0.0168014858 -0.000458218601 0)
(-0.0150266291 -0.000739019392 0)
(-0.0125219007 -0.000953244552 0)
(-0.00952354882 -0.00106773183 0)
(-0.00635302359 -0.00105052535 0)
(-0.0034001495 -0.000876787659 0)
(-0.0010836153 -0.000539615932 0)
(0.00020611084 -8.25144016e-05 0)
(0.000274563729 0.000266745572 0)
)
;

boundaryField
{
    walls
    {
        type            fixedValue;
        value           uniform (0 0 0);
    }
    mov_wall
    {
        type            fixedValue;
        value           uniform (1 0 0);
    }
    empty
    {
        type            empty;
    }
}


// ************************************************************************* //
