/*--------------------------------*- C++ -*----------------------------------*\
| =========                 |                                                 |
| \\      /  F ield         | OpenFOAM: The Open Source CFD Toolbox           |
|  \\    /   O peration     | Version:  5.x                                   |
|   \\  /    A nd           | Web:      www.OpenFOAM.org                      |
|    \\/     M anipulation  |                                                 |
\*---------------------------------------------------------------------------*/
FoamFile
{
    version     2.0;
    format      ascii;
    class       volScalarField;
    location    "9.4";
    object      p;
}
// * * * * * * * * * * * * * * * * * * * * * * * * * * * * * * * * * * * * * //

dimensions      [0 2 -2 0 0 0 0];

internalField   nonuniform List<scalar> 
400
(
3.58793009e-07
2.45245927
3.49432288
3.89887905
4.10664702
4.22470649
4.2942911
4.34027793
4.37633845
4.41011061
4.44675957
4.49091442
4.54765402
4.6244891
4.73479736
4.90459589
5.18237952
5.6842008
6.84131532
9.41172432
1.88670502
2.86728908
3.41988325
3.74774353
3.96518053
4.10974703
4.20767404
4.27899194
4.33674447
4.38961284
4.44424509
4.50657161
4.58333314
4.68329737
4.8197259
5.01367876
5.29402205
5.69846876
6.33841519
7.42837082
2.98207746
3.26252988
3.54233074
3.77067919
3.94570534
4.07571548
4.17322539
4.250003
4.31527525
4.37623555
4.43892476
4.50902133
4.59257481
4.69678234
4.8308497
5.0066378
5.23632141
5.523939
5.86049043
6.19823711
3.52778383
3.58534247
3.72178509
3.86537638
3.98906368
4.090832
4.17460996
4.24571372
4.30952655
4.37102274
4.4347742
4.50520406
4.58678819
4.68425425
4.80245077
4.94569227
5.11574905
5.30514767
5.47833667
5.55963856
3.84421671
3.82688014
3.88517953
3.9693826
4.05221933
4.12779056
4.19566825
4.25747749
4.31592256
4.37409184
4.4350646
4.50185718
4.57733083
4.66400575
4.76350364
4.87551058
4.99635863
5.11480151
5.19584563
5.18371548
4.04550064
4.00365839
4.02142573
4.06784948
4.12138193
4.17574043
4.22885434
4.28053735
4.33185981
4.38449129
4.44027048
4.50096756
4.56804838
4.64232604
4.72332599
4.80836593
4.89180628
4.96267752
4.99308025
4.9468076
4.18058521
4.13383036
4.13183836
4.15536817
4.18883306
4.22706613
4.2677264
4.30987127
4.35363695
4.39973093
4.44903785
4.50233631
4.56001839
4.62172136
4.68578503
4.74862557
4.80455928
4.8446652
4.84862414
4.7936796
4.275658
4.23084188
4.21965948
4.22967382
4.2498453
4.27635415
4.30712168
4.34098206
4.37757795
4.41699858
4.45945098
4.50499571
4.55328465
4.60324864
4.65270453
4.69801081
4.73425814
4.75484624
4.74555993
4.69204165
4.34467354
4.30373035
4.28862826
4.29082687
4.30237568
4.3205711
4.34372936
4.37070103
4.40089228
4.4340149
4.46982778
4.5079172
4.54748285
4.58710834
4.62451274
4.65641271
4.67889306
4.68733258
4.67187865
4.62321593
4.39525858
4.35850371
4.34215637
4.33995732
4.34598836
4.35836058
4.3757603
4.39714419
4.42182439
4.4492978
4.47905006
4.51038627
4.54227353
4.57319171
4.60099947
4.62292538
4.63599502
4.63709167
4.61932403
4.57637692
4.43196279
4.39925683
4.38305352
4.37850954
4.38106482
4.38939517
4.40248657
4.41942358
4.43950105
4.46210773
4.48658133
4.51208601
4.53750719
4.561368
4.5817752
4.59648028
4.60329361
4.60017274
4.58220498
4.54489305
4.45777559
4.42889487
4.41357945
4.40794387
4.40837848
4.4139462
4.42386321
4.43733762
4.4536872
4.47226002
4.49232979
4.51301279
4.53320571
4.55155061
4.56643214
4.57606944
4.57888462
4.57357368
4.55655433
4.5244771
4.47482652
4.44957248
4.43556047
4.42961963
4.42885198
4.43259257
4.44023444
4.45109756
4.46454205
4.47991478
4.49647625
4.51334927
4.52949015
4.5436877
4.55459105
4.56080988
4.56122623
4.55503494
4.5395723
4.5122585
4.4847295
4.46295835
4.45049218
4.44475059
4.44341576
4.44602781
4.45212143
4.46111644
4.47242196
4.48540243
4.49932986
4.51335793
4.52651874
4.53774531
4.54591723
4.54995834
4.5490927
4.54285604
4.52925441
4.50627096
4.48877315
4.4704017
4.45961976
4.45439261
4.45292652
4.45493598
4.46007773
4.46786087
4.47774083
4.48910198
4.50123172
4.51331575
4.52445498
4.53370515
4.54013375
4.5429121
4.54152224
4.53574769
4.5241336
4.50513476
4.48806054
4.47305608
4.46400839
4.45945431
4.45813036
4.45992334
4.46460447
4.47176189
4.48088613
4.49136964
4.50250167
4.51348246
4.52345728
4.53157002
4.53702959
4.53919865
4.53776154
4.53270696
4.52308269
4.50782029
4.48366769
4.47200962
4.46463996
4.4607618
4.45970106
4.46153635
4.46615278
4.47320523
4.48219987
4.49251323
4.50340882
4.51406933
4.52364658
4.53132817
4.53641481
4.53841162
4.53716952
4.53287745
4.52512563
4.51341533
4.47685478
4.46838713
4.46242867
4.45901498
4.45816141
4.46016935
4.46503438
4.47245676
4.48192716
4.49276952
4.50418046
4.51527955
4.52517383
4.53303822
4.53820723
4.5402774
4.53923818
4.53549766
4.52928691
4.5208554
4.46928526
4.46319379
4.45767376
4.45396745
4.45292136
4.45508857
4.46054233
4.46896776
4.47977042
4.49214829
4.50515337
4.51775766
4.52893045
4.53773364
4.54343379
4.54563019
4.54440359
4.54041535
4.53469831
4.52866528
4.46344809
4.45752239
4.45036994
4.44492647
4.44290285
4.44509484
4.45156682
4.46187219
4.47521416
4.49055046
4.50667163
4.52227529
4.53605271
4.54679875
4.55355142
4.55576473
4.55351956
4.54774868
4.5403508
4.53446142
)
;

boundaryField
{
    walls
    {
        type            zeroGradient;
    }
    mov_wall
    {
        type            zeroGradient;
    }
    empty
    {
        type            empty;
    }
}


// ************************************************************************* //
