/*--------------------------------*- C++ -*----------------------------------*\
| =========                 |                                                 |
| \\      /  F ield         | OpenFOAM: The Open Source CFD Toolbox           |
|  \\    /   O peration     | Version:  5.x                                   |
|   \\  /    A nd           | Web:      www.OpenFOAM.org                      |
|    \\/     M anipulation  |                                                 |
\*---------------------------------------------------------------------------*/
FoamFile
{
    version     2.0;
    format      ascii;
    class       surfaceScalarField;
    location    "9.4";
    object      phi;
}
// * * * * * * * * * * * * * * * * * * * * * * * * * * * * * * * * * * * * * //

dimensions      [0 3 -1 0 0 0 0];

internalField   nonuniform List<scalar> 
760
(
0.00134817684
-0.00134817701
0.00245763988
-0.00110946304
0.00313513474
-0.000677494857
0.00355971576
-0.000424581006
0.00383225134
-0.000272535574
0.00400945219
-0.000177200841
0.00412521453
-0.000115762353
0.00419921709
-7.40025724e-05
0.00424243236
-4.32152714e-05
0.00426055359
-1.81212192e-05
0.00425562237
4.93123537e-06
0.0042267578
2.8864567e-05
0.0041693894
5.73683743e-05
0.00407358504
9.58043568e-05
0.00391995093
0.000153634119
0.0036720193
0.000247931649
0.00326316025
0.00040885906
0.00257264078
0.000690519446
0.00140850173
0.00116413902
0.00140850172
-5.469515e-05
-0.00129348186
0.000412592772
-0.00157675097
0.0010300299
-0.001294932
0.00157871394
-0.000973265052
0.00201483275
-0.000708654379
0.00234477731
-0.000507145381
0.00258511636
-0.000356101391
0.00275126944
-0.000240155666
0.00285456781
-0.000146513655
0.00290179532
-6.53487422e-05
0.00289536661
1.13599656e-05
0.00283293038
9.13008134e-05
0.00270712576
0.000183173
0.00250436375
0.000298566346
0.00220410988
0.000453887974
0.00178090172
0.000671139816
0.001217568
0.000972192808
0.000552812576
0.0013552749
1.30664938e-05
0.00170388511
0.0014215682
-0.000271734606
-0.00102174725
-0.000221026514
-0.00162745905
7.13678817e-05
-0.0015873264
0.000446285713
-0.0013481829
0.000812489729
-0.0010748584
0.00112929931
-0.00082395495
0.00138207835
-0.000608880419
0.00156800792
-0.000426085221
0.00168837699
-0.000266882739
0.00174468454
-0.000121656319
0.00173678976
1.92547494e-05
0.00166213443
0.000165956167
0.00151571291
0.000329594541
0.00129125426
0.000523024986
0.000985011689
0.000760130513
0.00060500964
0.00105114185
0.000189850703
0.00138735176
-0.000160045069
0.00170517069
-0.000261640613
0.00180548067
0.00115992757
-0.00022794157
-0.000793805688
-0.000361197278
-0.00149420332
-0.000308328165
-0.00164019551
-0.000134821156
-0.00152168992
8.92094211e-05
-0.001298889
0.000314971895
-0.00104971743
0.00051326303
-0.000807171536
0.000668300055
-0.000581122225
0.00077199036
-0.000370573045
0.000820036132
-0.000169702115
0.000809727652
2.95632126e-05
0.000739201027
0.000236482805
0.000607935686
0.000460859912
0.000419110897
0.000711849786
0.000184524338
0.000994717052
-6.71911846e-05
0.00130285735
-0.000280617557
0.00160077813
-0.000369418481
0.00179397164
-0.00024699362
0.00168305583
0.000912933941
-0.000168965221
-0.000624840481
-0.000352016173
-0.00131115236
-0.000431557652
-0.00156065401
-0.000408908939
-0.00154433862
-0.000319435145
-0.00138836281
-0.000200095164
-0.00116905743
-7.98100688e-05
-0.000927456629
2.15782759e-05
-0.000682510543
9.14287317e-05
-0.000440423481
0.000122135413
-0.00020040881
0.000109757201
4.19413925e-05
5.36457087e-05
0.000292594288
-4.27490037e-05
0.00055725465
-0.000169694013
0.000838794827
-0.000307652411
0.00113267545
-0.000423468624
0.00141867353
-0.000470024884
0.00164733436
-0.000397824835
0.00172177159
-0.000196431026
0.00148166204
0.000716502921
-0.000124192141
-0.000500648353
-0.000308335643
-0.00112700886
-0.000450494092
-0.00141849554
-0.00052320399
-0.0014716287
-0.000535391025
-0.00137617578
-0.000508160799
-0.00119628768
-0.000463156883
-0.000972460566
-0.00041806093
-0.000727606481
-0.000385618985
-0.000472865391
-0.000373912033
-0.000212115749
-0.000386727909
5.47572408e-05
-0.000423459504
0.000329325849
-0.000478356382
0.000612151528
-0.000539178263
0.000899616744
-0.000585818855
0.00117931607
-0.000590512317
0.00142336698
-0.000523085132
0.00157990715
-0.000366699096
0.00156538554
-0.000150585995
0.00126554895
0.000565916945
-9.45729289e-05
-0.000406075427
-0.000264649749
-0.000956932057
-0.000430738391
-0.0012524069
-0.000556976932
-0.00134539014
-0.000636793187
-0.0012963595
-0.000678141733
-0.00115493915
-0.000693943914
-0.000956658422
-0.000696929243
-0.000724621167
-0.000697274048
-0.000472520558
-0.000701661726
-0.000207728031
-0.000712860678
6.59561948e-05
-0.000729336351
0.000345801483
-0.000744753817
0.000627568963
-0.000747580309
0.000902443249
-0.000721469888
0.00115320569
-0.000647843367
0.00134974049
-0.000512876907
0.00144494067
-0.000321206283
0.00137371488
-0.000116485714
0.00106082837
0.000449431247
-7.53437211e-05
-0.000330731693
-0.000228206812
-0.00080406899
-0.00039835367
-0.00108226006
-0.00055053953
-0.00119320427
-0.000670626436
-0.00117627256
-0.000757578308
-0.00106798726
-0.000816784786
-0.000897451969
-0.000855587445
-0.000685818551
-0.000880624307
-0.000447483701
-0.000896360313
-0.000191991984
-0.000904270052
7.38659734e-05
-0.000902360281
0.000343891701
-0.000884972204
0.000610180838
-0.000843104176
0.000860575194
-0.000765820198
0.00107592173
-0.000643664725
0.00122758506
-0.000475103921
0.00127637989
-0.000276309837
0.00117492078
-9.21328657e-05
0.000876651373
0.000357298381
-6.22882907e-05
-0.000268443379
-0.000198541306
-0.000667815985
-0.000362893654
-0.000917907741
-0.000523850739
-0.0010322472
-0.00066441523
-0.00103570804
-0.000778128896
-0.000954273549
-0.000864812137
-0.000810768716
-0.000927165457
-0.000623465271
-0.000968399694
-0.000406249507
-0.000990721224
-0.000169670446
-0.000994436353
7.75811539e-05
-0.000977525703
0.000326981087
-0.000935694978
0.000568350091
-0.000863101242
0.000787981407
-0.000754123175
0.000966943646
-0.000606626314
0.00108008822
-0.000426950397
0.00109670401
-0.000236038274
0.000984008672
-7.43490141e-05
0.0007149621
0.000282949351
-5.27689641e-05
-0.000215674397
-0.000173812771
-0.000546772162
-0.000327557391
-0.00076416314
-0.000486865989
-0.000872938642
-0.000634380206
-0.00088819384
-0.000760757855
-0.000827895863
-0.000862116631
-0.000709409893
-0.000937654725
-0.000547927177
-0.00098778322
-0.000356121064
-0.00101282398
-0.000144629728
-0.00101222277
7.69799669e-05
-0.000984240681
0.000298999052
-0.000926163033
0.000510272472
-0.000835158797
0.000696977144
-0.000709976098
0.000841760898
-0.000553597345
0.00092370945
-0.000376676985
0.000919783671
-0.000200960039
0.000808291758
-6.08626143e-05
0.000574864685
0.000222086721
-4.52979392e-05
-0.00017037646
-0.000152453963
-0.000439616103
-0.000293299592
-0.0006233175
-0.000444763095
-0.00072147517
-0.000590345859
-0.000742611122
-0.000719473377
-0.000698768349
-0.000826046341
-0.00060283688
-0.000906878177
-0.000467095293
-0.000960347548
-0.000302651705
-0.000985403154
-0.000119574181
-0.000980963181
7.25399591e-05
-0.000945732121
0.000263768021
-0.000878480013
0.000443020421
-0.000778855032
0.000597352185
-0.000648784041
0.000711689877
-0.000494403558
0.000769328925
-0.000328204168
0.000753584267
-0.000170678371
0.000650765981
-5.02806508e-05
0.000454466988
0.00017180607
-3.90622032e-05
-0.000131314283
-0.000133403806
-0.000345274471
-0.000260349952
-0.000496371313
-0.000400388945
-0.00058143617
-0.00053843119
-0.000604568918
-0.000663692804
-0.000573506782
-0.000768938068
-0.00049759161
-0.000849523069
-0.000386510234
-0.000902500901
-0.000249673831
-0.000925934074
-9.6141031e-05
-0.000918488885
6.50947091e-05
-0.000879356217
0.000224635325
-0.000808535341
0.000372199577
-0.000707505254
0.00049632215
-0.00058026167
0.000584446311
-0.00043458833
0.00062365556
-0.0002832483
0.000602244203
-0.000144573375
0.000512091045
-4.17551901e-05
0.000351648816
0.000130050893
-3.36094254e-05
-9.77048892e-05
-0.000115973524
-0.000262910376
-0.000228685889
-0.00038365891
-0.00035533112
-0.000454790894
-0.000482448465
-0.000477451575
-0.000599656648
-0.000456298652
-0.000699324757
-0.000397923545
-0.000776050497
-0.000309784477
-0.000826127613
-0.000199596652
-0.000847124104
-7.51445048e-05
-0.000837646071
5.56166478e-05
-0.000797332215
0.000184321412
-0.000727102548
0.000301969888
-0.000629656436
0.000398876069
-0.000510163459
0.000464953378
-0.000377005124
0.00049049724
-0.00024231486
0.00046755392
-0.000121978241
0.0003917544
-3.47332254e-05
0.000264403793
9.53176805e-05
-2.86574899e-05
-6.90474102e-05
-9.96602466e-05
-0.000191907655
-0.000198117027
-0.000285202127
-0.000310357559
-0.000342550316
-0.000424616038
-0.000363193052
-0.000531265867
-0.000349648833
-0.000622765457
-0.000306424012
-0.000693446656
-0.000239103318
-0.000739258824
-0.00015378446
-0.000757558018
-5.68452516e-05
-0.000747003421
4.50620801e-05
-0.000707597925
0.000144915886
-0.000640884409
0.000235256322
-0.00055027708
0.000308268722
-0.00044146235
0.000356138674
-0.000322745846
0.000371780771
-0.000205166572
0.000349974658
-0.000102185438
0.000288773253
-2.88024226e-05
0.00019102076
6.65152588e-05
-2.39811895e-05
-4.5066199e-05
-8.39974381e-05
-0.000131891447
-0.000168257119
-0.000200942484
-0.00026559551
-0.000245211918
-0.000365935586
-0.000262852923
-0.000460594468
-0.000254989909
-0.000542423514
-0.000224594984
-0.000605821326
-0.000175705563
-0.000646681752
-0.000112924066
-0.00066233939
-4.11875866e-05
-0.000651561314
3.42840579e-05
-0.000614612919
0.000107967514
-0.000553400627
0.000174044004
-0.000471663903
0.000226531957
-0.000375154015
0.000259628772
-0.000271701954
0.00026832873
-0.000171058849
0.000249331579
-8.44170605e-05
0.000202131473
-2.35998634e-05
0.000130203555
4.29153872e-05
-1.93492036e-05
-2.57169568e-05
-6.84700174e-05
-8.27706416e-05
-0.000138506759
-0.000130905789
-0.0002206381
-0.000163080615
-0.000306428428
-0.000177062581
-0.000388228746
-0.000173189539
-0.000459474148
-0.000153349546
-0.000514859793
-0.000120319939
-0.0005504298
-7.73541101e-05
-0.000563627581
-2.79898306e-05
-0.00055334843
2.40049317e-05
-0.000520016417
7.46355452e-05
-0.000465682596
0.0001197102
-0.000394114907
0.000154964248
-0.000310822992
0.000176336825
-0.000222941272
0.000180446999
-0.000138894622
0.000165284942
-6.78135118e-05
0.00013105038
-1.87621074e-05
8.11521572e-05
2.41532726e-05
-1.4505526e-05
-1.12114071e-05
-5.25210882e-05
-4.47550468e-05
-0.000108122799
-7.53040917e-05
-0.000174687802
-9.65156574e-05
-0.000245343263
-0.000106407154
-0.000313520829
-0.000105011956
-0.000373387889
-9.34824372e-05
-0.000420129403
-7.35783962e-05
-0.000450116064
-4.73674695e-05
-0.000461009092
-1.70968451e-05
-0.000451841648
1.48374683e-05
-0.000423096908
4.58908262e-05
-0.000376775958
7.33892852e-05
-0.000316426439
9.46147426e-05
-0.000247079546
0.000106989918
-0.000175030358
0.000108397789
-0.000107403066
9.76576427e-05
-5.14858462e-05
7.51331686e-05
-1.39146184e-05
4.35809398e-05
1.02386538e-05
-9.20281764e-06
-2.00860095e-06
-3.56847331e-05
-1.82730849e-05
-7.64355092e-05
-3.45532868e-05
-0.000126811013
-4.61401668e-05
-0.000181408078
-5.18101315e-05
-0.000234817166
-5.16028953e-05
-0.000282132235
-4.61673524e-05
-0.000319263529
-3.64470627e-05
-0.000343116495
-2.35144827e-05
-0.000351700039
-8.51331828e-06
-0.000344207026
7.3444219e-06
-0.000321084441
2.27682275e-05
-0.00028408616
3.63910202e-05
-0.000236279526
4.68081334e-05
-0.000181958566
5.26689685e-05
-0.000126403744
5.28429585e-05
-7.54285441e-05
4.66824287e-05
-3.46816309e-05
3.43862506e-05
-8.7139088e-06
1.7613222e-05
1.52474849e-06
-3.43754916e-06
1.4289157e-06
-1.80438881e-05
-3.66672213e-06
-4.34060313e-05
-9.1911029e-06
-7.64336524e-05
-1.31125192e-05
-0.00011318715
-1.50566433e-05
-0.000149665124
-1.51249533e-05
-0.00018225156
-1.35809347e-05
-0.000207952851
-1.0745759e-05
-0.000224514085
-6.95322041e-06
-0.000230484748
-2.54264146e-06
-0.000225272642
2.13230402e-06
-0.000209197088
6.69265121e-06
-0.000183535364
1.07292874e-05
-0.000150536811
1.38095896e-05
-0.000113368288
1.55004613e-05
-7.59397539e-05
1.54144314e-05
-4.25472205e-05
1.32898909e-05
-1.7276739e-05
9.11576201e-06
-3.10385954e-06
3.44034056e-06
-1.57910839e-06
1.42888747e-06
-2.23786087e-06
-1.14289684e-05
-2.4541467e-05
-3.95980875e-05
-5.47230387e-05
-6.83039922e-05
-7.90497693e-05
-8.60029886e-05
-8.85456126e-05
-8.64132936e-05
-7.97206431e-05
-6.89913681e-05
-5.51817889e-05
-3.96813277e-05
-2.42668893e-05
-1.09769925e-05
-1.86122974e-06
1.57910882e-06
)
;

boundaryField
{
    walls
    {
        type            calculated;
        value           uniform 0;
    }
    mov_wall
    {
        type            calculated;
        value           uniform 0;
    }
    empty
    {
        type            empty;
        value           nonuniform 0();
    }
}


// ************************************************************************* //
