/*--------------------------------*- C++ -*----------------------------------*\
| =========                 |                                                 |
| \\      /  F ield         | OpenFOAM: The Open Source CFD Toolbox           |
|  \\    /   O peration     | Version:  5.x                                   |
|   \\  /    A nd           | Web:      www.OpenFOAM.org                      |
|    \\/     M anipulation  |                                                 |
\*---------------------------------------------------------------------------*/
FoamFile
{
    version     2.0;
    format      ascii;
    class       volVectorField;
    location    "9.4";
    object      U;
}
// * * * * * * * * * * * * * * * * * * * * * * * * * * * * * * * * * * * * * //

dimensions      [0 1 -1 0 0 0 0];

internalField   nonuniform List<vector> 
400
(
(0.291698426 0.149643815 0)
(0.388187173 0.128007692 0)
(0.557616071 0.0757318252 0)
(0.674785703 0.0433044372 0)
(0.743766596 0.0251591043 0)
(0.787075024 0.0148802975 0)
(0.81546296 0.00893092221 0)
(0.833939561 0.00530992837 0)
(0.845365461 0.00289956099 0)
(0.851349263 0.0010848522 2.66526742e-34)
(0.852640749 -0.000502853011 -2.66526742e-34)
(0.849354294 -0.00216071963 0)
(0.840973372 -0.00421710507 0)
(0.826113773 -0.0072209862 0)
(0.802020424 -0.0122365021 0)
(0.763538945 -0.0213892107 0)
(0.699488893 -0.0388386145 0)
(0.584557338 -0.072273273 0)
(0.407900536 -0.128436306 0)
(0.300688068 -0.152947535 0)
(0.00120418465 0.287432397 0)
(0.0133209648 0.293872119 0)
(0.140044447 0.209904851 0)
(0.26497159 0.14298616 0)
(0.364177741 0.0968019827 0)
(0.440120066 0.0654411215 0)
(0.496541041 0.0439762528 0)
(0.53669107 0.0287011573 0)
(0.563274466 0.0170798535 0)
(0.578137341 0.00742308496 0)
(0.582210286 -0.00150101313 0)
(0.575515253 -0.0107977538 0)
(0.557109251 -0.0217346508 0)
(0.524912996 -0.0361396917 0)
(0.475518406 -0.0569634989 0)
(0.404326002 -0.0889771538 0)
(0.305687293 -0.139150756 0)
(0.174497791 -0.2152752 0)
(0.0341065865 -0.310801153 0)
(0.0108691572 -0.305909061 0)
(-0.0321467624 0.241773917 0)
(-0.0634303631 0.333547155 0)
(-0.0219361994 0.299502487 0)
(0.0505996297 0.240051662 0)
(0.127397384 0.183020804 0)
(0.196818611 0.135454522 0)
(0.254167105 0.0974523422 0)
(0.298088304 0.0668891716 0)
(0.328665678 0.0413758241 0)
(0.346307826 0.018781459 -2.35796961e-33)
(0.351211313 -0.00280949368 2.35796961e-33)
(0.343126749 -0.0252950469 0)
(0.321277582 -0.0508299459 0)
(0.284432903 -0.0820948293 0)
(0.231328819 -0.122479775 0)
(0.16191676 -0.175658042 0)
(0.079835018 -0.243208459 0)
(-0.00333734244 -0.317981961 0)
(-0.0578531319 -0.3663635 0)
(-0.0313893192 -0.270690673 0)
(-0.0261204155 0.182361571 0)
(-0.0666192771 0.31688413 0)
(-0.0735377795 0.330901737 0)
(-0.0481307162 0.295352908 0)
(-0.00567217271 0.244253503 0)
(0.0411124768 0.192431738 0)
(0.0845451088 0.145095038 0)
(0.120424333 0.103006629 0)
(0.146585249 0.0651543639 0)
(0.161925481 0.029888406 2.355465e-33)
(0.165812817 -0.00469432467 -2.355465e-33)
(0.157798801 -0.0406696209 0)
(0.137586499 -0.0803027382 0)
(0.105285214 -0.125979578 0)
(0.0620900291 -0.179774806 0)
(0.0116092686 -0.242029717 0)
(-0.0380283809 -0.307764356 0)
(-0.072049096 -0.359579371 0)
(-0.0711639172 -0.355585637 0)
(-0.0287210556 -0.209178579 0)
(-0.0176296838 0.140767912 0)
(-0.0549165462 0.281827199 0)
(-0.0828629941 0.324484357 0)
(-0.0880762219 0.312396799 0)
(-0.0751196872 0.27444198 0)
(-0.0526276253 0.226778426 0)
(-0.0275118494 0.177302815 0)
(-0.00458009215 0.129145423 0)
(0.0130234914 0.082912362 0)
(0.0233567988 0.0379330325 -2.94545454e-34)
(0.0253097472 -0.00710139634 2.94545454e-34)
(0.0184152052 -0.0537995252 0)
(0.00288698282 -0.103801263 0)
(-0.0200872005 -0.158367937 0)
(-0.0477707908 -0.21753072 0)
(-0.0750614563 -0.278347553 0)
(-0.0936267091 -0.331694804 0)
(-0.0922270579 -0.357398871 0)
(-0.0635074682 -0.318879891 0)
(-0.0207312595 -0.162076723 0)
(-0.01165428 0.11159225 0)
(-0.0431522009 0.243765263 0)
(-0.0782839969 0.2998594 0)
(-0.10057926 0.305000829 0)
(-0.108310587 0.280421266 0)
(-0.105716504 0.240369182 0)
(-0.0975361729 0.193277765 0)
(-0.0877934489 0.143545367 0)
(-0.0795351907 0.0930260741 0)
(-0.0748272147 0.0420752335 0)
(-0.0748481304 -0.00975925721 0)
(-0.0799345789 -0.0632506212 0)
(-0.0895000247 -0.119033278 0)
(-0.101812877 -0.176993445 0)
(-0.113690948 -0.235297919 0)
(-0.120284778 -0.28884907 0)
(-0.115237022 -0.327084782 0)
(-0.0922711149 -0.331566553 0)
(-0.0521876293 -0.275119693 0)
(-0.0142847863 -0.127260099 0)
(-0.00803185566 0.0899680198 0)
(-0.0343052827 0.207876695 0)
(-0.0703686605 0.267741353 0)
(-0.100959317 0.283509144 0)
(-0.121509107 0.269753781 0)
(-0.13306196 0.237807848 0)
(-0.138135835 0.195384123 0)
(-0.139450243 0.147216488 0)
(-0.139365667 0.0958906793 0)
(-0.13959923 0.0425957588 0)
(-0.141114109 -0.0122625653 0)
(-0.144054662 -0.0685401657 0)
(-0.14765721 -0.125824598 0)
(-0.150140604 -0.182787209 0)
(-0.148667742 -0.236314557 0)
(-0.139565525 -0.280390166 0)
(-0.119015751 -0.304900544 0)
(-0.0848747397 -0.294957285 0)
(-0.0422046471 -0.232154478 0)
(-0.0100065916 -0.100709817 0)
(-0.00589818892 0.073156906 0)
(-0.028051438 0.175459927 0)
(-0.0624620773 0.233454966 0)
(-0.0961931121 0.254650688 0)
(-0.123784289 0.248662374 0)
(-0.144336444 0.223978322 0)
(-0.158622035 0.187072459 0)
(-0.168069546 0.142434104 0)
(-0.174171012 0.0929433347 0)
(-0.178091652 0.0403532986 0)
(-0.180456258 -0.0142245229 0)
(-0.181230003 -0.0698446749 0)
(-0.179647301 -0.125225754 0)
(-0.174205199 -0.178177565 0)
(-0.162809072 -0.224940957 0)
(-0.143212558 -0.259512837 0)
(-0.113841636 -0.273201302 0)
(-0.0753166156 -0.254896361 0)
(-0.0343188971 -0.192925778 0)
(-0.00728498542 -0.0799917727 0)
(-0.00459312149 0.0595160161 0)
(-0.0235441665 0.146542619 0)
(-0.0553429899 0.199662155 0)
(-0.0893196741 0.22270163 0)
(-0.12005182 0.221819412 0)
(-0.145609091 0.203131829 0)
(-0.165570647 0.171796551 0)
(-0.180317096 0.13177563 0)
(-0.190531075 0.0859405063 0)
(-0.196813737 0.0363510032 2.9771141e-34)
(-0.199448901 -0.0153915469 -2.9771141e-34)
(-0.198275628 -0.0677566411 0)
(-0.19264615 -0.118867795 0)
(-0.18148935 -0.166059309 0)
(-0.163546091 -0.205440874 0)
(-0.137858732 -0.231577796 0)
(-0.104503395 -0.237504908 0)
(-0.0656637242 -0.215386224 0)
(-0.0281737959 -0.158249842 0)
(-0.00551068956 -0.0634668207 0)
(-0.00373314302 0.0480883399 0)
(-0.0201212319 0.120839399 0)
(-0.0490153854 0.167676443 0)
(-0.0816389784 0.190287497 0)
(-0.112989451 0.192487645 0)
(-0.140680562 0.178557127 4.67987909e-33)
(-0.16355739 0.152465449 0)
(-0.181246276 0.117554998 0)
(-0.193784171 0.0765047422 -4.74063667e-33)
(-0.201296973 0.0314709903 2.26595317e-36)
(-0.203789199 -0.0156744011 4.98648999e-36)
(-0.201035367 -0.0630555975 0)
(-0.192565926 -0.108481581 0)
(-0.177765509 -0.149141426 0)
(-0.156124907 -0.181360928 0)
(-0.127679785 -0.200524266 0)
(-0.0935645726 -0.20131854 0)
(-0.0566770443 -0.178463973 0)
(-0.0233146643 -0.12809014 0)
(-0.00429570383 -0.050043533 0)
(-0.00311504197 0.0383306315 0)
(-0.0173631167 0.0980508514 0)
(-0.0433176165 0.138129968 0)
(-0.073718072 0.1589792 0)
(-0.104104453 0.162838221 0)
(-0.131970537 0.152618174 -4.67987909e-33)
(-0.155761616 0.131295698 0)
(-0.174612857 0.101603277 0)
(-0.188100212 0.0659289951 4.74063667e-33)
(-0.195997417 0.0263693609 1.49106804e-33)
(-0.198111615 -0.0151233242 -1.49832049e-33)
(-0.194204014 -0.05654425 0)
(-0.183996558 -0.0956260403 0)
(-0.167277168 -0.129654841 0)
(-0.14412439 -0.155368914 0)
(-0.115252464 -0.169022499 0)
(-0.0823814109 -0.166713894 0)
(-0.0485941056 -0.145040228 0)
(-0.0193975958 -0.102103348 0)
(-0.00342090887 -0.0390049998 0)
(-0.00263393785 0.0299262625 0)
(-0.0150226268 0.0779301269 0)
(-0.0380974206 0.111311111 0)
(-0.0658175634 0.129695796 0)
(-0.0942794712 0.134263879 0)
(-0.121044029 0.126925339 0)
(-0.144383613 0.109860563 0)
(-0.163148985 0.0852480422 0)
(-0.176619503 0.0551416388 0)
(-0.184335469 0.0214703175 2.99742569e-34)
(-0.185982937 -0.0138813658 -2.99742569e-34)
(-0.181343678 -0.0489515467 0)
(-0.170313966 -0.0815745621 0)
(-0.152999251 -0.109289272 0)
(-0.129891601 -0.129330735 0)
(-0.102114498 -0.138764245 0)
(-0.0716393813 -0.134816141 0)
(-0.0414365974 -0.115407292 0)
(-0.0161843509 -0.0798582242 0)
(-0.00276403358 -0.0298606588 0)
(-0.00223473776 0.0226800233 0)
(-0.0129541304 0.0602838546 0)
(-0.0332381508 0.0873308347 0)
(-0.0580555262 0.102954502 0)
(-0.084035376 0.107621824 0)
(-0.108906082 0.102520709 0)
(-0.130914084 0.0892086455 0)
(-0.148775837 0.0693818599 0)
(-0.16160355 0.0447501611 0)
(-0.168801284 0.0170067351 3.00137157e-34)
(-0.169993541 -0.0121372119 -3.00137157e-34)
(-0.164999672 -0.0408861823 0)
(-0.153857539 -0.0672953824 0)
(-0.136899083 -0.0892417121 0)
(-0.114876635 -0.104468704 0)
(-0.0891189045 -0.110744418 0)
(-0.061632842 -0.106158116 0)
(-0.0351269756 -0.0895353379 0)
(-0.0135037445 -0.0609264442 0)
(-0.00225327328 -0.0222578281 0)
(-0.00188545589 0.0164662572 0)
(-0.0110624862 0.0449645369 0)
(-0.028641147 0.0662105021 0)
(-0.0504611307 0.0790278172 0)
(-0.0736531607 0.0834123335 0)
(-0.0961641746 0.0800414929 0)
(-0.116305917 0.0699953592 0)
(-0.132763345 0.0545610833 0)
(-0.144575606 0.0351143568 0)
(-0.151082434 0.0130747322 0)
(-0.151887888 -0.0100881521 0)
(-0.146852999 -0.0328250762 0)
(-0.136119504 -0.0534823564 0)
(-0.120164258 -0.0703098607 0)
(-0.0998793415 -0.0815299549 0)
(-0.0766571197 -0.0854921394 0)
(-0.0524122085 -0.0809235386 0)
(-0.0295300323 -0.0672469505 0)
(-0.0112185732 -0.0449266647 0)
(-0.00184129795 -0.0159381061 0)
(-0.00156251602 0.011207752 0)
(-0.0092698787 0.0318705371 0)
(-0.0242025232 0.0479368722 0)
(-0.0429884502 0.0580490672 0)
(-0.0632319164 0.0619114994 0)
(-0.0831208666 0.0598559212 0)
(-0.101086244 0.0526055583 0)
(-0.115849131 0.0411071733 0)
(-0.126440932 0.0264236291 0)
(-0.132187244 0.00968560261 0)
(-0.132697633 -0.00791671625 0)
(-0.127870713 -0.0251250476 0)
(-0.117915454 -0.0406102713 0)
(-0.103386533 -0.0529974538 0)
(-0.0852272552 -0.0609387037 0)
(-0.0648019899 -0.0632496938 0)
(-0.0438652624 -0.0591133871 0)
(-0.0244674993 -0.0483249897 0)
(-0.00920309189 -0.0315520062 0)
(-0.00149088356 -0.0107193783 0)
(-0.00124268966 0.00687236942 0)
(-0.00749726022 0.0209539418 0)
(-0.0197996765 0.032501431 0)
(-0.0355241996 0.0400872968 0)
(-0.0527239692 0.0432717587 0)
(-0.0698331067 0.0421741823 0)
(-0.0854326549 0.0372606217 0)
(-0.0983251668 0.0291991519 0)
(-0.107580785 0.0187673598 0)
(-0.112546726 0.00680864059 0)
(-0.112854339 -0.00578011481 0)
(-0.10843163 -0.018048758 0)
(-0.0995214455 -0.0289997709 0)
(-0.0867021643 -0.0376160622 0)
(-0.0709039776 -0.0429246747 0)
(-0.0534054951 -0.0441071906 0)
(-0.0357703096 -0.040659291 0)
(-0.0197281038 -0.0325810804 0)
(-0.00733072719 -0.020590331 0)
(-0.00116697543 -0.00649226769 0)
(-0.000899882123 0.00347704173 0)
(-0.00566092915 0.0122244311 0)
(-0.0152978441 0.0199179444 0)
(-0.0279091945 0.0251886548 0)
(-0.0419708409 0.027585927 0)
(-0.0561592859 0.0271262666 0)
(-0.0692274825 0.0240986724 0)
(-0.0800968148 0.018945435 0)
(-0.087915989 0.0121895959 0)
(-0.0920844199 0.00440206518 0)
(-0.092268154 -0.00380768034 0)
(-0.088415516 -0.0117927686 0)
(-0.0807724908 -0.0188748766 0)
(-0.0698942019 -0.0243659716 0)
(-0.0566454517 -0.0276151908 0)
(-0.0421770503 -0.0280887049 0)
(-0.0278469003 -0.0254864196 0)
(-0.0150887338 -0.0198866124 0)
(-0.00547449425 -0.011931357 0)
(-0.000833547003 -0.00322197423 0)
(-0.000507509495 0.00108920435 0)
(-0.00368889329 0.00574013919 0)
(-0.010587223 0.0102223836 0)
(-0.0199879367 0.0134022178 0)
(-0.0307552962 0.0149400966 0)
(-0.04180766 0.0148327165 0)
(-0.052100479 0.013250181 0)
(-0.0607205941 0.010451679 0)
(-0.0669425807 0.00673881856 0)
(-0.0702538267 0.00243728562 0)
(-0.0703711879 -0.00210635172 0)
(-0.0672558427 -0.00652338976 0)
(-0.0611263931 -0.0104252561 0)
(-0.0524664968 -0.0134154706 0)
(-0.0420201052 -0.0151167107 0)
(-0.0307626602 -0.0152183498 0)
(-0.0198243283 -0.0135494051 0)
(-0.0103615218 -0.0101761667 0)
(-0.00352670191 -0.00555507509 0)
(-0.000456470432 -0.000945966081 0)
(-6.44935599e-05 -0.000176244486 0)
(-0.00159899275 0.00163661347 0)
(-0.00569518889 0.00359860093 0)
(-0.0117199294 0.00501068142 0)
(-0.0188880476 0.00571684942 0)
(-0.0263913892 0.00573382934 0)
(-0.0334549909 0.00514771951 0)
(-0.0394085042 0.00407326569 0)
(-0.0437225488 0.00263489175 0)
(-0.0460238826 0.000961864001 0)
(-0.0461058221 -0.000810102741 0)
(-0.0439388717 -0.00253598964 0)
(-0.0396813849 -0.00406056428 0)
(-0.0336869573 -0.00522175736 0)
(-0.0265027361 -0.00586030536 0)
(-0.0188496242 -0.00583829537 0)
(-0.0115675417 -0.00507039338 0)
(-0.00551559571 -0.00357095347 0)
(-0.00148203507 -0.00155258714 0)
(-3.1093418e-05 0.000233977508 0)
(0.00026139413 -0.000255579137 0)
(0.00015143665 0.000102071064 0)
(-0.00117495603 0.000547414179 0)
(-0.00348063248 0.000863516562 0)
(-0.00637558155 0.00102207942 0)
(-0.00946687115 0.0010379779 0)
(-0.0124000363 0.000936217743 0)
(-0.0148817792 0.000743060582 0)
(-0.0166861023 0.000483179852 0)
(-0.0176547257 0.000180088773 1.08300122e-33)
(-0.0176985191 -0.000142307247 -1.08300122e-33)
(-0.0168014848 -0.000458218188 0)
(-0.0150266292 -0.000739019825 0)
(-0.0125219016 -0.000953245482 0)
(-0.00952354967 -0.00106773253 0)
(-0.00635302359 -0.00105052548 0)
(-0.0034001488 -0.000876787442 0)
(-0.00108361461 -0.000539615773 0)
(0.000206111016 -8.25144458e-05 0)
(0.000274563669 0.00026674548 0)
)
;

boundaryField
{
    walls
    {
        type            fixedValue;
        value           uniform (0 0 0);
    }
    mov_wall
    {
        type            fixedValue;
        value           uniform (1 0 0);
    }
    empty
    {
        type            empty;
    }
}


// ************************************************************************* //
