/*--------------------------------*- C++ -*----------------------------------*\
| =========                 |                                                 |
| \\      /  F ield         | OpenFOAM: The Open Source CFD Toolbox           |
|  \\    /   O peration     | Version:  5.x                                   |
|   \\  /    A nd           | Web:      www.OpenFOAM.org                      |
|    \\/     M anipulation  |                                                 |
\*---------------------------------------------------------------------------*/
FoamFile
{
    version     2.0;
    format      ascii;
    class       volScalarField;
    location    "1.7";
    object      p;
}
// * * * * * * * * * * * * * * * * * * * * * * * * * * * * * * * * * * * * * //

dimensions      [0 2 -2 0 0 0 0];

internalField   nonuniform List<scalar> 
400
(
8.48596344e-06
2.45246809
3.49432756
3.89887952
4.10664532
4.2247052
4.2942926
4.34028397
4.37634994
4.41012765
4.44678146
4.49093986
4.54768133
4.62451655
4.73482347
4.90461954
5.18239987
5.68421737
6.84132821
9.41173426
1.88671923
2.86730093
3.41989141
3.74774858
3.9651842
4.10975141
4.20768098
4.27900262
4.33675932
4.38963157
4.44426691
4.50659532
4.58335733
4.68332059
4.81974705
5.01369729
5.29403794
5.69848213
6.33842591
7.42837824
2.98209762
3.26254616
3.54234324
3.77068877
3.9457136
4.07572435
4.1732365
4.25001735
4.31529305
4.37625629
4.43894747
4.50904483
4.59259789
4.69680381
4.83086865
5.0066539
5.23633502
5.52395069
5.86049986
6.19824252
3.5278102
3.58536388
3.72180243
3.86539078
3.98907664
4.09084525
4.17462503
4.24573154
4.30954728
4.37104582
4.43479856
4.50522849
4.58681163
4.68427583
4.80246982
4.94570855
5.11576285
5.30515949
5.47834596
5.55964335
3.84424847
3.82690606
3.88520132
3.96940161
4.0522369
4.1278082
4.19568729
4.25749877
4.31594613
4.37411732
4.43509093
4.50188312
4.57735538
4.66402833
4.76352391
4.87552837
4.99637399
5.1148146
5.19585577
5.18372076
4.04553567
4.00368731
4.02145072
4.06787204
4.12140324
4.17576178
4.2288768
4.28056154
4.33188584
4.38451878
4.44029857
4.5009951
4.56807438
4.64234997
4.72334776
4.80838554
4.89182362
4.96269242
4.99309194
4.94681452
4.18062081
4.13386029
4.13186488
4.15539272
4.18885668
4.2270899
4.2677512
4.30989752
4.35366462
4.39975967
4.44906702
4.50236498
4.56004561
4.62174654
4.68580808
4.74864663
4.80457832
4.84468194
4.84863785
4.79368912
4.27569148
4.23087076
4.21968576
4.22969874
4.24986968
4.27637889
4.30714748
4.34100922
4.37760629
4.41702769
4.45948032
4.50502462
4.55331237
4.60327454
4.65272839
4.69803275
4.73427831
4.75486452
4.74557583
4.69205441
4.34470267
4.30375642
4.28865275
4.29085071
4.30239946
4.32059545
4.34375483
4.37072786
4.40092025
4.43404348
4.4698564
4.50794538
4.54751009
4.58713413
4.62453676
4.65643499
4.67891386
4.68735204
4.67189666
4.6232322
4.39528187
4.35852575
4.34217795
4.33997899
4.3460105
4.35838355
4.37578442
4.39716962
4.42185099
4.44932504
4.47907727
4.51041298
4.54229939
4.57321648
4.60102293
4.62294752
4.63601609
4.63711201
4.61934395
4.57639666
4.43197959
4.39927429
4.38307161
4.3785284
4.38108466
4.38941615
4.40250875
4.41944697
4.43952555
4.46213292
4.48660658
4.51211076
4.53753114
4.56139108
4.58179743
4.59650176
4.60331462
4.60019373
4.58222655
4.54491595
4.45778608
4.42890785
4.41359409
4.40795983
4.40839581
4.41396494
4.42388325
4.43735877
4.45370928
4.47228274
4.49235268
4.51303531
4.53322751
4.55157169
4.56645272
4.57608984
4.57890524
4.57359501
4.5565772
4.52450266
4.47483161
4.44958163
4.43557218
4.42963311
4.42886706
4.4326092
4.44025244
4.45111661
4.46456182
4.479935
4.49649661
4.51336939
4.52950973
4.54370674
4.55460983
4.56082891
4.56124608
4.5550562
4.53959593
4.51228594
4.48473073
4.46296474
4.45050182
4.44476237
4.44342926
4.44604283
4.45213776
4.46113374
4.4724398
4.48542046
4.49934783
4.51337567
4.52653609
4.53776233
4.54593422
4.54997587
4.54911147
4.54287673
4.52927809
4.50629924
4.4887725
4.47040672
4.45962837
4.45440362
4.45293935
4.4549502
4.46009304
4.46787694
4.47775724
4.4891183
4.50124768
4.51333128
4.52447015
4.53372013
4.54014891
4.54292801
4.54153964
4.53576729
4.52415651
4.50516263
4.48806015
4.47306128
4.46401714
4.45946553
4.45814344
4.4599377
4.46461962
4.47177743
4.48090166
4.49138475
4.50251606
4.51349609
4.52347036
4.53158291
4.53704277
4.53921275
4.53777724
4.53272497
4.52310403
4.50784645
4.48366948
4.47201643
4.46465003
4.46077423
4.45971529
4.46155174
4.46616865
4.47322103
4.48221514
4.49252759
4.50342201
4.51408133
4.52365768
4.53133887
4.53642578
4.53842359
4.53718318
4.53289341
4.52514469
4.51343858
4.47686005
4.46839651
4.46244101
4.45902957
4.4581777
4.46018661
4.4650518
4.47247358
4.48194279
4.49278356
4.5041927
4.51529003
4.52518292
4.53304657
4.53821567
4.54028683
4.53924937
4.53551119
4.52930324
4.520875
4.46929438
4.46320611
4.45768915
4.45398539
4.45294109
4.4551091
4.46056257
4.46898668
4.47978719
4.49216241
4.50516464
4.51776625
4.52893689
4.5377388
4.54343878
4.54563618
4.5444116
4.54042601
4.53471179
4.52868118
4.46346003
4.45753739
4.45038901
4.44494914
4.44292789
4.44512065
4.45159174
4.46189471
4.47523307
4.49056503
4.50668166
4.52228109
4.53605512
4.54679904
4.55355118
4.55576568
4.55352319
4.54775596
4.54036181
4.53447487
)
;

boundaryField
{
    walls
    {
        type            zeroGradient;
    }
    mov_wall
    {
        type            zeroGradient;
    }
    empty
    {
        type            empty;
    }
}


// ************************************************************************* //
