/*--------------------------------*- C++ -*----------------------------------*\
| =========                 |                                                 |
| \\      /  F ield         | OpenFOAM: The Open Source CFD Toolbox           |
|  \\    /   O peration     | Version:  5.x                                   |
|   \\  /    A nd           | Web:      www.OpenFOAM.org                      |
|    \\/     M anipulation  |                                                 |
\*---------------------------------------------------------------------------*/
FoamFile
{
    version     2.0;
    format      ascii;
    class       surfaceScalarField;
    location    "1.7";
    object      phi;
}
// * * * * * * * * * * * * * * * * * * * * * * * * * * * * * * * * * * * * * //

dimensions      [0 3 -1 0 0 0 0];

internalField   nonuniform List<scalar> 
760
(
0.0013481766
-0.00134818065
0.00245764044
-0.00110946384
0.00313513241
-0.000677491997
0.00355970755
-0.000424575165
0.00383223544
-0.000272527905
0.0040094281
-0.000177192673
0.00412518299
-0.000115754913
0.00419917977
-7.39968096e-05
0.00424239153
-4.3211778e-05
0.00426051176
-1.81202347e-05
0.004255582
4.92978394e-06
0.00422672104
2.8860982e-05
0.0041693579
5.7363152e-05
0.0040735598
9.57981045e-05
0.00391993236
0.000153627479
0.00367200722
0.000247925216
0.00326315391
0.000408853362
0.00257263879
0.000690515075
0.00140850197
0.00116413669
0.00140850188
-5.46960652e-05
-0.00129348459
0.000412587613
-0.00157674751
0.00103001496
-0.00129491937
0.00157868414
-0.000973244391
0.00201478485
-0.000708628675
0.00234471047
-0.000507118324
0.00258503211
-0.000356076567
0.00275117133
-0.000240136023
0.00285446077
-0.000146501214
0.00290168504
-6.53444947e-05
0.00289525884
1.13560071e-05
0.00283283041
9.12894778e-05
0.0027070379
0.000183155722
0.00250429104
0.000298544976
0.00220405389
0.000453864583
0.00178086258
0.000671116513
0.00121754438
0.000972171658
0.000552801631
0.00135525799
1.3063794e-05
0.00170387464
0.00142156558
-0.000271737887
-0.00102174671
-0.000221039772
-0.00162744559
7.13378773e-05
-0.001587297
0.000446233449
-0.00134813997
0.000812411958
-0.00107480721
0.00112919555
-0.000823901947
0.00138195096
-0.000608831986
0.0015678617
-0.00042604675
0.00168821858
-0.000266858068
0.0017445216
-0.000121647505
0.00173663015
1.92474634e-05
0.00166198552
0.00016593414
0.00151558095
0.000329560364
0.00129114389
0.000522982095
0.000984925589
0.000760082859
0.00060494837
0.00105109364
0.000189812658
0.0013873073
-0.000160063716
0.00170513441
-0.000261645908
0.00180545693
0.00115991963
-0.00022794742
-0.000793799298
-0.000361218368
-0.00149417462
-0.000308371856
-0.00164014349
-0.000134892646
-0.00152161917
8.91075624e-05
-0.00129880742
0.000314840008
-0.0010496344
0.000513104322
-0.000807096305
0.000668120279
-0.000581062693
0.000771797146
-0.0003705349
0.000819838275
-0.000169688602
0.000809534196
2.95515512e-05
0.000739020501
0.000236447838
0.000607775438
0.000460805468
0.000418976542
0.000711781077
0.000184419261
0.000994640202
-6.72661635e-05
0.00130277903
-0.000280664296
0.00160070535
-0.000369441536
0.00179391161
-0.000247000142
0.00168301559
0.000912919481
-0.000168973108
-0.000624826165
-0.000352042882
-0.00131110483
-0.000431610725
-0.00156057563
-0.000408992939
-0.00154423693
-0.000319551703
-0.00138824864
-0.000200243035
-0.00116894306
-7.99853199e-05
-0.000927354015
2.13818917e-05
-0.00068242989
9.12193769e-05
-0.000440372347
0.000121922216
-0.000200391386
0.000109549555
4.19242488e-05
5.34524692e-05
0.000292544923
-4.29201809e-05
0.000557178111
-0.000169837267
0.000838698206
-0.00030776417
0.00113256719
-0.000423548057
0.00141856297
-0.000470074145
0.00164723139
-0.000397848997
0.00172168639
-0.000196437881
0.00148160446
0.000716481616
-0.000124200919
-0.000500625197
-0.000308364616
-0.0011269411
-0.000450550445
-0.00141838978
-0.000523291502
-0.00147149585
-0.000535510461
-0.00137602965
-0.000508310208
-0.00119614329
-0.000463331918
-0.000972332283
-0.000418255227
-0.000727506562
-0.000385824705
-0.00047280284
-0.000374120368
-0.000212095667
-0.000386929855
5.47338044e-05
-0.000423646613
0.000329261717
-0.00047852143
0.000612052917
-0.000539315779
0.000899492544
-0.000585925595
0.00117917706
-0.000590587696
0.00142322515
-0.00052313148
0.00157977521
-0.00036672158
0.00156527645
-0.000150592277
0.00126547512
0.000565889346
-9.45813935e-05
-0.000406043749
-0.000264677322
-0.000956845122
-0.00043079137
-0.0012522757
-0.000557058244
-0.00134522895
-0.000636902956
-0.00129618491
-0.000678277689
-0.00115476852
-0.000694101783
-0.000956508151
-0.000697103162
-0.000724505153
-0.000697456997
-0.000472448982
-0.000701845979
-0.000207706648
-0.000713038364
6.59262578e-05
-0.000729500105
0.000345723532
-0.000744897419
0.00062745026
-0.000747699189
0.000902294296
-0.000721561512
0.00115303937
-0.000647907545
0.00134957123
-0.000512915971
0.0014447837
-0.000321224985
0.00137358547
-0.000116490838
0.00106074094
0.0004493985
-7.53507874e-05
-0.000330692918
-0.00022822964
-0.00080396622
-0.000398397158
-0.00108210816
-0.000550605694
-0.00119302039
-0.000670715001
-0.00117607558
-0.000757687127
-0.00106779636
-0.000816910196
-0.000897285043
-0.000855724629
-0.000685690674
-0.000880767674
-0.000447405904
-0.000896503836
-0.000191970464
-0.000904407643
7.38301046e-05
-0.000902486258
0.000343802218
-0.00088508182
0.000610045892
-0.000843194091
0.000860406589
-0.000765888782
0.00107573405
-0.000643712212
0.00122739466
-0.000475132442
0.00127620397
-0.000276323268
0.00117477633
-9.21364571e-05
0.000876554132
0.000357262033
-6.22931176e-05
-0.000268399772
-0.00019855678
-0.00066770252
-0.000362922851
-0.000917742057
-0.0005238947
-0.00103204851
-0.000664473473
-0.00103549678
-0.000778199768
-0.000954070045
-0.000864893064
-0.000810591718
-0.000927253181
-0.000623330513
-0.000968490539
-0.000406168496
-0.000990811341
-0.000169649631
-0.000994521929
7.75407116e-05
-0.000977603213
0.00032688354
-0.000935761516
0.000568204261
-0.000863154891
0.000787800021
-0.000754163246
0.000966742417
-0.000606653382
0.00107988479
-0.000426966194
0.00109651679
-0.00023604546
0.000983855629
-7.4350846e-05
0.000714859537
0.000282911187
-5.27710294e-05
-0.000215628724
-0.000173819252
-0.000546654275
-0.00032756927
-0.000763992025
-0.000486883294
-0.000872734469
-0.000634402364
-0.000887977682
-0.000760783939
-0.000827688441
-0.000862145485
-0.000709230152
-0.000937685023
-0.000547790947
-0.000987813558
-0.000356039916
-0.00101285299
-0.000144610155
-0.00101224919
7.69369425e-05
-0.000984263417
0.00029889778
-0.000926181259
0.000510122136
-0.000835172128
0.000696790945
-0.000709984738
0.000841555067
-0.00055360207
0.000923502132
-0.000376678947
0.000919593668
-0.000200960484
0.00080813718
-6.08625703e-05
0.000574761644
0.000222048628
-4.52970735e-05
-0.000170331642
-0.000152450888
-0.000439500449
-0.0002932931
-0.000623149808
-0.000444752213
-0.000721275359
-0.000590329977
-0.000742399904
-0.000719452373
-0.000698566012
-0.000826020595
-0.000602661903
-0.000906848465
-0.000466963061
-0.000960314913
-0.000302573443
-0.000985368831
-0.000119556196
-0.000980928531
7.24966826e-05
-0.000945698531
0.000263667799
-0.000878448784
0.000442872401
-0.000778827332
0.00059716952
-0.000648760905
0.000711488679
-0.000494385824
0.000769127078
-0.000328192275
0.00075340013
-0.000170672073
0.000650616988
-5.02787263e-05
0.000454368314
0.000171769919
-3.90585805e-05
-0.00013127307
-0.000133391674
-0.000345167351
-0.000260326008
-0.000496215463
-0.00040035126
-0.000581250118
-0.000538379134
-0.000604372043
-0.000663627016
-0.000573318115
-0.000768860376
-0.000497428509
-0.000849436269
-0.000386387142
-0.000902408438
-0.000249601262
-0.000925839728
-9.61248857e-05
-0.00091839652
6.50535089e-05
-0.000879269543
0.00022454085
-0.000808457643
0.000372060512
-0.000707439149
0.000496151037
-0.000580208942
0.000584258492
-0.000434549793
0.000623467954
-0.000283223625
0.000602073981
-0.000144560859
0.000511954237
-4.17515183e-05
0.000351558993
0.000130018421
-3.36035169e-05
-9.76695768e-05
-0.000115953803
-0.000262817086
-0.000228647214
-0.000383522032
-0.000355270691
-0.000454626635
-0.000482365599
-0.000477277158
-0.000599552609
-0.00045613112
-0.000699202581
-0.000397778521
-0.000775914698
-0.000309674993
-0.000825983737
-0.000199532203
-0.000846978207
-7.51304069e-05
-0.000837504248
5.55795647e-05
-0.000797200187
0.000184236812
-0.000726985279
0.000301845621
-0.000629557757
0.000398723522
-0.000510085759
0.000464786502
-0.000376949145
0.000490331354
-0.000242279536
0.000467404391
-0.000121960564
0.000391635285
-3.47280989e-05
0.00026432655
9.52903437e-05
-2.86499991e-05
-6.90196031e-05
-9.96351897e-05
-0.000191831955
-0.000198067844
-0.000285089374
-0.000310280684
-0.000342413765
-0.00042451065
-0.000363047191
-0.000531133641
-0.000349508156
-0.000622610298
-0.000306301879
-0.00069327434
-0.000239010936
-0.00073907649
-0.000153730027
-0.000757373511
-5.6833371e-05
-0.000746824621
4.50306805e-05
-0.000707432144
0.000144844343
-0.000640737881
0.000235151369
-0.000550154504
0.000308140154
-0.000441366513
0.000355998516
-0.000322677353
0.000371642201
-0.000205123719
0.00034985077
-0.000102164167
0.00028867575
-2.8796293e-05
0.000190958701
6.64940737e-05
-2.39729913e-05
-4.50466193e-05
-8.39698595e-05
-0.000131835168
-0.000168202727
-0.000200856549
-0.00026551012
-0.000245106348
-0.000365818116
-0.00026273916
-0.000460446719
-0.000254879551
-0.00054224985
-0.000224498772
-0.000605628256
-0.000175632543
-0.000646477371
-0.000112880902
-0.000662132671
-4.11780548e-05
-0.000651361305
3.42593233e-05
-0.000614427985
0.000107911024
-0.0005532378
0.000173961186
-0.00047152836
0.000226430716
-0.000375048669
0.000259518828
-0.000271627194
0.000268220731
-0.000171012441
0.000249236025
-8.43942084e-05
0.000202057531
-2.35933262e-05
0.000130157841
4.29007688e-05
-1.9341289e-05
-2.57053203e-05
-6.84430432e-05
-8.27334645e-05
-0.000138453024
-0.000130846649
-0.000220553006
-0.00016300639
-0.000306310528
-0.000176981606
-0.000388079648
-0.000173110394
-0.000459298224
-0.00015328019
-0.00051466371
-0.000120267073
-0.000550221923
-7.73226978e-05
-0.000563417245
-2.79827289e-05
-0.000553145106
2.39871914e-05
-0.000519828867
7.45947855e-05
-0.000465518119
0.000119650433
-0.000393978748
0.00015489134
-0.000310717926
0.000176258002
-0.000222867374
0.000180370179
-0.000138849238
0.000165217895
-6.77914357e-05
0.000130999739
-1.87558784e-05
8.11223022e-05
2.41449069e-05
-1.44989285e-05
-1.12063952e-05
-5.24978725e-05
-4.47344927e-05
-0.000108075578
-7.52690032e-05
-0.000174611828
-9.64702031e-05
-0.000245236707
-0.00010635674
-0.000313384851
-0.000104962219
-0.000373226412
-9.34385944e-05
-0.000419948657
-7.35448166e-05
-0.000449923972
-4.73473891e-05
-0.000460814553
-1.70921555e-05
-0.000451653732
1.48263679e-05
-0.000422924025
4.58650754e-05
-0.000376625077
7.33514774e-05
-0.000316302457
9.45687092e-05
-0.000246984866
0.0001069404
-0.000174964689
0.000108349994
-0.000107363472
9.7616677e-05
-5.1467046e-05
7.51033192e-05
-1.39094889e-05
4.35647593e-05
1.02354283e-05
-9.19848636e-06
-2.00795897e-06
-3.56680764e-05
-1.82648155e-05
-7.63999704e-05
-3.45370953e-05
-0.000126752038
-4.61181747e-05
-0.000181323607
-5.17852138e-05
-0.000234707792
-5.15780431e-05
-0.000282001056
-4.61453081e-05
-0.000319115751
-3.64300969e-05
-0.000342958864
-2.35042658e-05
-0.000351540185
-8.51083768e-06
-0.000344052755
7.33892928e-06
-0.000320943003
2.27553132e-05
-0.000283963542
3.63720043e-05
-0.000236179853
4.67850057e-05
-0.00018188369
5.26442195e-05
-0.00012635306
5.28193474e-05
-7.53990715e-05
4.66626793e-05
-3.46684002e-05
3.43726466e-05
-8.71064606e-06
1.76070132e-05
1.52478622e-06
-3.43608232e-06
1.42803856e-06
-1.80356165e-05
-3.66520243e-06
-4.33857355e-05
-9.18689697e-06
-7.63975224e-05
-1.31063453e-05
-0.000113133278
-1.50494571e-05
-0.000149593627
-1.51177036e-05
-0.000182164463
-1.35744674e-05
-0.000207853782
-1.07407602e-05
-0.000224407844
-6.95018656e-06
-0.000230376809
-2.54186718e-06
-0.000225168624
2.13073675e-06
-0.000209102214
6.68888856e-06
-0.00018345394
1.07237113e-05
-0.000150471757
1.38028001e-05
-0.000113320791
1.54932294e-05
-7.59090965e-05
1.54076291e-05
-4.25308376e-05
1.32844006e-05
-1.72705531e-05
9.11234994e-06
-3.10293801e-06
3.43939622e-06
-1.57815457e-06
1.42797359e-06
-2.23727917e-06
-1.14241796e-05
-2.45304915e-05
-3.9579909e-05
-5.46975868e-05
-6.82720426e-05
-7.90127972e-05
-8.59629807e-05
-8.85048496e-05
-8.63741225e-05
-7.96852518e-05
-6.89615637e-05
-5.51587884e-05
-3.96655818e-05
-2.42579717e-05
-1.09735849e-05
-1.86124214e-06
1.57815452e-06
)
;

boundaryField
{
    walls
    {
        type            calculated;
        value           uniform 0;
    }
    mov_wall
    {
        type            calculated;
        value           uniform 0;
    }
    empty
    {
        type            empty;
        value           nonuniform 0();
    }
}


// ************************************************************************* //
