/*--------------------------------*- C++ -*----------------------------------*\
| =========                 |                                                 |
| \\      /  F ield         | OpenFOAM: The Open Source CFD Toolbox           |
|  \\    /   O peration     | Version:  5.x                                   |
|   \\  /    A nd           | Web:      www.OpenFOAM.org                      |
|    \\/     M anipulation  |                                                 |
\*---------------------------------------------------------------------------*/
FoamFile
{
    version     2.0;
    format      ascii;
    class       volVectorField;
    location    "1.7";
    object      U;
}
// * * * * * * * * * * * * * * * * * * * * * * * * * * * * * * * * * * * * * //

dimensions      [0 1 -1 0 0 0 0];

internalField   nonuniform List<vector> 
400
(
(0.291698424 0.14964426 0)
(0.388187253 0.128007928 0)
(0.557615992 0.0757317366 0)
(0.674784749 0.0433040876 0)
(0.74376424 0.0251585946 0)
(0.787071028 0.0148797397 0)
(0.815457354 0.00893041604 0)
(0.833932597 0.0053095471 0)
(0.845357546 0.00289934671 0)
(0.851340887 0.00108481799 2.66527913e-34)
(0.852632423 -0.000502717698 -2.66527913e-34)
(0.84934649 -0.00216044303 0)
(0.840966477 -0.00421672582 0)
(0.826108055 -0.00722054969 0)
(0.802016027 -0.0122360537 0)
(0.763535891 -0.0213887886 0)
(0.69948709 -0.0388382497 0)
(0.58455658 -0.0722730044 0)
(0.407900477 -0.1284362 0)
(0.300688159 -0.152947612 0)
(0.00120418445 0.287433169 0)
(0.0133205765 0.293872135 0)
(0.140042682 0.209903672 0)
(0.264967312 0.142983947 0)
(0.364170076 0.0967991185 0)
(0.440108588 0.0654380688 0)
(0.496525823 0.0439734519 0)
(0.536672638 0.0286989603 0)
(0.563253698 0.0170784917 0)
(0.57811533 0.00742266251 0)
(0.582188207 -0.00150050905 0)
(0.575494237 -0.0107964305 0)
(0.557090276 -0.021732684 0)
(0.52489681 -0.0361373013 0)
(0.475505478 -0.0569609242 0)
(0.404316503 -0.0889746293 0)
(0.305681111 -0.139148502 0)
(0.174494534 -0.215273443 0)
(0.0341055152 -0.31080015 0)
(0.0108690482 -0.305908937 0)
(-0.0321469159 0.241774253 0)
(-0.0634316757 0.33354571 0)
(-0.0219402283 0.299498596 0)
(0.0505916113 0.240045637 0)
(0.127384479 0.183013444 0)
(0.196800427 0.13544682 0)
(0.254143829 0.097445277 0)
(0.298060672 0.0668835583 0)
(0.328634868 0.0413722324 0)
(0.346275304 0.0187801843 -2.35798123e-33)
(0.351178672 -0.00280843117 2.35798123e-33)
(0.343095548 -0.0252918621 0)
(0.32124921 -0.0508250339 0)
(0.284408471 -0.0820887049 0)
(0.231309073 -0.12247302 0)
(0.161902034 -0.175651264 0)
(0.0798252206 -0.243202264 0)
(-0.00334272289 -0.317976961 0)
(-0.0578551194 -0.366360307 0)
(-0.0313896358 -0.270689706 0)
(-0.0261207832 0.182360967 0)
(-0.0666215601 0.316880106 0)
(-0.0735439397 0.33089381 0)
(-0.0481420514 0.295341732 0)
(-0.00568944906 0.24424038 0)
(0.041089028 0.192418248 0)
(0.0845158424 0.145082746 0)
(0.120390165 0.102996867 0)
(0.146547549 0.0651480845 0)
(0.161885929 0.0298861381 2.35547769e-33)
(0.165773239 -0.00469250346 -2.35547769e-33)
(0.157760992 -0.040664034 0)
(0.137552081 -0.0802940268 0)
(0.105255511 -0.125968603 0)
(0.0620659633 -0.179762565 0)
(0.0115912803 -0.242017282 0)
(-0.038040379 -0.307752838 0)
(-0.0720557257 -0.359569908 0)
(-0.0711664312 -0.355579349 0)
(-0.0287214916 -0.209176375 0)
(-0.0176302165 0.140765896 0)
(-0.054919541 0.281819685 0)
(-0.0828706562 0.32447142 0)
(-0.0880897871 0.312379617 0)
(-0.0751397344 0.274422421 0)
(-0.0526541873 0.226758662 0)
(-0.0275444032 0.177284979 0)
(-0.00461759035 0.129131338 0)
(0.0129825079 0.0829033628 0)
(0.0233140819 0.0379298685 -2.94547187e-34)
(0.0252671983 -0.0070985835 2.94547187e-34)
(0.0183746896 -0.0537911583 0)
(0.00285018479 -0.103788231 0)
(-0.0201188979 -0.15835147 0)
(-0.0477964152 -0.217512273 0)
(-0.0750805479 -0.278328718 0)
(-0.0936393848 -0.331677265 0)
(-0.0922340256 -0.357384362 0)
(-0.0635100976 -0.318870109 0)
(-0.0207317115 -0.162073142 0)
(-0.0116548933 0.111588511 0)
(-0.0431555048 0.243753736 0)
(-0.0782922346 0.299840955 0)
(-0.100593545 0.304977299 0)
(-0.108331315 0.28039512 0)
(-0.105743538 0.240343162 0)
(-0.0975688728 0.193254524 0)
(-0.0878307261 0.14352717 0)
(-0.0795756013 0.093014591 0)
(-0.0748690642 0.0420714041 0)
(-0.0748896023 -0.00975523896 0)
(-0.0799738921 -0.0632392732 0)
(-0.0895355778 -0.11901573 0)
(-0.101843368 -0.1769713 0)
(-0.113715477 -0.235273103 0)
(-0.120302946 -0.288823721 0)
(-0.115248994 -0.32706117 0)
(-0.0922776337 -0.331547005 0)
(-0.052190054 -0.27510646 0)
(-0.0142851899 -0.127255171 0)
(-0.00803245803 0.0899624965 0)
(-0.0343084564 0.207861116 0)
(-0.0703764615 0.26771749 0)
(-0.10097268 0.283479525 0)
(-0.121528273 0.269721466 0)
(-0.13308669 0.237776094 0)
(-0.138165461 0.195356034 0)
(-0.139483735 0.1471947 0)
(-0.139401717 0.0958771297 0)
(-0.13963634 0.0425915434 0)
(-0.14115069 -0.0122572242 0)
(-0.144089159 -0.0685258831 0)
(-0.147688233 -0.125802727 0)
(-0.150167045 -0.182759701 0)
(-0.148688867 -0.236283791 0)
(-0.13958105 -0.280358801 0)
(-0.119025885 -0.304871398 0)
(-0.0848801946 -0.294933211 0)
(-0.0422066401 -0.232138193 0)
(-0.0100069108 -0.100703721 0)
(-0.0058986976 0.07314978 0)
(-0.0280540824 0.175440751 0)
(-0.0624685149 0.233426368 0)
(-0.0962040417 0.254615844 0)
(-0.123799827 0.248624864 0)
(-0.144356323 0.22394183 0)
(-0.15864566 0.187040441 0)
(-0.168096057 0.142409483 0)
(-0.174199354 0.0929282512 0)
(-0.178120645 0.040348959 0)
(-0.180484669 -0.0142178909 0)
(-0.18125663 -0.0698277834 0)
(-0.179671076 -0.125200155 0)
(-0.174225289 -0.178145505 0)
(-0.162824964 -0.224905206 0)
(-0.143224103 -0.259476502 0)
(-0.113849076 -0.273167659 0)
(-0.0753205586 -0.254868676 0)
(-0.0343203056 -0.192907104 0)
(-0.00728520049 -0.0799847858 0)
(-0.00459347279 0.0595076682 0)
(-0.0235459716 0.146520721 0)
(-0.0553473395 0.199630019 0)
(-0.0893269812 0.222662946 0)
(-0.120062097 0.221778153 0)
(-0.145622104 0.203091985 0)
(-0.165585964 0.171761816 0)
(-0.180334125 0.131749111 0)
(-0.190549116 0.0859244783 0)
(-0.196832026 0.0363467411 2.97713323e-34)
(-0.199466658 -0.0153838235 -2.97713323e-34)
(-0.198292105 -0.0677377312 0)
(-0.192660684 -0.118839411 0)
(-0.181501444 -0.166023926 0)
(-0.163555472 -0.205401551 0)
(-0.137865388 -0.23153797 0)
(-0.104507565 -0.237468179 0)
(-0.0656658597 -0.215356129 0)
(-0.0281745232 -0.158229627 0)
(-0.00551079017 -0.063459283 0)
(-0.00373329791 0.0480792873 0)
(-0.0201220043 0.120815953 0)
(-0.0490171916 0.167642339 0)
(-0.0816419135 0.190246736 0)
(-0.112993436 0.192444426 0)
(-0.140685435 0.178515597 4.6799026e-33)
(-0.163562938 0.152429411 0)
(-0.18125225 0.117527636 0)
(-0.193790297 0.0764883831 -4.740664e-33)
(-0.201302972 0.0314669389 2.26622438e-36)
(-0.203794805 -0.0156659354 4.98622545e-36)
(-0.201040337 -0.0630354736 0)
(-0.192570059 -0.108451618 0)
(-0.177768676 -0.149104242 0)
(-0.156127085 -0.181319752 0)
(-0.127681075 -0.200482715 0)
(-0.0935651779 -0.201280378 0)
(-0.0566772231 -0.17843285 0)
(-0.0233146615 -0.128069336 0)
(-0.00429568479 -0.0500358181 0)
(-0.00311498814 0.0383214575 0)
(-0.017362791 0.0980271847 0)
(-0.0433167216 0.138095662 0)
(-0.0737163761 0.158938325 0)
(-0.104101793 0.162795006 0)
(-0.131966839 0.152576762 -4.67990261e-33)
(-0.155756906 0.131259867 0)
(-0.174607257 0.101576174 0)
(-0.188093912 0.065912919 4.740664e-33)
(-0.195990653 0.0263656018 1.49107674e-33)
(-0.198104652 -0.0151145658 -1.49832919e-33)
(-0.194197129 -0.0565238505 0)
(-0.183990021 -0.0955958523 0)
(-0.167271224 -0.129617528 0)
(-0.144119263 -0.155327744 0)
(-0.115248346 -0.168981116 0)
(-0.0823784424 -0.166676053 0)
(-0.0485923279 -0.145009523 0)
(-0.0193968636 -0.102082943 0)
(-0.00342077032 -0.0389974899 0)
(-0.00263368853 0.0299175477 0)
(-0.0150212635 0.0779075687 0)
(-0.038093963 0.111278373 0)
(-0.0658114665 0.129656777 0)
(-0.0942704937 0.134222635 0)
(-0.121032179 0.126885841 0)
(-0.144369144 0.109826426 0)
(-0.163132372 0.0852222754 0)
(-0.176601387 0.0551264338 0)
(-0.184316591 0.0214669042 2.99744094e-34)
(-0.185964075 -0.0138727973 -2.99744094e-34)
(-0.181325604 -0.0489318448 0)
(-0.170297387 -0.0815455294 0)
(-0.152984765 -0.109253505 0)
(-0.129879655 -0.129291412 0)
(-0.10210536 -0.138724882 0)
(-0.0716331108 -0.134780326 0)
(-0.0414330169 -0.115378405 0)
(-0.0161829453 -0.0798391696 0)
(-0.00276378362 -0.0298537215 0)
(-0.00223432777 0.0226722841 0)
(-0.0129519024 0.0602635933 0)
(-0.0332325388 0.0873012568 0)
(-0.0580457062 0.102919124 0)
(-0.0840210284 0.107584342 0)
(-0.108887278 0.102484763 0)
(-0.130891267 0.0891775605 0)
(-0.148749782 0.0693584067 0)
(-0.161575285 0.0447363566 0)
(-0.168771996 0.0170037094 3.00138514e-34)
(-0.16996447 -0.0121292838 -3.00138514e-34)
(-0.164972021 -0.0408680827 0)
(-0.153832394 -0.0672687819 0)
(-0.136877338 -0.089209027 0)
(-0.114858922 -0.104432892 0)
(-0.0891055443 -0.110708733 0)
(-0.0616238134 -0.106125841 0)
(-0.0351218979 -0.089509506 0)
(-0.0135017807 -0.0609095793 0)
(-0.00225293035 -0.0222517895 0)
(-0.00188493661 0.0164598929 0)
(-0.0110596569 0.0449475007 0)
(-0.0286340114 0.0661853429 0)
(-0.0504486389 0.0789975057 0)
(-0.0736349106 0.083380065 0)
(-0.096140268 0.0800104442 0)
(-0.116276928 0.0699684496 0)
(-0.132730266 0.0545407549 0)
(-0.144539759 0.035102392 0)
(-0.151045351 0.0130721304 0)
(-0.151851172 -0.0100812346 0)
(-0.146818201 -0.0328093263 0)
(-0.136088002 -0.0534592459 0)
(-0.120137165 -0.0702815264 0)
(-0.099857419 -0.0814990163 0)
(-0.0766407142 -0.0854614688 0)
(-0.0524012186 -0.080896002 0)
(-0.0295239066 -0.0672251387 0)
(-0.0112162244 -0.0449126391 0)
(-0.00184089166 -0.0159332202 0)
(-0.00156195144 0.0112030015 0)
(-0.00926677637 0.0318573 0)
(-0.0241946541 0.0479169356 0)
(-0.042974608 0.0580247627 0)
(-0.0632116114 0.0618854301 0)
(-0.0830941865 0.0598307088 0)
(-0.101053822 0.0525836258 0)
(-0.115812083 0.0410905578 0)
(-0.126400753 0.0264138262 0)
(-0.132145678 0.0096834559 0)
(-0.13265652 -0.00791106941 0)
(-0.127831831 -0.0251121758 0)
(-0.117880373 -0.0405913992 0)
(-0.103356496 -0.0529743635 0)
(-0.0852030869 -0.060913584 0)
(-0.0647840264 -0.063224941 0)
(-0.043853323 -0.0590913707 0)
(-0.0244609009 -0.0483078009 0)
(-0.00920058415 -0.031541209 0)
(-0.00149045447 -0.0107157938 0)
(-0.00124215362 0.00686927887 0)
(-0.00749425274 0.0209446596 0)
(-0.0197919491 0.0324869895 0)
(-0.0355104713 0.0400693705 0)
(-0.0527036647 0.0432523209 0)
(-0.0698062547 0.0421552522 0)
(-0.0853998703 0.037244073 0)
(-0.0982875818 0.0291865637 0)
(-0.107539939 0.0187598987 0)
(-0.112504429 0.00680697316 0)
(-0.112812514 -0.0057758706 0)
(-0.108392139 -0.018039036 0)
(-0.0994859283 -0.0289855176 0)
(-0.0866719009 -0.0375986593 0)
(-0.0708797858 -0.0429058222 0)
(-0.053387664 -0.0440887492 0)
(-0.0357585802 -0.0406430882 0)
(-0.0197217008 -0.0325686897 0)
(-0.00732833 -0.0205828358 0)
(-0.00116657455 -0.00648999801 0)
(-0.000899454197 0.00347544864 0)
(-0.00565839298 0.0122188177 0)
(-0.0152911345 0.019908716 0)
(-0.027897041 0.0251768845 0)
(-0.0419526025 0.0275729713 0)
(-0.0561349033 0.0271135365 0)
(-0.0691974787 0.0240874779 0)
(-0.0800622323 0.0189368774 0)
(-0.0878782785 0.0121844918 0)
(-0.0920453035 0.00440088822 0)
(-0.0922294697 -0.00380483587 0)
(-0.0883790511 -0.0117861957 0)
(-0.0807398173 -0.0188652315 0)
(-0.0698665329 -0.0243542187 0)
(-0.056623533 -0.0276025209 0)
(-0.0421610957 -0.0280764236 0)
(-0.027836581 -0.0254758047 0)
(-0.0150832266 -0.0198787403 0)
(-0.00547250002 -0.0119268941 0)
(-0.000833233922 -0.0032208765 0)
(-0.000507265555 0.00108874506 0)
(-0.00368716684 0.0057374983 0)
(-0.0105823008 0.0102175712 0)
(-0.0199786492 0.0133958214 0)
(-0.0307409844 0.0149329133 0)
(-0.0417881805 0.0148255812 0)
(-0.0520762136 0.0132438646 0)
(-0.0606923968 0.0104468244 0)
(-0.0669116777 0.00673590105 0)
(-0.0702216908 0.00243658501 0)
(-0.0703393994 -0.00210477202 0)
(-0.0672259424 -0.0065196914 0)
(-0.0610997358 -0.0104198161 0)
(-0.0524441184 -0.0134088518 0)
(-0.0420026181 -0.0151096137 0)
(-0.0307501911 -0.0152115471 0)
(-0.0198165096 -0.0135436555 0)
(-0.0103575455 -0.0101721021 0)
(-0.00352538451 -0.00555304382 0)
(-0.000456305918 -0.000945737545 0)
(-6.44805672e-05 -0.00017610391 0)
(-0.00159828609 0.00163590777 0)
(-0.00569255688 0.00359693572 0)
(-0.011714422 0.0050083035 0)
(-0.0188790863 0.00571410233 0)
(-0.0263787962 0.00573106451 0)
(-0.0334389907 0.00514525437 0)
(-0.0393896794 0.00407136008 0)
(-0.0437017646 0.00263373576 0)
(-0.0460021919 0.000961570841 0)
(-0.0460843606 -0.000809503249 0)
(-0.0439187496 -0.00253455647 0)
(-0.0396635787 -0.00405844506 0)
(-0.0336722084 -0.00521917914 0)
(-0.0264914673 -0.00585755625 0)
(-0.0188418846 -0.0058356985 0)
(-0.0115629949 -0.00506827202 0)
(-0.00551355932 -0.00356958166 0)
(-0.00148156084 -0.00155210322 0)
(-3.11144213e-05 0.000233781899 0)
(0.000261246897 -0.000255435015 0)
(0.000151290016 0.00010205308 0)
(-0.00117451685 0.000547180015 0)
(-0.00347911682 0.000863123278 0)
(-0.00637268688 0.00102160244 0)
(-0.00946249008 0.00103748867 0)
(-0.0123942442 0.000935777545 0)
(-0.0148748083 0.00074271778 0)
(-0.0166783076 0.000482969012 0)
(-0.0176465438 0.000180030722 1.08300418e-33)
(-0.0176904231 -0.000142205844 -1.08300418e-33)
(-0.0167939386 -0.000457966237 0)
(-0.0150200417 -0.000738643089 0)
(-0.0125165834 -0.000952786027 0)
(-0.00951967275 -0.00106724593 0)
(-0.00635059211 -0.00105007639 0)
(-0.00339898549 -0.000876443578 0)
(-0.00108337214 -0.000539438095 0)
(0.00020591498 -8.25327621e-05 0)
(0.000274423372 0.000266605287 0)
)
;

boundaryField
{
    walls
    {
        type            fixedValue;
        value           uniform (0 0 0);
    }
    mov_wall
    {
        type            fixedValue;
        value           uniform (1 0 0);
    }
    empty
    {
        type            empty;
    }
}


// ************************************************************************* //
