/*--------------------------------*- C++ -*----------------------------------*\
| =========                 |                                                 |
| \\      /  F ield         | OpenFOAM: The Open Source CFD Toolbox           |
|  \\    /   O peration     | Version:  5.x                                   |
|   \\  /    A nd           | Web:      www.OpenFOAM.org                      |
|    \\/     M anipulation  |                                                 |
\*---------------------------------------------------------------------------*/
FoamFile
{
    version     2.0;
    format      ascii;
    class       volScalarField;
    location    "2.2";
    object      p;
}
// * * * * * * * * * * * * * * * * * * * * * * * * * * * * * * * * * * * * * //

dimensions      [0 2 -2 0 0 0 0];

internalField   nonuniform List<scalar> 
400
(
8.12142654e-06
2.45247026
3.49433383
3.89888955
4.10665729
4.22471682
4.29430178
4.34028916
4.37635035
4.41012321
4.44677277
4.49092803
4.5476678
4.62450287
4.73481101
4.90460932
5.18239254
5.68421326
6.84132719
9.41173578
1.88671642
2.86730071
3.41989455
3.74775452
3.96519141
4.10975801
4.20768535
4.27900371
4.33675675
4.3896256
4.44425827
4.50658505
4.58334661
4.68331065
4.81973889
5.0136915
5.29403457
5.69848099
6.33842699
7.42838208
2.98209021
3.26254216
3.5423426
3.77069074
3.94571676
4.07572701
4.17323721
4.25001522
4.31528788
4.37624853
4.43893801
4.50903473
4.59258819
4.69679548
4.83086243
5.00665015
5.23633355
5.52395101
5.86050216
6.19824823
3.52779745
3.58535546
3.72179759
3.86538854
3.98907569
4.09084406
4.17462226
4.24572638
4.30953957
4.37103601
4.43478761
4.50521751
4.58680161
4.68426746
4.80246358
4.94570464
5.11576113
5.30515961
5.47834838
5.55964969
3.84423104
3.82689375
3.88519263
3.96939536
4.05223192
4.12780316
4.19568103
4.25749058
4.31593595
4.37410545
4.43507825
4.50187076
4.57734431
4.66401908
4.76351668
4.87552321
4.99637088
5.11481351
5.19585738
5.18372669
4.0455154
4.0036724
4.02143925
4.06786271
4.12139501
4.1757535
4.22886753
4.28055077
4.3318735
4.38450518
4.4402844
4.50098134
4.56806197
4.64233946
4.72333923
4.80837888
4.89181884
4.96268972
4.99309211
4.94681898
4.18060005
4.13384451
4.13185209
4.15538165
4.18884644
4.22707952
4.26773989
4.30988492
4.3536508
4.39974498
4.44905197
4.50235029
4.56003211
4.62173484
4.68579836
4.74863873
4.80457214
4.84467768
4.84863623
4.79369124
4.27567259
4.23085591
4.21967318
4.22968735
4.24985877
4.27636768
4.30713533
4.34099583
4.37759185
4.41701262
4.45946512
4.5050098
4.5532985
4.60326219
4.65271787
4.69802401
4.73427117
4.75485898
4.74557232
4.69205366
4.34468761
4.30374404
4.28864175
4.29084026
4.30238906
4.32058457
4.343743
4.37071481
4.40090613
4.43402882
4.46984177
4.50793121
4.54749673
4.58712194
4.62452607
4.65642586
4.67890612
4.6873455
4.67189134
4.62322837
4.39527192
4.35851691
4.34216951
4.33997045
4.34600153
4.35837386
4.37577377
4.39715783
4.42183813
4.44931155
4.4790638
4.51040005
4.54228727
4.57320528
4.60101279
4.62293849
4.63600804
4.63710466
4.61933698
4.57638982
4.43197533
4.39926946
4.38306623
4.37852235
4.38107771
4.38940818
4.40249976
4.41943697
4.43951459
4.46212129
4.48659482
4.51209945
4.53752063
4.56138139
4.58178844
4.59649335
4.60330659
4.60018576
4.5822181
4.54490633
4.45778736
4.42890692
4.41359172
4.40795632
4.40839109
4.41395894
4.4238761
4.43735068
4.45370044
4.47227334
4.49234305
4.51302594
4.53321879
4.55156369
4.5664452
4.57608245
4.5788976
4.57358673
4.55656758
4.52449069
4.47483763
4.44958405
4.43557235
4.42963177
4.42886433
4.43260509
4.44024708
4.45111031
4.46455494
4.47992779
4.49648927
4.51336218
4.52950294
4.54370045
4.55460384
4.56082273
4.56123916
4.55504801
4.53958563
4.51227229
4.48474015
4.46296958
4.45050379
4.44476249
4.4434279
4.44604016
4.45213391
4.46112898
4.47243456
4.48541511
4.49934259
4.51337062
4.52653131
4.5377578
4.54592974
4.54997097
4.5491055
4.54286907
4.52926776
4.50628485
4.48878358
4.47041278
4.45963125
4.45440439
4.45293855
4.45494823
4.46009012
4.46787331
4.47775325
4.48911439
4.50124414
4.51332817
4.52446734
4.53371743
4.54014602
4.54292448
4.54153485
4.53576058
4.52414688
4.5051486
4.48807099
4.4730672
4.46401992
4.45946612
4.45814239
4.45993556
4.46461683
4.47177431
4.4808985
4.4913819
4.50251384
4.51349459
4.52346938
4.53158209
4.53704165
4.5392108
4.5377739
4.53271963
4.52309578
4.50783394
4.48367838
4.47202094
4.46465168
4.46077379
4.45971324
4.46154867
4.46616519
4.47321768
4.48221225
4.49252545
4.50342085
4.51408121
4.52365839
4.53133996
4.53642663
4.53842353
4.53718163
4.53288985
4.52513841
4.51342862
4.47686587
4.46839875
4.46244067
4.45902726
4.45817387
4.4601819
4.46504695
4.47246929
4.48193957
4.49278173
4.50419241
4.51529124
4.52518535
4.53304968
4.53821872
4.54028902
4.53924999
4.53550976
4.52929935
4.52086824
4.46929681
4.46320575
4.45768611
4.45398013
4.45293427
4.45510155
4.46055524
4.46898052
4.47978294
4.49216051
4.50516523
4.51776916
4.52894166
4.53774469
4.54344484
4.54564138
4.54441503
4.54042711
4.53471041
4.52867767
4.46345999
4.45753466
4.45038271
4.44493969
4.44291638
4.44510846
4.45158031
4.46188536
4.47522689
4.49056269
4.50668334
4.52228648
4.53606346
4.54680923
4.55356183
4.55577531
4.55353048
4.54776005
4.54036261
4.53447351
)
;

boundaryField
{
    walls
    {
        type            zeroGradient;
    }
    mov_wall
    {
        type            zeroGradient;
    }
    empty
    {
        type            empty;
    }
}


// ************************************************************************* //
