/*--------------------------------*- C++ -*----------------------------------*\
| =========                 |                                                 |
| \\      /  F ield         | OpenFOAM: The Open Source CFD Toolbox           |
|  \\    /   O peration     | Version:  5.x                                   |
|   \\  /    A nd           | Web:      www.OpenFOAM.org                      |
|    \\/     M anipulation  |                                                 |
\*---------------------------------------------------------------------------*/
FoamFile
{
    version     2.0;
    format      ascii;
    class       surfaceScalarField;
    location    "2.2";
    object      phi;
}
// * * * * * * * * * * * * * * * * * * * * * * * * * * * * * * * * * * * * * //

dimensions      [0 3 -1 0 0 0 0];

internalField   nonuniform List<scalar> 
760
(
0.00134817526
-0.00134817913
0.00245763917
-0.00110946391
0.00313513402
-0.000677494837
0.00355971449
-0.000424580467
0.00383224922
-0.000272534729
0.0040094491
-0.000177199887
0.00412521055
-0.000115761462
0.00419921242
-7.40018763e-05
0.00424242728
-4.32148507e-05
0.0042605484
-1.81211055e-05
0.00425561736
4.93105116e-06
0.00422675324
2.88641208e-05
0.00416938551
5.73677271e-05
0.00407358192
9.58035858e-05
0.00391994863
0.000153633304
0.00367201781
0.000247930861
0.00326315947
0.000408858358
0.00257264054
0.000690518905
0.00140850176
0.00116413873
0.00140850174
-5.46961255e-05
-0.00129348301
0.000412591286
-0.00157675132
0.00103002741
-0.00129493097
0.00157870978
-0.000973262849
0.00201482648
-0.000708651433
0.00234476879
-0.000507142188
0.00258510575
-0.000356098419
0.00275125717
-0.0002401533
0.00285455447
-0.00014651216
0.00290178162
-6.53482456e-05
0.00289535324
1.13594613e-05
0.002832918
9.12994091e-05
0.00270711488
0.000183170868
0.00250435476
0.000298563711
0.00220410295
0.000453885092
0.00178089688
0.00067113695
0.00121756508
0.000972190212
0.000552811229
0.00135527283
1.30661718e-05
0.00170388383
0.00142156787
-0.000271735394
-0.00102174761
-0.000221028708
-0.00162745799
7.13636242e-05
-0.0015873233
0.000446278776
-0.00134817801
0.000812479724
-0.00107485238
0.00112928617
-0.000823948625
0.00138206235
-0.000608874594
0.00156798965
-0.000426080579
0.00168835726
-0.00026687977
0.0017446643
-0.000121655288
0.00173676996
1.92538102e-05
0.00166211597
0.000165953426
0.00151569657
0.000329590315
0.00129124061
0.000523019691
0.000985001049
0.000760124632
0.000605002065
0.00105113591
0.000189845995
0.00138734628
-0.000160047375
0.00170516623
-0.000261641261
0.00180547775
0.00115992659
-0.000227942468
-0.000793805137
-0.000361200216
-0.00149420021
-0.000308333963
-0.00164018953
-0.00013483039
-0.00152168157
8.91964721e-05
-0.00129887925
0.000314955283
-0.00104970743
0.000513243148
-0.000807162445
0.000668277614
-0.000581115022
0.000771966308
-0.000370568446
0.000820011555
-0.000169700533
0.000809703655
2.95617056e-05
0.000739178651
0.000236478443
0.000607915838
0.000460853168
0.000419094274
0.000711841296
0.000184511351
0.000994707563
-6.72004492e-05
0.00130284768
-0.000280623338
0.00160076915
-0.000369421336
0.00179396424
-0.000246994426
0.00168305088
0.000912932162
-0.000168966278
-0.000624838855
-0.000352019662
-0.0013111468
-0.000431564481
-0.00156064469
-0.000408919627
-0.00154432641
-0.000319449854
-0.00138834902
-0.000200113717
-0.00116904357
-7.98319762e-05
-0.000927444176
2.15537853e-05
-0.000682500758
9.1402675e-05
-0.000440417304
0.000122108927
-0.000200406767
0.000109731444
4.19391854e-05
5.36217578e-05
0.000292588123
-4.27702119e-05
0.000557245157
-0.00016971175
0.000838782881
-0.000307666232
0.00113266208
-0.000423478438
0.00141865988
-0.000470030971
0.00164732165
-0.000397827826
0.00172176108
-0.000196431878
0.00148165495
0.000716500302
-0.000124193266
-0.000500645582
-0.000308339327
-0.00112700071
-0.000450501232
-0.00141848276
-0.000523215033
-0.00147161259
-0.000535406034
-0.001376158
-0.000508179503
-0.0011962701
-0.000463178735
-0.000972444943
-0.000418085146
-0.000727594331
-0.000385644593
-0.000472857822
-0.000373937928
-0.000212113393
-0.00038675297
5.47542425e-05
-0.000423482699
0.000329317842
-0.000478376835
0.000612139287
-0.000539195304
0.000899601376
-0.000585832074
0.0011792989
-0.000590521639
0.00142334948
-0.000523090858
0.00157989086
-0.000366701876
0.00156537207
-0.000150586778
0.00126553984
0.000565913547
-9.45739983e-05
-0.000406071571
-0.000264653216
-0.000956921476
-0.000430745051
-0.00125239091
-0.000556987147
-0.00134537047
-0.000636806955
-0.00129633817
-0.000678158745
-0.00115491829
-0.00069396362
-0.000956640066
-0.000696950919
-0.00072460703
-0.000697296832
-0.000472511886
-0.000701684653
-0.000207725528
-0.000712882758
6.59523867e-05
-0.000729356668
0.000345791761
-0.000744771622
0.000627554224
-0.000747595051
0.000902424803
-0.000721481253
0.00115318514
-0.000647851322
0.0013497196
-0.000512881741
0.00144492131
-0.000321208595
0.00137369891
-0.000116486352
0.00106081758
0.000449427208
-7.53446125e-05
-0.000330726939
-0.000228209673
-0.000804056401
-0.00039835912
-0.00108224146
-0.000550547827
-0.00119318175
-0.000670637545
-0.00117624842
-0.000757591944
-0.00106796387
-0.000816800468
-0.000897431529
-0.000855604566
-0.000685802934
-0.000880642185
-0.000447474263
-0.000896378207
-0.000191989475
-0.000904287194
7.38614251e-05
-0.000902375951
0.000343880555
-0.000884985817
0.000610164091
-0.000843115339
0.000860554307
-0.000765828722
0.00107589852
-0.000643670632
0.00122756154
-0.000475107467
0.00127635818
-0.000276311504
0.00117490297
-9.21333126e-05
0.000876639376
0.000357293894
-6.22889028e-05
-0.000268438014
-0.000198543253
-0.000667802033
-0.00036289732
-0.000917887383
-0.00052385626
-0.0010322228
-0.000664422557
-0.00103568211
-0.00077813782
-0.00095424857
-0.000864822315
-0.000810747004
-0.000927176461
-0.000623448779
-0.000968411069
-0.000406239662
-0.000990732508
-0.000169668032
-0.000994447074
7.7576028e-05
-0.000977535408
0.000326968941
-0.00093570329
0.000568332005
-0.000863107932
0.000787958943
-0.000754128175
0.000966918748
-0.000606629703
0.00108006308
-0.000426952383
0.0010966809
-0.000236039179
0.000983989794
-7.43492451e-05
0.00071494945
0.000282944642
-5.27692287e-05
-0.000215668769
-0.000173813604
-0.000546757636
-0.000327558912
-0.000764142066
-0.000486868199
-0.000872913516
-0.000634383043
-0.00088816726
-0.000760761215
-0.000827870374
-0.000862120362
-0.00070938782
-0.000937658634
-0.000547910477
-0.000987787114
-0.000356111179
-0.0010128277
-0.00014462746
-0.00101222617
7.69745112e-05
-0.000984243627
0.000298986433
-0.000926165399
0.000510253828
-0.000835160524
0.000696954092
-0.000709977219
0.000841735434
-0.000553597972
0.000923683817
-0.000376677263
0.000919760197
-0.000200960118
0.000808272678
-6.08626175e-05
0.000574851974
0.000222082025
-4.5297831e-05
-0.000170370934
-0.000152453609
-0.000439601836
-0.000293298841
-0.000623296816
-0.000444761816
-0.000721450538
-0.000590343973
-0.00074258511
-0.000719470883
-0.00069874346
-0.000826043297
-0.000602815379
-0.000906874663
-0.00046707907
-0.000960343663
-0.000302642151
-0.000985399038
-0.000119572087
-0.000980959017
7.25344762e-05
-0.000945728095
0.000263755518
-0.000878476276
0.000443002049
-0.000778851709
0.000597329569
-0.000648781251
0.000711664993
-0.000494401412
0.00076930397
-0.000328202731
0.000753561509
-0.000170677616
0.000650747575
-5.02804234e-05
0.000454454806
0.000171801613
-3.90617441e-05
-0.000131309195
-0.000133402319
-0.00034526125
-0.000260347036
-0.000496352075
-0.00040038435
-0.000581413207
-0.000538424823
-0.000604544638
-0.000663684746
-0.000573483548
-0.000768928564
-0.000497571559
-0.000849512472
-0.000386495132
-0.000902489616
-0.000249664965
-0.000925922541
-9.61391386e-05
-0.000918477576
6.50895044e-05
-0.000879345608
0.000224623534
-0.000808525848
0.000372182296
-0.00070749719
0.000496300947
-0.000580255237
0.000584423077
-0.000434583623
0.000623632369
-0.000283245284
0.000602223165
-0.000144571848
0.000512074137
-4.17547443e-05
0.000351637718
0.000130046885
-3.36086808e-05
-9.77005211e-05
-0.000115971083
-0.000262898856
-0.000228681132
-0.000383642011
-0.000355323702
-0.000454770611
-0.000482438283
-0.000477430042
-0.000599643844
-0.000456277993
-0.000699309715
-0.000397905701
-0.000776033797
-0.000309771046
-0.000826109944
-0.000199588786
-0.000847106191
-7.51428512e-05
-0.000837628645
5.56119776e-05
-0.000797315983
0.000184310862
-0.000727088139
0.000301954438
-0.000629644329
0.000398857146
-0.00051015394
0.000464932718
-0.00037699827
0.000490476729
-0.000242310534
0.000467535441
-0.000121976075
0.00039173968
-3.4732596e-05
0.000264394245
9.53143011e-05
-2.86565571e-05
-6.90439611e-05
-9.96571389e-05
-0.000191898298
-0.000198110947
-0.000285188205
-0.00031034808
-0.000342533457
-0.000424603055
-0.000363175039
-0.000531249567
-0.000349631468
-0.000622746313
-0.000306408964
-0.000693425395
-0.000239091978
-0.000739236351
-0.000153777826
-0.000757535301
-5.68438701e-05
-0.000746981413
4.50581262e-05
-0.000707577512
0.000144906976
-0.000640866363
0.000235243279
-0.000550261994
0.000308252765
-0.000441450573
0.000356121304
-0.000322737443
0.000371763623
-0.00020516132
0.000349959343
-0.000102182831
0.000288761205
-2.88016679e-05
0.000191013091
6.65126381e-05
-2.3980181e-05
-4.50637653e-05
-8.39940226e-05
-0.000131884479
-0.000168250379
-0.000200931867
-0.000265584946
-0.000245198889
-0.000365921078
-0.000262838883
-0.000460576231
-0.000254976286
-0.000542402066
-0.000224583116
-0.000605797469
-0.000175696585
-0.000646656504
-0.000112918805
-0.000662313879
-4.11864905e-05
-0.000651536655
3.42809301e-05
-0.000614590126
0.000107960477
-0.000553380556
0.00017403372
-0.000471647196
0.000226519397
-0.00037514104
0.00025961514
-0.000271692761
0.000268315352
-0.000171053154
0.000249319757
-8.44142609e-05
0.000202122333
-2.35990598e-05
0.000130197907
4.29135803e-05
-1.93482355e-05
-2.5715513e-05
-6.84666856e-05
-8.27660323e-05
-0.000138500098
-0.000130898472
-0.00022062755
-0.000163071452
-0.000306413831
-0.000177052597
-0.00038821031
-0.000173179781
-0.000459452404
-0.000153340992
-0.000514835548
-0.000120313429
-0.00055040409
-7.73502715e-05
-0.000563601578
-2.79890154e-05
-0.000553323319
2.40026743e-05
-0.000519993275
7.46304567e-05
-0.000465662309
0.000119702779
-0.000394098114
0.00015495521
-0.000310810036
0.000176327057
-0.000222932168
0.00018043748
-0.000138889043
0.000165276639
-6.78108056e-05
0.000131044115
-1.87613435e-05
8.11484677e-05
2.41522405e-05
-1.45047138e-05
-1.12107944e-05
-5.25182239e-05
-4.47525023e-05
-0.000108116951
-7.52997447e-05
-0.000174678377
-9.65100381e-05
-0.000245330045
-0.000106400939
-0.000313503983
-0.000105005836
-0.000373367907
-9.34770431e-05
-0.000420107044
-7.35742639e-05
-0.000450092295
-4.73650081e-05
-0.000460985018
-1.7096299e-05
-0.000451818406
1.48360514e-05
-0.000423075547
4.58876002e-05
-0.000376757333
7.33845822e-05
-0.000316411143
9.46090365e-05
-0.000247067867
0.000106983787
-0.000175022261
0.000108391871
-0.000107398191
9.76525688e-05
-5.14835383e-05
7.51294722e-05
-1.39139895e-05
4.35789381e-05
1.02382566e-05
-9.20227252e-06
-2.00853444e-06
-3.56826716e-05
-1.82720734e-05
-7.64311106e-05
-3.45512835e-05
-0.0001268037
-4.61374412e-05
-0.000181397592
-5.18070529e-05
-0.000234803594
-5.15998397e-05
-0.000282115977
-4.61646513e-05
-0.000319245231
-3.64449843e-05
-0.000343096983
-2.35132299e-05
-0.00035168025
-8.51302122e-06
-0.000344187928
7.34372511e-06
-0.000321066943
2.2766606e-05
-0.000284071007
3.63886464e-05
-0.000236267222
4.6805261e-05
-0.000181949331
5.26659051e-05
-0.000126397496
5.28400391e-05
-7.54249147e-05
4.66799853e-05
-3.46800055e-05
3.43845655e-05
-8.71350815e-06
1.76124521e-05
1.52475291e-06
-3.43735164e-06
1.42879698e-06
-1.80428523e-05
-3.66654895e-06
-4.34035152e-05
-9.19058978e-06
-7.64291759e-05
-1.31117512e-05
-0.000113180465
-1.50557468e-05
-0.000149656244
-1.51240564e-05
-0.000182240749
-1.35801442e-05
-0.000207940569
-1.07451515e-05
-0.000224500927
-6.95284849e-06
-0.000230471384
-2.54254197e-06
-0.000225259763
2.13211256e-06
-0.000209185342
6.69218027e-06
-0.000183525291
1.07285861e-05
-0.000150528774
1.38087392e-05
-0.00011336243
1.5499562e-05
-7.59359789e-05
1.54135899e-05
-4.25452069e-05
1.32892122e-05
-1.72759812e-05
9.11533851e-06
-3.10374579e-06
3.44022091e-06
-1.57899245e-06
1.42878562e-06
-2.23777576e-06
-1.14283675e-05
-2.4540107e-05
-3.95958351e-05
-5.47198777e-05
-6.830002e-05
-7.90451775e-05
-8.599803e-05
-8.85405681e-05
-8.64084471e-05
-7.97162616e-05
-6.89876776e-05
-5.51789442e-05
-3.96793859e-05
-2.42657947e-05
-1.09765781e-05
-1.86123431e-06
1.57899265e-06
)
;

boundaryField
{
    walls
    {
        type            calculated;
        value           uniform 0;
    }
    mov_wall
    {
        type            calculated;
        value           uniform 0;
    }
    empty
    {
        type            empty;
        value           nonuniform 0();
    }
}


// ************************************************************************* //
