/*--------------------------------*- C++ -*----------------------------------*\
| =========                 |                                                 |
| \\      /  F ield         | OpenFOAM: The Open Source CFD Toolbox           |
|  \\    /   O peration     | Version:  5.x                                   |
|   \\  /    A nd           | Web:      www.OpenFOAM.org                      |
|    \\/     M anipulation  |                                                 |
\*---------------------------------------------------------------------------*/
FoamFile
{
    version     2.0;
    format      ascii;
    class       volVectorField;
    location    "2.2";
    object      U;
}
// * * * * * * * * * * * * * * * * * * * * * * * * * * * * * * * * * * * * * //

dimensions      [0 1 -1 0 0 0 0];

internalField   nonuniform List<vector> 
400
(
(0.291698243 0.149644067 0)
(0.388186898 0.128007824 0)
(0.55761593 0.0757318581 0)
(0.674785521 0.0433044153 0)
(0.743766266 0.0251590521 0)
(0.787074504 0.0148802338 0)
(0.815462249 0.008930862 0)
(0.833938688 0.00530988245 0)
(0.845364475 0.0028995354 0)
(0.851348222 0.00108484864 2.66527519e-34)
(0.852639716 -0.00050283604 -2.66527519e-34)
(0.849353327 -0.00216068558 0)
(0.840972518 -0.00421705845 0)
(0.826113065 -0.00722093252 0)
(0.80201988 -0.0122364471 0)
(0.763538568 -0.0213891591 0)
(0.699488671 -0.03883857 0)
(0.584557245 -0.0722732402 0)
(0.407900529 -0.128436293 0)
(0.300688079 -0.152947545 0)
(0.00120406841 0.287432771 0)
(0.0133207124 0.293872302 0)
(0.140044077 0.209904803 0)
(0.264970953 0.142985944 0)
(0.364176714 0.0968016634 0)
(0.440118588 0.0654407647 0)
(0.496539116 0.0439759185 0)
(0.536688758 0.028700893 0)
(0.563271875 0.0170796902 0)
(0.578134604 0.00742303612 0)
(0.582207545 -0.00150094926 0)
(0.575512648 -0.0107975904 0)
(0.557106901 -0.0217344086 0)
(0.524910993 -0.0361393973 0)
(0.475516808 -0.0569631819 0)
(0.404324828 -0.0889768437 0)
(0.30568653 -0.13915048 0)
(0.174497389 -0.215274986 0)
(0.0341064544 -0.310801031 0)
(0.0108691438 -0.305909045 0)
(-0.032146829 0.241774088 0)
(-0.0634306308 0.333547117 0)
(-0.0219368116 0.299502116 0)
(0.0505985349 0.240050997 0)
(0.127395702 0.18301995 0)
(0.196816293 0.135453609 0)
(0.254164171 0.0974514952 0)
(0.298084844 0.0668884954 0)
(0.328661836 0.0413753922 0)
(0.346303781 0.01878131 -2.35797663e-33)
(0.351207261 -0.00280935718 2.35797663e-33)
(0.34312288 -0.0252946514 0)
(0.321274068 -0.0508293394 0)
(0.28442988 -0.0820940739 0)
(0.231326378 -0.122478942 0)
(0.16191494 -0.175657207 0)
(0.0798338067 -0.243207697 0)
(-0.00333800806 -0.317981348 0)
(-0.0578533781 -0.366363109 0)
(-0.0313893584 -0.270690553 0)
(-0.026120481 0.182361558 0)
(-0.0666196139 0.316883734 0)
(-0.073538617 0.330900857 0)
(-0.048132199 0.29535161 0)
(-0.0056743849 0.244251947 0)
(0.0411095112 0.192430122 0)
(0.0845414339 0.145093556 0)
(0.120420062 0.10300545 0)
(0.14658055 0.0651536076 0)
(0.161920563 0.0298881405 2.35547214e-33)
(0.165807905 -0.00469408908 -2.35547214e-33)
(0.157794113 -0.0406689244 0)
(0.137582235 -0.0803016599 0)
(0.105281537 -0.125978223 0)
(0.062087053 -0.179773295 0)
(0.0116070457 -0.242028183 0)
(-0.0380298636 -0.307762936 0)
(-0.072049916 -0.359578206 0)
(-0.0711642287 -0.355584864 0)
(-0.0287211096 -0.209178307 0)
(-0.017629758 0.140767699 0)
(-0.054916944 0.281826344 0)
(-0.0828639884 0.324482841 0)
(-0.0880779578 0.312394752 0)
(-0.0751222271 0.274439629 0)
(-0.0526309669 0.226776038 0)
(-0.0275159257 0.177300655 0)
(-0.00458477339 0.129143717 0)
(0.0130183861 0.0829112759 0)
(0.0233514875 0.0379326616 -2.94546366e-34)
(0.0253044656 -0.00710103317 2.94546366e-34)
(0.0184101819 -0.0537984805 0)
(0.00288242349 -0.103799647 0)
(-0.020091126 -0.158365901 0)
(-0.0477739618 -0.217528443 0)
(-0.0750638166 -0.278345228 0)
(-0.0936282752 -0.33169264 0)
(-0.092227919 -0.357397082 0)
(-0.0635077939 -0.318878687 0)
(-0.0207313157 -0.162076283 0)
(-0.0116543593 0.11159181 0)
(-0.043152623 0.243763892 0)
(-0.0782850434 0.299857187 0)
(-0.100581066 0.304997987 0)
(-0.108313197 0.280418095 0)
(-0.105719894 0.24036602 0)
(-0.0975402608 0.19327494 0)
(-0.0877980985 0.143543158 0)
(-0.0795402237 0.0930246858 0)
(-0.0748324199 0.0420747842 0)
(-0.0748532811 -0.0097587415 0)
(-0.0799394549 -0.063249204 0)
(-0.0895044309 -0.1190311 0)
(-0.101816655 -0.176990706 0)
(-0.113693986 -0.235294854 0)
(-0.120287027 -0.288845942 0)
(-0.115238502 -0.327081868 0)
(-0.0922719202 -0.331564141 0)
(-0.0521879291 -0.275118061 0)
(-0.0142848364 -0.127259492 0)
(-0.00803193183 0.0899673515 0)
(-0.0343056823 0.207874808 0)
(-0.0703696418 0.267738456 0)
(-0.100960997 0.283505539 0)
(-0.121511513 0.269749841 0)
(-0.133065058 0.237803973 0)
(-0.138139538 0.195380697 0)
(-0.139454421 0.147213835 0)
(-0.139370158 0.0958890388 0)
(-0.139603849 0.0425952647 0)
(-0.141118658 -0.0122618841 0)
(-0.144058945 -0.0685383836 0)
(-0.147661057 -0.125821882 0)
(-0.150143882 -0.182783804 0)
(-0.148670361 -0.236310756 0)
(-0.139567451 -0.280386295 0)
(-0.119017006 -0.304896948 0)
(-0.0848754145 -0.294954315 0)
(-0.0422048933 -0.232152469 0)
(-0.0100066311 -0.100709066 0)
(-0.00589825308 0.0731560346 0)
(-0.0280517699 0.175457584 0)
(-0.0624628841 0.233451472 0)
(-0.0961944826 0.254646427 0)
(-0.123786238 0.248657784 0)
(-0.144338937 0.223973856 0)
(-0.158624992 0.187068543 0)
(-0.168072858 0.1424311 0)
(-0.174174547 0.0929415061 0)
(-0.178095267 0.0403527917 0)
(-0.180459799 -0.0142236807 0)
(-0.181233318 -0.0698425698 0)
(-0.179650257 -0.125222577 0)
(-0.174207693 -0.178173594 0)
(-0.162811046 -0.224936537 0)
(-0.143213993 -0.259508351 0)
(-0.113842561 -0.273197151 0)
(-0.0753171057 -0.254892946 0)
(-0.0343190719 -0.192923474 0)
(-0.00728501205 -0.0799909105 0)
(-0.00459316597 0.0595149904 0)
(-0.0235443939 0.14653993 0)
(-0.0553435363 0.199658212 0)
(-0.0893205918 0.222696885 0)
(-0.120053112 0.221814351 0)
(-0.145610729 0.203126942 0)
(-0.165572574 0.171792294 0)
(-0.180319235 0.131772388 0)
(-0.190533336 0.0859385601 0)
(-0.196816026 0.0363505077 2.97712344e-34)
(-0.199451124 -0.0153905677 -2.97712344e-34)
(-0.198277692 -0.0677542862 0)
(-0.192647968 -0.118864274 0)
(-0.18149086 -0.166054926 0)
(-0.16354726 -0.20543601 0)
(-0.137859563 -0.231572875 0)
(-0.104503918 -0.237500375 0)
(-0.0656639931 -0.215382512 0)
(-0.028173888 -0.158247348 0)
(-0.00551070245 -0.0634658905 0)
(-0.00373316261 0.0480872252 0)
(-0.0201213308 0.120836512 0)
(-0.0490156169 0.167672247 0)
(-0.0816393536 0.190282486 0)
(-0.112989961 0.192482334 0)
(-0.140681188 0.178552026 4.67989316e-33)
(-0.163558106 0.152461026 0)
(-0.181247048 0.117551647 0)
(-0.193784959 0.0765027516 -4.74065126e-33)
(-0.201297742 0.0314705207 2.26597883e-36)
(-0.203789919 -0.0156733279 4.98645587e-36)
(-0.201036008 -0.0630530908 0)
(-0.192566462 -0.108477865 0)
(-0.17776592 -0.149136822 0)
(-0.156125189 -0.181355834 0)
(-0.127679954 -0.20051913 0)
(-0.093564655 -0.201313827 0)
(-0.0566770722 -0.178460132 0)
(-0.0233146673 -0.128087574 0)
(-0.0042957024 -0.0500425815 0)
(-0.00311503475 0.0383295005 0)
(-0.0173630781 0.0980479331 0)
(-0.0433175134 0.138125739 0)
(-0.0737178742 0.158974165 0)
(-0.104104138 0.162832902 0)
(-0.131970098 0.152613082 -4.67989316e-33)
(-0.155761058 0.131291297 0)
(-0.174612195 0.101599953 0)
(-0.188099464 0.0659270345 4.74065126e-33)
(-0.195996609 0.0263689243 1.4910726e-33)
(-0.198110779 -0.0151222143 -1.49832503e-33)
(-0.194203188 -0.0565417065 0)
(-0.183995775 -0.0956222949 0)
(-0.167276456 -0.129650222 0)
(-0.144123773 -0.155363821 0)
(-0.115251967 -0.169017383 0)
(-0.0823810517 -0.166709218 0)
(-0.0485938913 -0.145036436 0)
(-0.0193975086 -0.10210083 0)
(-0.00342089276 -0.0390040739 0)
(-0.00263390561 0.0299251871 0)
(-0.0150224577 0.0779273431 0)
(-0.0380969985 0.111307071 0)
(-0.0658168205 0.129690983 0)
(-0.0942783748 0.134258795 0)
(-0.121042579 0.126920478 0)
(-0.144381842 0.109856367 0)
(-0.163146955 0.0852448808 0)
(-0.176617291 0.0551397819 0)
(-0.184333163 0.0214699188 2.99743457e-34)
(-0.185980629 -0.0138802821 -2.99743457e-34)
(-0.181341466 -0.0489490884 0)
(-0.170311938 -0.0815709565 0)
(-0.152997482 -0.109284842 0)
(-0.129890144 -0.129325871 0)
(-0.102113383 -0.138759379 0)
(-0.0716386153 -0.134811715 0)
(-0.04143616 -0.115403722 0)
(-0.0161841796 -0.0798558709 0)
(-0.00276400335 -0.029859803 0)
(-0.00223468567 0.0226790669 0)
(-0.0129538529 0.060281353 0)
(-0.0332374589 0.087327183 0)
(-0.0580543197 0.102950134 0)
(-0.0840336137 0.107617199 0)
(-0.10890377 0.102516279 0)
(-0.130911275 0.0892048221 0)
(-0.148772631 0.0693789824 0)
(-0.161600076 0.0447484753 0)
(-0.168797687 0.0170063805 3.00138028e-34)
(-0.16998997 -0.0121362121 -3.00138028e-34)
(-0.164996274 -0.0408839245 0)
(-0.153854448 -0.0672920762 0)
(-0.136896413 -0.0892376597 0)
(-0.114874463 -0.104464272 0)
(-0.0891172684 -0.110740006 0)
(-0.0616317367 -0.106154127 0)
(-0.0351263539 -0.0895321455 0)
(-0.0135035038 -0.06092436 0)
(-0.00225323115 -0.0222570822 0)
(-0.00188539131 0.0164654689 0)
(-0.011062135 0.0449624319 0)
(-0.0286402636 0.0662073955 0)
(-0.0504595886 0.0790240742 0)
(-0.0736509115 0.0834083489 0)
(-0.0961612285 0.0800376619 0)
(-0.116302341 0.0699920456 0)
(-0.132759263 0.0545585885 0)
(-0.144571185 0.0351128973 0)
(-0.151077866 0.0130744284 0)
(-0.151883368 -0.010087281 0)
(-0.146848716 -0.0328231134 0)
(-0.136115625 -0.0534794838 0)
(-0.120160922 -0.0703063449 0)
(-0.0998766452 -0.0815261224 0)
(-0.0766551051 -0.0854883454 0)
(-0.052410861 -0.080920135 0)
(-0.029529282 -0.0672442551 0)
(-0.0112182853 -0.0449249312 0)
(-0.00184124794 -0.015937502 0)
(-0.00156244711 0.0112071621 0)
(-0.00926949563 0.0318688995 0)
(-0.0242015481 0.0479344097 0)
(-0.0429867363 0.0580460667 0)
(-0.0632294066 0.0619082807 0)
(-0.0831175725 0.0598528086 0)
(-0.10108224 0.0526028542 0)
(-0.115844554 0.0411051319 0)
(-0.126435968 0.0264224341 0)
(-0.132182111 0.00968535431 0)
(-0.132692561 -0.00791600373 0)
(-0.12786592 -0.0251234443 0)
(-0.11791113 -0.0406079269 0)
(-0.103382831 -0.0529945885 0)
(-0.0852242772 -0.0609355898 0)
(-0.064799779 -0.0632466291 0)
(-0.0438637956 -0.0591106642 0)
(-0.0244666904 -0.0483228653 0)
(-0.00920278491 -0.0315506719 0)
(-0.00149083099 -0.010718935 0)
(-0.00124262467 0.00687198542 0)
(-0.00749689024 0.0209527917 0)
(-0.0197987197 0.0324996456 0)
(-0.0355224974 0.0400850839 0)
(-0.0527214536 0.0432693607 0)
(-0.0698297844 0.0421718465 0)
(-0.085428602 0.0372585804 0)
(-0.0983205204 0.029197603 0)
(-0.107575734 0.0187664491 0)
(-0.112541496 0.00680844893 0)
(-0.11284917 -0.00577957656 0)
(-0.108426754 -0.0180475457 0)
(-0.099517064 -0.0289980009 0)
(-0.0866984319 -0.0376139037 0)
(-0.0709009943 -0.0429223376 0)
(-0.0534032973 -0.0441049058 0)
(-0.035768866 -0.0406572854 0)
(-0.0197273177 -0.0325795482 0)
(-0.00733043385 -0.0205894047 0)
(-0.00116692654 -0.0064919873 0)
(-0.000899829536 0.00347684494 0)
(-0.00566061662 0.0122237353 0)
(-0.0152970143 0.0199168019 0)
(-0.0279076877 0.0251872008 0)
(-0.0419685782 0.0275843297 0)
(-0.0561562634 0.0271246983 0)
(-0.0692237675 0.0240972932 0)
(-0.0800925359 0.0189443814 0)
(-0.0879113233 0.0121889713 0)
(-0.0920795795 0.00440192916 0)
(-0.092263368 -0.00380731783 0)
(-0.088411008 -0.0117919467 0)
(-0.0807684555 -0.0188736779 0)
(-0.0698907874 -0.0243645145 0)
(-0.056642748 -0.0276136211 0)
(-0.0421750829 -0.0280871835 0)
(-0.0278456288 -0.0254851049 0)
(-0.0150880566 -0.019885638 0)
(-0.00547424995 -0.0119308051 0)
(-0.000833508861 -0.00322183886 0)
(-0.000507478111 0.0010891497 0)
(-0.0036886783 0.00573981358 0)
(-0.0105866138 0.0102217876 0)
(-0.0199867859 0.0134014263 0)
(-0.0307535203 0.0149392105 0)
(-0.0418052422 0.0148318389 0)
(-0.0520974697 0.0132494052 0)
(-0.060717101 0.0104510827 0)
(-0.0669387549 0.00673846094 0)
(-0.0702498487 0.00243720315 0)
(-0.0703672528 -0.00210615041 0)
(-0.0672521424 -0.00652292595 0)
(-0.0611230969 -0.0104245784 0)
(-0.0524637328 -0.0134146495 0)
(-0.0420179475 -0.0151158321 0)
(-0.0307611229 -0.0152175079 0)
(-0.0198233651 -0.0135486932 0)
(-0.0103610328 -0.0101756632 0)
(-0.00352654036 -0.00555482359 0)
(-0.00045645036 -0.000945937951 0)
(-6.44899587e-05 -0.000176224525 0)
(-0.00159890188 0.00163652955 0)
(-0.00569486151 0.00359839624 0)
(-0.0117192469 0.00501038661 0)
(-0.0188869363 0.00571650916 0)
(-0.0263898257 0.00573348899 0)
(-0.0334530043 0.00514741799 0)
(-0.0394061689 0.00407303312 0)
(-0.0437199733 0.00263475025 0)
(-0.0460211967 0.000961828192 0)
(-0.046103165 -0.000810027511 0)
(-0.0439363804 -0.00253580994 0)
(-0.0396791812 -0.00406029926 0)
(-0.0336851338 -0.00522143649 0)
(-0.026501345 -0.00585996477 0)
(-0.0188486704 -0.00583797439 0)
(-0.0115669824 -0.00507013112 0)
(-0.00551534594 -0.00357078354 0)
(-0.00148197713 -0.00155252692 0)
(-3.10960045e-05 0.000233953515 0)
(0.000261377081 -0.000255560212 0)
(0.000151421117 0.000102070787 0)
(-0.00117489949 0.000547386372 0)
(-0.00348044392 0.000863467801 0)
(-0.0063752229 0.00102201976 0)
(-0.0094663276 0.00103791729 0)
(-0.0123993165 0.000936164118 0)
(-0.014880913 0.000743019231 0)
(-0.0166851352 0.000483154161 0)
(-0.0176537124 0.00018008122 1.0830041e-33)
(-0.0176975173 -0.000142295129 -1.0830041e-33)
(-0.0168005509 -0.000458186828 0)
(-0.0150258136 -0.000738972448 0)
(-0.0125212434 -0.000953187869 0)
(-0.00952307075 -0.00106767202 0)
(-0.00635272431 -0.00105047001 0)
(-0.00340000653 -0.000876745047 0)
(-0.00108358572 -0.000539593764 0)
(0.000206086658 -8.25165409e-05 0)
(0.000274546546 0.000266728302 0)
)
;

boundaryField
{
    walls
    {
        type            fixedValue;
        value           uniform (0 0 0);
    }
    mov_wall
    {
        type            fixedValue;
        value           uniform (1 0 0);
    }
    empty
    {
        type            empty;
    }
}


// ************************************************************************* //
