/*--------------------------------*- C++ -*----------------------------------*\
| =========                 |                                                 |
| \\      /  F ield         | OpenFOAM: The Open Source CFD Toolbox           |
|  \\    /   O peration     | Version:  5.x                                   |
|   \\  /    A nd           | Web:      www.OpenFOAM.org                      |
|    \\/     M anipulation  |                                                 |
\*---------------------------------------------------------------------------*/
FoamFile
{
    version     2.0;
    format      ascii;
    class       volScalarField;
    location    "3";
    object      p;
}
// * * * * * * * * * * * * * * * * * * * * * * * * * * * * * * * * * * * * * //

dimensions      [0 2 -2 0 0 0 0];

internalField   nonuniform List<scalar> 
400
(
5.93870549e-06
2.45246742
3.49433137
3.89888754
4.10665551
4.22471502
4.2942997
4.34028657
4.37634706
4.41011918
4.44676813
4.49092303
4.54766267
4.62449773
4.73480592
4.90460441
5.18238808
5.68420945
6.84132401
9.41173302
1.88671298
2.86729747
3.41989174
3.74775205
3.96518904
4.10975553
4.2076826
4.27900057
4.33675314
4.38962147
4.44425365
4.50658016
4.58334174
4.68330602
4.81973453
5.01368731
5.29403056
5.6984773
6.33842379
7.42837947
2.98208595
3.26253833
3.54233925
3.77068777
3.94571392
4.07572403
4.17323393
4.25001161
4.31528394
4.37624426
4.43893341
4.50902991
4.59258341
4.69679102
4.83085842
5.00664646
5.23632998
5.52394753
5.86049898
6.19824571
3.52779246
3.58535099
3.72179362
3.86538498
3.98907234
4.09084063
4.17461854
4.24572231
4.30953524
4.37103151
4.43478296
4.50521273
4.58679682
4.68426293
4.80245953
4.94570103
5.11575772
5.30515623
5.47834519
5.55964711
3.84422544
3.82688874
3.88518808
3.9693912
4.05222802
4.12779927
4.1956769
4.2574861
4.31593121
4.37410061
4.43507344
4.50186597
4.57733953
4.66401443
4.76351239
4.87551938
4.99636738
5.11481013
5.19585415
5.18372398
4.04550943
4.00366708
4.02143432
4.06785807
4.12139059
4.17574918
4.22886307
4.28054599
4.33186842
4.38449998
4.44027931
4.50097644
4.56805718
4.64233474
4.72333469
4.80837471
4.89181506
4.96268621
4.99308881
4.94681609
4.18059399
4.13383912
4.13184703
4.15537676
4.18884166
4.22707483
4.26773516
4.30987998
4.35364555
4.39973952
4.44904658
4.50234517
4.56002726
4.62173011
4.68579369
4.74863426
4.80456802
4.84467393
4.84863277
4.79368813
4.27566672
4.23085066
4.21966823
4.22968246
4.24985386
4.27636275
4.30713039
4.34099082
4.3775866
4.41700712
4.45945955
4.50500444
4.5532935
4.60325745
4.65271321
4.69801942
4.73426678
4.75485492
4.74556861
4.69205027
4.34468219
4.30373908
4.28863704
4.29083559
4.30238426
4.32057961
4.34373796
4.37070975
4.400901
4.43402348
4.46983625
4.50792574
4.54749157
4.58711715
4.62452148
4.65642132
4.67890163
4.6873412
4.67188732
4.62322461
4.39526719
4.35851235
4.34216511
4.3399661
4.34599704
4.35836911
4.37576879
4.3971528
4.42183311
4.44930648
4.47905857
4.51039471
4.54228206
4.57320041
4.60100823
4.62293407
4.63600361
4.63710024
4.61933266
4.57638562
4.43197141
4.39926538
4.38306214
4.37851829
4.3810736
4.38940382
4.40249507
4.41943207
4.43950969
4.46211647
4.48658998
4.51209449
4.53751562
4.56137653
4.58178388
4.59648901
4.60330228
4.60018135
4.58221359
4.54490171
4.45778427
4.42890341
4.41358797
4.4079525
4.40838726
4.413955
4.42387186
4.43734613
4.45369574
4.47226871
4.49233854
4.51302143
4.53321419
4.55155906
4.5664407
4.57607813
4.57889336
4.57358237
4.55656298
4.52448575
4.47483521
4.44958109
4.43556897
4.42962815
4.42886066
4.43260141
4.44024327
4.45110622
4.46455059
4.47992337
4.49648498
4.51335804
4.5294988
4.54369622
4.55459955
4.56081847
4.56123493
4.55504368
4.53958101
4.51226718
4.48473813
4.46296703
4.45050077
4.4447591
4.44342431
4.44603657
4.45213033
4.46112529
4.47243064
4.48541101
4.4993385
4.51336669
4.52652752
4.53775399
4.5459258
4.54996689
4.54910133
4.54286475
4.52926314
4.50627968
4.48878166
4.47041039
4.45962847
4.45440122
4.45293505
4.45494459
4.46008654
4.46786979
4.47774968
4.48911066
4.50124032
4.51332441
4.52446374
4.53371392
4.54014244
4.5429207
4.54153084
4.53575634
4.52414231
4.50514349
4.48806896
4.47306468
4.46401714
4.45946305
4.45813898
4.45993189
4.46461311
4.4717707
4.48089502
4.49137844
4.50251032
4.51349105
4.52346593
4.53157875
4.53703833
4.53920732
4.53777015
4.53271558
4.52309136
4.50782901
4.48367613
4.47201813
4.46464863
4.46077057
4.45970979
4.46154495
4.46616131
4.47321385
4.48220862
4.49252203
4.50341754
4.51407793
4.52365515
4.53133679
4.53642349
4.53842031
4.53717818
4.53288608
4.52513426
4.513424
4.47686338
4.46839562
4.46243721
4.45902365
4.45817014
4.46017802
4.46504293
4.47246526
4.48193572
4.49277819
4.50418917
4.51528819
4.52518239
4.53304676
4.53821582
4.54028604
4.53924683
4.5355063
4.52929554
4.52086404
4.46929402
4.46320239
4.45768227
4.45397599
4.45292998
4.45509723
4.46055092
4.46897627
4.4797789
4.49215682
4.50516197
4.51776629
4.52893903
4.53774218
4.54344232
4.54563876
4.5444122
4.54042398
4.53470693
4.5286739
4.46345696
4.45753114
4.45037856
4.44493499
4.44291138
4.44510343
4.45157544
4.46188077
4.47522266
4.49055894
4.50668015
4.52228386
4.53606129
4.54680731
4.55355994
4.55577325
4.55352811
4.54775727
4.54035941
4.53447003
)
;

boundaryField
{
    walls
    {
        type            zeroGradient;
    }
    mov_wall
    {
        type            zeroGradient;
    }
    empty
    {
        type            empty;
    }
}


// ************************************************************************* //
