/*--------------------------------*- C++ -*----------------------------------*\
| =========                 |                                                 |
| \\      /  F ield         | OpenFOAM: The Open Source CFD Toolbox           |
|  \\    /   O peration     | Version:  5.x                                   |
|   \\  /    A nd           | Web:      www.OpenFOAM.org                      |
|    \\/     M anipulation  |                                                 |
\*---------------------------------------------------------------------------*/
FoamFile
{
    version     2.0;
    format      ascii;
    class       surfaceScalarField;
    location    "3";
    object      phi;
}
// * * * * * * * * * * * * * * * * * * * * * * * * * * * * * * * * * * * * * //

dimensions      [0 3 -1 0 0 0 0];

internalField   nonuniform List<scalar> 
760
(
0.00134817557
-0.00134817839
0.00245763925
-0.00110946367
0.00313513438
-0.000677495125
0.00355971551
-0.000424581147
0.00383225113
-0.000272535632
0.00400945197
-0.000177200839
0.00412521432
-0.000115762325
0.0041992169
-7.40025575e-05
0.00424243217
-4.32152876e-05
0.0042605534
-1.81212506e-05
0.00425562216
4.93121662e-06
0.0042267576
2.88645615e-05
0.00416938926
5.73683555e-05
0.00407358494
9.58043025e-05
0.00391995085
0.000153634042
0.00367201922
0.000247931588
0.00326316017
0.000408859041
0.00257264074
0.000690519462
0.00140850172
0.00116413905
0.00140850174
-5.46958643e-05
-0.00129348253
0.000412592044
-0.00157675156
0.00103002931
-0.00129493236
0.00157871343
-0.000973265249
0.00201483226
-0.000708654466
0.00234477678
-0.000507145387
0.0025851158
-0.000356101345
0.00275126888
-0.000240155615
0.00285456727
-0.000146513647
0.0029017948
-6.53487896e-05
0.00289536609
1.13598865e-05
0.00283292987
9.13007286e-05
0.00270712531
0.000183172906
0.0025043634
0.00029856622
0.00220410962
0.000453887812
0.00178090153
0.000671139649
0.00121756786
0.00097219268
0.000552812484
0.00135527483
1.30664535e-05
0.00170388509
0.00142156821
-0.000271734932
-0.0010217476
-0.00022102705
-0.00162745946
7.13672807e-05
-0.00158732667
0.000446285093
-0.00134818303
0.000812489076
-0.00107485843
0.00112929859
-0.00082395491
0.00138207755
-0.000608880331
0.00156800707
-0.000426085121
0.00168837615
-0.000266882684
0.00174468375
-0.000121656352
0.001736789
1.92546304e-05
0.00166213369
0.000165955997
0.00151571223
0.000329594348
0.0012912537
0.000523024767
0.000985011286
0.000760130259
0.000605009372
0.00105114158
0.000189850529
0.00138735152
-0.000160045175
0.00170517052
-0.000261640666
0.00180548059
0.00115992756
-0.000227941721
-0.000793805862
-0.000361197661
-0.00149420355
-0.000308328719
-0.00164019562
-0.000134821819
-0.0015216899
8.92086818e-05
-0.00129888889
0.00031497107
-0.00104971728
0.000513262097
-0.000807171373
0.000668299033
-0.000581122065
0.000771989316
-0.000370572933
0.000820035137
-0.000169702111
0.000809726726
2.95630792e-05
0.000739200155
0.000236482561
0.000607934878
0.000460859609
0.000419110208
0.000711849455
0.000184523828
0.000994716694
-6.71915069e-05
0.00130285697
-0.000280617739
0.00160077777
-0.000369418576
0.00179397135
-0.000246993668
0.00168305566
0.000912933901
-0.000168965295
-0.00062484054
-0.000352016445
-0.00131115242
-0.000431558138
-0.00156065396
-0.0004089096
-0.00154433843
-0.000319435921
-0.00138836253
-0.000200096026
-0.00116905713
-7.98110323e-05
-0.000927456359
2.15772012e-05
-0.000682510317
9.14275938e-05
-0.000440423319
0.000122134303
-0.000200408763
0.000109756186
4.19412703e-05
5.36447918e-05
0.000292593995
-4.2749838e-05
0.000557254242
-0.000169694741
0.00083879437
-0.000307652969
0.00113267498
-0.000423468977
0.00141867305
-0.000470025061
0.00164733389
-0.000397824905
0.00172177119
-0.000196431055
0.00148166177
0.000716502834
-0.000124192193
-0.000500648319
-0.000308335837
-0.00112700876
-0.000450494491
-0.00141849533
-0.000523204596
-0.00147162835
-0.000535391784
-0.00137617532
-0.000508161646
-0.00119628721
-0.000463157801
-0.000972460164
-0.000418061943
-0.000727606185
-0.000385620088
-0.000472865201
-0.00037391315
-0.000212115681
-0.000386728939
5.47571356e-05
-0.0004234604
0.000329325535
-0.000478357158
0.000612151036
-0.000539178938
0.000899616157
-0.000585819397
0.00117931546
-0.000590512675
0.00142336639
-0.000523085306
0.00157990658
-0.000366699146
0.00156538504
-0.000150585998
0.00126554859
0.000565916806
-9.45729891e-05
-0.000406075319
-0.000264649896
-0.000956931815
-0.000430738691
-0.00125240653
-0.000556977427
-0.00134538964
-0.000636793862
-0.0012963589
-0.000678142513
-0.00115493852
-0.000693944735
-0.000956657881
-0.000696930109
-0.000724620793
-0.000697274992
-0.000472520356
-0.000701662726
-0.000207727981
-0.000712861638
6.59560805e-05
-0.000729337175
0.00034580116
-0.000744754488
0.00062756842
-0.000747580863
0.000902442552
-0.000721470343
0.00115320494
-0.000647843695
0.00134973976
-0.000512877083
0.00144494001
-0.00032120633
0.00137371431
-0.000116485703
0.00106082795
0.00044943107
-7.53437961e-05
-0.000330731537
-0.000228206938
-0.000804068618
-0.000398353879
-0.00108225955
-0.000550539876
-0.00119320366
-0.000670626951
-0.00117627187
-0.000757578952
-0.00106798654
-0.000816785471
-0.00089745132
-0.000855588123
-0.000685818092
-0.000880625009
-0.000447483484
-0.000896361076
-0.000191991981
-0.000904270836
7.38658018e-05
-0.000902360982
0.000343891348
-0.00088497275
0.000610180273
-0.000843104581
0.000860574433
-0.000765820515
0.00107592087
-0.000643664975
0.0012275842
-0.000475104082
0.00127637913
-0.000276309899
0.00117492016
-9.21328634e-05
0.000876650934
0.000357298194
-6.22883601e-05
-0.000268443206
-0.000198541421
-0.000667815523
-0.000362893797
-0.000917907105
-0.000523850931
-0.00103224649
-0.000664415531
-0.0010357073
-0.000778129326
-0.000954272802
-0.000864812635
-0.000810768025
-0.000927165933
-0.00062346475
-0.00096840013
-0.000406249258
-0.000990721676
-0.000169670483
-0.000994436856
7.75808936e-05
-0.000977526206
0.000326980659
-0.000935695384
0.000568349494
-0.00086310151
0.000787980629
-0.000754123346
0.00096694273
-0.000606626446
0.00108008728
-0.000426950507
0.00109670316
-0.000236038341
0.000984008002
-7.43490334e-05
0.000714961653
0.000282949176
-5.27689944e-05
-0.00021567423
-0.000173812857
-0.00054677167
-0.000327557486
-0.000764162428
-0.00048686606
-0.000872937843
-0.000634380287
-0.000888193057
-0.000760758014
-0.000827895134
-0.000862116874
-0.000709409234
-0.000937654976
-0.000547926651
-0.000987783405
-0.000356120781
-0.00101282411
-0.000144629763
-0.00101222293
7.69796402e-05
-0.000984240901
0.000298998524
-0.000926163253
0.000510271809
-0.000835158941
0.000696976356
-0.000709976151
0.000841759992
-0.00055359736
0.000923708492
-0.000376677011
0.000919782777
-0.00020096008
0.000808291046
-6.08626453e-05
0.000574864229
0.000222086562
-4.52979103e-05
-0.000170376304
-0.000152453987
-0.000439615638
-0.000293299633
-0.000623316787
-0.000444763084
-0.000721474332
-0.000590345768
-0.000742610302
-0.000719473262
-0.000698767639
-0.000826046276
-0.000602836293
-0.000906878159
-0.000467094833
-0.000960347498
-0.00030265143
-0.000985403022
-0.000119574186
-0.000980963018
7.25396336e-05
-0.000945732013
0.000263767435
-0.000878479985
0.000443019683
-0.000778855029
0.00059735137
-0.000648784004
0.000711689006
-0.000494403489
0.000769328021
-0.000328204112
0.000753583405
-0.000170678359
0.000650765272
-5.02806677e-05
0.000454466528
0.000171805915
-3.90621303e-05
-0.000131314127
-0.000133403742
-0.000345274066
-0.000260349908
-0.000496370678
-0.000400388863
-0.000581435375
-0.000538430991
-0.000604568096
-0.000663692482
-0.000573506073
-0.000768937703
-0.000497591078
-0.000849522741
-0.000386509868
-0.000902500598
-0.000249673619
-0.000925933727
-9.61410224e-05
-0.000918488476
6.50944411e-05
-0.000879355817
0.000224634772
-0.000808535036
0.000372198822
-0.000707505059
0.000496321312
-0.000580261535
0.000584445465
-0.00043458821
0.000623654736
-0.000283248196
0.000602243436
-0.000144573313
0.000512090402
-4.17551761e-05
0.000351648384
0.00013005074
-3.36093546e-05
-9.77047251e-05
-0.000115973387
-0.000262910029
-0.000228685733
-0.000383658395
-0.000355330942
-0.000454790224
-0.000482448192
-0.000477450823
-0.000599656209
-0.000456297954
-0.000699324176
-0.000397923025
-0.000776049878
-0.00030978417
-0.000826127034
-0.000199596521
-0.000847123551
-7.51445256e-05
-0.000837645494
5.56164376e-05
-0.00079733162
0.000184320963
-0.000727102013
0.000301969217
-0.000629656033
0.000398875272
-0.000510163195
0.00046495257
-0.000377004952
0.000490496492
-0.000242314736
0.000467553264
-0.000121978158
0.000391753865
-3.47331886e-05
0.000264403429
9.53175425e-05
-2.86574652e-05
-6.90472532e-05
-9.96600916e-05
-0.000191907349
-0.000198116775
-0.000285201721
-0.000310357258
-0.000342549809
-0.000424615678
-0.000363192449
-0.000531265371
-0.000349648209
-0.000622764778
-0.000306423495
-0.000693445847
-0.000239103007
-0.000739258002
-0.000153784361
-0.000757557256
-5.68453114e-05
-0.000747002708
4.50618926e-05
-0.000707597227
0.000144915548
-0.000640883746
0.000235255806
-0.000550276523
0.000308268062
-0.000441461953
0.000356137963
-0.000322745601
0.000371780108
-0.000205166432
0.000349974103
-0.00010218536
0.00028877283
-2.88023854e-05
0.000191020486
6.65151558e-05
-2.39812147e-05
-4.50660868e-05
-8.39973218e-05
-0.000131891183
-0.000168256834
-0.000200942151
-0.000265595106
-0.000245211546
-0.000365935119
-0.000262852498
-0.000460593921
-0.000254989431
-0.000542422819
-0.000224594522
-0.000605820464
-0.000175705229
-0.0006466808
-0.000112923932
-0.000662338464
-4.11876378e-05
-0.000651560479
3.42838826e-05
-0.000614612166
0.00010796725
-0.000553399934
0.000174043641
-0.000471663291
0.000226531486
-0.000375153536
0.000259628229
-0.000271701641
0.000268328193
-0.000171058681
0.000249331127
-8.44169881e-05
0.000202131146
-2.35998401e-05
0.000130203363
4.29153263e-05
-1.93492358e-05
-2.57169219e-05
-6.84699551e-05
-8.27704519e-05
-0.000138506513
-0.000130905513
-0.000220637671
-0.000163080322
-0.000306427884
-0.000177062292
-0.000388228139
-0.000173189228
-0.000459473463
-0.00015334921
-0.00051485898
-0.000120319635
-0.000550428865
-7.73539286e-05
-0.000563626609
-2.79898173e-05
-0.000553347526
2.4004804e-05
-0.000520015632
7.46353368e-05
-0.000465681921
0.000119709946
-0.000394114326
0.000154963946
-0.000310822517
0.000176336475
-0.000222940935
0.00018044663
-0.000138894431
0.000165284613
-6.78134366e-05
0.000131050141
-1.87620951e-05
8.11520286e-05
2.41532446e-05
-1.45055124e-05
-1.12114451e-05
-5.25210449e-05
-4.47549645e-05
-0.000108122624
-7.53038975e-05
-0.00017468744
-9.65154218e-05
-0.000245342733
-0.000106406939
-0.000313520206
-0.000105011769
-0.000373387222
-9.3482247e-05
-0.00042012868
-7.35781935e-05
-0.000450115255
-4.73672975e-05
-0.000461008218
-1.70967681e-05
-0.000451840788
1.48374236e-05
-0.000423096147
4.58906902e-05
-0.00037677533
7.33891098e-05
-0.000316425933
9.46145574e-05
-0.000247079144
0.000106989724
-0.000175030062
0.000108397584
-0.000107402885
9.76574485e-05
-5.14857693e-05
7.51330195e-05
-1.39146073e-05
4.35808617e-05
1.02386443e-05
-9.20274545e-06
-2.00866524e-06
-3.56846643e-05
-1.8273102e-05
-7.64353841e-05
-3.45532054e-05
-0.000126810762
-4.61400127e-05
-0.000181407666
-5.18099685e-05
-0.000234816628
-5.1602772e-05
-0.00028213164
-4.61672658e-05
-0.000319262918
-3.64469781e-05
-0.000343115861
-2.35143851e-05
-0.000351699366
-8.51323634e-06
-0.000344206338
7.34444435e-06
-0.000321083801
2.27681763e-05
-0.000284085628
3.63909218e-05
-0.000236279118
4.68080266e-05
-0.000181958267
5.26688734e-05
-0.000126403534
5.28428731e-05
-7.54284122e-05
4.66823489e-05
-3.46815698e-05
3.4386185e-05
-8.71389691e-06
1.7613187e-05
1.524748e-06
-3.43745949e-06
1.42887056e-06
-1.80437902e-05
-3.6667822e-06
-4.34059248e-05
-9.19112122e-06
-7.64335041e-05
-1.31124748e-05
-0.00011318691
-1.50565619e-05
-0.000149664776
-1.51248832e-05
-0.000182251139
-1.3580903e-05
-0.000207952411
-1.07457519e-05
-0.000224513655
-6.95320605e-06
-0.000230484323
-2.54260846e-06
-0.000225272212
2.13233583e-06
-0.00020919667
6.69265483e-06
-0.000183535
1.07292575e-05
-0.000150536533
1.3809545e-05
-0.000113368101
1.55004243e-05
-7.59396402e-05
1.54144096e-05
-4.25471577e-05
1.32898781e-05
-1.72767115e-05
9.11575207e-06
-3.10385327e-06
3.44033515e-06
-1.57910541e-06
1.42893888e-06
-2.23778482e-06
-1.14288907e-05
-2.45414026e-05
-3.95980176e-05
-5.47229317e-05
-6.83038374e-05
-7.90495895e-05
-8.60028169e-05
-8.85454627e-05
-8.64131556e-05
-7.97205055e-05
-6.89912365e-05
-5.51816825e-05
-3.96812611e-05
-2.42668609e-05
-1.09769881e-05
-1.86123403e-06
1.57910605e-06
)
;

boundaryField
{
    walls
    {
        type            calculated;
        value           uniform 0;
    }
    mov_wall
    {
        type            calculated;
        value           uniform 0;
    }
    empty
    {
        type            empty;
        value           nonuniform 0();
    }
}


// ************************************************************************* //
