/*--------------------------------*- C++ -*----------------------------------*\
| =========                 |                                                 |
| \\      /  F ield         | OpenFOAM: The Open Source CFD Toolbox           |
|  \\    /   O peration     | Version:  5.x                                   |
|   \\  /    A nd           | Web:      www.OpenFOAM.org                      |
|    \\/     M anipulation  |                                                 |
\*---------------------------------------------------------------------------*/
FoamFile
{
    version     2.0;
    format      ascii;
    class       volVectorField;
    location    "3";
    object      U;
}
// * * * * * * * * * * * * * * * * * * * * * * * * * * * * * * * * * * * * * //

dimensions      [0 1 -1 0 0 0 0];

internalField   nonuniform List<vector> 
400
(
(0.291698277 0.149643977 0)
(0.388186941 0.128007777 0)
(0.557615965 0.0757318617 0)
(0.674785648 0.0433044549 0)
(0.743766553 0.0251591117 0)
(0.787074982 0.0148802981 0)
(0.815462918 0.0089309199 0)
(0.833939521 0.00530992737 0)
(0.845365424 0.00289956306 0)
(0.851349225 0.00108485549 2.66527258e-34)
(0.852640708 -0.000502851401 -2.66527258e-34)
(0.849354253 -0.00216071979 0)
(0.840973338 -0.00421710405 0)
(0.826113748 -0.00722098158 0)
(0.802020406 -0.0122364952 0)
(0.763538928 -0.0213892055 0)
(0.699488876 -0.0388386135 0)
(0.584557326 -0.0722732754 0)
(0.407900531 -0.128436309 0)
(0.300688067 -0.152947537 0)
(0.00120408911 0.287432627 0)
(0.0133207941 0.293872264 0)
(0.140044314 0.209904924 0)
(0.264971484 0.142986199 0)
(0.364177644 0.0968020005 0)
(0.440119965 0.0654411237 0)
(0.496540933 0.0439762465 0)
(0.536690957 0.0287011519 0)
(0.563274356 0.0170798553 0)
(0.578137235 0.0074230933 0)
(0.58221018 -0.00150100371 0)
(0.575515149 -0.010797746 0)
(0.557109154 -0.0217346411 0)
(0.524912915 -0.0361396752 0)
(0.475518346 -0.0569634764 0)
(0.404325958 -0.0889771328 0)
(0.30568726 -0.139150743 0)
(0.174497769 -0.215275197 0)
(0.0341065744 -0.310801155 0)
(0.010869154 -0.305909065 0)
(-0.0321468018 0.241774024 0)
(-0.0634304573 0.333547259 0)
(-0.0219363152 0.299502554 0)
(0.0505995075 0.240051699 0)
(0.127397258 0.183020819 0)
(0.196818474 0.13545452 0)
(0.254166952 0.0974523303 0)
(0.298088138 0.0668891576 0)
(0.328665509 0.0413758184 0)
(0.346307662 0.0187814674 -2.35797425e-33)
(0.351211156 -0.00280947397 2.35797426e-33)
(0.343126597 -0.0252950221 0)
(0.321277438 -0.0508299182 0)
(0.284432778 -0.082094796 0)
(0.231328722 -0.122479734 0)
(0.161916694 -0.175658 0)
(0.0798349744 -0.243208423 0)
(-0.0033373692 -0.317981939 0)
(-0.0578531462 -0.366363491 0)
(-0.0313893235 -0.270690674 0)
(-0.0261204316 0.182361619 0)
(-0.0666193318 0.316884192 0)
(-0.0735378746 0.330901777 0)
(-0.0481308391 0.295352921 0)
(-0.00567231354 0.244253498 0)
(0.0411123201 0.192431721 0)
(0.0845449323 0.145095014 0)
(0.120424137 0.103006604 0)
(0.14658504 0.0651543474 0)
(0.161925275 0.0298884091 2.35546969e-33)
(0.165812624 -0.00469429934 -2.35546969e-33)
(0.157798619 -0.0406695796 0)
(0.137586329 -0.0803026891 0)
(0.105285063 -0.125979524 0)
(0.0620899087 -0.179774746 0)
(0.0116091858 -0.242029653 0)
(-0.0380284301 -0.307764297 0)
(-0.0720491219 -0.359579326 0)
(-0.0711639296 -0.355585612 0)
(-0.0287210594 -0.209178574 0)
(-0.01762969 0.140767934 0)
(-0.0549165789 0.281827226 0)
(-0.0828630699 0.324484364 0)
(-0.0880763377 0.312396778 0)
(-0.0751198319 0.274441942 0)
(-0.0526277899 0.226778382 0)
(-0.027512033 0.177302772 0)
(-0.00458029742 0.129145385 0)
(0.0130232681 0.0829123344 0)
(0.0233565718 0.0379330273 -2.94546043e-34)
(0.0253095328 -0.00710137076 2.94546043e-34)
(0.0184150105 -0.0537994714 0)
(0.00288680634 -0.103801192 0)
(-0.020087358 -0.158367858 0)
(-0.0477709202 -0.217530638 0)
(-0.0750615472 -0.278347467 0)
(-0.0936267608 -0.33169472 0)
(-0.0922270805 -0.357398802 0)
(-0.0635074759 -0.318879847 0)
(-0.0207312614 -0.162076711 0)
(-0.0116542835 0.111592252 0)
(-0.0431522227 0.243765259 0)
(-0.0782840552 0.299859373 0)
(-0.100579361 0.305000774 0)
(-0.108310725 0.280421191 0)
(-0.105716666 0.240369104 0)
(-0.0975363506 0.193277698 0)
(-0.0877936433 0.143545315 0)
(-0.0795354041 0.0930260385 0)
(-0.0748274391 0.0420752216 0)
(-0.0748483475 -0.00975923462 0)
(-0.0799347731 -0.0632505602 0)
(-0.0895001931 -0.119033187 0)
(-0.101813023 -0.176993341 0)
(-0.11369107 -0.23529781 0)
(-0.120284868 -0.288848962 0)
(-0.115237074 -0.327084677 0)
(-0.0922711352 -0.331566462 0)
(-0.0521876322 -0.27511963 0)
(-0.0142847856 -0.127260076 0)
(-0.00803186032 0.0899680049 0)
(-0.034305301 0.20787666 0)
(-0.0703687039 0.267741294 0)
(-0.100959397 0.283509058 0)
(-0.121509225 0.269753673 0)
(-0.133062107 0.237807736 0)
(-0.138135996 0.195384028 0)
(-0.139450413 0.14721642 0)
(-0.139365849 0.0958906396 0)
(-0.139599427 0.0425957465 0)
(-0.141114308 -0.0122625436 0)
(-0.144054842 -0.0685401018 0)
(-0.14765736 -0.125824493 0)
(-0.150140727 -0.18278708 0)
(-0.148667843 -0.23631442 0)
(-0.139565604 -0.280390033 0)
(-0.1190158 -0.30490042 0)
(-0.0848747602 -0.294957177 0)
(-0.0422046485 -0.2321544 0)
(-0.0100065896 -0.100709785 0)
(-0.00589819555 0.0731568789 0)
(-0.0280514566 0.175459865 0)
(-0.0624621097 0.233454877 0)
(-0.0961931673 0.254650576 0)
(-0.123784376 0.248662243 0)
(-0.144336562 0.223978186 0)
(-0.158622169 0.187072338 0)
(-0.168069683 0.14243402 0)
(-0.174171151 0.0929432924 0)
(-0.1780918 0.0403532931 0)
(-0.180456415 -0.0142244945 0)
(-0.181230153 -0.0698446071 0)
(-0.179647427 -0.125225643 0)
(-0.174205294 -0.178177418 0)
(-0.162809144 -0.224940794 0)
(-0.143212614 -0.259512678 0)
(-0.113841676 -0.273201158 0)
(-0.0753166366 -0.254896241 0)
(-0.0343189013 -0.192925691 0)
(-0.00728498432 -0.0799917356 0)
(-0.0045931279 0.0595159824 0)
(-0.0235441842 0.146542534 0)
(-0.055343015 0.199662038 0)
(-0.0893197072 0.222701496 0)
(-0.120051869 0.221819267 0)
(-0.145609165 0.20313168 0)
(-0.165570741 0.171796416 0)
(-0.180317194 0.13177553 0)
(-0.190531166 0.0859404592 0)
(-0.196813826 0.0363510067 2.97711981e-34)
(-0.199448997 -0.0153915035 -2.97711981e-34)
(-0.19827573 -0.0677565625 0)
(-0.192646242 -0.118867678 0)
(-0.181489418 -0.166059153 0)
(-0.163546134 -0.205440694 0)
(-0.137858762 -0.231577614 0)
(-0.104503419 -0.237504746 0)
(-0.0656637413 -0.215386094 0)
(-0.0281738037 -0.158249752 0)
(-0.00551069096 -0.0634667841 0)
(-0.00373314566 0.0480883051 0)
(-0.0201212432 0.120839302 0)
(-0.0490154036 0.167676306 0)
(-0.081638995 0.190287344 0)
(-0.112989466 0.192487491 0)
(-0.140680586 0.178556978 4.67988829e-33)
(-0.163557431 0.152465312 0)
(-0.181246326 0.117554892 0)
(-0.193784215 0.0765046884 -4.74064596e-33)
(-0.201297004 0.0314709978 2.26592395e-36)
(-0.203789229 -0.0156743416 4.98648643e-36)
(-0.201035406 -0.063055501 0)
(-0.192565971 -0.108481454 0)
(-0.177765546 -0.149141268 0)
(-0.156124926 -0.181360744 0)
(-0.127679791 -0.200524073 0)
(-0.0935645762 -0.201318364 0)
(-0.0566770509 -0.178463833 0)
(-0.0233146715 -0.128090048 0)
(-0.00429570685 -0.0500434993 0)
(-0.00311503877 0.0383305986 0)
(-0.0173631158 0.098050754 0)
(-0.0433176234 0.138129823 0)
(-0.0737180757 0.158979034 0)
(-0.104104442 0.162838058 0)
(-0.131970516 0.152618028 -4.67988829e-33)
(-0.155761597 0.131295573 0)
(-0.174612849 0.101603177 0)
(-0.188100205 0.0659289386 4.74064596e-33)
(-0.195997398 0.0263693651 1.49107095e-33)
(-0.198111585 -0.0151232579 -1.49832336e-33)
(-0.194203987 -0.0565441372 0)
(-0.183996545 -0.0956258988 0)
(-0.167277165 -0.129654679 0)
(-0.144124386 -0.155368734 0)
(-0.115252453 -0.169022311 0)
(-0.0823813982 -0.166713716 0)
(-0.048594099 -0.145040084 0)
(-0.0193975969 -0.102103256 0)
(-0.00342091088 -0.0390049681 0)
(-0.0026339305 0.0299262308 0)
(-0.015022613 0.0779300387 0)
(-0.0380974104 0.111310975 0)
(-0.0658175517 0.12969563 0)
(-0.0942794435 0.134263712 0)
(-0.121043977 0.126925196 0)
(-0.144383544 0.10986045 0)
(-0.163148915 0.085247959 0)
(-0.176619439 0.0551415896 0)
(-0.184335403 0.0214703172 2.99743152e-34)
(-0.18598286 -0.0138813055 -2.99743152e-34)
(-0.181343596 -0.0489514311 0)
(-0.170313895 -0.081574411 0)
(-0.1529992 -0.109289105 0)
(-0.129891568 -0.129330562 0)
(-0.102114473 -0.138764071 0)
(-0.071639359 -0.134815976 0)
(-0.0414365812 -0.115407155 0)
(-0.0161843442 -0.0798581341 0)
(-0.00276403272 -0.0298606277 0)
(-0.00223473119 0.0226799909 0)
(-0.0129541102 0.0602837785 0)
(-0.0332381221 0.0873307185 0)
(-0.0580554935 0.102954354 0)
(-0.0840353314 0.107621665 0)
(-0.108906011 0.102520567 0)
(-0.13091398 0.0892085397 0)
(-0.148775716 0.0693817924 0)
(-0.161603429 0.0447501266 0)
(-0.16880117 0.0170067364 3.00137737e-34)
(-0.169993427 -0.0121371635 -3.00137737e-34)
(-0.164999554 -0.0408860808 0)
(-0.153857424 -0.0672952381 0)
(-0.136898989 -0.0892415467 0)
(-0.114876568 -0.104468537 0)
(-0.0891188613 -0.11074426 0)
(-0.061632813 -0.106157972 0)
(-0.0351269558 -0.0895352189 0)
(-0.0135037336 -0.0609263639 0)
(-0.00225327021 -0.0222577986 0)
(-0.00188545463 0.0164662248 0)
(-0.0110624702 0.044964471 0)
(-0.028641107 0.0662104094 0)
(-0.0504610756 0.0790276985 0)
(-0.073653095 0.0834121967 0)
(-0.0961640891 0.0800413594 0)
(-0.116305798 0.0699952547 0)
(-0.132763194 0.0545610213 0)
(-0.144575441 0.0351143339 0)
(-0.151082274 0.0130747406 0)
(-0.151887739 -0.010088112 0)
(-0.146852857 -0.0328249968 0)
(-0.136119367 -0.0534822366 0)
(-0.120164135 -0.0703097135 0)
(-0.0998792457 -0.0815298014 0)
(-0.0766570559 -0.0854919972 0)
(-0.052412171 -0.0809234168 0)
(-0.0295300118 -0.0672468542 0)
(-0.011218563 -0.0449266005 0)
(-0.00184129492 -0.0159380819 0)
(-0.00156252017 0.0112077248 0)
(-0.00926987254 0.0318704798 0)
(-0.0242024842 0.0479367983 0)
(-0.0429883813 0.0580489791 0)
(-0.0632318292 0.0619113961 0)
(-0.0831207651 0.0598558102 0)
(-0.101086119 0.0526054596 0)
(-0.115848974 0.0411071084 0)
(-0.126440748 0.0264236059 0)
(-0.132187053 0.00968561411 0)
(-0.132697455 -0.00791667969 0)
(-0.127870553 -0.0251249872 0)
(-0.117915308 -0.0406101832 0)
(-0.103386401 -0.05299734 0)
(-0.0852271455 -0.0609385774 0)
(-0.0648019109 -0.0632495732 0)
(-0.0438652152 -0.059113286 0)
(-0.0244674768 -0.0483249147 0)
(-0.00920308411 -0.0315519595 0)
(-0.00149088207 -0.0107193619 0)
(-0.0012426944 0.00687235467 0)
(-0.00749726026 0.0209538965 0)
(-0.0197996472 0.0325013703 0)
(-0.0355241323 0.0400872308 0)
(-0.0527238714 0.0432716878 0)
(-0.069832991 0.0421741035 0)
(-0.085432525 0.0372605415 0)
(-0.0983250157 0.0291990877 0)
(-0.107580609 0.018767328 0)
(-0.112546532 0.00680864448 0)
(-0.112854149 -0.00578008437 0)
(-0.108431459 -0.0180487109 0)
(-0.0995212985 -0.0289997095 0)
(-0.0867020379 -0.0376159852 0)
(-0.0709038716 -0.0429245854 0)
(-0.0534054141 -0.0441071001 0)
(-0.0357702578 -0.040659213 0)
(-0.0197280789 -0.0325810241 0)
(-0.00733072045 -0.0205902992 0)
(-0.00116697514 -0.00649225897 0)
(-0.000899881718 0.00347704238 0)
(-0.00566092561 0.0122244044 0)
(-0.0152978239 0.0199178978 0)
(-0.0279091414 0.0251886027 0)
(-0.0419707512 0.0275858775 0)
(-0.0561591697 0.0271262177 0)
(-0.0692273525 0.0240986202 0)
(-0.0800966747 0.0189453841 0)
(-0.0879158342 0.0121895601 0)
(-0.0920842495 0.00440205573 0)
(-0.0922679783 -0.00380766337 0)
(-0.0884153521 -0.0117927345 0)
(-0.0807723507 -0.0188748344 0)
(-0.069894088 -0.0243659239 0)
(-0.0566453608 -0.0276151373 0)
(-0.0421769808 -0.0280886484 0)
(-0.0278468534 -0.025486368 0)
(-0.0150887095 -0.0198865743 0)
(-0.00547448734 -0.0119313369 0)
(-0.000833546814 -0.00322197075 0)
(-0.000507502569 0.00108921535 0)
(-0.00368887999 0.00574013391 0)
(-0.010587205 0.0102223572 0)
(-0.0199879001 0.0134021799 0)
(-0.0307552299 0.01494006 0)
(-0.0418075641 0.0148326867 0)
(-0.0521003645 0.0132501544 0)
(-0.0607204724 0.0104516509 0)
(-0.066942455 0.00673879151 0)
(-0.0702536945 0.00243726914 0)
(-0.07037105 -0.00210635031 0)
(-0.0672557083 -0.00652337198 0)
(-0.0611262747 -0.0104252299 0)
(-0.0524664022 -0.0134154429 0)
(-0.0420200345 -0.0151166835 0)
(-0.0307626098 -0.0152183225 0)
(-0.0198242949 -0.0135493792 0)
(-0.0103615038 -0.0101761464 0)
(-0.0035266961 -0.00555506464 0)
(-0.00045646998 -0.000945965438 0)
(-6.44844179e-05 -0.000176232494 0)
(-0.0015989738 0.00163662334 0)
(-0.00569516924 0.00359859677 0)
(-0.0117199047 0.00501066318 0)
(-0.0188880091 0.00571682617 0)
(-0.02639133 0.00573381124 0)
(-0.0334549131 0.00514770918 0)
(-0.039408417 0.0040732579 0)
(-0.0437224609 0.00263488121 0)
(-0.0460237963 0.000961852133 0)
(-0.0461057355 -0.000810109335 0)
(-0.0439387858 -0.00253598639 0)
(-0.0396813058 -0.00406055306 0)
(-0.0336868926 -0.00522174399 0)
(-0.0265026897 -0.00586029418 0)
(-0.0188495946 -0.00583828683 0)
(-0.0115675247 -0.00507038614 0)
(-0.00551558764 -0.00357094752 0)
(-0.00148203267 -0.00155258416 0)
(-3.10932627e-05 0.000233976842 0)
(0.000261399297 -0.000255574236 0)
(0.000151449624 0.000102078124 0)
(-0.00117494079 0.000547417174 0)
(-0.00348061855 0.00086351313 0)
(-0.00637556835 0.00102207206 0)
(-0.00946685345 0.00103797158 0)
(-0.0124000098 0.000936215337 0)
(-0.0148817453 0.000743060633 0)
(-0.0166860667 0.000483178924 0)
(-0.0176546932 0.0001800855 1.08300326e-33)
(-0.01769849 -0.000142310876 -1.08300326e-33)
(-0.0168014569 -0.000458219301 0)
(-0.0150266019 -0.000739017715 0)
(-0.0125218776 -0.000953241977 0)
(-0.00952353235 -0.00106772987 0)
(-0.00635301429 -0.00105052438 0)
(-0.00340014587 -0.000876787172 0)
(-0.00108361503 -0.000539615587 0)
(0.000206109926 -8.25144541e-05 0)
(0.000274563234 0.000266744961 0)
)
;

boundaryField
{
    walls
    {
        type            fixedValue;
        value           uniform (0 0 0);
    }
    mov_wall
    {
        type            fixedValue;
        value           uniform (1 0 0);
    }
    empty
    {
        type            empty;
    }
}


// ************************************************************************* //
