/*--------------------------------*- C++ -*----------------------------------*\
| =========                 |                                                 |
| \\      /  F ield         | OpenFOAM: The Open Source CFD Toolbox           |
|  \\    /   O peration     | Version:  5.x                                   |
|   \\  /    A nd           | Web:      www.OpenFOAM.org                      |
|    \\/     M anipulation  |                                                 |
\*---------------------------------------------------------------------------*/
FoamFile
{
    version     2.0;
    format      ascii;
    class       volScalarField;
    location    "6.7";
    object      p;
}
// * * * * * * * * * * * * * * * * * * * * * * * * * * * * * * * * * * * * * //

dimensions      [0 2 -2 0 0 0 0];

internalField   nonuniform List<scalar> 
400
(
1.11188862e-06
2.45246038
3.49432405
3.89888021
4.10664816
4.22470762
4.29429226
4.34027913
4.37633965
4.41011178
4.44676069
4.49091555
4.54765521
4.62449032
4.73479854
4.904597
5.18238063
5.68420199
6.84131659
9.41172563
1.88670608
2.8672902
3.41988441
3.74774472
3.96518171
4.10974816
4.20767516
4.2789931
4.33674568
4.38961404
4.44424624
4.50657272
4.58333428
4.68329858
4.81972713
5.01367992
5.29402314
5.69846984
6.33841636
7.42837208
2.9820786
3.26253099
3.54233188
3.77068038
3.94570654
4.07571665
4.17322651
4.25000411
4.31527642
4.37623677
4.43892596
4.50902245
4.59257591
4.69678351
4.83085094
5.00663903
5.23632255
5.52394008
5.86049154
6.19823831
3.52778501
3.5853436
3.7217862
3.86537753
3.98906489
4.09083321
4.17461111
4.24571481
4.30952768
4.37102395
4.43477544
4.50520523
4.58678928
4.68425535
4.80245196
4.94569352
5.11575027
5.30514879
5.47833776
5.5596397
3.84421792
3.8268813
3.88518064
3.96938371
4.05222051
4.12779179
4.19566945
4.25747861
4.31592364
4.37409299
4.43506584
4.50185841
4.57733196
4.66400682
4.76350475
4.8755118
4.99635989
5.1148027
5.19584675
5.18371658
4.04550185
4.00365959
4.02142687
4.06785058
4.12138306
4.17574165
4.22885559
4.28053853
4.3318609
4.38449237
4.44027167
4.50096884
4.5680496
4.64232714
4.72332704
4.80836707
4.89180752
4.96267877
4.99308143
4.94680871
4.18058638
4.13383158
4.13183956
4.15536929
4.18883414
4.22706727
4.26772764
4.30987252
4.35363809
4.39973198
4.44903895
4.50233754
4.56001968
4.62172255
4.6857861
4.74862663
4.80456044
4.84466644
4.84862538
4.79368077
4.27565913
4.23084308
4.21966072
4.22967501
4.24984639
4.27635522
4.30712285
4.34098334
4.37757919
4.41699969
4.45945201
4.50499683
4.55328591
4.60324993
4.65270571
4.69801188
4.73425921
4.75484739
4.74556116
4.69204288
4.34467464
4.3037315
4.2886295
4.29082812
4.30237684
4.32057215
4.34373044
4.37070225
4.40089358
4.43401612
4.46982884
4.50791822
4.547484
4.58710962
4.62451403
4.65641387
4.67889413
4.68733367
4.67187981
4.62321715
4.39525969
4.35850481
4.34215755
4.33995859
4.34598961
4.3583617
4.37576133
4.39714528
4.42182564
4.44929912
4.47905125
4.51038732
4.54227456
4.57319288
4.60100076
4.62292665
4.63599619
4.63709276
4.61932514
4.57637809
4.43196397
4.39925791
4.38305461
4.37851075
4.38106611
4.38939641
4.40248766
4.41942459
4.43950217
4.46210902
4.48658264
4.51208718
4.53750822
4.56136904
4.58177637
4.59648155
4.60329486
4.60017391
4.58220609
4.54489416
4.45777684
4.428896
4.4135805
4.40794496
4.40837971
4.41394752
4.42386444
4.43733868
4.45368821
4.47226116
4.49233109
4.51301409
4.53320687
4.55155165
4.5664332
4.57607062
4.57888588
4.57357492
4.5565555
4.52447822
4.47482779
4.44957371
4.43556157
4.42962066
4.42885309
4.43259383
4.44023577
4.45109876
4.46454308
4.47991579
4.49647741
4.51335057
4.52949144
4.54368886
4.5545921
4.56081095
4.5612274
4.55503617
4.53957352
4.51225967
4.48473071
4.46295963
4.45049339
4.44475167
4.44341677
4.44602894
4.45212272
4.46111776
4.47242314
4.48540346
4.49933089
4.51335911
4.52652003
4.53774659
4.54591839
4.54995941
4.54909379
4.54285721
4.52925562
4.50627216
4.48877425
4.47040295
4.45962106
4.45439382
4.45292757
4.454937
4.46007888
4.46786217
4.47774214
4.48910315
4.50123276
4.5133168
4.52445616
4.53370643
4.54013501
4.54291326
4.54152334
4.5357488
4.52413476
4.50513596
4.48806158
4.47305722
4.46400967
4.45945562
4.45813155
4.45992439
4.4646055
4.47176305
4.48088743
4.49137093
4.50250283
4.51348351
4.52345836
4.5315712
4.53703084
4.53919988
4.5377627
4.53270809
4.52308383
4.50782146
4.48366876
4.47201067
4.46464113
4.46076309
4.45970235
4.46153752
4.46615383
4.47320629
4.48220104
4.49251451
4.50341008
4.51407048
4.52364766
4.53132927
4.53641599
4.53841285
4.53717074
4.53287862
4.52512677
4.51341648
4.47685597
4.46838818
4.46242972
4.45901615
4.45816269
4.46017062
4.46503555
4.47245783
4.48192824
4.4927707
4.50418172
4.51528078
4.52517498
4.53303932
4.53820834
4.54027857
4.53923938
4.53549886
4.52928808
4.52085655
4.46928656
4.46319493
4.45767481
4.45396852
4.45292253
4.45508983
4.46054357
4.46896892
4.47977152
4.4921494
4.50515454
4.51775889
4.52893166
4.5377348
4.54343491
4.54563133
4.54440476
4.54041654
4.53469949
4.52866645
4.46344947
4.45752367
4.45037111
4.44492755
4.44290394
4.445096
4.45156806
4.46187342
4.47521532
4.49055157
4.50667275
4.52227646
4.53605392
4.54679996
4.55355259
4.55576587
4.55352071
4.54774985
4.54035197
4.53446259
)
;

boundaryField
{
    walls
    {
        type            zeroGradient;
    }
    mov_wall
    {
        type            zeroGradient;
    }
    empty
    {
        type            empty;
    }
}


// ************************************************************************* //
