/*--------------------------------*- C++ -*----------------------------------*\
| =========                 |                                                 |
| \\      /  F ield         | OpenFOAM: The Open Source CFD Toolbox           |
|  \\    /   O peration     | Version:  5.x                                   |
|   \\  /    A nd           | Web:      www.OpenFOAM.org                      |
|    \\/     M anipulation  |                                                 |
\*---------------------------------------------------------------------------*/
FoamFile
{
    version     2.0;
    format      ascii;
    class       surfaceScalarField;
    location    "6.7";
    object      phi;
}
// * * * * * * * * * * * * * * * * * * * * * * * * * * * * * * * * * * * * * //

dimensions      [0 3 -1 0 0 0 0];

internalField   nonuniform List<scalar> 
760
(
0.00134817667
-0.0013481772
0.0024576398
-0.00110946313
0.0031351347
-0.000677494897
0.00355971573
-0.000424581035
0.00383225132
-0.000272535592
0.00400945216
-0.000177200844
0.00412521451
-0.000115762346
0.00419921708
-7.4002567e-05
0.00424243236
-4.32152764e-05
0.00426055359
-1.81212301e-05
0.00425562236
4.93123212e-06
0.00422675778
2.88645757e-05
0.0041693894
5.73683847e-05
0.00407358505
9.58043553e-05
0.00391995094
0.000153634106
0.0036720193
0.000247931641
0.00326316023
0.000408859069
0.00257264076
0.000690519469
0.00140850173
0.00116413904
0.00140850173
-5.4695247e-05
-0.00129348195
0.000412592671
-0.00157675105
0.00103002983
-0.00129493206
0.00157871389
-0.000973265092
0.00201483272
-0.00070865441
0.00234477727
-0.0005071454
0.00258511632
-0.000356101395
0.00275126942
-0.000240155662
0.0028545678
-0.000146513656
0.00290179533
-6.53487519e-05
0.0028953666
1.13599556e-05
0.00283293036
9.13008141e-05
0.00270712574
0.00018317301
0.00250436374
0.000298566353
0.00220410989
0.000453887969
0.00178090173
0.000671139802
0.001217568
0.000972192799
0.000552812558
0.0013552749
1.30664752e-05
0.00170388512
0.00142156821
-0.000271734645
-0.0010217473
-0.000221026584
-0.00162745911
7.13678119e-05
-0.00158732645
0.00044628566
-0.00134818294
0.000812489694
-0.00107485844
0.00112929928
-0.000823954981
0.00138207832
-0.000608880437
0.00156800788
-0.000426085224
0.00168837696
-0.000266882737
0.00174468454
-0.000121656324
0.00173678976
1.92547356e-05
0.00166213442
0.000165956157
0.00151571288
0.000329594546
0.00129125423
0.000523024998
0.00098501169
0.000760130519
0.000605009654
0.00105114184
0.00018985071
0.00138735174
-0.000160045078
0.00170517069
-0.000261640633
0.00180548067
0.00115992758
-0.000227941581
-0.000793805719
-0.000361197318
-0.00149420337
-0.000308328221
-0.00164019555
-0.000134821209
-0.00152168995
8.92093847e-05
-0.00129888903
0.000314971872
-0.00104971746
0.000513263002
-0.000807171566
0.000668300015
-0.000581122238
0.00077199032
-0.000370573043
0.000820036113
-0.000169702114
0.000809727653
2.95632011e-05
0.000739201026
0.000236482787
0.000607935665
0.000460859904
0.000419110866
0.000711849794
0.000184524322
0.000994717065
-6.71911773e-05
0.00130285735
-0.000280617543
0.00160077812
-0.000369418479
0.00179397162
-0.000246993634
0.00168305583
0.000912933952
-0.000168965219
-0.000624840498
-0.000352016189
-0.0013111524
-0.00043155769
-0.00156065405
-0.000408908989
-0.00154433865
-0.000319435186
-0.00138836283
-0.000200095185
-0.00116905746
-7.9810083e-05
-0.000927456663
2.15782478e-05
-0.000682510569
9.14286885e-05
-0.000440423487
0.000122135377
-0.000200408803
0.000109757193
4.19413909e-05
5.36457159e-05
0.000292594271
-4.27490082e-05
0.000557254629
-0.00016969404
0.000838794822
-0.00030765244
0.00113267546
-0.000423468632
0.00141867355
-0.000470024872
0.00164733436
-0.000397824823
0.00172177158
-0.000196431028
0.00148166203
0.000716502921
-0.000124192141
-0.000500648358
-0.000308335643
-0.00112700889
-0.000450494109
-0.00141849558
-0.000523204028
-0.00147162873
-0.00053539107
-0.00137617579
-0.000508160827
-0.0011962877
-0.00046315689
-0.000972460594
-0.00041806094
-0.000727606515
-0.000385619017
-0.000472865412
-0.000373912077
-0.000212115747
-0.000386727936
5.47572502e-05
-0.000423459501
0.000329325844
-0.000478356371
0.000612151505
-0.000539178272
0.000899616723
-0.000585818884
0.00117931607
-0.00059051234
0.001423367
-0.000523085133
0.00157990716
-0.000366699082
0.00156538553
-0.000150585983
0.00126554894
0.000565916933
-9.45729381e-05
-0.000406075424
-0.000264649747
-0.000956932076
-0.00043073839
-0.00125240693
-0.00055697695
-0.00134539017
-0.000636793227
-0.00129635952
-0.000678141773
-0.00115493916
-0.000693943929
-0.000956658433
-0.000696929239
-0.000724621197
-0.000697274056
-0.000472520592
-0.000701661762
-0.000207728046
-0.00071286072
6.59562041e-05
-0.000729336367
0.000345801494
-0.000744753805
0.000627568952
-0.000747580297
0.000902443221
-0.0007214699
0.00115320567
-0.000647843394
0.00134974049
-0.000512876924
0.00144494069
-0.000321206278
0.00137371489
-0.000116485699
0.00106082836
0.000449431234
-7.53437387e-05
-0.000330731689
-0.000228206818
-0.000804068994
-0.000398353662
-0.00108226008
-0.000550539526
-0.00119320431
-0.000670626457
-0.00117627259
-0.00075757835
-0.00106798727
-0.000816784818
-0.000897451965
-0.000855587446
-0.000685818563
-0.000880624295
-0.000447483734
-0.000896360323
-0.000191992018
-0.000904270091
7.38659651e-05
-0.000902360318
0.000343891716
-0.00088497221
0.000610180849
-0.000843104158
0.000860575179
-0.000765820187
0.0010759217
-0.000643664739
0.00122758504
-0.000475103944
0.00127637989
-0.000276309848
0.0011749208
-9.21328604e-05
0.000876651381
0.000357298377
-6.22883069e-05
-0.000268443382
-0.000198541323
-0.00066781598
-0.000362893655
-0.000917907747
-0.000523850724
-0.00103224723
-0.000664415226
-0.00103570808
-0.000778128923
-0.000954273574
-0.000864812181
-0.000810768714
-0.000927165479
-0.000623465263
-0.000968399683
-0.000406249521
-0.000990721209
-0.000169670483
-0.000994436367
7.75811217e-05
-0.000977525744
0.000326981084
-0.000935695009
0.00056835011
-0.00086310124
0.000787981417
-0.000754123155
0.00096694363
-0.000606626305
0.00108008819
-0.00042695041
0.00109670399
-0.000236038292
0.000984008674
-7.43490235e-05
0.000714962111
0.000282949359
-5.27689664e-05
-0.00021567441
-0.000173812792
-0.00054677216
-0.000327557408
-0.000764163132
-0.000486865982
-0.000872938649
-0.000634380185
-0.000888193872
-0.000760757854
-0.000827895902
-0.000862116664
-0.00070940991
-0.000937654767
-0.000547927166
-0.000987783232
-0.000356121053
-0.00101282396
-0.000144629744
-0.00101222276
7.69799277e-05
-0.000984240699
0.000298999022
-0.000926163072
0.000510272473
-0.000835158821
0.000696977164
-0.00070997609
0.000841760907
-0.000553597326
0.000923709435
-0.000376676978
0.000919783645
-0.00020096005
0.000808291742
-6.08626296e-05
0.000574864687
0.000222086732
-4.52979232e-05
-0.000170376479
-0.000152453974
-0.000439616114
-0.000293299618
-0.000623317493
-0.00044476311
-0.000721475158
-0.000590345844
-0.00074261113
-0.000719473352
-0.000698768385
-0.000826046344
-0.000602836917
-0.000906878215
-0.000467095303
-0.000960347586
-0.000302651688
-0.000985403155
-0.000119574169
-0.000980963155
7.25399404e-05
-0.000945732107
0.000263767982
-0.000878480033
0.000443020394
-0.000778855067
0.000597352189
-0.000648784058
0.000711689897
-0.000494403549
0.000769328933
-0.000328204151
0.000753584255
-0.000170678366
0.00065076596
-5.02806579e-05
0.000454466976
0.000171806072
-3.90621787e-05
-0.000131314294
-0.000133403796
-0.000345274494
-0.00026034997
-0.000496371322
-0.000400388976
-0.000581436158
-0.0005384312
-0.000604568904
-0.000663692781
-0.000573506793
-0.000768938042
-0.000497591647
-0.000849523078
-0.000386510269
-0.000902500941
-0.000249673835
-0.000925934106
-9.614101e-05
-0.000918488879
6.5094721e-05
-0.00087935619
0.000224635306
-0.00080853533
0.000372199539
-0.000707505273
0.000496322126
-0.000580261698
0.000584446315
-0.000434588342
0.000623655576
-0.000283248292
0.000602244211
-0.000144573362
0.000512091037
-4.17551837e-05
0.000351648802
0.000130050885
-3.36094112e-05
-9.77048826e-05
-0.000115973499
-0.000262910396
-0.000228685883
-0.000383658937
-0.000355331145
-0.000454790902
-0.000482448497
-0.000477451558
-0.000599656651
-0.000456298636
-0.000699324728
-0.000397923558
-0.000776050473
-0.000309784516
-0.000826127626
-0.000199596684
-0.000847124142
-7.51445043e-05
-0.000837646096
5.56166701e-05
-0.000797332205
0.000184321423
-0.000727102523
0.00030196987
-0.000629656427
0.000398876036
-0.000510163474
0.000464953358
-0.000377005147
0.000490497242
-0.000242314869
0.000467553933
-0.000121978234
0.000391754407
-3.47332136e-05
0.000264403788
9.53176705e-05
-2.86574991e-05
-6.90473906e-05
-9.96602257e-05
-0.000191907658
-0.000198117
-0.000285202154
-0.000310357557
-0.000342550345
-0.000424616068
-0.000363193056
-0.000531265896
-0.000349648813
-0.000622765454
-0.000306423996
-0.000693446624
-0.000239103332
-0.000739258804
-0.000153784497
-0.000757558033
-5.68452793e-05
-0.000747003456
4.5062083e-05
-0.000707597944
0.000144915907
-0.000640884398
0.000235256331
-0.000550277058
0.000308268707
-0.000441462344
0.000356138647
-0.000322745859
0.000371780754
-0.000205166589
0.000349974659
-0.000102185444
0.000288773262
-2.88024174e-05
0.000191020765
6.65152558e-05
-2.39812166e-05
-4.50661827e-05
-8.3997439e-05
-0.00013189143
-0.000168257093
-0.000200942491
-0.000265595482
-0.000245211948
-0.000365935589
-0.000262852951
-0.0004605945
-0.00025498991
-0.000542423539
-0.000224594962
-0.000605821317
-0.000175705547
-0.000646681721
-0.00011292408
-0.000662339374
-4.11876198e-05
-0.00065156133
3.42840346e-05
-0.000614612948
0.000107967517
-0.000553400641
0.000174044022
-0.000471663894
0.000226531966
-0.000375153999
0.000259628761
-0.00027170195
0.000268328709
-0.000171058858
0.000249331566
-8.4417072e-05
0.000202131473
-2.35998682e-05
0.000130203561
4.29153912e-05
-1.93492267e-05
-2.57169591e-05
-6.84700395e-05
-8.27706212e-05
-0.000138506754
-0.000130905772
-0.00022063807
-0.000163080622
-0.000306428404
-0.00017706261
-0.000388228752
-0.000173189564
-0.000459474178
-0.000153349545
-0.000514859812
-0.000120319918
-0.000550429789
-7.73540964e-05
-0.000563627555
-2.79898426e-05
-0.000553348418
2.40049038e-05
-0.000520016431
7.46355264e-05
-0.000465682619
0.000119710203
-0.000394114917
0.000154964262
-0.000310822984
0.000176336833
-0.00022294126
0.000180446991
-0.000138894619
0.000165284928
-6.78135184e-05
0.000131050371
-1.87621158e-05
8.11521567e-05
2.4153277e-05
-1.45055248e-05
-1.12114283e-05
-5.25211127e-05
-4.47550423e-05
-0.000108122817
-7.53040695e-05
-0.000174687794
-9.65156403e-05
-0.000245343234
-0.000106407161
-0.000313520809
-0.000105011982
-0.000373387898
-9.34824582e-05
-0.000420129429
-7.35783944e-05
-0.000450116078
-4.73674514e-05
-0.000461009081
-1.70968337e-05
-0.000451841627
1.48374591e-05
-0.0004230969
4.58908048e-05
-0.00037677597
7.33892708e-05
-0.000316426457
9.46147444e-05
-0.000247079553
0.000106989929
-0.000175030353
0.000108397795
-0.000107403058
9.76576388e-05
-5.14858447e-05
7.51331602e-05
-1.39146226e-05
4.35809346e-05
1.02386542e-05
-9.20279176e-06
-2.00862508e-06
-3.568474e-05
-1.82731017e-05
-7.64355322e-05
-3.45532826e-05
-0.000126811028
-4.61401467e-05
-0.000181408068
-5.18101151e-05
-0.000234817142
-5.16028989e-05
-0.000282132221
-4.61673723e-05
-0.000319263538
-3.6447079e-05
-0.000343116515
-2.35144808e-05
-0.000351700048
-8.51330359e-06
-0.000344207016
7.34443168e-06
-0.000321084425
2.27682219e-05
-0.000284086155
3.63910052e-05
-0.000236279535
4.68081227e-05
-0.000181958578
5.2668969e-05
-0.000126403749
5.28429653e-05
-7.54285409e-05
4.66824332e-05
-3.46816263e-05
3.43862493e-05
-8.71390756e-06
1.76132181e-05
1.5247462e-06
-3.43751693e-06
1.42890219e-06
-1.80438739e-05
-3.66675026e-06
-4.34060381e-05
-9.1911237e-06
-7.64336716e-05
-1.31125198e-05
-0.000113187161
-1.50566278e-05
-0.000149665116
-1.51249397e-05
-0.000182251542
-1.35809368e-05
-0.000207952842
-1.07457737e-05
-0.000224514092
-6.95323197e-06
-0.000230484762
-2.54263913e-06
-0.000225272648
2.13231595e-06
-0.000209197082
6.69265963e-06
-0.000183535355
1.07292847e-05
-0.000150536808
1.38095799e-05
-0.000113368293
1.55004539e-05
-7.59397611e-05
1.54144312e-05
-4.25472233e-05
1.32898953e-05
-1.72767371e-05
9.11576545e-06
-3.1038566e-06
3.44034082e-06
-1.57910981e-06
1.42890425e-06
-2.23783787e-06
-1.14289539e-05
-2.45414712e-05
-3.95981032e-05
-5.47230486e-05
-6.83039865e-05
-7.90497551e-05
-8.60029808e-05
-8.85456179e-05
-8.64133048e-05
-7.97206489e-05
-6.89913646e-05
-5.51817819e-05
-3.96813245e-05
-2.42668916e-05
-1.09769965e-05
-1.86123151e-06
1.5791098e-06
)
;

boundaryField
{
    walls
    {
        type            calculated;
        value           uniform 0;
    }
    mov_wall
    {
        type            calculated;
        value           uniform 0;
    }
    empty
    {
        type            empty;
        value           nonuniform 0();
    }
}


// ************************************************************************* //
