/*--------------------------------*- C++ -*----------------------------------*\
| =========                 |                                                 |
| \\      /  F ield         | OpenFOAM: The Open Source CFD Toolbox           |
|  \\    /   O peration     | Version:  5.x                                   |
|   \\  /    A nd           | Web:      www.OpenFOAM.org                      |
|    \\/     M anipulation  |                                                 |
\*---------------------------------------------------------------------------*/
FoamFile
{
    version     2.0;
    format      ascii;
    class       volVectorField;
    location    "6.7";
    object      U;
}
// * * * * * * * * * * * * * * * * * * * * * * * * * * * * * * * * * * * * * //

dimensions      [0 1 -1 0 0 0 0];

internalField   nonuniform List<vector> 
400
(
(0.291698406 0.149643837 0)
(0.388187141 0.128007704 0)
(0.557616057 0.0757318304 0)
(0.674785696 0.0433044403 0)
(0.743766592 0.025159106 0)
(0.78707502 0.0148802978 0)
(0.815462956 0.00893092156 0)
(0.833939559 0.0053099279 0)
(0.845365462 0.00289956146 0)
(0.851349264 0.00108485314 2.66526811e-34)
(0.852640748 -0.000502852754 -2.66526811e-34)
(0.849354291 -0.00216072047 0)
(0.84097337 -0.00421710602 0)
(0.826113774 -0.00722098603 0)
(0.802020426 -0.0122365009 0)
(0.763538945 -0.0213892099 0)
(0.69948889 -0.0388386153 0)
(0.584557335 -0.0722732751 0)
(0.407900534 -0.128436308 0)
(0.300688068 -0.152947536 0)
(0.00120417148 0.287432428 0)
(0.0133209411 0.293872138 0)
(0.140044429 0.209904861 0)
(0.264971578 0.142986167 0)
(0.364177733 0.0968019877 0)
(0.440120059 0.0654411237 0)
(0.496541035 0.0439762525 0)
(0.536691064 0.0287011565 0)
(0.563274463 0.0170798541 0)
(0.578137341 0.00742308691 0)
(0.582210285 -0.00150101189 0)
(0.575515251 -0.0107977548 0)
(0.557109247 -0.0217346529 0)
(0.524912993 -0.0361396923 0)
(0.475518407 -0.0569634971 0)
(0.404326004 -0.0889771517 0)
(0.305687293 -0.139150756 0)
(0.174497789 -0.215275203 0)
(0.0341065831 -0.310801156 0)
(0.0108691557 -0.305909063 0)
(-0.0321467675 0.241773932 0)
(-0.0634303753 0.33354717 0)
(-0.0219362137 0.299502498 0)
(0.0505996173 0.240051671 0)
(0.127397375 0.183020811 0)
(0.196818605 0.135454527 0)
(0.254167098 0.0974523444 0)
(0.298088296 0.0668891715 0)
(0.328665672 0.0413758239 0)
(0.346307823 0.0187814605 -2.35797026e-33)
(0.351211312 -0.00280949138 2.35797026e-33)
(0.343126747 -0.0252950461 0)
(0.321277578 -0.0508299474 0)
(0.284432898 -0.0820948312 0)
(0.231328817 -0.122479775 0)
(0.161916762 -0.17565804 0)
(0.0798350199 -0.243208457 0)
(-0.00333734276 -0.317981961 0)
(-0.0578531348 -0.366363502 0)
(-0.0313893209 -0.270690675 0)
(-0.026120417 0.182361579 0)
(-0.0666192827 0.316884141 0)
(-0.0735377895 0.330901746 0)
(-0.0481307273 0.295352915 0)
(-0.00567218174 0.24425351 0)
(0.0411124708 0.192431745 0)
(0.0845451036 0.145095042 0)
(0.120424327 0.103006631 0)
(0.146585241 0.0651543636 0)
(0.161925475 0.0298884066 2.35546565e-33)
(0.165812816 -0.00469432218 -2.35546565e-33)
(0.1577988 -0.0406696182 0)
(0.137586496 -0.0803027378 0)
(0.105285209 -0.12597958 0)
(0.0620900247 -0.179774808 0)
(0.0116092678 -0.242029717 0)
(-0.0380283789 -0.307764354 0)
(-0.0720490945 -0.359579369 0)
(-0.0711639184 -0.355585637 0)
(-0.0287210569 -0.209178581 0)
(-0.0176296837 0.140767917 0)
(-0.0549165477 0.281827208 0)
(-0.0828629996 0.324484366 0)
(-0.0880762307 0.312396805 0)
(-0.0751196962 0.274441985 0)
(-0.0526276315 0.226778432 0)
(-0.0275118531 0.177302821 0)
(-0.00458009654 0.129145427 0)
(0.0130234843 0.0829123624 0)
(0.0233567911 0.0379330319 -2.94545534e-34)
(0.0253097429 -0.007101395 2.94545535e-34)
(0.018415205 -0.0537995217 0)
(0.00288698291 -0.10380126 0)
(-0.0200872037 -0.158367937 0)
(-0.0477707962 -0.217530723 0)
(-0.0750614599 -0.278347554 0)
(-0.0936267088 -0.331694802 0)
(-0.0922270556 -0.357398868 0)
(-0.0635074672 -0.31887989 0)
(-0.0207312597 -0.162076725 0)
(-0.0116542799 0.111592252 0)
(-0.0431522008 0.243765271 0)
(-0.0782839987 0.299859408 0)
(-0.100579265 0.305000834 0)
(-0.108310595 0.280421269 0)
(-0.105716511 0.240369187 0)
(-0.0975361766 0.193277772 0)
(-0.0877934508 0.143545373 0)
(-0.0795351949 0.0930260768 0)
(-0.0748272222 0.0420752327 0)
(-0.0748481374 -0.0097592579 0)
(-0.0799345813 -0.0632506188 0)
(-0.0895000235 -0.119033273 0)
(-0.101812877 -0.176993443 0)
(-0.113690951 -0.23529792 0)
(-0.120284783 -0.288849073 0)
(-0.115237025 -0.327084783 0)
(-0.0922711136 -0.331566551 0)
(-0.0521876268 -0.27511969 0)
(-0.0142847853 -0.127260098 0)
(-0.00803185633 0.0899680198 0)
(-0.0343052831 0.2078767 0)
(-0.0703686602 0.267741361 0)
(-0.100959319 0.28350915 0)
(-0.121509113 0.269753784 0)
(-0.133061968 0.23780785 0)
(-0.13813584 0.195384127 0)
(-0.139450244 0.147216494 0)
(-0.139365667 0.0958906848 0)
(-0.139599235 0.0425957601 0)
(-0.141114117 -0.0122625671 0)
(-0.144054668 -0.0685401662 0)
(-0.14765721 -0.125824594 0)
(-0.150140602 -0.182787204 0)
(-0.148667742 -0.236314555 0)
(-0.139565529 -0.280390167 0)
(-0.119015755 -0.304900547 0)
(-0.0848747409 -0.294957286 0)
(-0.0422046452 -0.232154476 0)
(-0.0100065903 -0.100709815 0)
(-0.00589819041 0.0731569051 0)
(-0.02805144 0.17545993 0)
(-0.062462077 0.233454972 0)
(-0.0961931111 0.254650695 0)
(-0.123784291 0.248662378 0)
(-0.144336451 0.223978324 0)
(-0.158622042 0.18707246 0)
(-0.168069549 0.142434108 0)
(-0.174171011 0.0929433415 0)
(-0.178091652 0.0403533034 0)
(-0.180456264 -0.014224523 0)
(-0.18123001 -0.0698446774 0)
(-0.179647306 -0.125225754 0)
(-0.174205197 -0.178177561 0)
(-0.16280907 -0.224940952 0)
(-0.143212558 -0.259512835 0)
(-0.113841639 -0.273201303 0)
(-0.0753166189 -0.254896364 0)
(-0.0343188976 -0.192925778 0)
(-0.0072849849 -0.0799917708 0)
(-0.00459312299 0.0595160159 0)
(-0.0235441698 0.146542619 0)
(-0.0553429915 0.199662158 0)
(-0.0893196727 0.222701637 0)
(-0.120051818 0.221819419 0)
(-0.145609093 0.203131832 0)
(-0.165570654 0.171796551 0)
(-0.180317102 0.13177563 0)
(-0.190531076 0.085940511 0)
(-0.196813734 0.0363510102 2.97711487e-34)
(-0.199448901 -0.015391543 -2.97711487e-34)
(-0.198275634 -0.0677566423 0)
(-0.192646157 -0.118867798 0)
(-0.181489353 -0.166059308 0)
(-0.163546088 -0.20544087 0)
(-0.137858729 -0.231577791 0)
(-0.104503396 -0.237504906 0)
(-0.0656637272 -0.215386225 0)
(-0.0281737985 -0.158249844 0)
(-0.00551069032 -0.0634668211 0)
(-0.00373314339 0.0480883415 0)
(-0.0201212344 0.120839398 0)
(-0.0490153891 0.167676443 0)
(-0.0816389793 0.190287501 0)
(-0.112989448 0.192487652 0)
(-0.14068056 0.178557134 4.67988036e-33)
(-0.163557393 0.152465451 0)
(-0.181246283 0.117554997 0)
(-0.193784176 0.0765047426 -4.74063794e-33)
(-0.201296972 0.0314709956 2.26594127e-36)
(-0.203789196 -0.0156743941 4.98648994e-36)
(-0.201035367 -0.0630555944 0)
(-0.192565932 -0.108481583 0)
(-0.177765515 -0.149141429 0)
(-0.156124908 -0.181360927 0)
(-0.127679783 -0.200524261 0)
(-0.0935645701 -0.201318535 0)
(-0.0566770448 -0.178463972 0)
(-0.0233146668 -0.128090141 0)
(-0.00429570515 -0.0500435349 0)
(-0.00311504068 0.0383306346 0)
(-0.0173631164 0.0980508523 0)
(-0.0433176201 0.138129966 0)
(-0.073718076 0.1589792 0)
(-0.104104453 0.162838225 0)
(-0.131970533 0.152618181 -4.67988036e-33)
(-0.155761614 0.131295704 0)
(-0.174612861 0.101603277 0)
(-0.188100219 0.0659289924 4.74063794e-33)
(-0.195997421 0.0263693614 1.49106848e-33)
(-0.198111613 -0.0151233185 -1.49832091e-33)
(-0.194204011 -0.0565442433 0)
(-0.183996559 -0.0956260379 0)
(-0.167277173 -0.129654843 0)
(-0.144124395 -0.155368916 0)
(-0.115252465 -0.169022498 0)
(-0.0823814085 -0.16671389 0)
(-0.0485941036 -0.145040224 0)
(-0.019397596 -0.102103347 0)
(-0.00342090952 -0.0390050012 0)
(-0.00263393565 0.0299262653 0)
(-0.0150226235 0.0779301302 0)
(-0.0380974214 0.111311112 0)
(-0.0658175682 0.129695794 0)
(-0.0942794751 0.134263878 0)
(-0.121044028 0.126925344 0)
(-0.144383609 0.10986057 0)
(-0.163148983 0.0852480466 0)
(-0.176619507 0.0551416375 0)
(-0.184335476 0.0214703144 2.9974265e-34)
(-0.185982939 -0.013881365 -2.99742651e-34)
(-0.181343675 -0.0489515409 0)
(-0.170313963 -0.0815745559 0)
(-0.152999251 -0.10928927 0)
(-0.129891606 -0.129330738 0)
(-0.102114502 -0.138764248 0)
(-0.0716393818 -0.134816141 0)
(-0.0414365953 -0.115407289 0)
(-0.016184349 -0.0798582217 0)
(-0.00276403307 -0.0298606583 0)
(-0.00223473633 0.0226800237 0)
(-0.0129541263 0.0602838588 0)
(-0.0332381479 0.0873308383 0)
(-0.0580555281 0.102954502 0)
(-0.0840353814 0.107621821 0)
(-0.108906085 0.102520709 0)
(-0.130914081 0.0892086505 0)
(-0.148775832 0.0693818671 0)
(-0.161603549 0.0447501645 0)
(-0.168801289 0.017006733 3.0013723e-34)
(-0.169993547 -0.0121372151 -3.0013723e-34)
(-0.164999674 -0.0408861814 0)
(-0.153857536 -0.067295377 0)
(-0.13689908 -0.0892417066 0)
(-0.114876636 -0.104468703 0)
(-0.0891189083 -0.11074442 0)
(-0.0616328451 -0.106158118 0)
(-0.0351269758 -0.0895353376 0)
(-0.0135037427 -0.0609264423 0)
(-0.00225327227 -0.0222578263 0)
(-0.0018854565 0.0164662546 0)
(-0.0110624848 0.0449645391 0)
(-0.0286411424 0.0662105073 0)
(-0.050461128 0.0790278207 0)
(-0.0736531634 0.0834123323 0)
(-0.0961641802 0.0800414894 0)
(-0.116305919 0.0699953589 0)
(-0.132763341 0.0545610885 0)
(-0.144575601 0.0351143634 0)
(-0.151082434 0.0130747348 0)
(-0.151887892 -0.0100881545 0)
(-0.146853004 -0.0328250792 0)
(-0.136119505 -0.0534823554 0)
(-0.120164255 -0.0703098559 0)
(-0.0998793388 -0.0815299503 0)
(-0.0766571203 -0.085492138 0)
(-0.0524122113 -0.08092354 0)
(-0.0295300345 -0.067246952 0)
(-0.0112185732 -0.0449266646 0)
(-0.00184129747 -0.0159381048 0)
(-0.00156251832 0.0112077484 0)
(-0.00926988124 0.0318705358 0)
(-0.0242025206 0.0479368756 0)
(-0.042988445 0.0580490728 0)
(-0.0632319142 0.0619115025 0)
(-0.08312087 0.0598559194 0)
(-0.101086249 0.0526055546 0)
(-0.115849132 0.0411071732 0)
(-0.126440928 0.0264236341 0)
(-0.132187239 0.00968560852 0)
(-0.132697633 -0.00791671432 0)
(-0.127870717 -0.02512505 0)
(-0.117915458 -0.040610274 0)
(-0.103386533 -0.0529974531 0)
(-0.0852272526 -0.0609387 0)
(-0.0648019879 -0.0632496902 0)
(-0.0438652628 -0.0591133859 0)
(-0.0244675013 -0.0483249906 0)
(-0.00920309341 -0.0315520072 0)
(-0.00149088394 -0.0107193784 0)
(-0.00124269177 0.00687236808 0)
(-0.00749726466 0.0209539382 0)
(-0.019799678 0.0325014301 0)
(-0.0355241962 0.0400873005 0)
(-0.052723964 0.0432717643 0)
(-0.069833105 0.0421741848 0)
(-0.0854326584 0.0372606194 0)
(-0.0983251715 0.0291991484 0)
(-0.107580786 0.0187673599 0)
(-0.112546722 0.00680864506 0)
(-0.112854335 -0.00578010986 0)
(-0.10843163 -0.0180487566 0)
(-0.0995214491 -0.0289997729 0)
(-0.0867021675 -0.0376160644 0)
(-0.0709039778 -0.0429246743 0)
(-0.0534054932 -0.0441071879 0)
(-0.0357703082 -0.0406592884 0)
(-0.0197281042 -0.0325810795 0)
(-0.00733072861 -0.0205903315 0)
(-0.00116697614 -0.00649226853 0)
(-0.000899882196 0.00347704409 0)
(-0.00566093165 0.0122244287 0)
(-0.0152978482 0.0199179406 0)
(-0.0279091954 0.0251886539 0)
(-0.0419708373 0.0275859305 0)
(-0.0561592813 0.0271262715 0)
(-0.0692274815 0.0240986744 0)
(-0.0800968182 0.0189454327 0)
(-0.0879159928 0.0121895929 0)
(-0.0920844202 0.00440206533 0)
(-0.0922681509 -0.00380767668 0)
(-0.0884155132 -0.0117927647 0)
(-0.0807724911 -0.0188748756 0)
(-0.0698942047 -0.0243659732 0)
(-0.0566454541 -0.0276151925 0)
(-0.0421770505 -0.0280887047 0)
(-0.027846899 -0.0254864178 0)
(-0.0150887329 -0.0198866107 0)
(-0.00547449452 -0.0119313564 0)
(-0.000833547376 -0.00322197473 0)
(-0.00050750739 0.00108920879 0)
(-0.0036888917 0.00574014036 0)
(-0.0105872259 0.010222381 0)
(-0.0199879403 0.0134022142 0)
(-0.0307552966 0.0149400958 0)
(-0.0418076566 0.0148327194 0)
(-0.0521004753 0.013250185 0)
(-0.0607205936 0.0104516803 0)
(-0.0669425836 0.00673881657 0)
(-0.0702538296 0.00243728311 0)
(-0.0703711879 -0.0021063517 0)
(-0.0672558403 -0.00652338709 0)
(-0.0611263911 -0.0104252532 0)
(-0.0524664972 -0.0134154698 0)
(-0.0420201072 -0.0151167118 0)
(-0.0307626619 -0.015218351 0)
(-0.0198243285 -0.0135494052 0)
(-0.0103615211 -0.0101761657 0)
(-0.00352670138 -0.00555507419 0)
(-0.000456470339 -0.000945965913 0)
(-6.44909002e-05 -0.000176240722 0)
(-0.00159898847 0.0016366177 0)
(-0.00569518817 0.00359860235 0)
(-0.0117199318 0.00501067935 0)
(-0.0188880505 0.00571684628 0)
(-0.0263913895 0.00573382849 0)
(-0.0334549884 0.00514772179 0)
(-0.0394085015 0.00407326871 0)
(-0.0437225486 0.00263489255 0)
(-0.0460238847 0.000961862189 0)
(-0.0461058241 -0.00081010488 0)
(-0.0439388717 -0.00253598981 0)
(-0.0396813834 -0.00406056246 0)
(-0.033686956 -0.00522175537 0)
(-0.0265027364 -0.00586030478 0)
(-0.0188496254 -0.00583829612 0)
(-0.0115675426 -0.00507039428 0)
(-0.00551559581 -0.00357095365 0)
(-0.00148203463 -0.00155258673 0)
(-3.10931793e-05 0.000233977884 0)
(0.000261395707 -0.00025557786 0)
(0.000151440604 0.000102073442 0)
(-0.00117495237 0.000547415892 0)
(-0.00348063141 0.000863516493 0)
(-0.00637558346 0.00102207801 0)
(-0.00946687367 0.00103797675 0)
(-0.0124000368 0.000936218031 0)
(-0.0148817773 0.000743061914 0)
(-0.0166861001 0.000483180807 0)
(-0.0176547254 0.00018008846 1.08300148e-33)
(-0.0176985207 -0.000142308344 -1.08300148e-33)
(-0.0168014865 -0.000458218881 0)
(-0.0150266294 -0.000739019504 0)
(-0.0125219006 -0.000953244588 0)
(-0.00952354865 -0.00106773192 0)
(-0.00635302348 -0.00105052554 0)
(-0.00340014941 -0.000876787867 0)
(-0.00108361517 -0.00053961607 0)
(0.000206110944 -8.2514432e-05 0)
(0.000274563753 0.000266745631 0)
)
;

boundaryField
{
    walls
    {
        type            fixedValue;
        value           uniform (0 0 0);
    }
    mov_wall
    {
        type            fixedValue;
        value           uniform (1 0 0);
    }
    empty
    {
        type            empty;
    }
}


// ************************************************************************* //
