/*--------------------------------*- C++ -*----------------------------------*\
| =========                 |                                                 |
| \\      /  F ield         | OpenFOAM: The Open Source CFD Toolbox           |
|  \\    /   O peration     | Version:  5.x                                   |
|   \\  /    A nd           | Web:      www.OpenFOAM.org                      |
|    \\/     M anipulation  |                                                 |
\*---------------------------------------------------------------------------*/
FoamFile
{
    version     2.0;
    format      ascii;
    class       labelList;
    note        "nPoints: 8964 nCells: 8567 nFaces: 30183 nInternalFaces: 12922";
    location    "constant/polyMesh";
    object      neighbour;
}
// * * * * * * * * * * * * * * * * * * * * * * * * * * * * * * * * * * * * * //


12922
(
99
2481
7909
99
230
7908
231
232
7907
233
325
7906
234
326
7905
235
327
7904
105
236
7903
107
237
7902
109
238
7901
111
239
7900
240
382
7899
241
328
7898
115
329
7897
115
2318
7896
116
118
2317
119
242
2316
121
243
2315
123
244
2314
125
245
2313
127
246
2312
247
385
2311
248
384
2310
249
383
2309
250
330
2308
251
331
2307
252
332
2306
253
333
2305
254
334
2304
255
335
2303
256
336
2302
257
337
2301
258
338
2300
259
339
2299
260
340
2298
261
341
2297
262
342
2296
263
343
2295
264
344
2294
265
345
2293
266
346
2292
267
347
2291
268
348
2290
269
349
2289
270
350
2288
271
351
2287
272
352
2286
273
353
2285
156
274
2284
158
275
2283
160
276
2282
162
277
2281
164
278
2280
166
279
2279
280
985
2544
281
387
2543
172
282
2541
283
388
2538
284
354
2537
176
178
2536
179
563
2533
285
286
2531
287
389
2529
288
355
2527
289
356
2525
290
357
2524
291
358
2523
292
359
2522
293
360
2521
294
361
2520
295
362
2519
296
363
2518
297
364
2517
298
365
2516
299
366
2514
300
367
2512
301
368
2510
197
302
2508
199
303
2507
201
304
2506
203
305
2505
205
306
2504
207
307
2503
209
308
2502
211
309
2501
213
310
2500
215
311
2499
312
390
2497
313
369
2495
314
370
2493
315
371
2491
316
372
2490
317
373
2489
318
374
2488
319
375
2487
320
376
2486
321
377
2485
322
378
2484
323
379
2483
324
380
2482
381
230
231
7992
232
325
7991
233
326
7989
234
327
7987
105
235
7985
564
107
236
7983
398
109
237
7981
402
111
238
7979
405
239
382
7978
240
328
7977
241
329
7976
118
117
560
119
2595
411
414
121
242
2594
417
123
243
2593
420
125
244
2592
423
127
245
2591
427
246
385
2590
247
384
2589
248
383
2588
249
330
2587
250
331
2585
251
332
2583
252
333
2581
253
334
2579
254
335
2578
255
336
2577
256
337
2576
257
338
2575
258
339
2574
259
340
2573
260
341
2572
261
342
2571
262
343
2570
263
344
2568
264
345
2566
265
346
2564
266
347
2562
267
348
2561
268
349
2560
269
350
2559
270
351
2558
271
352
2557
272
353
2556
156
273
2555
569
158
274
2554
467
160
275
2553
470
162
276
2551
473
164
277
2549
476
166
278
2547
584
279
386
2546
169
386
2278
985
2277
280
387
2276
172
281
2275
572
282
388
2274
283
354
2273
176
284
2272
575
178
179
2271
649
594
285
488
2269
286
389
2268
287
355
2267
288
356
2266
289
357
2265
290
358
2264
291
359
2263
292
360
2262
293
361
2261
294
362
2260
295
363
2259
296
364
2258
297
365
2257
298
366
2256
299
367
2255
300
368
2254
197
301
2253
576
199
302
2252
509
201
303
2251
512
203
304
2250
516
205
305
2249
519
207
306
2248
523
209
307
2247
526
211
308
2246
529
213
309
2245
533
215
310
2244
538
311
390
2243
312
369
2242
313
370
2241
314
371
2240
315
372
2239
316
373
2238
317
374
2237
318
375
2236
319
376
2235
320
377
2234
321
378
2233
322
379
2232
323
380
2231
324
381
2230
720
391
578
392
393
394
396
397
401
404
407
589
412
416
419
422
426
430
431
436
602
597
601
599
607
608
609
610
611
612
613
614
615
616
617
619
621
623
625
627
629
631
634
637
465
466
469
472
475
567
478
571
481
483
648
994
653
489
654
657
660
663
666
668
671
674
676
678
680
682
684
686
507
508
511
515
518
522
525
528
532
536
541
701
700
698
696
706
707
708
709
710
713
716
554
555
580
583
395
410
413
441
442
443
444
445
446
447
448
449
450
451
452
453
454
455
456
457
458
459
460
461
462
463
464
487
493
494
495
496
497
498
499
500
501
502
503
504
505
506
543
544
545
546
547
548
549
550
551
552
553
720
557
409
438
433
479
645
480
486
492
689
721
556
581
582
647
646
652
408
595
399
565
400
585
399
400
1092
935
403
586
403
585
773
406
558
406
586
775
408
559
774
432
587
411
588
561
415
591
437
605
415
562
1072
418
593
418
591
919
421
424
421
593
984
425
428
424
425
940
1069
429
434
428
429
943
941
435
439
432
440
782
434
435
927
946
437
587
779
439
440
933
949
596
758
600
603
598
604
606
750
749
762
748
761
747
760
746
759
745
757
744
756
743
755
742
754
741
753
740
752
618
739
620
738
622
737
624
736
626
735
628
734
630
632
633
635
636
638
485
733
570
640
468
642
468
640
906
471
641
471
642
1057
474
643
474
641
905
477
644
477
643
904
568
751
566
985
482
484
482
574
901
484
485
1122
987
489
490
491
655
563
2270
491
653
1132
1131
537
690
656
658
659
661
662
664
665
732
667
669
670
672
673
731
675
730
677
729
679
728
681
727
683
726
685
687
542
703
577
691
510
513
510
691
891
514
692
513
514
1036
1048
517
520
517
692
860
521
693
520
521
1144
1046
524
694
524
693
1013
527
530
527
694
1045
531
534
530
531
1017
1042
535
539
534
535
1020
1018
537
540
866
539
540
992
1022
542
690
863
699
765
697
702
695
704
705
725
724
769
723
768
722
767
711
766
712
714
715
717
718
719
719
721
556
579
888
558
559
991
1033
561
562
590
931
994
565
646
885
567
568
584
829
570
639
832
573
763
573
574
938
1054
650
764
577
688
912
579
689
916
581
582
1030
925
647
652
644
834
777
784
589
590
595
841
772
594
653
994
776
651
839
597
836
603
599
951
606
601
791
604
605
758
790
780
787
922
750
762
749
761
748
760
747
759
746
757
745
756
744
755
743
754
742
753
741
752
618
740
771
620
739
808
622
738
812
624
737
815
626
736
818
628
735
821
630
734
980
632
633
1080
981
635
636
1112
1063
638
639
982
1060
827
914
828
909
829
751
763
953
886
733
764
650
651
979
1124
781
655
656
932
1097
658
659
996
989
661
662
998
995
664
665
1267
1052
667
732
1001
669
670
1082
1002
672
673
1084
1050
675
731
898
677
730
846
679
729
849
681
728
852
683
727
855
685
726
858
687
688
1008
1009
884
871
902
894
861
862
696
892
705
698
1016
704
700
875
702
703
765
874
868
896
867
725
769
724
768
723
767
722
766
711
712
1026
1012
714
715
1270
1040
717
718
1029
1037
883
721
889
881
879
1014
864
856
853
850
847
845
844
842
770
823
819
816
813
809
806
805
804
803
802
801
800
799
798
797
795
939
830
972
969
966
963
960
789
783
959
956
796
794
826
838
859
882
880
878
822
993
807
810
920
928
835
934
840
1034
778
990
921
983
778
934
1197
786
788
793
954
887
952
785
950
799
945
785
786
1216
1208
788
789
1098
929
792
837
792
793
1226
1220
937
1058
796
923
955
955
957
958
959
1078
945
961
962
964
965
967
968
970
971
973
930
974
807
831
1089
811
975
810
811
1289
1364
814
977
814
975
1199
817
976
817
977
1177
820
824
820
976
1195
822
825
1109
824
825
1307
1250
843
978
833
907
908
1068
924
831
930
1115
833
1062
1118
835
935
1119
837
929
1121
870
876
840
841
1448
931
843
988
1150
1000
1053
899
1051
848
1004
848
900
1172
851
1003
851
1004
1170
854
1005
854
1003
1272
857
1006
857
1005
1168
865
1007
890
1027
895
1145
1047
1067
1066
1085
869
873
865
1006
1269
872
1023
893
1065
869
870
1296
1353
872
873
1240
1358
877
1015
876
877
1301
1299
986
1014
880
986
1024
882
1024
1025
884
1039
917
1059
1093
887
926
1148
918
1031
890
1025
1311
903
1035
893
897
1158
895
1049
1156
897
1086
1332
899
900
1378
1335
1056
1130
903
913
1339
911
924
910
915
907
908
1230
1337
910
911
1416
1509
913
1011
1157
915
1075
1349
917
918
1347
1350
920
921
1210
1314
923
1076
1151
939
926
1032
1257
942
947
1072
1322
1091
1116
1448
1096
1176
948
1095
1099
1094
1843
1987
2038
938
1256
1055
1058
1070
1073
942
944
1209
944
1071
1213
1212
947
948
1223
1215
950
1095
1188
954
1076
953
1102
1059
1123
1101
957
958
1234
1233
1077
961
962
1376
1239
964
965
1319
1403
967
968
1241
1387
970
971
1242
1202
973
974
1244
1201
1105
1106
1108
979
1306
1183
993
1079
1107
1110
1061
1064
984
1113
1073
1253
988
1182
1260
997
1074
991
1372
1219
1019
1126
1264
999
1129
997
1133
1127
999
1074
1232
1001
1368
1081
1083
1161
1134
1137
1174
1139
1008
1275
1010
1010
1011
1432
1281
1028
1138
1067
1085
1065
1016
1153
1086
1043
1087
1019
1021
1280
1021
1044
1292
1023
1126
1294
1136
1155
1027
1028
1323
1312
1038
1041
1031
1032
1317
1442
1034
1219
1320
1036
1191
1285
1038
1039
1436
1347
1041
1270
1167
1043
1044
1357
1325
1066
1087
1047
1146
1327
1049
1285
1329
1051
1273
1331
1053
1267
1160
1055
1056
1379
1345
1068
1075
1348
1100
1061
1062
1393
1351
1064
1112
1179
1111
1147
1088
1142
1070
1071
1284
1362
1448
1090
1104
1125
1162
1078
1200
1222
1080
1238
1110
1082
1254
1161
1084
1276
1273
1135
1141
1140
1135
1328
1117
1288
1114
1283
1098
1190
1093
1094
1193
1390
1303
1097
1203
1133
1255
1120
1196
1103
1192
1152
1235
1103
1149
1384
1128
1231
1198
1366
1178
1194
1112
1180
1211
1247
1251
1265
1248
1159
1252
1114
1316
1407
1116
1117
1189
1430
1229
1352
1120
1390
1517
1190
1227
1130
1182
1163
1221
1132
1183
1143
1360
1418
1128
1166
1421
1205
1267
1184
1132
1176
1165
1171
1271
1277
1278
1290
1173
1259
1185
1270
1169
1268
1147
1356
1154
1333
1143
1338
1568
1145
1146
1287
1437
1277
1149
1258
1539
1261
1297
1152
1164
1460
1154
1300
1445
1278
1310
1286
1330
1282
1340
1159
1334
1565
1237
1369
1342
1163
1164
1626
1563
1166
1204
1512
1186
1361
1169
1175
1453
1171
1259
1461
1173
1336
1466
1175
1279
1468
1187
1178
1211
1472
1181
1394
1181
1249
1471
1263
1187
1262
1346
1186
1313
1415
1291
1217
1305
1201
1429
1382
1341
1426
1193
1486
1391
1195
1383
1308
1197
1574
1371
1199
1397
1247
1233
1385
1246
1243
1245
1204
1291
1681
1237
1298
1601
2044
2086
1598
1699
1805
1218
1255
1214
1224
1315
1374
1489
1222
1375
1214
1363
1428
1225
1304
1217
1218
1617
1530
1321
1221
1228
1495
1417
1224
1225
1481
1619
1227
1228
1515
1673
1230
1686
1483
1232
1456
1298
1236
1235
1236
1504
1498
1422
1266
1401
1318
1402
1295
1400
1388
1405
1243
1389
1396
1245
1246
1578
1632
1386
1249
1401
1636
1251
1309
1507
1253
1411
1290
1343
1370
1413
1373
1380
1258
1516
1599
1431
1261
1518
1643
1263
1492
1518
1265
1266
1503
1631
1269
1424
1274
1272
1446
1279
1463
1275
1488
1433
1344
1464
1423
1449
1435
1293
1419
1282
1434
1527
1284
1502
1534
1425
1287
1556
1437
1289
1519
1365
1410
1306
1293
1326
1440
1295
1420
1541
1354
1359
1306
1544
1443
1300
1302
1547
1302
1353
1549
1304
1305
1621
1670
1308
1309
1479
1639
1311
1408
1367
1313
1324
1676
1315
1316
1526
1551
1350
1441
1319
1580
1404
1321
1322
1406
1374
1324
1367
1497
1326
1543
1803
1328
1439
1594
1330
1427
1557
1377
1465
1333
1334
1546
1680
1336
1493
1570
1338
1483
1559
1340
1341
1737
1560
1343
1344
1654
1567
1346
1381
1510
1459
1373
1509
1360
1452
1459
1352
1395
1692
1354
1589
1805
1825
2006
1357
1609
1543
1359
1400
1623
1476
1436
1566
1363
1534
1736
1365
1366
1614
1572
1399
1369
1370
1521
1697
1372
1576
1406
1474
1455
1376
1554
1402
1378
1494
1493
1380
1381
1477
1635
1414
1514
1473
1478
1485
1540
1417
1482
1398
1490
1388
1389
1596
1537
1391
1835
1646
1891
2012
1394
1395
1524
1749
1538
1577
1398
1572
1618
1409
1496
1499
1662
1484
1404
1405
1606
1500
1455
1501
1553
1409
1451
1677
1412
1450
1412
1583
1629
1414
1531
1638
1585
1700
1452
1509
1562
1419
1420
1536
1645
1457
1513
1444
1520
1522
1624
1454
1487
1426
1427
1528
1603
1480
1675
1430
1532
1529
1467
1533
1433
1434
1726
2009
1447
1469
1459
1439
1663
2067
2081
1962
1535
1602
1442
1566
1516
1444
1458
1669
1545
1548
1447
1462
1665
1450
1451
1719
1774
1474
1454
1470
1685
1525
1457
1458
1716
1815
1505
1564
1462
1533
1690
1464
1465
1588
1897
1467
1571
1653
1469
1470
1797
1829
1523
1641
1473
1491
1694
1475
1476
1477
1569
1633
1479
1822
1639
1481
1896
1620
1498
1590
1591
1555
1579
1486
1933
1720
1488
1806
1725
1490
1491
1788
1730
1511
1772
1611
1612
1682
1610
1674
1497
1842
1711
1506
1542
1622
1597
1608
1502
1856
1762
1508
1630
1505
1506
1746
1741
1508
1640
1782
1511
1852
1804
1513
1681
1712
1515
1745
1758
1586
1575
1666
1769
1529
1615
1521
1880
1697
1594
1650
1524
1760
1757
1526
1724
1552
1655
1777
1561
1604
1660
1531
1644
1765
1581
1659
1739
1761
1536
1828
1645
1538
1596
1854
1540
1599
1894
1542
1647
1786
1778
1681
1683
1546
1668
1680
1548
1550
1794
1550
1651
1792
1552
1553
1932
1850
1555
1562
1652
1558
1678
1558
1605
1902
1582
1592
1561
1737
1661
1656
1564
1626
1755
1583
1637
1584
1587
1667
1569
1582
1634
1571
1613
1823
1616
1787
1998
2017
1575
1576
1845
1724
1578
1648
1632
1580
1743
1607
1593
1632
1595
1688
1585
1586
1862
1600
1588
1727
1897
1625
1651
1657
1717
1592
1687
1808
1649
1721
1723
1807
1839
1597
1914
1698
2008
1600
1862
1865
2037
1684
1803
1604
1605
1781
1935
1607
1608
1910
1812
1624
1696
1626
1627
1612
1613
1752
1840
1615
1616
1881
1940
1644
1672
1789
1940
1620
1621
1899
1671
1623
1628
1625
1827
1733
1735
1754
1732
1787
1689
1718
1631
1701
1662
1634
1635
1839
1852
1641
1664
1680
1702
1744
1753
1640
1877
1642
1759
1886
1683
1770
1768
1647
2016
2085
1958
1649
1837
1965
1771
1833
1705
1658
1742
1738
1824
1667
1697
1706
1737
1657
1658
1966
1934
1660
1722
1814
1707
1780
1664
1891
2068
1885
1691
1796
1708
1835
1709
1703
1795
1817
1871
1671
1672
1898
1748
1674
1758
1734
1710
1736
1700
1711
1775
1843
1800
1962
1779
1862
1894
1695
1897
1712
1714
1813
1806
1831
1687
1693
1793
1689
1704
1922
1691
1784
1973
1693
1750
1819
1731
1821
1729
1751
1713
1778
1740
1825
2027
2064
1779
1783
1901
1703
1704
1948
1956
1764
1791
1707
1773
1861
1811
1849
1728
1892
1785
1802
1798
1715
1714
1834
1917
1716
1756
1816
1741
1925
1719
2021
1960
1810
1835
1722
1931
2001
1763
1962
1932
1726
1926
2009
1728
1729
1969
1938
1731
1790
2074
1733
1920
1764
1735
1865
2030
1761
1739
1915
1784
1916
2072
1747
1743
1776
1911
1745
1951
1864
1747
1766
1859
1767
1900
1750
1757
1857
1752
2061
1953
1765
1866
1755
1867
1766
1770
1868
1872
1863
1760
2049
1873
1762
1785
1771
1801
1838
1836
1887
1768
2041
1836
1770
1772
1860
1832
1818
1875
1775
1960
1957
1929
1986
1818
2009
1803
1799
1781
1936
1935
1783
1877
2047
1895
1846
1787
1959
1789
1790
1939
2077
1792
1930
1943
1820
1983
1795
1943
1982
1797
1979
1830
1799
1842
1988
1801
1903
1981
1896
1924
1809
1869
2047
1996
1808
1809
1983
1991
1811
1963
2069
1912
1913
1828
1919
1881
2000
1816
1817
1870
1975
1927
1820
1858
2019
1822
2053
2006
1824
1841
2007
2053
1847
1873
2025
1833
1834
2010
1830
1831
2066
2011
1868
1869
1882
1879
1952
1851
1854
1921
1930
1852
1841
1953
2026
1843
1890
2004
2070
1848
1932
1856
1904
2048
2049
1849
1850
1855
1853
1964
1985
1855
1856
1928
1974
1858
1874
2032
1889
2034
1883
1995
1876
2024
1864
1865
2086
1946
1949
1888
1954
1870
2039
1976
1880
1923
1873
1874
2084
1876
2062
2023
2006
1913
1997
2054
1884
1918
1892
1941
1883
1884
1986
2028
1886
1901
1947
1888
1889
2017
2046
2005
2050
2029
1907
1936
1964
2083
1945
1916
1972
1908
1899
1900
1908
1968
1906
1903
1937
1909
1924
1994
2033
2062
2065
1990
2055
1955
1984
1967
1980
2013
1911
1912
1929
2054
1914
1928
1916
2008
1918
1919
1971
1999
1921
1998
2037
1992
2050
1955
1977
2002
1971
2034
1927
1996
2063
2040
2059
2044
1993
2023
1945
1963
1986
2028
1937
2024
2083
1970
2042
2029
2079
1941
2085
1944
2025
2084
2043
1955
2036
1988
1952
2031
1990
2049
1950
2031
1950
1951
1982
2052
2022
2073
1998
2030
1992
2031
2003
2035
1959
2010
1961
2071
2017
2046
1989
1965
1993
1971
2028
1968
2004
2005
1970
1984
2048
1973
2072
1978
1994
2069
1976
1977
2039
2020
1979
2076
2067
1981
1997
1995
2045
1991
2025
2013
2040
1988
1989
2057
2051
2015
2022
2024
2035
2059
2078
2040
2014
2034
2001
2016
2065
2003
2004
2071
2041
2008
2027
2014
2012
2068
2082
2083
2046
2018
2039
2033
2019
2020
2032
2036
2050
2070
2041
2065
2027
2080
2085
2037
2087
2082
2038
2087
2057
2056
2061
2044
2045
2052
2055
2051
2056
2086
2058
2059
2060
2060
2069
2074
2075
2064
2073
2063
2078
2080
2067
2068
2071
2075
2080
2077
2076
2081
2079
2082
2081
2087
2321
2596
2321
2322
2322
2323
2323
2324
2324
2325
2325
2326
2326
2327
2327
2328
2328
2329
2329
2330
2330
2331
2331
2332
2332
2333
2333
2334
2334
2335
2335
2336
2336
2337
2337
2338
2338
2339
2339
2340
2340
2341
2341
2342
2112
2342
2112
2113
2788
2344
2344
2345
2343
2345
2343
2346
2346
2347
2347
2348
2348
2349
2349
2350
2350
2351
2351
2352
2352
2353
2353
2354
2354
2355
2355
2356
2356
2357
2357
2358
2358
2359
2359
2360
2360
2361
2361
2362
2362
2363
2363
2364
2364
2365
2138
2365
2138
2139
2792
2597
2367
2369
2366
2369
2366
2370
2370
2371
2371
2372
2372
2373
2373
2374
2374
2375
2375
2376
2376
2377
2377
2378
2378
2379
2379
2380
2380
2381
2381
2382
2382
2383
2383
2384
2384
2385
2385
2386
2386
2387
2387
2388
2163
2388
2163
2164
2802
2390
2390
2391
2389
2391
2389
2392
2392
2393
2393
2394
2394
2395
2395
2396
2396
2397
2397
2398
2398
2399
2399
2400
2400
2401
2401
2402
2402
2403
2403
2404
2404
2405
2405
2406
2406
2407
2407
2408
2408
2409
2409
2410
2410
2411
2189
2411
2189
2190
2806
2596
2320
2415
7896
2412
2416
7974
2417
2598
7973
2420
2767
7972
2421
2600
7971
2599
2601
7969
2602
2768
7967
2426
2766
7965
2427
2604
7963
2603
2605
7961
2431
2769
7959
2432
2434
7957
2435
2606
7883
2436
2438
7883
2439
2608
7954
2607
2609
7953
2610
2771
7952
2444
2770
7950
2445
2612
7948
2611
2613
7946
2449
2772
7944
2450
2452
7942
2453
2615
7940
2614
2616
7939
2617
2773
7937
2457
2618
7870
2458
2460
7870
2461
2463
7921
2464
2620
7920
2619
2621
7919
2468
2774
7918
2469
2623
7917
2622
2624
7916
2625
2775
7998
2474
2765
7997
2475
2627
7996
2626
2628
7995
2479
2776
7994
2480
2630
7909
2629
2631
2632
2777
2633
2764
2634
2763
2635
2762
2636
2761
2637
2760
2638
2759
2639
2758
2640
2757
2492
2641
2494
2642
2496
2643
2498
2644
2645
2778
2646
2756
2647
2755
2648
2754
2649
2753
2650
2752
2651
2751
2652
2750
2653
2749
2509
2654
2511
2655
2513
2656
2515
2657
2658
2779
2659
2748
2660
2747
2661
2746
2662
2745
2663
2744
2664
2743
2665
2742
2666
2741
2526
2667
2528
2668
2530
2669
2780
2994
2532
2534
2535
2671
2670
2672
2539
2781
2540
2673
2542
2674
2675
2783
2676
2782
2545
2677
2678
2740
2548
2679
2550
2680
2552
2681
2682
2784
2683
2739
2684
2738
2685
2737
2686
2736
2687
2735
2688
2734
2689
2733
2690
2732
2563
2691
2565
2692
2567
2693
2569
2694
2695
2785
2696
2731
2697
2730
2698
2729
2699
2728
2700
2727
2701
2726
2702
2725
2703
2724
2580
2704
2582
2705
2584
2706
2586
2707
2708
2786
2709
2723
2710
2722
2711
2721
2712
2720
2713
2719
2714
2718
2715
2717
2319
2716
2319
2320
3399
3463
2787
3136
3137
3138
3139
3140
3141
3142
3143
3144
3145
3146
3147
3148
3149
3150
3151
3152
3153
3154
3155
3156
3159
2789
3161
3160
3162
3163
3164
3165
3166
3167
3168
3169
3170
3171
3172
3173
3174
3175
3176
3177
3178
3179
3180
3183
2794
3256
2597
3256
2796
3184
3185
3186
3187
3188
3189
3190
3191
3192
3193
3194
3195
3196
3197
3198
3199
3200
3201
3202
3205
2803
3207
3206
3208
3209
3210
3211
3212
3213
3214
3215
3216
3217
3218
3219
3220
3221
3222
3223
3224
3225
3226
2413
3229
2417
7894
2415
2416
7895
3292
3290
2807
2598
2767
7893
2420
2421
7892
3465
3470
2599
2600
7891
2601
2768
7890
2602
2766
7889
2426
2427
7888
3494
3288
2603
2604
7887
2605
2769
7886
2431
2432
7885
3307
3287
2434
2435
7884
3715
3513
2606
3231
2438
2439
7882
3312
3310
2607
2608
7881
2609
2771
7880
2610
2770
7879
2444
2445
7878
3318
3285
2611
2612
7877
2613
2772
7876
2449
2450
7875
3316
3749
2452
2453
7874
3498
3459
2614
2615
7873
2616
2773
7872
2457
2617
7871
3323
2618
2845
2460
2461
8006
3278
3487
2463
2464
8005
3331
3461
2619
2620
8004
2621
2774
8003
2468
2469
8002
3329
3332
2622
2623
8001
2624
2775
7915
2625
2765
7914
2474
2475
7913
3270
3282
2626
2627
7912
2628
2776
7911
2479
2480
7910
3338
3280
2629
2630
2631
2777
2632
2764
2633
2763
2634
2762
2635
2761
2636
2760
2637
2759
2638
2758
2639
2757
2492
2640
2804
2494
2641
2900
2496
2642
2903
2498
2643
2907
2644
2778
2645
2756
2646
2755
2647
2754
2648
2753
2649
2752
2650
2751
2651
2750
2652
2749
2509
2653
2801
2511
2654
2943
2513
2655
2946
2515
2656
2951
2657
2779
2658
2748
2659
2747
2660
2746
2661
2745
2662
2744
2663
2743
2664
2742
2665
2741
2526
2666
2800
2528
2667
2986
2530
2668
2990
2669
2780
2799
2994
2534
2535
3363
3262
2670
2671
2672
2781
2539
2540
3267
3260
2542
2673
3232
2674
2783
2675
2782
2676
2798
2677
2740
2548
2678
2797
2550
2679
3015
2552
2680
3019
2681
2784
2682
2739
2683
2738
2684
2737
2685
2736
2686
2735
2687
2734
2688
2733
2689
2732
2563
2690
2791
2565
2691
3054
2567
2692
3057
2569
2693
3062
2694
2785
2695
2731
2696
2730
2697
2729
2698
2728
2699
2727
2700
2726
2701
2725
2702
2724
2580
2703
2790
2582
2704
3098
2584
2705
3101
2586
2706
3105
2707
2786
2708
2723
2709
2722
2710
2721
2711
2720
2712
2719
2713
2718
2714
2717
2715
2716
3135
2793
2795
2805
2809
3296
2811
2813
2817
2814
2819
2821
2822
3300
2824
2827
2833
2830
2835
2840
2837
3322
2843
2844
2848
2846
2850
2854
2852
3276
2857
2860
2858
2862
2867
2864
3273
2870
2872
2875
2879
2883
2887
2891
2895
3344
2899
2902
2905
3340
2911
2915
2918
2922
2926
2930
2934
2938
3352
2942
2945
2949
3348
2955
2959
2962
2966
2970
2974
2978
2981
3360
2985
2988
2992
2998
2995
3000
3002
3003
3367
3358
3009
3370
3014
3017
3373
3023
3026
3029
3033
3037
3041
3045
3049
3377
3053
3056
3060
3381
3066
3070
3073
3077
3081
3085
3089
3093
3387
3097
3100
3103
3392
3108
3111
3114
3118
3122
3126
3130
3391
3133
3131
3127
3123
3119
3115
3112
3109
3095
3090
3086
3082
3078
3074
3071
3067
3051
3046
3042
3038
3034
3030
3027
3024
3011
2983
2979
2975
2971
2967
2963
2960
2956
2940
2935
2931
2927
2923
2919
2916
2912
2897
2892
2888
2884
2880
2876
2873
2871
3302
3304
3294
2812
2820
2828
2826
2836
2842
2851
2856
2863
2869
2910
2954
2993
3001
3006
3005
3022
3065
3327
3385
2789
3158
3384
3094
3388
3050
3376
2793
3182
3595
3257
3596
2808
3304
3253
3257
3010
3371
3258
3357
3259
3364
2982
3361
2939
3353
2803
3204
3336
2896
3345
2810
3297
3135
3228
2808
3230
3788
2810
3470
4130
3295
3301
2816
3308
2815
2818
2815
2816
3774
4135
2818
3289
3772
3303
3305
2825
3319
2823
3299
2823
3311
3755
2825
2829
3779
2832
3315
2831
2834
2829
3317
3486
2831
2832
4095
3782
2834
3285
3754
2838
2841
2839
3321
2838
2839
3791
3743
2841
3460
3790
2847
3328
3325
3326
2849
3279
3277
3330
2847
3279
3485
2849
3462
3506
2855
3335
2853
3275
2853
3335
3484
2855
3334
3511
2859
3337
2861
3274
2859
3274
3481
2861
3284
3515
2865
2868
2866
3272
2865
2866
3809
3735
2868
3281
3517
2906
3339
2874
2877
3269
3341
2878
2881
2874
3342
3477
2882
2885
2877
2878
3814
3730
2886
2889
2881
2882
3771
4170
2890
2893
2885
2886
3817
3816
2894
3271
2889
2890
3820
3819
2898
2913
2893
2894
3825
3823
2896
2914
3478
2898
3271
3807
2901
3343
2901
3346
3525
2904
2908
2904
3343
3476
2906
2909
3528
2908
2909
4066
3837
2950
3347
2917
2920
2913
2914
3842
3727
2921
2924
2917
3351
3531
2925
2928
2920
2921
3848
3726
2929
2932
2924
2925
3852
3851
2933
2936
2928
2929
3856
3855
2937
3265
2932
2933
3859
3858
2941
2957
2936
2937
3864
3862
2939
2958
3519
2941
3265
3533
2944
2947
2944
3354
3532
2948
2952
2947
2948
3870
3725
2950
2953
3534
2952
2953
4416
3875
2989
3355
2961
2964
2957
2958
3879
3873
2965
2968
2961
3359
3539
2969
2972
2964
2965
3886
3724
2973
2976
2968
2969
3889
3888
2977
3349
2972
2973
3893
3892
2980
3264
2976
2977
3897
3895
2984
3012
2980
3349
3900
2982
3013
3542
2984
3264
3543
2987
3350
2987
3362
3475
2989
2991
3547
2991
3350
3549
2996
2999
2997
3266
3356
2996
2997
3909
3915
2999
3263
3551
3261
3368
3004
3366
3007
3233
3004
3008
3473
3018
3374
3007
3008
3924
3721
3010
3025
3474
3012
3013
4108
3928
3016
3020
3016
3372
3564
3018
3021
3565
3020
3021
3828
3930
3061
3382
3028
3031
3025
3378
3559
3032
3035
3028
3375
3472
3036
3039
3031
3032
3938
3714
3040
3043
3035
3036
3941
3940
3044
3047
3039
3040
3945
3944
3048
3244
3043
3044
3949
3948
3052
3068
3047
3048
3953
3951
3050
3069
3567
3052
3244
3571
3055
3058
3055
3379
3956
3059
3063
3058
3059
3961
3711
3061
3064
3572
3063
3064
4167
3965
3104
3393
3072
3075
3068
3069
3970
3963
3076
3079
3072
3383
3575
3080
3083
3075
3076
3958
3710
3084
3087
3079
3080
3975
3974
3088
3091
3083
3084
3979
3978
3092
3241
3087
3088
3982
3981
3096
3380
3091
3092
3986
3984
3094
3110
3566
3096
3241
3580
3099
3386
3099
3389
3989
3102
3106
3102
3386
3467
3104
3107
3583
3106
3107
4204
4001
3113
3116
3110
3380
3584
3117
3120
3113
3394
3466
3121
3124
3116
3117
4014
3708
3125
3128
3120
3121
4018
4017
3129
3395
3124
3125
4022
4021
3132
3369
3128
3129
4026
4024
3134
3390
3132
3395
4005
3134
3369
3590
3385
3327
3397
3396
3397
3255
3396
3254
3255
3252
3254
3251
3252
3250
3251
3249
3250
3248
3249
3247
3248
3246
3247
3245
3246
3243
3245
3242
3243
3240
3242
3239
3240
3238
3239
3237
3238
3236
3237
3157
3236
3157
3158
4041
3577
3234
3235
3235
3404
3234
3384
3404
3405
3405
3406
3406
3407
3407
3408
3408
3409
3409
3410
3410
3411
3411
3412
3412
3413
3413
3414
3414
3415
3415
3416
3416
3417
3417
3418
3418
3419
3419
3420
3420
3421
3181
3421
3181
3182
4048
4035
3253
3423
3422
3423
3422
3424
3424
3425
3425
3426
3426
3427
3427
3428
3428
3429
3429
3430
3430
3431
3431
3432
3432
3433
3433
3434
3434
3435
3435
3436
3436
3437
3437
3438
3438
3439
3203
3439
3203
3204
4059
4090
3268
3441
3440
3441
3268
3336
3440
3442
3442
3443
3443
3444
3444
3445
3445
3446
3446
3447
3447
3448
3448
3449
3449
3450
3450
3451
3451
3452
3452
3453
3453
3454
3454
3455
3455
3456
3456
3457
3457
3458
3227
3458
3227
3228
4073
3617
3230
3291
4087
3306
3313
3233
3368
4045
3555
3676
3615
3614
3613
3612
3611
3609
3579
3608
3606
3570
3605
3604
3603
3602
3601
3600
3599
3598
3554
3597
3594
3471
3400
3469
3401
3468
3261
3716
3706
3263
3365
3717
3552
3540
3267
3847
3716
3556
3270
4268
3283
3514
3273
3523
3342
3520
3276
3739
3341
3278
3804
3679
3504
3281
3800
3741
3283
3284
4160
3745
3318
7092
7388
7472
3309
3402
3289
3494
3678
3291
3293
3751
3293
3464
3752
3295
3298
3490
3297
3298
4118
3758
3300
3763
3317
3302
3776
3491
3492
3513
3403
3306
4057
3764
3308
3309
4128
3767
3311
3312
4356
3313
4140
4032
4088
5594
3316
3682
3749
3496
3319
4058
4088
4759
5984
3322
3502
3324
3324
3325
3766
3785
3330
3501
3500
3329
4063
3333
3510
3495
3503
3333
3334
4147
3797
3508
3803
3338
3734
3800
3340
3518
3351
3840
3482
3479
3345
3346
3833
3829
3348
3527
3359
3538
3903
3544
3353
3354
4054
3845
3356
3536
3401
3358
3913
3378
3561
3361
3362
3885
3882
3364
3365
4071
4162
3367
3878
3400
3558
3623
3371
3372
4011
3922
3374
3375
3927
3911
3377
3568
3379
3573
3537
3557
3382
3383
4006
3967
3576
3616
3586
3388
3389
3997
3992
3391
3582
3398
3393
3394
4030
3995
3588
3589
3593
3399
3991
3781
3592
3530
3516
3715
3465
3488
3493
3619
3675
3674
3673
3672
3671
3670
3669
3668
3667
3666
3665
3664
3663
3662
3661
3660
3659
3620
3658
3657
3656
3655
3654
3653
3652
3651
3650
3649
3648
3647
3646
3645
3644
3643
3642
3622
3641
3640
3639
3638
3637
3636
3635
3634
3633
3632
3631
3630
3629
3628
3627
3626
3625
3460
3499
4351
3462
3503
4077
3464
3781
4080
4358
3996
4015
3587
4250
3709
4070
3712
4069
4358
3688
3713
3912
4068
3722
4067
3560
4012
3883
3904
3480
4065
3483
4064
3728
3834
3480
3526
4421
3522
3733
3483
3524
4247
3509
3738
3505
4062
3497
4061
3495
3679
3750
3789
3750
4202
4358
3758
3777
3494
3680
3761
4056
3762
4055
3621
3497
3763
4368
3499
3677
4050
3618
3794
3731
3787
3744
3765
3799
3505
3507
4146
3507
4079
4393
3509
3512
4149
3729
4096
3512
3798
4362
3715
3806
3824
3521
3746
3761
3768
3742
3867
3529
3545
3874
4053
3521
3522
4411
4817
3524
3736
4152
3526
3830
4169
3535
3562
3529
3838
4165
3808
3836
3546
3849
3846
3871
3541
3880
3535
3876
4541
3548
3808
3569
4038
3896
3901
3563
4051
3541
3863
4235
3884
3929
3553
4195
3545
3546
4737
4579
3548
3550
4236
3550
3905
4185
3718
3908
3553
3902
4183
3906
3910
3578
4047
3920
4046
3581
4000
3707
4044
3560
3574
4576
3562
3563
4664
4493
3827
3922
3926
3930
3585
3998
3936
3964
3569
3936
4571
3869
3937
3607
3970
3966
4006
3574
3914
4233
3957
3968
3577
3578
4225
4556
3919
3973
3581
3610
4524
3591
3990
4002
4031
3585
4000
4232
3587
4100
4217
4004
4025
4010
4043
3591
3624
4561
3921
4029
3794
4010
3595
3596
4034
3687
3906
4043
3713
4037
3910
4033
4009
4033
3960
4009
3960
4003
3994
4003
3969
3994
3869
3969
3607
3952
4180
3919
3937
3610
3985
4211
3973
4040
3959
4040
3935
3959
3934
3935
3933
3934
3617
3618
4075
4498
4055
4086
4037
4042
3748
3799
3918
4046
3624
4060
4377
3907
4074
3877
3907
3868
3877
3841
3868
3839
3841
3832
3839
3831
3832
3813
3831
3812
3813
3811
3812
3802
3811
3796
3802
3796
3801
3795
3801
3784
3795
3780
3784
3775
3780
3775
3918
3760
3769
3740
3760
3737
3740
3732
3737
3723
3732
3720
3723
3719
3720
3705
3719
3704
3705
3703
3704
3702
3703
3701
3702
3700
3701
3699
3700
3698
3699
3697
3698
3697
4042
3695
3696
3694
3695
3693
3694
3692
3693
3691
3692
3690
3691
3689
3690
3686
3689
3685
3686
3684
3685
3683
3684
3683
4091
4085
4091
4084
4085
4083
4084
4083
4086
3762
4047
3749
3757
3681
3773
3747
3681
3778
4122
3756
3783
4139
4294
4293
4292
3688
4036
4303
4252
4288
4287
4286
4285
4284
4283
4048
4282
4101
4280
4279
4278
4277
4276
4275
4274
4273
3707
4143
4310
4016
4019
3836
4104
3976
4105
3962
4103
4029
4102
4107
3939
3942
4142
3718
4164
4319
4175
4272
3722
3925
4323
4109
3887
3890
3872
4110
3850
3853
3728
3844
4320
3731
4113
3770
3815
4114
4125
3734
4852
4187
3736
3810
4339
4111
3739
4396
3840
4157
3742
4188
4347
3744
3793
4675
3746
4161
4677
3748
3805
4349
4251
3753
4087
3753
4081
4642
4094
5538
4082
4131
3757
4132
4049
4119
3954
3987
6815
4127
4271
4240
4082
4133
4622
3766
4364
3786
3768
4246
4365
4059
4406
3771
4373
4359
3773
3774
4425
4136
4134
3777
3778
4847
4908
4058
4061
4141
4265
3783
4658
4691
4121
3786
3787
4688
4383
3789
4089
4360
3792
4123
3792
3793
4692
4943
4159
4220
4264
3798
4148
4695
4078
4186
4153
4263
3920
4090
3805
4096
4397
3807
4158
3843
4173
3810
3867
4407
4242
4261
4260
3815
4064
4168
3818
3821
3818
4171
4166
3822
4076
3821
3822
4413
4414
3824
3826
4422
3826
4076
4429
3828
4333
3931
3830
3835
4433
4120
4259
3834
3835
4598
4711
4189
3838
4313
4438
4174
4258
4117
3843
3844
4553
4716
3846
4331
4404
3917
4177
3849
3850
4448
4445
3854
4052
3853
3854
4452
4450
3857
3860
3857
4052
4455
3861
3865
3860
3861
4457
4443
3863
3866
4321
3865
3866
4612
4721
4112
4239
4257
3871
3872
4521
4462
3874
3879
4593
3876
4416
4179
4178
3921
4067
3880
4441
3923
3987
4391
3883
4329
4591
3885
4326
4329
3887
4051
4387
3891
4098
3890
3891
4471
4467
3894
3898
3894
4098
4181
3896
3899
4474
3898
3899
4568
4734
3901
3902
4607
4327
3904
3905
4480
4585
4116
4192
3909
4600
3916
4262
3912
4491
4481
3914
4069
4483
3916
3917
5015
5114
4176
4270
4201
4150
4013
4399
5021
3925
4097
4748
3927
4641
4491
3929
4129
4495
3931
4984
3993
5081
5317
4041
4194
4203
4228
4227
4234
3939
4068
4205
3943
3946
3942
3943
4486
4755
3947
4093
3946
3947
4760
4758
3950
3953
3950
4093
4207
3952
3953
4507
3972
4391
3988
4569
4749
4038
4039
3958
4510
4105
4213
4226
3962
4039
4209
3964
3970
4514
3966
4167
4516
3968
4008
4517
4193
4332
4399
5497
5140
5716
4106
3975
4099
3976
4596
4408
5081
5274
3980
4092
3980
4099
4525
3983
3986
3983
4092
4212
3985
3986
4532
4735
4548
5017
3992
4100
3991
4620
4266
3999
4534
4916
4301
3996
4030
4768
3998
3999
4563
4770
4550
4002
4302
4536
4216
4005
4222
4060
4008
4717
5085
7589
5022
4208
4221
4012
4013
4578
4778
4015
4016
4466
4624
4020
4072
4019
4020
4544
4542
4023
4027
4023
4072
4575
4025
4028
4547
4027
4028
4615
4781
4191
4031
4315
4454
4761
4224
4035
4036
4300
4968
4289
4560
4588
4206
4225
4172
4281
4045
4253
4097
4630
4241
4300
4050
4647
4351
4144
4115
4054
4456
4331
4154
4057
4637
4621
5538
4145
4138
4539
4063
5124
4147
4218
4066
4605
4313
4155
4255
4504
4071
4465
4163
4184
4074
4075
4546
4499
4229
4078
4079
4602
4631
4081
4265
4698
4126
4124
4299
4298
4297
4089
4439
4964
4145
4269
4295
4214
4095
4992
4658
4372
4151
4230
4182
4528
4424
4530
4512
4616
4167
4196
4338
4464
4309
4314
4509
4290
4304
4129
4195
4308
4316
4197
4416
4325
4400
4348
4407
4330
4405
4384
4469
4451
4613
4334
4636
4336
4432
4119
4342
4634
4343
4428
4344
4470
4501
4674
4351
4629
4352
4628
4308
4325
4245
4368
4354
4623
4137
4246
4681
4202
4342
4243
4356
4648
4683
4140
4199
4361
4584
4136
4137
4426
4581
4223
4376
4369
4370
4356
4344
4584
4143
4177
4813
4386
4493
4200
4394
4694
4148
4948
4363
4395
4156
4489
4254
4748
4248
4340
4402
4557
4403
4520
4156
4324
4788
4354
4400
4423
4552
4500
4549
4161
4346
4785
4163
4164
5145
4959
4438
4738
4412
4419
4219
4374
4420
4434
4171
4359
4417
4291
4424
4238
4565
4336
4435
4312
4389
4361
4444
4446
4380
4447
4198
4540
4508
4777
4231
4567
4526
4596
4328
4538
4542
4574
4237
4587
4187
4188
4854
5044
4337
4565
4617
4747
5538
4489
4519
4447
4513
4490
4503
4492
4555
4497
4210
4558
4198
4463
4754
4244
4460
4201
4610
4645
4791
4461
4492
4250
4302
4256
4485
4314
4484
4215
4746
4479
4506
4210
4590
5229
4533
4763
4296
4742
4478
4484
4215
4758
5074
4505
4531
4476
4529
4219
4249
4994
4402
4470
4475
4549
4223
4547
4986
4355
4506
4554
4479
4505
4515
4572
4461
4478
4415
4429
4231
4468
4724
4551
4562
4564
4577
4442
4566
4322
4440
4237
4238
5352
5224
4380
4432
4403
4437
4437
4618
4392
4436
4244
4245
5011
4970
4353
4248
4249
5508
5319
4477
4502
4798
4401
4559
4254
4311
4825
4256
4482
5080
4503
4566
4268
4608
4343
4435
4410
4428
4410
4436
4355
4636
4390
4392
4390
4557
4266
5469
4573
4782
5272
4346
4306
4370
4442
4509
4367
4638
4312
4316
4385
4389
4385
4388
4382
4388
4381
4382
4379
4381
4379
4635
4378
4635
4378
4530
4334
4475
4350
4357
4345
4350
4341
4345
4335
4341
4318
4335
4317
4318
4317
4559
4290
4291
5091
4886
4401
4427
4307
4427
4307
4369
4296
4527
4885
4352
4520
4305
4306
4305
4628
4603
4490
4531
4643
4304
5604
5201
4655
4874
4661
4871
4511
4595
4311
4813
5450
4831
4849
4827
4537
4653
4656
4693
4869
4599
4960
4597
4718
4322
4723
5111
4324
4750
4900
4701
4496
4662
4328
4903
5115
4663
4469
4668
4669
5017
5652
4780
4906
4673
4684
4868
4338
5028
4909
4340
4409
5122
4697
4866
4682
4841
4690
4786
4348
5046
5722
4397
4601
4678
4829
4366
4583
4680
4703
4603
4940
4375
4502
4708
4686
4363
4783
5493
4676
4687
4366
4367
4929
5109
4627
4828
4872
4430
4534
5256
4398
4405
4374
4375
4933
4418
4377
4877
4753
4745
4860
4858
4773
4857
4384
5068
5141
4672
4387
4855
4472
4732
4856
4710
5592
4824
4394
4633
5148
4396
5359
4608
4398
5487
5954
4667
4845
4830
4776
4522
4671
4702
4610
4623
4409
4713
5554
5717
4651
4796
4961
4413
5293
4414
4415
5169
4418
4419
5135
5168
4421
5024
4604
4423
4431
5170
4704
4426
4501
4582
4689
4870
4431
4543
5570
5760
4826
4434
4711
4969
4707
4822
5084
4849
4454
5618
4441
5349
4593
4730
4459
4611
4714
4715
4449
4452
4719
4814
4720
4449
4580
5026
4451
4452
4976
4654
4712
4867
4535
4458
4613
4594
4670
4458
4459
5207
5173
4639
4709
4725
4463
4523
5204
4465
5106
5146
4625
4660
4468
4473
4979
4795
4836
4472
4473
5071
5214
4606
4734
4733
4477
4862
4646
4775
4794
4586
4592
4482
4934
5221
4504
4564
4744
4486
5036
4807
4548
4569
5932
4780
5234
6004
4819
4812
4844
4789
4666
4535
4570
7538
4496
4800
5237
4538
4681
4499
4500
4816
5003
4705
4990
4685
4512
4696
4792
4508
4746
5013
4726
4511
4518
5260
4679
4546
4766
4515
4777
5032
4558
4764
4518
5095
5335
4616
4767
4765
4522
4523
5059
5257
4609
4763
4526
4527
5269
5265
4529
4772
5052
4769
4861
4533
4742
5041
5060
5537
4537
4644
4892
4756
4617
4627
4541
5244
4665
4545
4729
5958
4545
4624
5284
4816
4781
7570
4790
4551
4609
5057
4553
6003
4716
4555
4556
4838
4618
4811
4846
4657
4571
4589
4620
4753
4563
5268
4770
4659
4743
4851
4568
5603
4734
5154
5772
7535
4572
5792
4626
5795
4575
5412
4614
4577
4578
5053
4779
4580
4739
4981
4582
4583
4706
5065
4873
4586
4587
5103
5354
4589
4590
4996
5220
4592
4985
5062
4594
5758
4596
5182
4598
5492
4711
4600
5669
5033
4602
5056
4632
4968
4605
5097
4921
4607
5083
4903
4640
5385
4863
4612
5174
4721
4731
4615
5380
4974
4652
4650
4840
4736
5179
5847
5330
4622
4835
4639
4823
4625
5489
4815
5876
4740
4848
4649
4797
4645
4715
4632
4633
5371
4988
4866
4880
4832
4859
4638
4834
4837
4939
4786
4809
4752
4843
4699
4833
4644
4646
5242
4804
5240
4648
4649
5580
5425
4741
5029
4883
4884
4888
5077
4768
4891
4713
5198
4894
4931
4895
5075
4896
4945
4897
4679
5100
4768
4774
4899
5035
4663
5113
4985
4665
4666
5218
5471
5007
5048
4902
4904
4670
4671
5118
5177
4978
5006
4905
4907
4700
4908
4676
4943
5151
4787
4796
4913
4944
5078
4915
5048
4800
4920
5004
4691
4799
4922
4954
4925
5069
4889
4966
4688
5131
5068
4927
5035
4913
4928
4897
4797
4942
4945
5064
4801
5124
4783
4802
4949
5063
4928
4954
4699
4951
5625
4882
4955
4914
5007
4902
5285
4923
5040
4887
5039
4706
4955
5066
4920
4957
4757
4964
4965
5010
4972
5009
5147
7559
6214
4805
4889
4803
4718
4722
4971
5180
4784
5114
4924
4975
4723
4727
7588
6162
4980
5164
4982
4983
4973
5008
4950
5152
5060
5247
7592
5183
5261
4973
5038
4977
5206
4930
5006
4907
4991
5619
6797
4759
7550
4738
4739
5209
5343
4741
4970
5368
4875
4995
4997
4952
4993
4898
5000
4806
4992
4999
4750
5652
7586
5560
4771
4917
5441
4984
5628
5093
5243
5289
4760
4807
5001
5186
4989
5893
4762
6101
4762
5152
5660
5779
5012
4818
5022
4967
5005
4926
4975
4821
4956
4898
5039
4772
5166
6350
5831
4919
5061
4893
5047
4983
4993
4967
5049
4808
4779
4780
5054
4974
4850
5154
5016
5055
5632
4786
4787
5051
4820
4901
4839
4982
4991
5019
4798
4878
4962
5040
4809
5291
5359
4949
4962
4932
5185
4810
4842
5346
5320
5334
5002
4879
5150
4879
4948
4804
4805
4865
5125
5031
5082
4998
5030
5032
5050
5058
5086
4946
4972
4918
4925
4814
5101
4850
5183
4890
4853
4961
5072
5175
4820
4821
5654
5636
4884
4937
4864
4915
4937
5009
5156
5450
4953
5073
4952
5008
4899
4912
4947
5005
4946
5076
4895
5079
4941
5000
4964
5893
4835
4936
4938
5043
5076
4935
5187
4839
4840
5382
5104
4911
5043
5386
5404
4844
5387
4934
4896
4927
5072
5512
4880
4908
4931
4947
4921
5661
5038
5069
4853
4854
5087
5045
5070
5225
4978
5079
4930
5061
4924
4953
4905
4923
4919
4941
4918
5063
5090
5241
4864
4865
5681
5126
4878
6224
7580
4957
5073
4922
5064
4883
5004
4914
5075
4910
4912
4911
4966
4894
4910
5018
5041
5635
5786
6521
4987
5092
5094
4963
4881
4882
5391
5144
5399
5411
5018
5266
4887
5407
5445
4956
5105
5107
4926
5003
4892
4893
5454
5491
5277
5419
5142
5283
5136
5228
4901
5516
5708
5389
5541
4932
5116
5117
4984
5089
5120
5134
5137
5121
5415
5233
5364
5347
5160
5958
7595
5355
6256
5130
5342
5351
5531
5396
5408
5161
5181
5158
5255
5422
5067
5132
5133
5212
5324
4958
5135
5500
4936
5530
5501
5379
4939
5271
5020
4944
5138
5139
4943
5403
5143
5394
5358
5340
5124
5348
4971
7594
5469
5518
5157
5227
5401
5356
5163
5172
4994
5165
4960
5145
5162
5410
5239
5016
5336
5020
5420
5171
5416
5604
5023
5327
5559
7531
5339
5176
5573
5252
4977
5098
5566
5210
4980
5214
5778
5025
5343
5202
5331
5119
4987
5573
5574
5149
5373
4990
5208
5345
5374
5283
5258
5279
5027
5642
5219
5223
5217
5224
5037
5213
5029
5211
5231
5002
5622
5590
5019
5108
5409
5367
5357
5286
5363
5011
6113
5559
5042
5250
5030
5031
5032
5417
5792
5033
5114
5034
6042
5323
5159
5607
5259
5533
5095
5024
5839
5096
5026
5551
5098
5028
5568
5137
5325
5360
5232
5600
5112
5493
5262
5037
5080
5264
5226
5397
5426
5042
5610
5361
5045
5046
5088
5762
5167
5489
5276
5278
5328
5051
5280
5086
5090
5273
5054
5100
6004
5101
5282
5155
5372
5267
5385
5329
5410
5177
5257
5581
5123
5102
5190
5338
5406
5066
5067
5640
5633
5245
5400
5071
5859
5214
5377
5395
5082
5184
5366
5414
5078
5664
5615
5128
5222
5748
5392
5362
5542
5104
5328
5216
5365
5298
5088
5275
5428
5287
5675
5402
5099
5407
5093
5694
5388
5391
5398
6009
5097
5821
5485
5421
5201
5370
5281
6233
5103
5815
5354
5384
5467
5664
5134
5854
5127
5552
5452
5631
5132
5187
5460
5608
6233
5349
5461
5350
5462
5119
5238
5186
5543
5468
5470
5449
5472
5178
5189
5190
5376
5472
5475
5589
5230
5480
5453
5481
5126
5127
5683
6126
5451
5488
5174
6162
6200
5459
5484
5153
5246
5734
5453
5494
5193
5188
5448
5499
5503
5201
5604
5502
5506
7555
7585
5185
5245
5505
5511
5370
5456
5507
5672
5146
5854
5205
7590
5149
5150
5692
5575
5153
5405
5725
5677
5765
5487
5665
5560
5609
5486
5536
5159
5254
5375
5611
5682
5253
5514
5191
5544
5447
5637
5194
5603
5381
5545
5216
7575
5532
5534
5188
5236
5235
5313
5203
5760
5552
5612
5553
5572
5174
5558
5192
6009
5515
5569
5178
6012
5786
7549
5312
6003
5484
5563
5199
5341
6018
5562
5779
5684
5337
5248
5381
5196
5758
5197
5649
5669
5295
5378
5504
5597
5495
5509
5200
5717
5722
5434
5561
5705
5768
5205
5808
5260
5295
5430
5522
5333
5383
5299
6003
5289
5300
5263
5207
6011
5558
5571
5710
5301
5546
5451
5455
5294
5302
5457
5535
5576
5779
7239
7500
7596
5441
5529
5641
5290
5528
5220
5578
5288
5222
5520
5793
5303
5792
5353
5304
5471
5444
5515
5514
5583
5496
5513
5288
5512
5306
5508
5499
5502
5360
5393
5496
5589
5287
5307
5308
5760
5293
5591
5238
5590
6148
5463
5595
5241
5242
5596
5454
5244
5662
5290
5246
5616
5256
7546
5483
5736
5310
5625
5893
5311
5385
5312
5476
5492
5253
5254
6054
5980
5511
5540
5587
5300
5332
5536
5619
7597
5335
5579
5876
5513
5540
5773
7554
5602
5794
5266
5270
6165
5268
5720
5824
5270
5341
6568
5501
5606
5932
7533
5979
6069
5344
5555
5318
5410
5478
5611
5475
5535
5464
5613
5292
5319
5291
5297
5615
5978
5460
5650
5320
5438
5727
5321
5487
5486
5569
5322
5620
5305
5630
5350
5306
5545
5313
5296
5320
5539
5429
5548
5298
5639
5577
5309
5557
6392
5314
5531
5326
5547
5418
5517
5674
5737
5690
6392
5523
5784
5978
5309
5316
5721
5527
5571
5645
5720
5557
5315
5490
5565
5316
5643
5803
5344
5581
5428
5430
5508
5390
5666
5588
5617
5646
6165
5550
5687
5326
5369
5962
5477
5492
5432
5549
5577
5469
5686
5332
5333
6085
6152
5429
5580
6009
5462
5575
5621
6068
5459
5482
5458
5474
5457
5627
5427
5481
5506
5546
7524
5346
5710
5398
5634
5656
5482
5595
5960
5638
5553
5631
5353
5354
5479
7432
7455
5507
5640
5478
5634
5474
5651
5493
5626
5498
5653
5510
5603
5458
5473
5424
5456
7415
7531
5656
5670
5455
5494
5369
5556
5706
5679
5372
5373
5667
5659
5375
5376
5981
6070
5378
5764
5753
5473
5605
5413
5435
5593
5383
5384
5819
5432
5425
5431
5500
5629
5436
5686
5390
5468
6024
5671
5393
5586
5897
5505
5673
5572
5583
5657
5668
5446
5448
5437
5452
5623
5444
5563
5423
5657
5443
5917
5404
5405
5810
5951
5668
5673
5678
5449
5599
5442
5627
5605
5623
5413
5438
5926
5651
5653
5498
5612
5442
5464
5418
5626
5701
5488
5670
5689
5700
5584
5585
5423
5424
6098
5946
5580
5463
5599
5539
5698
5762
5431
5549
5567
5613
5434
5466
5960
5844
5440
5573
5526
5696
5697
5763
5439
5519
5938
5601
5939
7433
5801
5596
5921
5703
5446
5680
5953
5467
5911
5704
5909
6233
5877
5755
5915
5729
5733
5787
5743
5789
5879
5731
5465
6162
5707
5852
5934
5466
5928
5709
5896
5742
5550
5908
5528
5712
5714
5724
5856
5477
5730
5715
5843
5529
5830
5521
5717
5718
5829
5530
5855
5719
5531
5564
5723
5732
5727
5728
5835
5729
5798
5813
5738
5778
5739
5533
6074
5740
5923
5520
5899
5822
5504
5769
5992
5726
5800
5858
5510
5826
5751
5875
5752
5907
5814
5756
5560
5747
5578
5750
5524
5625
5534
5727
5685
5522
5523
6078
6046
5525
5686
5526
5527
6172
6157
5674
5791
5916
5798
6089
7598
5771
5805
5832
5725
7539
5871
5937
5542
5543
6171
5754
5598
5854
5757
5835
5548
6008
5775
5863
6040
5585
5614
5761
5869
5555
5808
7525
5785
6149
5881
6221
5785
5790
6012
5576
5586
5770
5565
5848
6013
5584
5774
5775
5810
5647
5769
5777
5579
5587
5823
5802
5601
5695
5783
5602
6034
5624
7517
7593
5853
6012
6392
5797
5886
5699
5931
7518
5784
6028
5840
6141
5593
5643
6102
7585
6036
7558
7584
5711
5729
5598
5702
5688
5895
5632
5669
5809
5862
5780
5607
5891
5644
5609
6086
5747
5645
5646
5825
5930
5820
5833
5835
5834
5658
5836
5796
5837
5772
6101
7512
5624
5752
5622
6138
6133
5889
5860
5745
5929
5629
5675
6191
5663
5676
5857
5648
5735
5759
5861
5841
7583
5637
5655
6258
5639
6135
6105
5759
5642
5924
5647
5874
5689
5781
6065
5811
5878
5649
5650
5688
5864
5838
6177
5870
5655
5894
6007
5910
5884
5677
5913
5691
5885
7584
7594
6198
7563
5663
5690
6117
5901
5666
5667
6115
5885
5741
5713
5672
5697
5904
5744
5676
5796
5918
5951
5679
5680
5788
6316
5682
5683
6088
6127
5687
5836
5920
6191
5799
5842
5806
6118
5692
5972
5783
5796
5880
6191
5695
5696
6409
6722
5890
5812
6568
5833
5887
5766
6113
5746
5750
5949
5997
5950
5998
5952
6043
5927
6148
5962
6149
6027
6134
5749
5894
5845
6121
5763
5957
5959
6072
6131
5961
6129
5963
6057
5839
5964
6032
7269
5999
6044
5968
5969
6377
5804
5882
5762
5973
6001
5967
5974
7574
5975
6020
6015
6075
5883
6033
6099
6108
5961
5982
5976
5983
5735
5736
6166
6160
5859
5867
5827
5986
5965
5987
5988
6109
5989
6038
5990
6103
5970
5991
5975
5989
5746
5898
6272
5749
7571
7595
6364
5955
5776
6171
5764
5872
5948
6068
6171
5994
5996
5998
6019
6000
6123
5960
5866
6002
6128
6073
5903
6198
7586
5807
6247
6067
6175
6377
5815
5816
6005
5950
5968
6090
6139
7527
7375
7551
5782
6011
6016
5828
6094
6001
6019
5817
6022
6057
5892
6021
5888
5943
6025
5834
6030
7566
5788
5947
6207
5963
5967
5846
6031
5851
6010
5794
5920
6553
7565
7572
5971
6041
5922
5914
6039
5999
6045
5936
6037
5971
6048
5804
5995
6193
5970
6049
5807
6050
6192
7553
5933
6409
6051
6052
6066
5873
6052
5983
6059
6041
6055
5830
5850
5993
5859
5865
6017
6051
6106
5820
6179
5935
5839
5848
6045
6063
6093
6182
5831
6382
6064
6087
5827
5828
6499
6697
5959
5985
5849
6069
5973
6081
6075
5902
5912
6029
6079
5974
6076
5987
6084
7567
7578
5864
5997
6064
6080
5845
5846
6447
6440
6521
7582
6006
5850
5851
6510
6418
5957
6035
6031
6140
6091
6174
6049
6084
5994
6112
5866
5906
5903
5956
6023
6080
6132
6257
6061
6077
6107
5868
5986
6181
5868
5919
6267
6048
6112
6076
6109
5872
5873
6398
6438
5995
6053
6020
6104
7565
5976
5982
5925
6110
5969
5985
6079
6083
5882
5883
6374
6464
6038
6082
6114
5887
5888
6436
6483
5996
6022
5905
6096
5892
5900
6278
5942
6035
6125
6124
6220
5898
6058
6489
5900
5916
6294
5902
6255
6298
5948
5905
5906
6459
6505
5965
6047
5990
6097
6125
6131
6023
6129
6122
6307
5913
5914
6106
6261
6044
6059
6092
5944
5979
5919
6119
6308
6083
5922
5945
6318
6043
6063
5925
6010
6457
5938
5939
5993
6437
5943
6200
5991
6037
5988
6002
6058
6132
7489
5941
6411
5935
5936
6443
6458
6047
6104
6137
5940
5941
6142
6408
5966
6364
6120
5945
6180
6297
5947
6305
6513
6242
5992
6143
6145
6051
5953
6146
6147
6102
6177
5956
6423
6451
6271
7560
6187
6158
5977
6317
6006
6033
6155
6007
6253
6156
6206
6194
6274
6292
6026
6116
6159
6231
6232
6169
6008
6328
6004
6100
5981
6056
6071
6168
6167
7558
7582
6217
6473
6262
6323
6225
6287
6304
6161
6236
6235
6245
6215
6202
6264
6238
6046
6188
6189
6222
6111
6161
6014
6280
6275
6240
6221
6014
6015
6422
6385
6017
6275
6378
7560
7563
6268
6270
6050
6273
6199
6201
6103
6136
6026
6027
6389
6387
6029
6298
6351
6113
6203
6205
7216
7568
6218
6060
6105
6208
6053
6123
6211
6324
6040
6299
6062
6237
6074
7569
6277
6322
6216
6254
6283
6284
6269
6243
6196
6265
6055
6056
6400
6560
6170
6516
6291
6061
6501
6414
6097
6259
6212
6321
6066
6067
6442
6491
6094
6163
6071
6072
6562
6426
6093
6096
7552
6241
6293
6078
6415
6254
6213
6276
6085
6445
6098
6234
6553
6229
6302
6099
6239
6088
6453
6127
6090
6320
6335
6092
6381
6295
6313
6095
6138
6197
6154
6285
6305
6326
6163
6176
7508
7515
6209
6281
6479
6260
6108
6363
6468
6164
6111
6497
6475
6228
6115
6116
6136
6282
6118
6119
6140
6151
6121
6484
6493
6124
6153
6288
6315
6286
6127
6128
6635
6195
7268
7393
7472
6325
6306
6141
6437
6135
6643
6504
6190
6139
6142
6771
6144
6150
6148
6406
6354
6394
6335
6407
6336
6410
6388
6509
6316
6508
6204
6151
6550
6339
6179
6301
6334
6359
6314
6518
6338
6344
6345
6481
6173
6182
6348
6379
6349
6488
6174
6184
6185
6382
6358
6455
6568
6181
6184
6342
6355
6348
6360
6355
6360
6337
6357
6173
6178
6223
6183
6176
6490
6180
7509
6226
6722
6186
6219
6249
6263
6250
6446
6248
6354
6476
6303
6443
6367
6369
6289
6347
6349
6370
6210
6282
6244
6413
6246
6373
6372
6376
6368
6379
6366
6380
6365
6543
7513
6357
6362
6221
6368
6393
6363
6394
6204
6247
6625
6441
6550
6336
6372
6316
6515
6395
6477
6210
6399
6613
6356
6371
6401
6404
6311
6353
6230
7571
6362
6439
6403
6404
6367
6376
6422
6466
6461
6492
6251
6255
6386
6517
6227
6263
6230
7581
6416
6417
6227
6411
6563
6412
6428
6420
6429
7532
6345
6424
6417
6432
6396
6462
6412
6439
6330
6511
6425
6444
6361
6403
6252
6364
6419
6456
6435
6450
6397
6451
6244
6454
6527
6246
6266
6589
6375
6249
6250
6507
6710
6383
6421
6253
6327
6449
6346
6331
6512
7454
6310
6553
6280
6307
6300
6487
6261
6467
6341
6344
6420
6405
6410
6470
6266
6290
6593
6309
6472
6370
6470
6429
6433
6432
6474
6369
6477
6423
6503
6279
6434
6433
6478
6480
6393
6402
6388
6401
6279
6296
6572
6580
6460
6474
6390
6338
6460
6428
6482
6431
6485
6395
6486
6399
6431
6289
6290
6975
6843
6342
6471
6444
6482
6358
6424
6295
6296
6540
6740
6319
6461
6332
6300
6341
6631
6302
6303
6495
6632
6356
6478
6463
6312
6519
6333
6309
6340
6638
6311
6312
6780
6822
6314
6405
6602
6343
6421
6337
6481
6319
6320
6799
6673
6402
6452
6361
6471
6386
6455
6396
6416
6427
6486
6327
6469
6628
6502
6625
6330
6365
6771
6565
6332
6384
6352
6334
6630
6574
6524
6586
6620
6530
6340
6663
6670
6558
6597
6359
6523
6525
6600
6347
6731
6676
6534
6526
6512
7485
6352
6353
6831
6785
6554
6531
6529
6552
6564
6627
6570
6567
6648
6547
6657
6442
6662
6533
6555
6652
6587
6458
6535
6536
6374
6734
6465
6413
6537
6538
6382
6467
6607
6541
6438
6542
6446
6539
6384
6779
6718
6450
6577
6545
6391
6644
6549
6390
6391
6615
6849
6546
6617
6653
6569
6398
6792
6651
6606
6425
6561
6551
6571
6609
6582
6610
6407
6408
6603
6430
6722
6650
6430
6566
6576
6415
6800
6731
6575
6654
6419
6510
6735
6584
6592
6577
6598
6581
6601
6427
6750
6745
6655
6623
6590
6556
6626
6588
6454
6760
6436
6872
6754
6771
6651
6636
6441
6448
6878
6682
6532
6596
6488
6494
6578
6448
6493
6769
6579
6629
6583
6544
6453
6640
6635
6585
6573
6457
6646
6496
6532
6506
6518
6595
6621
6463
6679
6514
6465
6466
6942
6787
6557
6469
6548
6789
6656
6605
6473
6811
6498
6616
6476
6804
6795
6528
6639
6500
6504
6502
6607
6608
6637
6484
6754
6801
6487
6622
6624
6813
6647
6503
6520
6491
6492
6682
6744
6559
6495
6821
6633
6497
6706
6765
6499
6818
6697
6501
6739
6793
6691
6660
6645
6506
6507
6877
6897
6509
6692
6781
6511
7247
6770
6514
6515
6868
6692
6519
6520
6635
6642
6649
6522
6814
7540
6814
6824
6669
6672
6673
6808
6674
6683
6675
6712
6677
6758
6680
6714
6681
6812
6683
6776
6684
6749
6634
6685
6829
6686
6796
6681
6687
6688
6773
6625
6689
6685
6688
6540
6694
6741
6695
6796
6662
6696
6604
6697
6599
6791
6693
6701
6702
6751
6548
6619
6905
6704
6782
6663
6704
6711
6716
6777
6618
6763
6695
6702
6723
6774
6558
6724
6748
6726
6803
6561
6562
6858
6750
6591
6611
6728
6729
6659
6883
6732
6762
6719
6761
6678
6752
6686
6749
6641
6751
6742
6759
6693
6729
6667
6753
6752
6757
6690
6758
6664
6755
6825
6580
6766
6630
6699
6728
6711
6747
6665
6866
6674
6715
6677
6772
6743
6773
6675
6700
6709
6737
6594
6733
6591
6603
6862
6669
6778
6594
6898
7020
6776
6783
6698
6730
6684
6721
6599
6661
6857
6699
6786
6730
6945
6612
6725
6809
6658
6834
6721
6761
6614
6775
6668
6703
6786
6719
6747
6611
6612
7100
7005
6614
6615
7193
6963
6720
6783
6618
6619
7049
7099
6703
6716
6798
6805
6723
6806
6715
6737
6713
6746
6720
6727
6753
6807
6629
6790
6767
6666
6748
6817
6633
6634
7114
6687
6732
6819
6698
6707
6671
6810
6709
6812
6641
6642
6893
6701
6644
6645
6826
6738
6705
6736
6712
6820
6777
6819
6725
6764
6708
6743
6717
6714
6829
6680
6713
6727
6757
6707
6762
6700
6708
6658
6659
7125
6985
6661
6816
6914
6784
6794
6665
6788
6848
6667
6768
6876
6724
6756
6919
6671
6902
6972
6807
6835
6836
6950
6865
6837
6911
6838
6679
7035
6869
6928
6956
6744
6937
6906
6859
6844
6867
6940
6690
6691
6926
6756
6870
6873
6755
6841
6845
6717
6846
6891
6900
6886
6893
6850
6894
6920
6706
7074
6885
6907
6941
6959
6825
6897
6852
6887
6949
6955
6948
6889
6854
6831
6953
6855
6863
6935
6954
6925
6895
6769
6952
6856
6957
6922
6874
6909
6861
6734
7131
6943
6736
7247
7026
6921
6739
6827
7159
6741
6742
6842
7029
6871
6805
6746
6971
7036
6934
6924
6892
6923
6884
6908
6960
6802
6939
6882
6840
6930
6760
6961
6828
6918
6915
6795
6879
6877
6880
6804
6885
6767
6768
7060
7050
6888
7463
7484
6828
6938
6890
6775
7000
7070
6917
6936
6779
7120
7084
6785
6823
6782
7064
7081
6847
6832
6927
6901
6864
6788
6944
7091
6790
7053
7061
6792
7107
6854
6800
6947
6902
6916
6904
6958
6978
7150
6799
7002
6836
6910
6802
6803
6965
6993
6903
6832
6830
6929
6932
6809
7128
7024
6811
6912
6833
6951
6817
6830
6816
6978
7269
7250
6860
6833
6834
6946
6821
7044
7220
6823
6824
7072
7222
6881
6827
6851
7256
6933
6875
7113
6901
6839
6899
7111
7083
7096
6974
6853
6975
6976
7108
7045
7138
6979
7006
6842
6980
7030
6898
6975
6981
7121
6982
6989
6927
6983
6984
7025
7092
7119
6851
6963
6989
7058
6964
6994
7033
7080
7116
7109
7004
7022
6979
7007
7014
7107
6923
6945
7016
7103
7018
7112
7021
7094
7024
7101
7007
7025
7028
7077
7034
7065
6872
7038
7068
7114
6869
6870
7296
7064
6977
7042
6965
7051
7066
7041
7129
6998
7016
7052
7063
6897
6888
6916
7048
7054
6881
6896
7047
6926
7056
6966
7247
6968
7058
7059
6987
7034
7043
7065
6967
7067
7073
7012
7042
7041
7069
6981
7071
6968
7073
7077
6896
7078
7163
7115
6913
7111
6996
7028
6969
7087
6904
7136
7089
7053
7095
7019
7071
7069
7090
7006
7055
6910
6911
7093
7079
6913
6973
7228
7014
7142
7090
7094
6970
6984
7017
7004
7040
7039
7096
7033
7082
6991
7097
7032
7051
6971
6925
7018
7057
6931
7085
7088
7105
7104
7106
6931
7108
7305
6990
7098
6962
7027
6994
7022
7019
7040
7015
7067
7011
7017
6976
7110
7013
7047
7012
7103
6977
6987
6943
6944
7260
7267
7123
7015
7021
7023
7159
7097
7118
7037
7088
7011
7118
6997
7010
7008
7122
7001
7084
6999
7104
6998
7105
6997
7068
6996
7032
6982
7121
6991
7010
6990
7063
6962
7031
7146
7193
6988
7243
6992
6986
7046
6970
7009
7066
7001
7072
7086
7230
6973
7324
7336
7003
7127
7272
7270
7599
7153
7013
7139
7141
7164
6995
7143
7144
6986
7126
7253
7192
7205
7256
7147
7366
7203
6993
7134
7122
7204
7109
7148
7149
7187
7227
7000
7398
7180
7354
7003
7045
7263
7288
7078
7102
7152
7190
7009
7239
7266
7171
7240
7211
7172
7210
7194
7154
7208
7309
7201
7117
7130
7156
7359
7093
7191
7282
7209
7046
7075
7110
7274
7158
7030
7031
7140
7286
7241
7235
7221
7055
7161
7037
7439
7292
7119
7133
7120
7162
7297
7207
7262
7044
7326
7361
7457
7168
7184
7049
7334
7206
7052
7062
7167
7335
7165
7089
7169
7170
7057
7400
7310
7174
7076
7135
7061
7062
7166
7311
7346
7461
7185
7173
7223
7351
7234
7137
7179
7178
7244
7242
7075
7076
7340
7322
7217
7219
7080
7145
7381
7082
7461
7291
7098
7182
7183
7138
7231
7087
7276
7324
7215
7225
7188
7092
7267
7145
7157
7099
7195
7197
7218
7365
7206
7101
7102
7342
7337
7200
7212
7233
7124
7202
7109
7213
7151
7132
7113
7186
7124
7220
7116
7117
7475
7441
7189
7226
7224
7160
7237
7129
7230
7232
7126
7132
7369
7128
7275
7357
7446
7131
7300
7259
7214
7134
7355
7238
7136
7375
7358
7177
7243
7176
7140
7248
7408
7249
7308
7155
7250
7231
7364
7251
7350
7252
7255
7287
7257
7316
7210
7363
7261
7281
7511
7573
7262
7270
7264
7307
7264
7265
7246
7294
7245
7352
7278
7279
7279
7328
7281
7356
7256
7249
7285
7289
7296
7199
7347
7184
7295
7257
7285
7166
7196
7329
7175
7304
7254
7339
7306
7334
7290
7307
7284
7333
7302
7312
7174
7175
7316
7514
7378
7457
7181
7319
7308
7501
7180
7181
7573
7511
7198
7320
7224
7376
7312
7325
7345
7277
7399
7284
7327
7323
7328
7298
7321
7265
7330
7205
7317
7271
7315
7243
7278
7349
7196
7332
7521
7198
7199
7479
7519
7258
7294
7329
7521
7314
7338
7313
7333
7236
7451
7319
7331
7303
7348
7251
7283
7330
7350
7353
7258
7273
7314
7398
7273
7305
7228
7370
7293
7301
7395
7445
7299
7356
7298
7313
7295
7360
7361
7315
7345
7244
7250
7280
7349
7362
7341
7358
7355
7388
7246
7367
7229
7336
7545
7439
7373
7277
7368
7301
7367
7303
7323
7236
7372
7556
7238
7239
7596
7283
7321
7261
7304
7280
7299
7245
7377
7277
7302
7466
7306
7442
7318
7380
7254
7371
7490
7274
7396
7387
7423
7260
7393
7268
7444
7272
7275
7397
7383
7541
7276
7403
7268
7561
7271
7274
7273
7447
7419
7412
7418
7427
7443
7343
7357
7386
7431
7494
7287
7408
7463
7335
7346
7290
7291
7473
7372
7293
7428
7467
7399
7440
7461
7311
7335
7390
7414
7392
7462
7394
7459
7417
7456
7400
7341
7379
7416
7310
7399
7423
7329
7389
7407
7445
7396
7460
7318
7426
7498
7425
7401
7424
7402
7374
7410
7404
7420
7326
7455
7409
7351
7409
7411
7421
7332
7416
7501
7415
7416
7429
7344
7360
7368
7395
7340
7523
7410
7526
7343
7344
7536
7537
7453
7359
7362
7385
7428
7446
7430
7450
7361
7353
7406
7528
7376
7377
7438
7452
7448
7551
7366
7449
7391
7364
7528
7487
7424
7451
7451
7368
7370
7371
7547
7591
7382
7378
7471
7375
7554
7422
7405
7413
7384
7483
7381
7434
7437
7473
7556
7384
7465
7562
7468
7495
7469
7503
7470
7548
7458
7440
7544
7476
7499
7422
7477
7393
7480
7395
7467
7435
7457
7492
7436
7423
7479
7483
7469
7499
7493
7500
7496
7502
7406
7504
7567
7476
7531
7484
7432
7505
7502
7515
7509
7510
7508
7550
7464
7491
7433
7496
7530
7509
7515
7420
7516
7429
7520
7542
7504
7556
7426
7512
7597
7491
7513
7530
7506
7510
7513
7432
7433
7498
7552
7454
7463
7561
7599
7475
7486
7534
7596
7446
7474
7462
7475
7503
7540
7497
7522
7522
7532
7561
7448
7527
7535
7474
7539
7540
7542
7464
7497
7454
7455
7529
7532
7489
7533
7507
7544
7514
7548
7478
7560
7495
7541
7484
7485
7557
7477
7543
7558
7494
7559
7487
7549
7482
7483
7574
7594
7576
7481
7486
7562
7481
7482
7569
7488
7507
7552
7566
7489
7570
7524
7593
7563
7508
7527
7517
7565
7526
7519
7555
7595
7598
7584
7572
7521
7585
7582
7578
7525
7553
7518
7546
7575
7586
7512
7529
7517
7518
7562
7543
7577
7571
7524
7525
7590
7564
7581
7557
7534
7572
7536
7538
7538
7539
7543
7583
7587
7546
7547
7592
7579
7550
7590
7554
7568
7568
7580
7566
7567
7570
7599
7588
7589
7577
7578
7583
7580
7581
7588
7589
7592
7593
7598
7601
7609
7788
7602
7610
7603
7611
7604
7612
7605
7613
7606
7614
7607
7615
7608
7616
7617
7690
7610
7618
7797
7611
7619
7612
7620
7613
7621
7614
7622
7615
7623
7616
7624
7617
7625
7626
7699
7619
7627
7806
7620
7628
7621
7629
7622
7630
7623
7631
7624
7632
7625
7633
7626
7634
7635
7708
7628
7636
7815
7629
7637
7630
7638
7631
7639
7632
7640
7633
7641
7634
7642
7635
7643
7644
7717
7637
7645
7824
7638
7646
7639
7647
7640
7648
7641
7649
7642
7650
7643
7651
7644
7652
7653
7726
7646
7654
7833
7647
7655
7648
7656
7649
7657
7650
7658
7651
7659
7652
7660
7653
7661
7662
7735
7655
7663
7842
7656
7664
7657
7665
7658
7666
7659
7667
7660
7668
7661
7669
7662
7670
7671
7744
7664
7672
7851
7665
7673
7666
7674
7667
7675
7668
7676
7669
7677
7670
7678
7671
7679
7680
7753
7673
7681
7860
7674
7682
7675
7683
7676
7684
7677
7685
7678
7686
7679
7687
7680
7688
7689
7762
7682
7869
8009
7683
7922
7684
8010
7685
7923
7686
8013
7687
7924
7688
8015
7689
7925
7771
8018
7691
7699
7692
7700
7693
7701
7694
7702
7695
7703
7696
7704
7697
7705
7698
7706
7707
7780
7700
7708
7701
7709
7702
7710
7703
7711
7704
7712
7705
7713
7706
7714
7707
7715
7716
7789
7709
7717
7710
7718
7711
7719
7712
7720
7713
7721
7714
7722
7715
7723
7716
7724
7725
7798
7718
7726
7719
7727
7720
7728
7721
7729
7722
7730
7723
7731
7724
7732
7725
7733
7734
7807
7727
7735
7728
7736
7729
7737
7730
7738
7731
7739
7732
7740
7733
7741
7734
7742
7743
7816
7736
7744
7737
7745
7738
7746
7739
7747
7740
7748
7741
7749
7742
7750
7743
7751
7752
7825
7745
7753
7746
7754
7747
7755
7748
7756
7749
7757
7750
7758
7751
7759
7752
7760
7761
7834
7754
7762
7755
7763
7756
7764
7757
7765
7758
7766
7759
7767
7760
7768
7761
7769
7770
7843
7763
7771
7764
7772
7765
7773
7766
7774
7767
7775
7768
7776
7769
7777
7770
7778
7779
7852
7772
8328
7773
7926
7774
8019
7775
7927
7776
8020
7777
7928
7778
8021
7779
7929
7861
8378
7781
7789
7782
7790
7783
7791
7784
7792
7785
7793
7786
7794
7787
7795
7788
7796
7797
7790
7798
7791
7799
7792
7800
7793
7801
7794
7802
7795
7803
7796
7804
7797
7805
7806
7799
7807
7800
7808
7801
7809
7802
7810
7803
7811
7804
7812
7805
7813
7806
7814
7815
7808
7816
7809
7817
7810
7818
7811
7819
7812
7820
7813
7821
7814
7822
7815
7823
7824
7817
7825
7818
7826
7819
7827
7820
7828
7821
7829
7822
7830
7823
7831
7824
7832
7833
7826
7834
7827
7835
7828
7836
7829
7837
7830
7838
7831
7839
7832
7840
7833
7841
7842
7835
7843
7836
7844
7837
7845
7838
7846
7839
7847
7840
7848
7841
7849
7842
7850
7851
7844
7852
7845
7853
7846
7854
7847
7855
7848
7856
7849
7857
7850
7858
7851
7859
7860
7853
7861
7854
7862
7855
7863
7856
7864
7857
7865
7858
7866
7859
7867
7860
7868
7869
7862
8518
7863
7930
7864
8022
7865
7931
7866
8023
7867
7932
7868
8024
7869
7933
8338
7934
7934
7936
7938
8000
8028
8092
7941
8029
7943
8030
7945
8031
7947
8032
7949
8033
7951
8034
8035
8093
8026
8036
8076
8269
7955
7955
7956
7958
8037
7960
8038
7962
8039
7964
8040
7966
8041
7968
8042
7970
8043
8044
8095
8045
8094
8046
8077
7975
8078
7975
8047
8278
8048
8096
8049
8079
8050
8080
7980
8051
7982
8052
7984
8053
7986
8054
7988
8055
7990
8056
8057
8097
8081
8286
7993
7993
8099
8058
8098
8059
8082
8060
8083
8061
8084
7935
7999
7935
8027
8062
8101
8063
8100
8064
8085
8065
8086
8007
8087
8011
8066
8012
8067
8014
8016
8017
8069
8070
8218
8071
8103
8072
8102
8088
8245
8073
8228
8074
8089
8075
8090
8091
8246
8008
8321
7937
8235
7938
8109
8000
8092
7941
8028
8108
7943
8029
8112
7945
8030
8115
7947
8031
8119
7949
8032
8122
7951
8033
8265
8034
8093
8026
8035
8036
8076
8269
7957
8270
7958
8134
7960
8037
8131
7962
8038
8137
7964
8039
8140
7966
8040
8144
7968
8041
8148
7970
8042
8151
8043
8095
8044
8094
8045
8077
8046
8078
8278
8047
8096
8048
8079
8049
8080
7980
8050
8252
7982
8051
8173
7984
8052
8177
7986
8053
8180
7988
8054
8184
7990
8055
8189
8056
8097
8057
8081
8286
8098
8099
8058
8082
8059
8083
8060
8084
7999
8061
8314
8294
8027
8101
8062
8100
8063
8085
8064
8086
8065
8087
8007
8008
8296
8236
8025
8066
8011
8012
8311
8319
8014
8067
8344
8016
8017
8322
8323
8068
8069
8070
8103
8071
8102
8072
8088
8073
8089
8074
8090
8075
8091
8104
8255
8232
8207
8238
8261
8111
8114
8118
8121
8258
8125
8127
8128
8130
8136
8139
8143
8147
8150
8154
8157
8276
8277
8165
8169
8170
8171
8172
8176
8179
8183
8187
8274
8283
8288
8291
8292
8198
8203
8297
8268
8211
8213
8105
8214
8244
8216
8219
8221
8226
8227
8229
8303
8129
8163
8164
8280
8281
8193
8195
8196
8197
8209
8210
8212
8332
8331
8336
8230
8110
8126
8160
8156
8168
8192
8287
8194
8206
8202
8224
8107
8217
8106
8231
8201
8243
8200
8215
8240
8262
8237
8326
8257
8260
8113
8116
8113
8263
8359
8117
8264
8116
8117
8408
8491
8120
8123
8120
8264
8409
8124
8304
8123
8124
8411
8437
8233
8260
8155
8158
8234
8307
8132
8135
8159
8279
8133
8272
8132
8133
8490
8467
8135
8305
8468
8138
8141
8138
8272
8358
8142
8145
8141
8142
8494
8527
8146
8271
8145
8146
8532
8417
8149
8152
8149
8271
8406
8153
8161
8152
8153
8497
8466
8155
8162
8493
8166
8266
8158
8159
8533
8498
8161
8162
8488
8412
8302
8308
8167
8275
8166
8167
8420
8469
8188
8273
8275
8280
8253
8361
8174
8254
8175
8282
8174
8175
8480
8481
8178
8181
8178
8282
8365
8182
8185
8181
8182
8425
8465
8186
8190
8185
8186
8473
8500
8188
8191
8366
8190
8191
8419
8427
8284
8364
8285
8289
8199
8204
8290
8312
8309
8315
8205
8298
8199
8208
8353
8367
8429
8328
8369
8220
8222
8204
8205
8371
8525
8207
8208
8378
8505
8267
8299
8296
8300
8256
8295
8223
8347
8320
8346
8318
8389
8338
8339
8317
8350
8293
8388
8247
8343
8220
8225
8391
8222
8223
8510
8447
8225
8317
8396
8242
8335
8330
8341
8241
8333
8334
8342
8239
8316
8384
8432
8233
8234
8452
8454
8236
8237
8439
8477
8239
8240
8403
8555
8242
8329
8386
8259
8327
8318
8325
8345
8554
8248
8251
8250
8328
8249
8338
8337
8339
8411
8437
8337
8340
8253
8254
8426
8390
8256
8363
8401
8258
8259
8265
8348
8327
8262
8263
8506
8483
8407
8304
8277
8354
8268
8356
8300
8301
8301
8305
8357
8418
8274
8462
8306
8429
8279
8308
8302
8302
8360
8361
8306
8310
8503
8284
8285
8546
8504
8310
8310
8364
8289
8290
8434
8549
8309
8312
8313
8315
8429
8469
8316
8326
8311
8368
8439
8298
8299
8512
8558
8435
8303
8307
8348
8355
8416
8355
8354
8415
8362
8443
8314
8402
8321
8399
8457
8382
8460
8320
8362
8441
8518
8324
8349
8324
8325
8444
8436
8393
8432
8399
8415
8331
8373
8334
8335
8341
8402
8518
8375
8372
8340
8342
8461
8385
8395
8379
8374
8350
8352
8346
8349
8347
8351
8394
8392
8369
8383
8442
8353
8371
8409
8411
8505
8400
8413
8410
8421
8404
8414
8450
8475
8484
8492
8400
8499
8367
8431
8388
8422
8416
8423
8503
8428
8478
8426
8430
8539
8437
8557
8564
8565
8433
8380
8387
8376
8381
8377
8482
8376
8377
8560
8424
8554
8380
8381
8561
8526
8397
8449
8445
8451
8389
8440
8390
8426
8387
8453
8515
8438
8458
8461
8398
8514
8433
8448
8456
8479
8405
8451
8481
8482
8397
8398
8530
8563
8402
8420
8493
8517
8464
8555
8405
8406
8441
8501
8459
8491
8484
8495
8459
8435
8486
8509
8539
8454
8468
8417
8451
8453
8538
8489
8471
8475
8496
8524
8556
8534
8558
8517
8536
8424
8425
8537
8465
8428
8524
8553
8431
8509
8542
8452
8525
8508
8549
8479
8446
8470
8469
8556
8477
8455
8474
8540
8449
8459
8453
8513
8445
8446
8489
8450
8511
8564
8534
8564
8495
8494
8455
8455
8457
8487
8464
8463
8476
8463
8470
8480
8478
8538
8471
8485
8472
8488
8502
8471
8490
8474
8475
8473
8537
8550
8476
8490
8479
8535
8481
8503
8492
8507
8530
8531
8543
8487
8566
8543
8509
8532
8495
8529
8539
8527
8500
8522
8501
8502
8499
8533
8536
8550
8540
8542
8508
8547
8554
8507
8520
8541
8523
8511
8514
8557
8525
8558
8515
8549
8516
8519
8544
8545
8533
8523
8561
8528
8555
8552
8559
8561
8526
8562
8548
8551
8552
8532
8531
8545
8530
8563
8544
8566
8547
8548
8556
8560
8546
8542
8545
8563
8565
8557
8547
8559
8562
8552
8553
8559
8562
8566
)


// ************************************************************************* //
