/*--------------------------------*- C++ -*----------------------------------*\
| =========                 |                                                 |
| \\      /  F ield         | OpenFOAM: The Open Source CFD Toolbox           |
|  \\    /   O peration     | Version:  5.x                                   |
|   \\  /    A nd           | Web:      www.OpenFOAM.org                      |
|    \\/     M anipulation  |                                                 |
\*---------------------------------------------------------------------------*/
FoamFile
{
    version     2.0;
    format      ascii;
    class       volScalarField;
    location    "3.8";
    object      p;
}
// * * * * * * * * * * * * * * * * * * * * * * * * * * * * * * * * * * * * * //

dimensions      [0 2 -2 0 0 0 0];

internalField   nonuniform List<scalar> 
400
(
3.8951256e-06
2.45246444
3.4943283
3.89888451
4.10665249
4.22471194
4.29429655
4.3402834
4.37634394
4.41011611
4.44676503
4.49091987
4.54765949
4.6244946
4.73480285
4.90460133
5.18238495
5.68420629
6.84132087
9.4117299
1.88671007
2.86729438
3.41988862
3.74774896
3.965186
4.10975249
4.20767948
4.27899739
4.33674995
4.38961834
4.44425057
4.50657706
4.58333859
4.68330286
4.81973141
5.01368424
5.29402747
5.69847417
6.33842066
7.42837636
2.98208285
3.26253524
3.54233611
3.7706846
3.94571079
4.07572096
4.17323084
4.25000843
4.31528069
4.37624103
4.43893026
4.50902679
4.59258024
4.6967878
4.83085521
5.00664332
5.23632687
5.52394441
5.86049585
6.1982426
3.52778929
3.58534789
3.72179048
3.86538178
3.98906913
4.09083748
4.17461544
4.24571916
4.30953198
4.3710282
4.43477971
4.50520955
4.58679363
4.68425967
4.80245624
4.9456978
5.11575457
5.30515312
5.47834208
5.559644
3.84422219
3.82688561
3.88518497
3.96938801
4.05222476
4.12779603
4.19567375
4.25748296
4.31592799
4.37409727
4.43507009
4.5018627
4.5773363
4.66401116
4.76350906
4.87551607
4.99636417
5.11480701
5.19585107
5.1837209
4.04550611
4.00366388
4.02143121
4.06785492
4.12138735
4.17574588
4.22885984
4.28054285
4.33186527
4.3844967
4.44027593
4.50097308
4.5680539
4.64233149
4.72333138
4.80837136
4.89181179
4.96268305
4.99308574
4.94681304
4.18059066
4.13383584
4.13184387
4.15537365
4.18883849
4.22707155
4.26773186
4.30987679
4.35364244
4.39973636
4.44904326
4.50234179
4.56002393
4.62172687
4.68579046
4.74863097
4.80456473
4.84467071
4.84862966
4.79368508
4.27566345
4.23084734
4.21966498
4.22967933
4.24985077
4.27635957
4.30712711
4.34098756
4.37758348
4.41700406
4.45945639
4.50500113
4.55329015
4.6032542
4.65271004
4.69801623
4.73426354
4.75485168
4.74556543
4.69204716
4.34467901
4.30373579
4.28863373
4.29083238
4.30238119
4.32057655
4.34373477
4.37070648
4.4008978
4.43402043
4.46983323
4.50792259
4.54748828
4.58711386
4.6245183
4.6564182
4.67889849
4.687338
4.6718841
4.62322143
4.39526407
4.35850915
4.34216181
4.3399628
4.34599389
4.35836609
4.37576574
4.3971496
4.42182986
4.44930334
4.47905558
4.51039171
4.54227891
4.57319715
4.601005
4.62293093
4.63600052
4.6370971
4.61932946
4.57638238
4.43196831
4.3992623
4.38305894
4.37851498
4.38107031
4.38940071
4.40249206
4.41942899
4.43950646
4.46211322
4.48658688
4.51209152
4.53751262
4.56137339
4.58178064
4.5964858
4.60329914
4.60017823
4.58221042
4.54489848
4.45778111
4.42890038
4.41358491
4.40794929
4.40838392
4.41395171
4.42386875
4.4373431
4.45369261
4.47226544
4.4923353
4.51301834
4.53321121
4.55155603
4.56643754
4.57607489
4.57889014
4.5735792
4.55655982
4.52448255
4.474832
4.449578
4.43556597
4.42962508
4.42885739
4.43259802
4.44023997
4.45110309
4.4645475
4.47992017
4.49648168
4.51335478
4.5294957
4.5436932
4.55459647
4.56081529
4.56123168
4.55504044
4.53957781
4.51226398
4.48473494
4.46296384
4.45049771
4.44475609
4.44342119
4.44603323
4.45212691
4.46112197
4.47242748
4.48540787
4.49933526
4.51336337
4.52652426
4.53775085
4.54592273
4.54996377
4.54909812
4.5428615
4.5292599
4.50627646
4.48877857
4.47040715
4.45962526
4.45439814
4.45293201
4.45494141
4.46008315
4.46786636
4.47774637
4.48910749
4.50123716
4.51332115
4.52446043
4.53371067
4.54013928
4.54291759
4.54152769
4.53575313
4.52413906
4.50514024
4.48806599
4.47306151
4.46401385
4.45945982
4.45813588
4.45992882
4.46460989
4.47176732
4.48089163
4.49137518
4.50250717
4.51348789
4.5234627
4.53157548
4.5370351
4.53920417
4.53776702
4.53271242
4.52308815
4.50782576
4.48367318
4.47201507
4.4646454
4.46076728
4.45970657
4.46154187
4.46615824
4.47321066
4.48220532
4.49251873
4.50341435
4.51407482
4.52365202
4.5313336
4.53642027
4.53841712
4.53717502
4.53288294
4.52513109
4.51342079
4.47686029
4.46839261
4.46243411
4.45902043
4.45816689
4.46017486
4.46503988
4.47246222
4.48193259
4.49277497
4.50418596
4.51528506
4.52517931
4.53304367
4.53821267
4.54028286
4.53924366
4.53550316
4.52929239
4.52086087
4.46929076
4.46319929
4.45767923
4.4539729
4.45292682
4.45509406
4.46054783
4.46897326
4.47977588
4.49215373
4.50515883
4.51776315
4.52893595
4.53773912
4.54343924
4.54563564
4.54440906
4.54042084
4.53470379
4.52867076
4.46345359
4.45752789
4.45037544
4.44493194
4.4429083
4.4451003
4.45157231
4.46187769
4.47521964
4.49055592
4.50667708
4.52228075
4.53605819
4.54680424
4.55355689
4.55577019
4.55352502
4.54775415
4.54035627
4.53446689
)
;

boundaryField
{
    walls
    {
        type            zeroGradient;
    }
    mov_wall
    {
        type            zeroGradient;
    }
    empty
    {
        type            empty;
    }
}


// ************************************************************************* //
