/*--------------------------------*- C++ -*----------------------------------*\
| =========                 |                                                 |
| \\      /  F ield         | OpenFOAM: The Open Source CFD Toolbox           |
|  \\    /   O peration     | Version:  5.x                                   |
|   \\  /    A nd           | Web:      www.OpenFOAM.org                      |
|    \\/     M anipulation  |                                                 |
\*---------------------------------------------------------------------------*/
FoamFile
{
    version     2.0;
    format      ascii;
    class       surfaceScalarField;
    location    "3.8";
    object      phi;
}
// * * * * * * * * * * * * * * * * * * * * * * * * * * * * * * * * * * * * * //

dimensions      [0 3 -1 0 0 0 0];

internalField   nonuniform List<scalar> 
760
(
0.00134817603
-0.00134817789
0.00245763948
-0.00110946344
0.00313513451
-0.00067749503
0.00355971562
-0.000424581102
0.00383225125
-0.000272535628
0.00400945212
-0.000177200866
0.00412521447
-0.000115762359
0.00419921705
-7.40025729e-05
0.00424243233
-4.32152763e-05
0.00426055357
-1.81212285e-05
0.00425562234
4.93123105e-06
0.00422675777
2.88645724e-05
0.00416938938
5.73683826e-05
0.00407358503
9.58043562e-05
0.00391995093
0.000153634108
0.00367201929
0.000247931641
0.00326316023
0.000408859068
0.00257264076
0.000690519467
0.00140850173
0.00116413904
0.00140850173
-5.4695601e-05
-0.00129348228
0.000412592322
-0.00157675137
0.00103002956
-0.00129493227
0.00157871369
-0.000973265225
0.00201483256
-0.00070865449
0.00234477715
-0.000507145449
0.00258511623
-0.000356101426
0.00275126933
-0.000240155681
0.00285456773
-0.000146513666
0.00290179526
-6.53487568e-05
0.00289536655
1.13599518e-05
0.00283293032
9.13008093e-05
0.0027071257
0.000183173005
0.00250436371
0.00029856635
0.00220410986
0.000453887967
0.00178090171
0.000671139801
0.00121756798
0.000972192798
0.000552812552
0.0013552749
1.30664744e-05
0.00170388512
0.00142156821
-0.000271734805
-0.00102174747
-0.000221026814
-0.00162745935
7.13675795e-05
-0.00158732666
0.000446285448
-0.00134818309
0.000812489509
-0.00107485854
0.00112929912
-0.000823955051
0.00138207819
-0.000608880485
0.00156800776
-0.000426085257
0.00168837686
-0.00026688276
0.00174468444
-0.000121656339
0.00173678968
1.92547251e-05
0.00166213435
0.000165956147
0.00151571283
0.000329594534
0.00129125419
0.000523024987
0.000985011651
0.00076013051
0.000605009625
0.00105114184
0.000189850692
0.00138735174
-0.000160045087
0.00170517068
-0.000261640634
0.00180548067
0.00115992758
-0.000227941659
-0.00079380581
-0.00036119746
-0.00149420354
-0.000308328392
-0.00164019572
-0.000134821389
-0.0015216901
8.92092092e-05
-0.00129888914
0.000314971709
-0.00104971754
0.000513262857
-0.000807171622
0.000668299887
-0.000581122281
0.000771990205
-0.000370573077
0.000820036006
-0.00016970214
0.000809727556
2.95631818e-05
0.000739200944
0.00023648277
0.0006079356
0.000460859885
0.000419110813
0.000711849774
0.000184524277
0.000994717046
-6.71912119e-05
0.00130285733
-0.000280617565
0.0016007781
-0.00036941849
0.00179397161
-0.000246993636
0.00168305582
0.000912933947
-0.000168965261
-0.00062484055
-0.000352016277
-0.00131115251
-0.000431557811
-0.00156065418
-0.000408909128
-0.00154433878
-0.000319435335
-0.00138836293
-0.000200095336
-0.00116905754
-7.98102269e-05
-0.000927456721
2.15781177e-05
-0.000682510615
9.14285714e-05
-0.000440423528
0.000122135268
-0.000200408839
0.000109757091
4.19413614e-05
5.36456261e-05
0.000292594245
-4.27490811e-05
0.000557254603
-0.000169694096
0.000838794793
-0.000307652484
0.00113267543
-0.000423468668
0.00141867352
-0.000470024897
0.00164733434
-0.000397824835
0.00172177156
-0.00019643103
0.00148166202
0.000716502915
-0.000124192163
-0.000500648391
-0.0003083357
-0.00112700896
-0.000450494194
-0.00141849567
-0.000523204133
-0.00147162883
-0.000535391188
-0.00137617588
-0.000508160956
-0.00119628777
-0.000463157022
-0.000972460648
-0.000418061064
-0.000727606559
-0.000385619129
-0.000472865453
-0.000373912179
-0.000212115789
-0.000386728032
5.47572109e-05
-0.00042345959
0.000329325808
-0.000478356446
0.000612151471
-0.00053917833
0.000899616687
-0.000585818927
0.00117931603
-0.000590512373
0.00142336696
-0.000523085156
0.00157990713
-0.000366699095
0.00156538551
-0.000150585987
0.00126554892
0.000565916928
-9.45729464e-05
-0.000406075446
-0.000264649783
-0.000956932124
-0.000430738452
-0.00125240699
-0.000556977029
-0.00134539024
-0.000636793317
-0.00129635959
-0.000678141873
-0.00115493922
-0.00069394404
-0.000956658484
-0.000696929351
-0.000724621238
-0.000697274159
-0.00047252063
-0.000701661852
-0.000207728088
-0.000712860803
6.59561582e-05
-0.000729336445
0.000345801448
-0.000744753876
0.00062756891
-0.000747580354
0.00090244318
-0.00072146994
0.00115320563
-0.000647843422
0.00134974044
-0.000512876944
0.00144494065
-0.00032120629
0.00137371486
-0.000116485704
0.00106082834
0.000449431228
-7.53437379e-05
-0.000330731703
-0.000228206839
-0.000804069026
-0.000398353707
-0.00108226012
-0.000550539587
-0.00119320435
-0.000670626526
-0.00117627264
-0.000757578425
-0.00106798732
-0.000816784903
-0.000897452012
-0.000855587538
-0.000685818602
-0.000880624386
-0.00044748377
-0.000896360403
-0.000191992056
-0.000904270159
7.38659185e-05
-0.00090236038
0.000343891664
-0.000884972268
0.000610180797
-0.000843104208
0.00086057513
-0.000765820225
0.00107592166
-0.000643664762
0.00122758499
-0.000475103958
0.00127637984
-0.000276309857
0.00117492076
-9.21328656e-05
0.000876651356
0.00035729837
-6.22883033e-05
-0.000268443388
-0.000198541333
-0.000667816001
-0.000362893683
-0.000917907774
-0.00052385077
-0.00103224726
-0.000664415279
-0.00103570811
-0.000778128977
-0.000954273607
-0.000864812238
-0.000810768754
-0.000927165545
-0.000623465302
-0.000968399755
-0.000406249557
-0.000990721276
-0.000169670519
-0.000994436422
7.75810791e-05
-0.000977525789
0.000326981032
-0.00093569505
0.000568350051
-0.000863101279
0.00078798136
-0.000754123188
0.000966943577
-0.000606626327
0.00108008814
-0.000426950422
0.00109670394
-0.000236038298
0.000984008635
-7.43490256e-05
0.000714962084
0.000282949349
-5.27689666e-05
-0.000215674409
-0.000173812793
-0.000546772172
-0.00032755742
-0.000764163151
-0.000486866011
-0.000872938667
-0.000634380225
-0.000888193887
-0.000760757894
-0.00082789592
-0.000862116701
-0.000709409937
-0.000937654806
-0.000547927203
-0.000987783279
-0.000356121091
-0.00101282401
-0.000144629781
-0.0010122228
7.69798886e-05
-0.000984240732
0.000298998975
-0.000926163097
0.000510272415
-0.000835158845
0.000696977101
-0.000709976114
0.000841760848
-0.000553597345
0.000923709383
-0.000376676989
0.0009197836
-0.000200960054
0.000808291705
-6.08626288e-05
0.00057486466
0.00022208672
-4.52979299e-05
-0.000170376472
-0.000152453972
-0.000439616116
-0.000293299618
-0.000623317504
-0.00044476312
-0.000721475172
-0.000590345867
-0.000742611141
-0.000719473381
-0.000698768393
-0.000826046367
-0.000602836931
-0.000906878233
-0.00046709533
-0.000960347606
-0.000302651726
-0.000985403183
-0.00011957421
-0.000980963186
7.25399003e-05
-0.000945732131
0.000263767938
-0.000878480048
0.000443020342
-0.000778855078
0.000597352129
-0.00064878407
0.000711689835
-0.000494403562
0.000769328878
-0.000328204161
0.00075358421
-0.000170678371
0.000650765925
-5.02806569e-05
0.000454466952
0.000171806062
-3.9062188e-05
-0.000131314289
-0.000133403796
-0.000345274488
-0.000260349964
-0.000496371324
-0.000400388969
-0.000581436168
-0.000538431203
-0.000604568916
-0.000663692795
-0.000573506801
-0.000768938056
-0.000497591654
-0.000849523083
-0.000386510284
-0.000902500941
-0.000249673864
-0.00092593411
-9.61410504e-05
-0.000918488891
6.50946776e-05
-0.000879356204
0.000224635263
-0.000808535339
0.000372199494
-0.000707505275
0.000496322075
-0.0005802617
0.000584446258
-0.000434588347
0.000623655522
-0.000283248299
0.000602244165
-0.000144573367
0.000512091003
-4.17551849e-05
0.00035164878
0.000130050877
-3.3609415e-05
-9.77048838e-05
-0.000115973501
-0.000262910388
-0.000228685877
-0.00038365893
-0.000355331131
-0.000454790904
-0.000482448482
-0.000477451569
-0.000599656645
-0.000456298647
-0.00069932473
-0.000397923566
-0.000776050472
-0.000309784524
-0.000826127616
-0.000199596702
-0.000847124129
-7.51445368e-05
-0.000837646087
5.56166276e-05
-0.000797332205
0.000184321378
-0.000727102525
0.000301969827
-0.000629656427
0.000398875992
-0.000510163471
0.000464953311
-0.000377005145
0.000490497194
-0.000242314871
0.00046755389
-0.000121978238
0.000391754374
-3.47332168e-05
0.000264403768
9.5317665e-05
-2.86574918e-05
-6.90473976e-05
-9.96602253e-05
-0.000191907655
-0.000198116998
-0.000285202145
-0.000310357544
-0.000342550338
-0.000424616044
-0.000363193059
-0.000531265873
-0.000349648825
-0.000622765439
-0.000306424009
-0.000693446615
-0.000239103342
-0.00073925879
-0.000153784508
-0.000757558012
-5.68453003e-05
-0.000747003433
4.50620493e-05
-0.000707597928
0.000144915866
-0.000640884391
0.000235256289
-0.000550277055
0.000308268667
-0.00044146234
0.000356138609
-0.000322745854
0.000371780716
-0.000205166586
0.000349974623
-0.000102185445
0.000288773232
-2.880242e-05
0.000191020747
6.65152505e-05
-2.39812013e-05
-4.50661893e-05
-8.39974313e-05
-0.000131891435
-0.000168257089
-0.000200942488
-0.000265595473
-0.00024521194
-0.000365935567
-0.000262852946
-0.000460594468
-0.000254989916
-0.000542423509
-0.000224594976
-0.000605821295
-0.000175705563
-0.000646681703
-0.000112924093
-0.000662339352
-4.11876336e-05
-0.000651561303
3.42840128e-05
-0.000614612923
0.000107967485
-0.000553400624
0.000174043985
-0.000471663885
0.000226531929
-0.000375153994
0.000259628728
-0.000271701946
0.00026832868
-0.000171058855
0.000249331539
-8.44170709e-05
0.00020213145
-2.35998685e-05
0.000130203546
4.29153856e-05
-1.93492139e-05
-2.57169589e-05
-6.84700248e-05
-8.27706287e-05
-0.000138506743
-0.000130905778
-0.000220638061
-0.000163080621
-0.000306428388
-0.000177062604
-0.000388228724
-0.000173189562
-0.000459474142
-0.000153349553
-0.000514859779
-0.000120319933
-0.000550429764
-7.73541125e-05
-0.000563627533
-2.7989856e-05
-0.000553348394
2.40048899e-05
-0.000520016405
7.46355068e-05
-0.000465682597
0.000119710177
-0.000394114903
0.000154964233
-0.000310822978
0.000176336805
-0.000222941258
0.000180446968
-0.000138894618
0.000165284909
-6.78135175e-05
0.000131050356
-1.87621145e-05
8.11521459e-05
2.41532724e-05
-1.45055238e-05
-1.12114209e-05
-5.25210971e-05
-4.47550461e-05
-0.000108122799
-7.53040786e-05
-0.00017468778
-9.65156473e-05
-0.00024534322
-0.000106407161
-0.000313520789
-0.000105011978
-0.000373387868
-9.3482458e-05
-0.000420129394
-7.35784023e-05
-0.000450116046
-4.73674652e-05
-0.000461009057
-1.70968478e-05
-0.000451841606
1.48374475e-05
-0.000423096879
4.58907935e-05
-0.000376775949
7.33892561e-05
-0.000316426441
9.46147256e-05
-0.000247079544
0.000106989909
-0.00017503035
0.000108397777
-0.000107403058
9.7657625e-05
-5.14858453e-05
7.51331505e-05
-1.39146217e-05
4.35809283e-05
1.02386516e-05
-9.20280205e-06
-2.00861652e-06
-3.56847304e-05
-1.82730989e-05
-7.64355139e-05
-3.45532861e-05
-0.000126811009
-4.61401549e-05
-0.000181408053
-5.18101224e-05
-0.000234817127
-5.1602901e-05
-0.000282132201
-4.61673707e-05
-0.000319263511
-3.64470792e-05
-0.000343116486
-2.35144865e-05
-0.000351700023
-8.51331355e-06
-0.000344206997
7.34442163e-06
-0.00032108441
2.27682141e-05
-0.000284086141
3.63909984e-05
-0.000236279522
4.68081146e-05
-0.000181958569
5.26689588e-05
-0.000126403746
5.28429547e-05
-7.54285415e-05
4.66824244e-05
-3.46816282e-05
3.43862434e-05
-8.713908e-06
1.7613215e-05
1.52474565e-06
-3.43753069e-06
1.42890572e-06
-1.80438725e-05
-3.66673841e-06
-4.34060277e-05
-9.19111448e-06
-7.64336555e-05
-1.31125188e-05
-0.000113187145
-1.50566345e-05
-0.000149665103
-1.5124947e-05
-0.00018225153
-1.35809387e-05
-0.000207952827
-1.07457705e-05
-0.000224514073
-6.95322926e-06
-0.000230484743
-2.54264114e-06
-0.000225272632
2.13231008e-06
-0.00020919707
6.69265389e-06
-0.000183535347
1.07292818e-05
-0.000150536802
1.3809579e-05
-0.000113368289
1.55004527e-05
-7.5939759e-05
1.54144285e-05
-4.25472238e-05
1.32898917e-05
-1.72767389e-05
9.11576267e-06
-3.10385784e-06
3.44033973e-06
-1.57910925e-06
1.42889894e-06
-2.23784495e-06
-1.14289563e-05
-2.45414658e-05
-3.95980927e-05
-5.47230393e-05
-6.83039817e-05
-7.90497527e-05
-8.60029764e-05
-8.85456101e-05
-8.64132962e-05
-7.97206427e-05
-6.8991362e-05
-5.51817814e-05
-3.96813244e-05
-2.42668914e-05
-1.09769967e-05
-1.86123224e-06
1.57910922e-06
)
;

boundaryField
{
    walls
    {
        type            calculated;
        value           uniform 0;
    }
    mov_wall
    {
        type            calculated;
        value           uniform 0;
    }
    empty
    {
        type            empty;
        value           nonuniform 0();
    }
}


// ************************************************************************* //
