/*--------------------------------*- C++ -*----------------------------------*\
| =========                 |                                                 |
| \\      /  F ield         | OpenFOAM: The Open Source CFD Toolbox           |
|  \\    /   O peration     | Version:  5.x                                   |
|   \\  /    A nd           | Web:      www.OpenFOAM.org                      |
|    \\/     M anipulation  |                                                 |
\*---------------------------------------------------------------------------*/
FoamFile
{
    version     2.0;
    format      ascii;
    class       volVectorField;
    location    "3.8";
    object      U;
}
// * * * * * * * * * * * * * * * * * * * * * * * * * * * * * * * * * * * * * //

dimensions      [0 1 -1 0 0 0 0];

internalField   nonuniform List<vector> 
400
(
(0.29169833 0.149643918 0)
(0.388187024 0.128007746 0)
(0.557616003 0.0757318481 0)
(0.674785669 0.0433044485 0)
(0.743766575 0.02515911 0)
(0.787075009 0.0148802998 0)
(0.815462948 0.00893092262 0)
(0.833939552 0.00530992828 0)
(0.845365456 0.00289956137 0)
(0.851349259 0.00108485297 2.66527072e-34)
(0.852640744 -0.000502852717 -2.66527072e-34)
(0.849354288 -0.00216072027 0)
(0.840973367 -0.00421710593 0)
(0.826113771 -0.00722098618 0)
(0.802020424 -0.0122365011 0)
(0.763538944 -0.02138921 0)
(0.69948889 -0.0388386153 0)
(0.584557334 -0.072273275 0)
(0.407900534 -0.128436308 0)
(0.300688067 -0.152947536 0)
(0.00120412376 0.287432543 0)
(0.0133208571 0.293872212 0)
(0.140044366 0.209904901 0)
(0.264971532 0.142986189 0)
(0.364177698 0.096802 0)
(0.440120032 0.0654411307 0)
(0.496541014 0.0439762566 0)
(0.536691046 0.0287011587 0)
(0.563274448 0.017079855 0)
(0.578137327 0.00742308717 0)
(0.582210274 -0.00150101156 0)
(0.575515242 -0.0107977542 0)
(0.557109239 -0.0217346524 0)
(0.524912986 -0.0361396922 0)
(0.475518401 -0.0569634972 0)
(0.404325999 -0.0889771517 0)
(0.305687291 -0.139150755 0)
(0.174497787 -0.215275202 0)
(0.0341065825 -0.310801156 0)
(0.0108691556 -0.305909063 0)
(-0.0321467872 0.241773985 0)
(-0.0634304191 0.333547227 0)
(-0.0219362616 0.299502541 0)
(0.0505995724 0.240051701 0)
(0.127397336 0.18302083 0)
(0.196818571 0.135454539 0)
(0.25416707 0.0974523525 0)
(0.298088272 0.0668891768 0)
(0.32866565 0.0413758272 0)
(0.346307804 0.0187814624 -2.35797255e-33)
(0.351211295 -0.00280949003 2.35797255e-33)
(0.343126733 -0.0252950447 0)
(0.321277566 -0.0508299459 0)
(0.284432888 -0.08209483 0)
(0.231328808 -0.122479774 0)
(0.161916755 -0.175658039 0)
(0.0798350153 -0.243208456 0)
(-0.00333734535 -0.31798196 0)
(-0.0578531357 -0.366363501 0)
(-0.031389321 -0.270690675 0)
(-0.0261204257 0.182361603 0)
(-0.0666193062 0.31688418 0)
(-0.0735378221 0.330901784 0)
(-0.0481307633 0.295352946 0)
(-0.00567221765 0.244253533 0)
(0.0411124369 0.19243176 0)
(0.0845450729 0.145095053 0)
(0.120424299 0.103006639 0)
(0.146585216 0.0651543693 0)
(0.161925453 0.0298884106 2.35546793e-33)
(0.165812795 -0.00469431918 -2.35546794e-33)
(0.157798783 -0.0406696155 0)
(0.137586482 -0.0803027349 0)
(0.105285197 -0.125979577 0)
(0.0620900148 -0.179774805 0)
(0.01160926 -0.242029715 0)
(-0.0380283844 -0.307764352 0)
(-0.0720490977 -0.359579367 0)
(-0.0711639195 -0.355585636 0)
(-0.028721057 -0.20917858 0)
(-0.0176296879 0.14076793 0)
(-0.0549165608 0.281827235 0)
(-0.0828630212 0.324484396 0)
(-0.0880762575 0.312396832 0)
(-0.0751197256 0.274442007 0)
(-0.0526276618 0.226778448 0)
(-0.0275118827 0.177302833 0)
(-0.00458012395 0.129145437 0)
(0.0130234595 0.08291237 0)
(0.0233567683 0.037933038 -2.9454582e-34)
(0.0253097218 -0.00710139007 2.9454582e-34)
(0.0184151859 -0.0537995174 0)
(0.00288696671 -0.103801255 0)
(-0.0200872167 -0.158367932 0)
(-0.0477708065 -0.217530718 0)
(-0.0750614679 -0.27834755 0)
(-0.0936267147 -0.331694799 0)
(-0.0922270591 -0.357398865 0)
(-0.0635074685 -0.318879888 0)
(-0.0207312599 -0.162076724 0)
(-0.0116542818 0.11159226 0)
(-0.0431522083 0.243765289 0)
(-0.0782840131 0.29985943 0)
(-0.100579285 0.305000856 0)
(-0.108310618 0.280421288 0)
(-0.105716536 0.240369202 0)
(-0.0975362027 0.193277783 0)
(-0.0877934764 0.143545383 0)
(-0.0795352187 0.0930260851 0)
(-0.0748272438 0.0420752404 0)
(-0.0748481573 -0.00975925098 0)
(-0.0799345998 -0.0632506126 0)
(-0.0895000398 -0.119033267 0)
(-0.10181289 -0.176993436 0)
(-0.113690961 -0.235297913 0)
(-0.120284791 -0.288849067 0)
(-0.11523703 -0.327084778 0)
(-0.0922711171 -0.331566547 0)
(-0.0521876284 -0.275119687 0)
(-0.0142847856 -0.127260096 0)
(-0.00803185702 0.0899680251 0)
(-0.0343052873 0.207876711 0)
(-0.07036867 0.267741376 0)
(-0.100959333 0.283509167 0)
(-0.12150913 0.2697538 0)
(-0.133061988 0.237807863 0)
(-0.138135862 0.195384138 0)
(-0.139450267 0.147216503 0)
(-0.139365689 0.095890693 0)
(-0.139599254 0.0425957685 0)
(-0.141114135 -0.0122625586 0)
(-0.144054684 -0.068540158 0)
(-0.147657225 -0.125824586 0)
(-0.150140614 -0.182787197 0)
(-0.148667751 -0.236314547 0)
(-0.139565536 -0.280390159 0)
(-0.11901576 -0.304900539 0)
(-0.084874744 -0.29495728 0)
(-0.0422046467 -0.232154473 0)
(-0.0100065907 -0.100709813 0)
(-0.00589819039 0.0731569087 0)
(-0.0280514421 0.175459937 0)
(-0.0624620835 0.233454982 0)
(-0.0961931217 0.254650706 0)
(-0.123784304 0.24866239 0)
(-0.144336465 0.223978335 0)
(-0.158622058 0.18707247 0)
(-0.168069567 0.142434116 0)
(-0.174171029 0.092943349 0)
(-0.178091669 0.0403533116 0)
(-0.180456278 -0.0142245137 0)
(-0.181230024 -0.0698446676 0)
(-0.179647318 -0.125225745 0)
(-0.174205208 -0.178177552 0)
(-0.162809078 -0.224940943 0)
(-0.143212564 -0.259512825 0)
(-0.113841643 -0.273201294 0)
(-0.0753166212 -0.254896357 0)
(-0.0343188988 -0.192925773 0)
(-0.00728498528 -0.0799917696 0)
(-0.00459312271 0.0595160179 0)
(-0.0235441703 0.146542624 0)
(-0.0553429952 0.199662164 0)
(-0.0893196801 0.222701644 0)
(-0.120051828 0.221819426 0)
(-0.145609104 0.203131841 0)
(-0.165570665 0.17179656 0)
(-0.180317115 0.131775638 0)
(-0.19053109 0.0859405183 0)
(-0.196813748 0.0363510178 2.97711778e-34)
(-0.199448913 -0.0153915339 -2.97711778e-34)
(-0.198275644 -0.0677566317 0)
(-0.192646166 -0.118867787 0)
(-0.181489361 -0.166059297 0)
(-0.163546095 -0.20544086 0)
(-0.137858735 -0.231577781 0)
(-0.104503399 -0.237504897 0)
(-0.0656637289 -0.215386218 0)
(-0.0281737992 -0.158249838 0)
(-0.0055106905 -0.0634668193 0)
(-0.0037331433 0.0480883419 0)
(-0.0201212343 0.120839401 0)
(-0.0490153904 0.167676447 0)
(-0.0816389834 0.190287505 0)
(-0.112989455 0.192487656 0)
(-0.140680568 0.178557139 4.679885e-33)
(-0.163557401 0.152465457 0)
(-0.181246291 0.117555004 0)
(-0.193784185 0.07650475 -4.74064249e-33)
(-0.201296981 0.031471003 2.26595794e-36)
(-0.203789205 -0.0156743857 4.98649153e-36)
(-0.201035375 -0.0630555842 0)
(-0.192565938 -0.108481571 0)
(-0.17776552 -0.149141417 0)
(-0.156124913 -0.181360916 0)
(-0.127679787 -0.200524251 0)
(-0.093564573 -0.201318526 0)
(-0.0566770462 -0.178463964 0)
(-0.0233146671 -0.128090135 0)
(-0.00429570511 -0.0500435327 0)
(-0.003115041 0.0383306338 0)
(-0.0173631164 0.0980508535 0)
(-0.0433176199 0.138129969 0)
(-0.073718077 0.158979203 0)
(-0.104104456 0.162838227 0)
(-0.131970538 0.152618184 -4.679885e-33)
(-0.155761619 0.131295708 0)
(-0.174612865 0.101603283 0)
(-0.188100223 0.0659289999 4.74064249e-33)
(-0.195997426 0.0263693692 1.49106989e-33)
(-0.198111619 -0.0151233104 -1.49832234e-33)
(-0.194204016 -0.056544234 0)
(-0.183996563 -0.0956260268 0)
(-0.167277176 -0.129654831 0)
(-0.144124397 -0.155368904 0)
(-0.115252467 -0.169022487 0)
(-0.0823814107 -0.166713881 0)
(-0.048594105 -0.145040217 0)
(-0.0193975964 -0.102103342 0)
(-0.00342090947 -0.0390049989 0)
(-0.00263393618 0.0299262641 0)
(-0.0150226239 0.0779301298 0)
(-0.0380974207 0.111311113 0)
(-0.065817567 0.129695796 0)
(-0.0942794749 0.13426388 0)
(-0.12104403 0.126925345 0)
(-0.144383611 0.109860572 0)
(-0.163148985 0.0852480509 0)
(-0.176619508 0.0551416442 0)
(-0.184335476 0.0214703224 2.99742934e-34)
(-0.185982941 -0.0138813566 -2.99742934e-34)
(-0.181343678 -0.0489515321 0)
(-0.170313965 -0.081574546 0)
(-0.152999252 -0.109289259 0)
(-0.129891606 -0.129330726 0)
(-0.102114503 -0.138764237 0)
(-0.0716393829 -0.134816131 0)
(-0.0414365965 -0.115407282 0)
(-0.0161843496 -0.0798582171 0)
(-0.00276403317 -0.0298606564 0)
(-0.00223473655 0.0226800233 0)
(-0.0129541266 0.0602838575 0)
(-0.0332381473 0.0873308377 0)
(-0.0580555262 0.102954503 0)
(-0.0840353787 0.107621823 0)
(-0.108906084 0.102520711 0)
(-0.130914081 0.089208652 0)
(-0.148775832 0.0693818696 0)
(-0.161603548 0.0447501693 0)
(-0.168801286 0.0170067402 3.00137519e-34)
(-0.169993545 -0.0121372066 -3.00137519e-34)
(-0.164999673 -0.0408861726 0)
(-0.153857536 -0.067295368 0)
(-0.13689908 -0.0892416969 0)
(-0.114876635 -0.104468692 0)
(-0.0891189078 -0.11074441 0)
(-0.0616328451 -0.106158109 0)
(-0.0351269764 -0.0895353309 0)
(-0.0135037433 -0.0609264381 0)
(-0.0022532725 -0.0222578249 0)
(-0.00188545602 0.0164662554 0)
(-0.0110624842 0.0449645381 0)
(-0.0286411418 0.0662105058 0)
(-0.0504611262 0.0790278202 0)
(-0.0736531599 0.0834123335 0)
(-0.0961641758 0.0800414916 0)
(-0.116305915 0.069995361 0)
(-0.132763339 0.0545610904 0)
(-0.144575598 0.0351143666 0)
(-0.151082431 0.0130747402 0)
(-0.151887888 -0.010088147 0)
(-0.146853001 -0.0328250707 0)
(-0.136119503 -0.0534823469 0)
(-0.120164254 -0.0703098475 0)
(-0.099879338 -0.0815299416 0)
(-0.0766571195 -0.0854921294 0)
(-0.0524122108 -0.0809235321 0)
(-0.0295300344 -0.0672469458 0)
(-0.0112185736 -0.0449266608 0)
(-0.00184129767 -0.0159381037 0)
(-0.00156251729 0.0112077497 0)
(-0.00926987946 0.0318705359 0)
(-0.0242025194 0.0479368745 0)
(-0.0429884434 0.0580490715 0)
(-0.0632319109 0.0619115024 0)
(-0.0831208648 0.059855921 0)
(-0.101086243 0.0526055572 0)
(-0.115849127 0.0411071757 0)
(-0.126440924 0.0264236366 0)
(-0.132187235 0.00968561215 0)
(-0.132697628 -0.00791670872 0)
(-0.127870712 -0.0251250427 0)
(-0.117915454 -0.0406102661 0)
(-0.103386531 -0.0529974455 0)
(-0.0852272512 -0.0609386928 0)
(-0.0648019871 -0.0632496834 0)
(-0.0438652623 -0.0591133796 0)
(-0.024467501 -0.0483249854 0)
(-0.00920309341 -0.0315520039 0)
(-0.001490884 -0.0107193773 0)
(-0.00124269087 0.00687236862 0)
(-0.00749726237 0.0209539393 0)
(-0.0197996755 0.0325014303 0)
(-0.0355241939 0.0400872996 0)
(-0.0527239612 0.0432717634 0)
(-0.0698331005 0.0421741852 0)
(-0.0854326522 0.0372606216 0)
(-0.0983251647 0.0291991514 0)
(-0.10758078 0.0187673627 0)
(-0.112546717 0.00680864787 0)
(-0.11285433 -0.00578010617 0)
(-0.108431625 -0.0180487514 0)
(-0.0995214444 -0.0289997666 0)
(-0.0867021639 -0.0376160579 0)
(-0.0709039757 -0.0429246683 0)
(-0.0534054923 -0.0441071826 0)
(-0.0357703079 -0.0406592837 0)
(-0.0197281041 -0.0325810757 0)
(-0.00733072852 -0.0205903289 0)
(-0.00116697609 -0.00649226751 0)
(-0.000899882045 0.0034770433 0)
(-0.00566093002 0.0122244297 0)
(-0.015297845 0.019917942 0)
(-0.0279091922 0.0251886544 0)
(-0.0419708343 0.0275859301 0)
(-0.0561592777 0.0271262711 0)
(-0.0692274764 0.0240986752 0)
(-0.0800968117 0.018945435 0)
(-0.0879159862 0.0121895957 0)
(-0.0920844145 0.00440206804 0)
(-0.0922681462 -0.00380767406 0)
(-0.0884155089 -0.0117927615 0)
(-0.080772487 -0.0188748714 0)
(-0.0698942011 -0.0243659684 0)
(-0.0566454516 -0.0276151878 0)
(-0.0421770493 -0.0280887006 0)
(-0.0278468988 -0.0254864145 0)
(-0.015088733 -0.0198866082 0)
(-0.00547449459 -0.0119313547 0)
(-0.000833547352 -0.003221974 0)
(-0.000507507955 0.00108920741 0)
(-0.00368889135 0.00574014055 0)
(-0.0105872232 0.0102223822 0)
(-0.0199879367 0.0134022156 0)
(-0.0307552932 0.0149400965 0)
(-0.0418076534 0.0148327193 0)
(-0.0521004716 0.0132501849 0)
(-0.0607205888 0.0104516812 0)
(-0.0669425779 0.00673881847 0)
(-0.0702538241 0.00243728541 0)
(-0.0703711833 -0.00210634961 0)
(-0.0672558367 -0.00652338517 0)
(-0.0611263881 -0.0104252511 0)
(-0.0524664945 -0.0134154671 0)
(-0.0420201052 -0.0151167089 0)
(-0.0307626608 -0.0152183482 0)
(-0.0198243282 -0.013549403 0)
(-0.0103615214 -0.0101761642 0)
(-0.00352670164 -0.00555507327 0)
(-0.000456470399 -0.000945965583 0)
(-6.44915414e-05 -0.000176241703 0)
(-0.00159898896 0.00163661687 0)
(-0.005695187 0.00359860219 0)
(-0.0117199293 0.00501068014 0)
(-0.0188880474 0.00571684746 0)
(-0.0263913865 0.0057338292 0)
(-0.0334549858 0.00514772179 0)
(-0.0394084987 0.00407326856 0)
(-0.0437225451 0.00263489298 0)
(-0.0460238809 0.000961863318 0)
(-0.0461058205 -0.000810103515 0)
(-0.0439388689 -0.00253598868 0)
(-0.0396813814 -0.0040605616 0)
(-0.0336869546 -0.00522175449 0)
(-0.0265027353 -0.00586030368 0)
(-0.0188496247 -0.00583829489 0)
(-0.0115675425 -0.00507039318 0)
(-0.00551559609 -0.00357095291 0)
(-0.00148203493 -0.0015525864 0)
(-3.10932734e-05 0.000233977872 0)
(0.000261395322 -0.000255578114 0)
(0.000151439625 0.000102072836 0)
(-0.00117495316 0.000547415369 0)
(-0.00348063118 0.0008635165 0)
(-0.00637558196 0.0010220785 0)
(-0.0094668717 0.00103797725 0)
(-0.0124000353 0.000936218147 0)
(-0.0148817765 0.000743061712 0)
(-0.0166860994 0.000483180667 0)
(-0.0176547242 0.000180088643 1.08300253e-33)
(-0.017698519 -0.000142307922 -1.08300253e-33)
(-0.016801485 -0.000458218494 0)
(-0.0150266285 -0.000739019306 0)
(-0.0125219003 -0.000953244509 0)
(-0.00952354859 -0.0010677318 0)
(-0.00635302348 -0.00105052531 0)
(-0.00340014945 -0.000876787605 0)
(-0.00108361529 -0.000539615887 0)
(0.000206110823 -8.25143888e-05 0)
(0.00027456372 0.000266745553 0)
)
;

boundaryField
{
    walls
    {
        type            fixedValue;
        value           uniform (0 0 0);
    }
    mov_wall
    {
        type            fixedValue;
        value           uniform (1 0 0);
    }
    empty
    {
        type            empty;
    }
}


// ************************************************************************* //
