/*--------------------------------*- C++ -*----------------------------------*\
| =========                 |                                                 |
| \\      /  F ield         | OpenFOAM: The Open Source CFD Toolbox           |
|  \\    /   O peration     | Version:  5.x                                   |
|   \\  /    A nd           | Web:      www.OpenFOAM.org                      |
|    \\/     M anipulation  |                                                 |
\*---------------------------------------------------------------------------*/
FoamFile
{
    version     2.0;
    format      ascii;
    class       volScalarField;
    location    "7.6";
    object      p;
}
// * * * * * * * * * * * * * * * * * * * * * * * * * * * * * * * * * * * * * //

dimensions      [0 2 -2 0 0 0 0];

internalField   nonuniform List<scalar> 
400
(
7.63975403e-07
2.45245986
3.4943235
3.89887968
4.10664765
4.22470711
4.29429172
4.34027856
4.37633908
4.41011125
4.4467602
4.49091504
4.54765464
4.62448974
4.734798
4.90459652
5.18238013
5.68420143
6.84131595
9.41172497
1.88670559
2.86728968
3.41988386
3.74774416
3.96518117
4.10974765
4.20767466
4.27899256
4.3367451
4.38961348
4.44424572
4.50657223
4.58333376
4.68329799
4.81972654
5.01367939
5.29402267
5.69846937
6.33841582
7.42837146
2.98207808
3.26253049
3.54233135
3.77067981
3.94570597
4.07571612
4.17322601
4.25000361
4.31527586
4.37623618
4.4389254
4.50902196
4.59257543
4.69678296
4.83085033
5.00663844
5.23632204
5.52393962
5.86049105
6.19823774
3.52778446
3.5853431
3.7217857
3.86537699
3.98906431
4.09083264
4.1746106
4.24571434
4.30952716
4.37102336
4.43477484
4.5052047
4.58678881
4.68425486
4.80245139
4.9456929
5.11574969
5.30514829
5.47833729
5.55963918
3.84421734
3.82688078
3.88518015
3.96938321
4.05221995
4.12779119
4.19566889
4.25747812
4.31592317
4.37409245
4.43506523
4.50185782
4.57733146
4.66400636
4.76350425
4.8755112
4.99635927
5.11480215
5.19584626
5.1837161
4.04550127
4.00365903
4.02142636
4.0678501
4.12138254
4.17574106
4.22885498
4.28053799
4.33186044
4.38449189
4.44027109
4.5009682
4.56804903
4.64232667
4.7233266
4.80836654
4.89180691
4.96267816
4.99308089
4.94680823
4.18058583
4.13383099
4.131839
4.1553688
4.18883367
4.22706674
4.26772702
4.30987192
4.35363759
4.39973154
4.44903846
4.50233693
4.56001903
4.621722
4.68578565
4.74862618
4.8045599
4.84466583
4.84862478
4.79368024
4.27565862
4.2308425
4.21966012
4.22967447
4.24984593
4.27635476
4.30712229
4.3409827
4.3775786
4.41699922
4.45945159
4.50499632
4.55328527
4.60324929
4.65270518
4.69801143
4.73425875
4.75484685
4.74556056
4.69204229
4.34467416
4.30373096
4.28862889
4.29082752
4.30237632
4.32057172
4.34372996
4.37070165
4.40089292
4.43401555
4.46982841
4.5079178
4.54748346
4.58710897
4.6245134
4.65641335
4.67889369
4.68733319
4.67187927
4.62321656
4.39525921
4.35850432
4.34215699
4.33995796
4.34598901
4.35836122
4.37576091
4.39714479
4.42182501
4.44929845
4.47905071
4.5103869
4.54227413
4.57319232
4.60100011
4.62292603
4.63599567
4.63709229
4.61932464
4.57637754
4.43196343
4.39925745
4.38305412
4.37851016
4.38106546
4.38939582
4.40248721
4.41942418
4.43950165
4.46210836
4.48658198
4.51208666
4.53750781
4.5613686
4.58177581
4.59648091
4.60329425
4.60017338
4.5822056
4.54489366
4.45777624
4.42889551
4.41358007
4.40794447
4.4083791
4.41394685
4.42386387
4.43733825
4.4536878
4.47226062
4.49233042
4.51301345
4.53320636
4.55155123
4.56643274
4.57607005
4.57888526
4.57357433
4.55655497
4.52447772
4.47482715
4.44957313
4.4355611
4.42962024
4.42885258
4.43259319
4.4402351
4.45109821
4.46454267
4.47991537
4.49647685
4.5133499
4.5294908
4.54368835
4.55459167
4.56081048
4.56122684
4.55503557
4.53957294
4.51225913
4.48473012
4.46295899
4.45049283
4.44475122
4.44341636
4.44602842
4.45212206
4.4611171
4.47242261
4.48540305
4.49933046
4.51335854
4.52651937
4.53774597
4.54591788
4.54995896
4.54909331
4.54285666
4.52925504
4.50627159
4.48877375
4.47040233
4.45962041
4.45439326
4.45292715
4.45493658
4.46007834
4.46786151
4.47774149
4.48910263
4.50123234
4.51331635
4.52445559
4.53370579
4.5401344
4.54291274
4.54152287
4.53574831
4.52413422
4.50513539
4.48806115
4.47305669
4.46400902
4.45945496
4.45813101
4.45992396
4.46460507
4.4717625
4.48088677
4.4913703
4.50250231
4.51348308
4.52345789
4.53157064
4.53703023
4.53919929
4.53776217
4.53270759
4.52308331
4.50782092
4.48366831
4.47201023
4.46464058
4.46076244
4.45970171
4.461537
4.4661534
4.47320584
4.48220048
4.49251387
4.50340947
4.51406997
4.5236472
4.53132878
4.53641543
4.53841226
4.53717016
4.53287809
4.52512625
4.51341595
4.47685542
4.46838775
4.46242927
4.4590156
4.45816204
4.46017
4.46503502
4.47245738
4.48192776
4.49277014
4.5041811
4.51528019
4.52517446
4.53303884
4.53820784
4.54027802
4.53923881
4.5354983
4.52928754
4.52085603
4.46928591
4.46319442
4.45767437
4.45396806
4.45292198
4.45508921
4.46054297
4.4689684
4.47977104
4.49214891
4.50515399
4.51775829
4.52893109
4.53773427
4.54343441
4.54563081
4.54440422
4.54041598
4.53469894
4.52866591
4.46344875
4.45752304
4.45037058
4.44492709
4.44290346
4.44509546
4.45156745
4.46187284
4.47521479
4.49055109
4.50667225
4.52227591
4.53605334
4.54679939
4.55355205
4.55576536
4.55352018
4.54774931
4.54035143
4.53446205
)
;

boundaryField
{
    walls
    {
        type            zeroGradient;
    }
    mov_wall
    {
        type            zeroGradient;
    }
    empty
    {
        type            empty;
    }
}


// ************************************************************************* //
