/*--------------------------------*- C++ -*----------------------------------*\
| =========                 |                                                 |
| \\      /  F ield         | OpenFOAM: The Open Source CFD Toolbox           |
|  \\    /   O peration     | Version:  5.x                                   |
|   \\  /    A nd           | Web:      www.OpenFOAM.org                      |
|    \\/     M anipulation  |                                                 |
\*---------------------------------------------------------------------------*/
FoamFile
{
    version     2.0;
    format      ascii;
    class       surfaceScalarField;
    location    "7.6";
    object      phi;
}
// * * * * * * * * * * * * * * * * * * * * * * * * * * * * * * * * * * * * * //

dimensions      [0 3 -1 0 0 0 0];

internalField   nonuniform List<scalar> 
760
(
0.00134817675
-0.00134817711
0.00245763984
-0.00110946309
0.00313513471
-0.000677494875
0.00355971574
-0.000424581015
0.00383225133
-0.00027253558
0.00400945218
-0.000177200847
0.00412521452
-0.000115762356
0.00419921708
-7.4002572e-05
0.00424243235
-4.3215269e-05
0.00426055359
-1.81212184e-05
0.00425562237
4.93123316e-06
0.00422675779
2.88645643e-05
0.0041693894
5.7368374e-05
0.00407358504
9.58043589e-05
0.00391995093
0.00015363412
0.00367201931
0.000247931649
0.00326316025
0.000408859059
0.00257264078
0.000690519447
0.00140850173
0.00116413902
0.00140850173
-5.46952001e-05
-0.00129348191
0.000412592721
-0.00157675101
0.00103002986
-0.00129493203
0.00157871391
-0.000973265069
0.00201483273
-0.000708654389
0.00234477729
-0.000507145391
0.00258511634
-0.000356101399
0.00275126943
-0.00024015567
0.0028545678
-0.000146513655
0.00290179532
-6.53487401e-05
0.00289536661
1.13599653e-05
0.00283293038
9.13008103e-05
0.00270712575
0.000183172997
0.00250436374
0.000298566346
0.00220410987
0.000453887977
0.00178090172
0.000671139817
0.001217568
0.000972192807
0.000552812575
0.0013552749
1.30664923e-05
0.00170388511
0.00142156821
-0.000271734626
-0.00102174728
-0.000221026546
-0.00162745908
7.13678468e-05
-0.00158732643
0.00044628568
-0.00134818292
0.000812489702
-0.00107485842
0.00112929929
-0.000823954961
0.00138207834
-0.00060888043
0.0015680079
-0.00042608523
0.00168837697
-0.000266882742
0.00174468453
-0.000121656318
0.00173678975
1.92547502e-05
0.00166213443
0.000165956164
0.0015157129
0.000329594538
0.00129125425
0.000523024985
0.000985011682
0.000760130516
0.000605009638
0.00105114185
0.000189850705
0.00138735176
-0.000160045067
0.00170517069
-0.000261640613
0.00180548067
0.00115992757
-0.00022794158
-0.000793805701
-0.000361197295
-0.00149420335
-0.000308328188
-0.00164019554
-0.000134821184
-0.00152168994
8.92093935e-05
-0.00129888901
0.000314971874
-0.00104971744
0.000513263017
-0.000807171547
0.000668300044
-0.000581122236
0.000771990346
-0.000370573053
0.000820036116
-0.000169702117
0.00080972764
2.95632138e-05
0.000739201023
0.000236482804
0.000607935684
0.000460859907
0.000419110891
0.000711849782
0.000184524329
0.000994717052
-6.71911906e-05
0.00130285735
-0.000280617557
0.00160077813
-0.000369418478
0.00179397163
-0.000246993618
0.00168305583
0.000912933941
-0.000168965228
-0.000624840487
-0.000352016182
-0.00131115237
-0.000431557665
-0.00156065403
-0.000408908958
-0.00154433865
-0.00031943517
-0.00138836283
-0.000200095187
-0.00116905744
-7.98100836e-05
-0.000927456637
2.15782674e-05
-0.000682510554
9.14287217e-05
-0.000440423493
0.000122135397
-0.000200408816
0.000109757186
4.19413925e-05
5.36457004e-05
0.000292594289
-4.27490046e-05
0.000557254646
-0.000169694015
0.00083879482
-0.000307652417
0.00113267545
-0.000423468633
0.00141867353
-0.000470024888
0.00164733437
-0.000397824834
0.00172177159
-0.000196431024
0.00148166204
0.000716502917
-0.000124192149
-0.000500648356
-0.000308335651
-0.00112700887
-0.000450494099
-0.00141849556
-0.000523204
-0.00147162873
-0.000535391042
-0.0013761758
-0.000508160821
-0.0011962877
-0.000463156901
-0.000972460572
-0.000418060939
-0.000727606488
-0.00038561899
-0.000472865403
-0.000373912043
-0.00021211576
-0.000386727925
5.4757237e-05
-0.000423459517
0.000329325851
-0.000478356386
0.000612151529
-0.000539178262
0.000899616738
-0.000585818857
0.00117931606
-0.000590512324
0.00142336698
-0.000523085139
0.00157990715
-0.000366699099
0.00156538554
-0.000150585993
0.00126554895
0.000565916941
-9.45729361e-05
-0.00040607543
-0.000264649758
-0.000956932063
-0.000430738397
-0.00125240691
-0.000556976935
-0.00134539015
-0.000636793194
-0.00129635952
-0.00067814175
-0.00115493916
-0.000693943934
-0.000956658428
-0.000696929256
-0.000724621171
-0.000697274051
-0.000472520566
-0.000701661729
-0.000207728044
-0.000712860689
6.59561851e-05
-0.000729336367
0.000345801482
-0.000744753828
0.000627568966
-0.000747580309
0.000902443248
-0.000721469885
0.00115320568
-0.000647843368
0.00134974048
-0.000512876914
0.00144494067
-0.000321206289
0.00137371489
-0.000116485715
0.00106082837
0.000449431247
-7.53437239e-05
-0.000330731698
-0.000228206821
-0.000804068995
-0.000398353678
-0.00108226006
-0.000550539533
-0.00119320428
-0.000670626436
-0.00117627257
-0.000757578315
-0.00106798728
-0.000816784804
-0.000897451979
-0.000855587462
-0.000685818553
-0.000880624314
-0.000447483703
-0.000896360312
-0.000191991993
-0.000904270054
7.38659597e-05
-0.000902360293
0.000343891693
-0.000884972219
0.00061018084
-0.000843104183
0.000860575198
-0.000765820195
0.00107592173
-0.000643664721
0.00122758505
-0.000475103922
0.00127637988
-0.000276309842
0.00117492078
-9.21328696e-05
0.000876651375
0.000357298384
-6.22882871e-05
-0.000268443385
-0.000198541311
-0.000667815991
-0.000362893665
-0.000917907744
-0.000523850746
-0.0010322472
-0.000664415229
-0.00103570805
-0.000778128894
-0.000954273565
-0.000864812146
-0.000810768731
-0.000927165475
-0.000623465277
-0.000968399709
-0.000406249506
-0.000990721226
-0.000169670448
-0.000994436348
7.75811426e-05
-0.000977525706
0.000326981073
-0.00093569499
0.000568350085
-0.000863101255
0.00078798141
-0.000754123179
0.00096694365
-0.00060662631
0.00108008822
-0.000426950393
0.001096704
-0.000236038274
0.000984008664
-7.43490172e-05
0.000714962098
0.000282949354
-5.27689558e-05
-0.000215674402
-0.000173812769
-0.000546772171
-0.000327557399
-0.000764163146
-0.000486866
-0.000872938644
-0.00063438021
-0.000888193842
-0.00076075785
-0.000827895873
-0.000862116629
-0.000709409909
-0.000937654736
-0.00054792719
-0.000987783238
-0.000356121066
-0.00101282399
-0.000144629724
-0.00101222277
7.69799643e-05
-0.000984240675
0.00029899904
-0.000926163036
0.000510272458
-0.000835158809
0.000696977138
-0.000709976108
0.000841760902
-0.000553597347
0.000923709454
-0.000376676981
0.000919783669
-0.000200960035
0.000808291751
-6.08626139e-05
0.000574864679
0.000222086721
-4.5297932e-05
-0.000170376461
-0.000152453956
-0.000439616111
-0.000293299593
-0.000623317509
-0.000444763105
-0.000721475174
-0.000590345869
-0.00074261112
-0.000719473377
-0.000698768351
-0.000826046333
-0.00060283689
-0.000906878176
-0.00046709531
-0.00096034756
-0.000302651716
-0.00098540317
-0.00011957418
-0.000980963188
7.25399641e-05
-0.000945732116
0.000263768018
-0.000878480007
0.000443020408
-0.000778855035
0.000597352172
-0.000648784051
0.000711689873
-0.000494403566
0.000769328929
-0.000328204169
0.000753584271
-0.000170678368
0.00065076598
-5.02806476e-05
0.000454466983
0.000171806066
-3.90622027e-05
-0.00013131428
-0.000133403799
-0.000345274474
-0.000260349946
-0.000496371323
-0.000400388948
-0.00058143618
-0.000538431203
-0.00060456892
-0.000663692813
-0.000573506779
-0.000768938064
-0.000497591611
-0.00084952306
-0.000386510246
-0.000902500901
-0.000249673847
-0.000925934087
-9.61410389e-05
-0.000918488899
6.50947127e-05
-0.000879356221
0.000224635331
-0.000808535335
0.000372199573
-0.000707505248
0.000496322138
-0.000580261672
0.000584446299
-0.000434588338
0.000623655556
-0.000283248307
0.000602244207
-0.000144573376
0.000512091049
-4.17551873e-05
0.000351648815
0.00013005089
-3.36094327e-05
-9.77048839e-05
-0.000115973522
-0.000262910374
-0.00022868588
-0.000383658916
-0.000355331114
-0.000454790906
-0.000482448471
-0.000477451584
-0.000599656661
-0.000456298651
-0.000699324763
-0.00039792354
-0.00077605049
-0.000309784479
-0.000826127604
-0.000199596665
-0.000847124104
-7.51445198e-05
-0.000837646083
5.56166419e-05
-0.000797332227
0.000184321417
-0.00072710255
0.000301969893
-0.00062965643
0.000398876066
-0.000510163453
0.000464953368
-0.000377005126
0.00049049723
-0.000242314866
0.000467553916
-0.000121978246
0.000391754402
-3.47332259e-05
0.000264403796
9.53176802e-05
-2.86574999e-05
-6.90474077e-05
-9.96602521e-05
-0.000191907651
-0.000198117023
-0.000285202126
-0.000310357549
-0.000342550324
-0.000424616034
-0.000363193064
-0.000531265875
-0.00034964884
-0.00062276547
-0.000306424009
-0.000693446659
-0.000239103312
-0.000739258816
-0.000153784462
-0.000757558009
-5.68452639e-05
-0.000747003423
4.50620665e-05
-0.000707597936
0.000144915882
-0.000640884419
0.000235256326
-0.000550277081
0.000308268727
-0.000441462345
0.000356138672
-0.000322745842
0.000371780763
-0.000205166573
0.00034997465
-0.000102185443
0.00028877325
-2.88024256e-05
0.000191020762
6.65152607e-05
-2.39811949e-05
-4.50662018e-05
-8.39974465e-05
-0.000131891444
-0.000168257122
-0.000200942479
-0.000265595503
-0.000245211918
-0.000365935575
-0.000262852932
-0.000460594466
-0.000254989921
-0.000542423522
-0.000224594989
-0.000605821337
-0.000175705559
-0.000646681753
-0.00011292406
-0.000662339382
-4.11875884e-05
-0.000651561306
3.42840466e-05
-0.000614612921
0.000107967502
-0.000553400637
0.000174044
-0.000471663911
0.000226531961
-0.000375154016
0.000259628776
-0.00027170195
0.000268328728
-0.000171058846
0.000249331573
-8.44170613e-05
0.000202131467
-2.3599866e-05
0.000130203554
4.29153887e-05
-1.93492005e-05
-2.57169629e-05
-6.8470022e-05
-8.27706437e-05
-0.000138506766
-0.000130905785
-0.000220638101
-0.000163080609
-0.00030642842
-0.000177062581
-0.000388228736
-0.000173189547
-0.000459474147
-0.000153349557
-0.000514859802
-0.000120319943
-0.00055042981
-7.7354105e-05
-0.000563627582
-2.79898244e-05
-0.000553348422
2.40049302e-05
-0.00052001641
7.46355357e-05
-0.000465682598
0.000119710191
-0.000394114915
0.000154964245
-0.000310822998
0.000176336829
-0.000222941272
0.000180447002
-0.000138894619
0.000165284942
-6.78135097e-05
0.000131050376
-1.87621077e-05
8.11521538e-05
2.41532722e-05
-1.45055169e-05
-1.12114123e-05
-5.25210862e-05
-4.47550516e-05
-0.000108122804
-7.5304093e-05
-0.000174687809
-9.65156532e-05
-0.000245343263
-0.000106407149
-0.000313520821
-0.000105011956
-0.000373387881
-9.3482445e-05
-0.000420129403
-7.35784057e-05
-0.000450116072
-4.73674724e-05
-0.0004610091
-1.70968403e-05
-0.000451841648
1.48374738e-05
-0.000423096902
4.58908254e-05
-0.000376775953
7.33892782e-05
-0.000316426441
9.46147354e-05
-0.000247079552
0.000106989916
-0.000175030362
0.000108397791
-0.000107403066
9.76576451e-05
-5.14858443e-05
7.51331686e-05
-1.3914617e-05
4.35809377e-05
1.02386524e-05
-9.20280903e-06
-2.00860242e-06
-3.56847273e-05
-1.82730892e-05
-7.64355088e-05
-3.45532923e-05
-0.000126811018
-4.61401683e-05
-0.000181408084
-5.18101268e-05
-0.000234817166
-5.1602889e-05
-0.000282132228
-4.61673517e-05
-0.000319263522
-3.64470694e-05
-0.000343116495
-2.35144908e-05
-0.000351700046
-8.51332055e-06
-0.000344207031
7.34442623e-06
-0.00032108444
2.27682326e-05
-0.000284086156
3.63910204e-05
-0.000236279523
4.68081286e-05
-0.000181958567
5.26689633e-05
-0.000126403748
5.28429566e-05
-7.54285467e-05
4.668243e-05
-3.4681631e-05
3.43862524e-05
-8.71390765e-06
1.76132223e-05
1.52474768e-06
-3.43754506e-06
1.42891671e-06
-1.80438834e-05
-3.66672511e-06
-4.34060271e-05
-9.19110937e-06
-7.64336523e-05
-1.3112525e-05
-0.000113187155
-1.50566435e-05
-0.000149665128
-1.51249479e-05
-0.000182251559
-1.35809291e-05
-0.000207952846
-1.07457592e-05
-0.00022451408
-6.95322618e-06
-0.000230484748
-2.54264712e-06
-0.000225272647
2.13230364e-06
-0.000209197092
6.69265557e-06
-0.000183535364
1.07292916e-05
-0.000150536808
1.38095898e-05
-0.000113368286
1.5500458e-05
-7.59397547e-05
1.5414428e-05
-4.25472226e-05
1.32898899e-05
-1.72767403e-05
9.11576297e-06
-3.10385949e-06
3.44034167e-06
-1.5791082e-06
1.4288875e-06
-2.23785817e-06
-1.14289632e-05
-2.45414631e-05
-3.95980884e-05
-5.47230435e-05
-6.83039958e-05
-7.90497681e-05
-8.6002984e-05
-8.85456094e-05
-8.64132946e-05
-7.97206467e-05
-6.89913707e-05
-5.51817886e-05
-3.96813259e-05
-2.42668881e-05
-1.09769929e-05
-1.86123068e-06
1.57910836e-06
)
;

boundaryField
{
    walls
    {
        type            calculated;
        value           uniform 0;
    }
    mov_wall
    {
        type            calculated;
        value           uniform 0;
    }
    empty
    {
        type            empty;
        value           nonuniform 0();
    }
}


// ************************************************************************* //
