/*--------------------------------*- C++ -*----------------------------------*\
| =========                 |                                                 |
| \\      /  F ield         | OpenFOAM: The Open Source CFD Toolbox           |
|  \\    /   O peration     | Version:  5.x                                   |
|   \\  /    A nd           | Web:      www.OpenFOAM.org                      |
|    \\/     M anipulation  |                                                 |
\*---------------------------------------------------------------------------*/
FoamFile
{
    version     2.0;
    format      ascii;
    class       volVectorField;
    location    "7.6";
    object      U;
}
// * * * * * * * * * * * * * * * * * * * * * * * * * * * * * * * * * * * * * //

dimensions      [0 1 -1 0 0 0 0];

internalField   nonuniform List<vector> 
400
(
(0.291698415 0.149643827 0)
(0.388187156 0.128007698 0)
(0.557616063 0.0757318275 0)
(0.674785699 0.0433044382 0)
(0.743766594 0.0251591049 0)
(0.787075023 0.0148802981 0)
(0.815462959 0.00893092262 0)
(0.83393956 0.00530992835 0)
(0.84536546 0.00289956067 0)
(0.851349263 0.00108485201 2.6652678e-34)
(0.852640749 -0.000502852814 -2.6652678e-34)
(0.849354294 -0.00216071928 0)
(0.840973371 -0.00421710497 0)
(0.826113772 -0.00722098643 0)
(0.802020424 -0.0122365023 0)
(0.763538945 -0.0213892107 0)
(0.699488893 -0.0388386143 0)
(0.584557338 -0.0722732729 0)
(0.407900536 -0.128436306 0)
(0.300688068 -0.152947536 0)
(0.00120417787 0.287432414 0)
(0.0133209527 0.293872129 0)
(0.140044437 0.209904856 0)
(0.264971583 0.142986163 0)
(0.364177736 0.0968019845 0)
(0.440120062 0.0654411231 0)
(0.496541039 0.043976254 0)
(0.536691067 0.0287011577 0)
(0.563274464 0.0170798532 0)
(0.578137339 0.00742308457 0)
(0.582210285 -0.00150101291 0)
(0.575515253 -0.0107977532 0)
(0.55710925 -0.0217346505 0)
(0.524912995 -0.0361396921 0)
(0.475518405 -0.0569634994 0)
(0.404326001 -0.0889771539 0)
(0.305687293 -0.139150755 0)
(0.174497792 -0.2152752 0)
(0.0341065864 -0.310801153 0)
(0.0108691572 -0.305909062 0)
(-0.032146765 0.241773925 0)
(-0.0634303689 0.333547164 0)
(-0.0219362062 0.299502493 0)
(0.0505996228 0.240051666 0)
(0.127397378 0.183020806 0)
(0.196818607 0.135454524 0)
(0.254167102 0.0974523442 0)
(0.298088302 0.066889173 0)
(0.328665676 0.0413758244 0)
(0.346307823 0.0187814586 -2.35796995e-33)
(0.351211311 -0.00280949379 2.35796995e-33)
(0.343126748 -0.0252950463 0)
(0.321277581 -0.0508299452 0)
(0.284432902 -0.0820948293 0)
(0.231328817 -0.122479775 0)
(0.161916759 -0.175658043 0)
(0.0798350178 -0.243208459 0)
(-0.00333734204 -0.317981961 0)
(-0.0578531317 -0.3663635 0)
(-0.031389319 -0.270690674 0)
(-0.0261204167 0.182361575 0)
(-0.06661928 0.316884136 0)
(-0.0735377835 0.330901743 0)
(-0.0481307212 0.295352912 0)
(-0.00567217832 0.244253506 0)
(0.0411124718 0.19243174 0)
(0.0845451053 0.14509504 0)
(0.120424331 0.103006632 0)
(0.146585246 0.0651543652 0)
(0.161925478 0.0298884062 2.35546534e-33)
(0.165812814 -0.00469432495 -2.35546534e-33)
(0.157798799 -0.0406696206 0)
(0.137586498 -0.0803027373 0)
(0.105285213 -0.125979577 0)
(0.0620900278 -0.179774807 0)
(0.011609267 -0.242029718 0)
(-0.0380283817 -0.307764356 0)
(-0.0720490958 -0.35957937 0)
(-0.0711639166 -0.355585636 0)
(-0.0287210552 -0.209178579 0)
(-0.0176296847 0.140767914 0)
(-0.054916548 0.281827203 0)
(-0.0828629963 0.324484363 0)
(-0.0880762249 0.312396803 0)
(-0.0751196914 0.274441983 0)
(-0.0526276301 0.226778428 0)
(-0.0275118534 0.177302817 0)
(-0.00458009456 0.129145426 0)
(0.0130234898 0.082912364 0)
(0.0233567965 0.0379330334 -2.94545496e-34)
(0.0253097441 -0.0071013965 2.94545496e-34)
(0.0184152026 -0.0537995253 0)
(0.00288698175 -0.103801262 0)
(-0.0200872006 -0.158367935 0)
(-0.0477707914 -0.21753072 0)
(-0.0750614578 -0.278347553 0)
(-0.0936267106 -0.331694804 0)
(-0.0922270583 -0.357398871 0)
(-0.0635074678 -0.31887989 0)
(-0.0207312592 -0.162076723 0)
(-0.0116542809 0.111592251 0)
(-0.0431522027 0.243765266 0)
(-0.0782839985 0.299859404 0)
(-0.100579261 0.305000833 0)
(-0.108310589 0.280421269 0)
(-0.105716508 0.240369184 0)
(-0.0975361771 0.193277767 0)
(-0.0877934519 0.143545369 0)
(-0.0795351921 0.0930260765 0)
(-0.074827216 0.0420752353 0)
(-0.0748481329 -0.00975925678 0)
(-0.079934582 -0.0632506215 0)
(-0.0895000268 -0.119033278 0)
(-0.101812877 -0.176993444 0)
(-0.113690947 -0.235297918 0)
(-0.120284779 -0.28884907 0)
(-0.115237024 -0.327084783 0)
(-0.092271116 -0.331566554 0)
(-0.0521876295 -0.275119692 0)
(-0.0142847862 -0.127260098 0)
(-0.00803185631 0.0899680202 0)
(-0.0343052843 0.207876696 0)
(-0.0703686622 0.267741356 0)
(-0.100959318 0.283509148 0)
(-0.121509108 0.269753785 0)
(-0.133061962 0.237807851 0)
(-0.138135839 0.195384124 0)
(-0.139450247 0.147216489 0)
(-0.139365668 0.0958906813 0)
(-0.139599231 0.0425957613 0)
(-0.141114111 -0.0122625638 0)
(-0.144054665 -0.0685401658 0)
(-0.147657212 -0.125824598 0)
(-0.150140605 -0.182787209 0)
(-0.148667741 -0.236314555 0)
(-0.139565525 -0.280390164 0)
(-0.119015751 -0.304900544 0)
(-0.084874741 -0.294957286 0)
(-0.0422046479 -0.232154479 0)
(-0.0100065919 -0.100709817 0)
(-0.005898189 0.0731569068 0)
(-0.028051439 0.175459928 0)
(-0.0624620791 0.233454968 0)
(-0.0961931134 0.25465069 0)
(-0.12378429 0.248662377 0)
(-0.144336445 0.223978326 0)
(-0.158622037 0.187072461 0)
(-0.168069549 0.142434105 0)
(-0.174171014 0.0929433356 0)
(-0.178091653 0.0403533008 0)
(-0.180456258 -0.0142245204 0)
(-0.181230004 -0.0698446739 0)
(-0.179647304 -0.125225755 0)
(-0.174205201 -0.178177566 0)
(-0.162809073 -0.224940956 0)
(-0.143212557 -0.259512835 0)
(-0.113841635 -0.2732013 0)
(-0.0753166161 -0.254896361 0)
(-0.0343188981 -0.192925778 0)
(-0.00728498589 -0.079991773 0)
(-0.00459312089 0.0595160173 0)
(-0.0235441664 0.14654262 0)
(-0.0553429913 0.199662155 0)
(-0.089319676 0.222701632 0)
(-0.12005182 0.221819414 0)
(-0.14560909 0.203131833 0)
(-0.165570647 0.171796554 0)
(-0.180317098 0.131775631 0)
(-0.190531078 0.0859405063 0)
(-0.196813739 0.0363510042 2.97711453e-34)
(-0.199448901 -0.0153915444 -2.97711453e-34)
(-0.198275628 -0.0677566386 0)
(-0.192646151 -0.118867794 0)
(-0.181489353 -0.166059309 0)
(-0.163546092 -0.205440875 0)
(-0.137858732 -0.231577795 0)
(-0.104503395 -0.237504906 0)
(-0.0656637237 -0.215386223 0)
(-0.0281737962 -0.158249842 0)
(-0.00551068983 -0.0634668213 0)
(-0.0037331421 0.0480883411 0)
(-0.0201212306 0.120839401 0)
(-0.0490153858 0.167676444 0)
(-0.0816389803 0.190287498 0)
(-0.112989453 0.192487646 0)
(-0.140680562 0.17855713 4.67987979e-33)
(-0.163557389 0.152465452 0)
(-0.181246276 0.117555 0)
(-0.193784173 0.0765047423 -4.74063732e-33)
(-0.201296976 0.03147099 2.26595668e-36)
(-0.2037892 -0.0156743999 4.98649065e-36)
(-0.201035366 -0.0630555948 0)
(-0.192565926 -0.108481579 0)
(-0.177765511 -0.149141425 0)
(-0.156124909 -0.181360929 0)
(-0.127679787 -0.200524266 0)
(-0.0935645725 -0.201318539 0)
(-0.0566770434 -0.178463971 0)
(-0.0233146637 -0.128090139 0)
(-0.00429570365 -0.0500435331 0)
(-0.00311504137 0.0383306321 0)
(-0.0173631152 0.098050853 0)
(-0.0433176156 0.13812997 0)
(-0.073718073 0.158979201 0)
(-0.104104455 0.162838221 0)
(-0.131970539 0.152618175 -4.67987979e-33)
(-0.155761615 0.131295701 0)
(-0.174612856 0.10160328 0)
(-0.188100213 0.0659289965 4.74063732e-33)
(-0.19599742 0.0263693604 1.49106826e-33)
(-0.198111618 -0.0151233246 -1.4983207e-33)
(-0.194204015 -0.0565442486 0)
(-0.183996557 -0.0956260376 0)
(-0.167277167 -0.129654839 0)
(-0.144124391 -0.155368914 0)
(-0.115252466 -0.1690225 0)
(-0.082381412 -0.166713894 0)
(-0.0485941054 -0.145040227 0)
(-0.019397595 -0.102103347 0)
(-0.00342090844 -0.0390049993 0)
(-0.00263393806 0.0299262621 0)
(-0.0150226262 0.077930128 0)
(-0.0380974191 0.111311113 0)
(-0.0658175628 0.129695798 0)
(-0.0942794727 0.134263879 0)
(-0.121044032 0.126925339 0)
(-0.144383614 0.109860564 0)
(-0.163148984 0.085248045 0)
(-0.176619501 0.0551416417 0)
(-0.18433547 0.0214703184 2.9974261e-34)
(-0.185982939 -0.0138813667 -2.9974261e-34)
(-0.181343681 -0.0489515472 0)
(-0.170313966 -0.0815745607 0)
(-0.152999249 -0.109289269 0)
(-0.1298916 -0.129330734 0)
(-0.102114499 -0.138764245 0)
(-0.0716393829 -0.134816142 0)
(-0.0414365982 -0.115407292 0)
(-0.0161843507 -0.0798582238 0)
(-0.00276403332 -0.0298606582 0)
(-0.0022347387 0.0226800223 0)
(-0.0129541311 0.0602838546 0)
(-0.0332381499 0.0873308363 0)
(-0.0580555246 0.102954505 0)
(-0.0840353756 0.107621826 0)
(-0.108906084 0.102520709 0)
(-0.130914086 0.0892086449 0)
(-0.148775838 0.069381861 0)
(-0.161603548 0.0447501639 0)
(-0.168801282 0.0170067376 3.00137198e-34)
(-0.169993542 -0.0121372115 -3.00137198e-34)
(-0.164999675 -0.0408861834 0)
(-0.153857541 -0.0672953829 0)
(-0.136899083 -0.0892417107 0)
(-0.114876634 -0.104468702 0)
(-0.089118904 -0.110744416 0)
(-0.0616328427 -0.106158116 0)
(-0.0351269768 -0.0895353385 0)
(-0.0135037451 -0.0609264445 0)
(-0.00225327342 -0.0222578278 0)
(-0.00188545688 0.0164662564 0)
(-0.0110624879 0.0449645361 0)
(-0.0286411473 0.0662105024 0)
(-0.0504611293 0.0790278191 0)
(-0.073653159 0.0834123358 0)
(-0.0961641746 0.0800414938 0)
(-0.116305919 0.0699953584 0)
(-0.132763347 0.0545610826 0)
(-0.144575606 0.035114358 0)
(-0.151082433 0.013074735 0)
(-0.151887886 -0.0100881499 0)
(-0.146853 -0.032825076 0)
(-0.136119507 -0.0534823574 0)
(-0.12016426 -0.0703098611 0)
(-0.0998793411 -0.0815299537 0)
(-0.0766571186 -0.0854921375 0)
(-0.0524122081 -0.0809235374 0)
(-0.0295300329 -0.0672469503 0)
(-0.011218574 -0.0449266651 0)
(-0.00184129833 -0.0159381063 0)
(-0.00156251631 0.0112077521 0)
(-0.00926988 0.0318705364 0)
(-0.0242025245 0.0479368715 0)
(-0.0429884501 0.0580490677 0)
(-0.0632319147 0.0619115014 0)
(-0.083120865 0.0598559234 0)
(-0.101086244 0.0526055588 0)
(-0.115849133 0.0411071722 0)
(-0.126440933 0.0264236284 0)
(-0.132187243 0.00968560383 0)
(-0.132697631 -0.00791671373 0)
(-0.127870712 -0.0251250458 0)
(-0.117915455 -0.0406102713 0)
(-0.103386535 -0.0529974548 0)
(-0.0852272562 -0.0609387041 0)
(-0.0648019896 -0.063249693 0)
(-0.0438652616 -0.0591133857 0)
(-0.0244674989 -0.0483249888 0)
(-0.00920309222 -0.0315520061 0)
(-0.00149088382 -0.0107193786 0)
(-0.00124268907 0.00687237044 0)
(-0.00749726013 0.0209539419 0)
(-0.0197996776 0.0325014301 0)
(-0.0355242007 0.040087296 0)
(-0.0527239688 0.0432717594 0)
(-0.0698331049 0.0421741843 0)
(-0.0854326535 0.0372606235 0)
(-0.0983251673 0.0291991521 0)
(-0.107580787 0.0187673586 0)
(-0.112546727 0.00680863995 0)
(-0.112854338 -0.00578011371 0)
(-0.108431628 -0.0180487559 0)
(-0.0995214449 -0.0289997694 0)
(-0.0867021652 -0.0376160622 0)
(-0.070903979 -0.0429246755 0)
(-0.0534054959 -0.0441071909 0)
(-0.0357703094 -0.0406592905 0)
(-0.0197281033 -0.0325810795 0)
(-0.00733072695 -0.0205903304 0)
(-0.0011669754 -0.00649226777 0)
(-0.000899881136 0.00347704294 0)
(-0.00566092784 0.0122244319 0)
(-0.0152978442 0.0199179443 0)
(-0.0279091957 0.0251886538 0)
(-0.0419708419 0.0275859263 0)
(-0.0561592853 0.0271262673 0)
(-0.0692274807 0.0240986743 0)
(-0.0800968137 0.0189454365 0)
(-0.0879159896 0.0121895959 0)
(-0.0920844216 0.00440206406 0)
(-0.0922681549 -0.00380768091 0)
(-0.0884155154 -0.0117927677 0)
(-0.0807724896 -0.018874875 0)
(-0.0698942014 -0.0243659704 0)
(-0.0566454524 -0.0276151908 0)
(-0.0421770514 -0.0280887055 0)
(-0.0278469008 -0.0254864199 0)
(-0.0150887336 -0.0198866121 0)
(-0.00547449387 -0.0119313564 0)
(-0.000833546813 -0.00322197404 0)
(-0.000507508812 0.00108920496 0)
(-0.00368889183 0.00574014008 0)
(-0.0105872222 0.0102223844 0)
(-0.019987937 0.0134022177 0)
(-0.0307552973 0.0149400957 0)
(-0.0418076607 0.0148327157 0)
(-0.0521004784 0.0132501816 0)
(-0.0607205926 0.0104516806 0)
(-0.0669425799 0.00673881978 0)
(-0.0702538273 0.0024372855 0)
(-0.0703711892 -0.0021063527 0)
(-0.0672558434 -0.00652339031 0)
(-0.0611263926 -0.0104252555 0)
(-0.0524664959 -0.0134154694 0)
(-0.0420201049 -0.0151167099 0)
(-0.0307626607 -0.0152183497 0)
(-0.019824329 -0.0135494055 0)
(-0.0103615221 -0.0101761669 0)
(-0.0035267018 -0.00555507495 0)
(-0.000456470307 -0.00094596587 0)
(-6.44934437e-05 -0.000176244566 0)
(-0.00159899203 0.00163661404 0)
(-0.00569518798 0.00359860209 0)
(-0.0117199287 0.00501068227 0)
(-0.0188880479 0.00571684911 0)
(-0.0263913902 0.00573382816 0)
(-0.0334549915 0.00514771874 0)
(-0.0394085036 0.00407326623 0)
(-0.0437225476 0.00263489314 0)
(-0.046023882 0.000961864917 0)
(-0.0461058226 -0.000810103032 0)
(-0.0439388726 -0.00253599061 0)
(-0.0396813854 -0.00406056484 0)
(-0.033686957 -0.00522175701 0)
(-0.0265027356 -0.00586030452 0)
(-0.018849624 -0.00583829479 0)
(-0.0115675419 -0.00507039335 0)
(-0.00551559608 -0.00357095373 0)
(-0.00148203521 -0.00155258729 0)
(-3.10934279e-05 0.000233977558 0)
(0.000261393981 -0.000255579375 0)
(0.000151436814 0.000102071098 0)
(-0.00117495527 0.000547414658 0)
(-0.00348063147 0.000863517185 0)
(-0.00637558115 0.00102207962 0)
(-0.00946687172 0.00103797745 0)
(-0.0124000372 0.00093621711 0)
(-0.0148817795 0.000743060428 0)
(-0.0166861017 0.000483180344 0)
(-0.0176547248 0.00018008941 1.08300136e-33)
(-0.0176985188 -0.000142307069 -1.08300136e-33)
(-0.0168014853 -0.000458218561 0)
(-0.0150266298 -0.000739020309 0)
(-0.0125219019 -0.000953245617 0)
(-0.00952354944 -0.00106773227 0)
(-0.00635302324 -0.00105052513 0)
(-0.0034001487 -0.000876787286 0)
(-0.00108361475 -0.000539615835 0)
(0.000206110864 -8.25145593e-05 0)
(0.000274563616 0.000266745451 0)
)
;

boundaryField
{
    walls
    {
        type            fixedValue;
        value           uniform (0 0 0);
    }
    mov_wall
    {
        type            fixedValue;
        value           uniform (1 0 0);
    }
    empty
    {
        type            empty;
    }
}


// ************************************************************************* //
