/*--------------------------------*- C++ -*----------------------------------*\
| =========                 |                                                 |
| \\      /  F ield         | OpenFOAM: The Open Source CFD Toolbox           |
|  \\    /   O peration     | Version:  5.x                                   |
|   \\  /    A nd           | Web:      www.OpenFOAM.org                      |
|    \\/     M anipulation  |                                                 |
\*---------------------------------------------------------------------------*/
FoamFile
{
    version     2.0;
    format      ascii;
    class       volScalarField;
    location    "3.3";
    object      p;
}
// * * * * * * * * * * * * * * * * * * * * * * * * * * * * * * * * * * * * * //

dimensions      [0 2 -2 0 0 0 0];

internalField   nonuniform List<scalar> 
400
(
5.05694557e-06
2.45246613
3.49433006
3.89888629
4.10665428
4.22471372
4.2942983
4.34028514
4.37634569
4.41011787
4.44676677
4.49092155
4.54766112
4.62449623
4.73480453
4.90460307
5.18238671
5.68420807
6.84132267
9.41173172
1.88671174
2.86729613
3.41989036
3.74775071
3.96518777
4.10975429
4.20768128
4.27899915
4.33675171
4.38962011
4.44425235
4.50657881
4.58334027
4.6833045
4.81973308
5.01368598
5.29402928
5.69847601
6.3384225
7.42837817
2.98208463
3.26253703
3.54233787
3.77068634
3.94571255
4.07572276
4.17323267
4.25001025
4.31528249
4.37624284
4.43893208
4.50902862
4.59258202
4.69678952
4.83085691
5.00664505
5.23632867
5.52394625
5.86049768
6.19824438
3.52779106
3.5853497
3.72179227
3.86538354
3.98907088
4.09083927
4.17461728
4.24572103
4.30953384
4.37103004
4.43478156
4.50521144
4.58679552
4.68426151
4.80245802
4.94569955
5.11575635
5.30515492
5.47834387
5.55964573
3.84422395
3.8268874
3.88518678
3.96938981
4.05222652
4.1277978
4.19567556
4.25748484
4.31592988
4.37409915
4.43507197
4.50186462
4.57733826
4.66401311
4.76351093
4.87551787
4.99636593
5.11480877
5.19585281
5.18372259
4.04550788
4.00366565
4.02143302
4.06785676
4.12138915
4.17574765
4.22886161
4.28054469
4.33186715
4.3844986
4.44027781
4.50097499
4.56805588
4.6423335
4.72333334
4.80837322
4.89181355
4.96268477
4.99308744
4.94681472
4.18059246
4.13383761
4.13184567
4.1553755
4.18884034
4.22707333
4.2677336
4.30987854
4.35364426
4.39973823
4.44904513
4.50234366
4.56002585
4.62172886
4.68579245
4.74863288
4.80456652
4.84467242
4.84863134
4.79368676
4.27566529
4.23084912
4.21966677
4.22968116
4.24985263
4.27636139
4.30712883
4.34098923
4.37758519
4.41700585
4.45945822
4.50500296
4.55329199
4.6032561
4.652712
4.69801818
4.73426539
4.75485343
4.74556713
4.69204885
4.34468088
4.30373762
4.28863552
4.29083419
4.30238304
4.3205784
4.34373654
4.37070813
4.40089941
4.4340221
4.46983499
4.50792438
4.54749007
4.58711566
4.62452016
4.65642011
4.67890037
4.6873398
4.67188585
4.62322315
4.39526592
4.35851102
4.34216363
4.3399646
4.3459957
4.35836793
4.37576755
4.3971513
4.42183144
4.44930491
4.47905723
4.51039345
4.54228068
4.57319891
4.60100677
4.62293276
4.63600239
4.63709896
4.61933127
4.57638415
4.43197008
4.39926416
4.38306081
4.3785168
4.3810721
4.38940252
4.40249391
4.41943079
4.43950813
4.46211478
4.48658845
4.51209319
4.53751437
4.56137515
4.58178239
4.59648757
4.60330096
4.60018009
4.58221227
4.5449003
4.45778279
4.42890216
4.41358678
4.40795116
4.40838574
4.41395352
4.42387059
4.43734497
4.45369441
4.47226711
4.49233688
4.51301996
4.53321292
4.5515578
4.56643931
4.57607665
4.57889191
4.57358103
4.55656166
4.5244844
4.47483363
4.44957969
4.43556778
4.42962698
4.42885928
4.43259986
4.44024181
4.45110499
4.46454943
4.47992202
4.4964834
4.51335643
4.52949737
4.54369496
4.55459827
4.56081708
4.56123346
4.55504223
4.53957963
4.51226583
4.48473659
4.46296546
4.45049942
4.44475795
4.44342313
4.44603515
4.45212877
4.46112386
4.47242943
4.48540985
4.49933715
4.51336515
4.52652596
4.53775259
4.54592452
4.54996559
4.54909993
4.54286329
4.52926169
4.50627827
4.4887803
4.4704088
4.45962691
4.45439991
4.45293392
4.45494338
4.46008509
4.46786825
4.47774828
4.48910947
4.50123915
4.51332307
4.52446223
4.53371242
4.54014105
4.54291939
4.54152951
4.53575494
4.52414085
4.50514205
4.4880678
4.47306326
4.46401552
4.45946151
4.45813769
4.45993074
4.46461186
4.47176924
4.48089351
4.49137708
4.50250913
4.51348986
4.52346459
4.53157728
4.53703686
4.53920594
4.53776882
4.53271423
4.52308995
4.50782756
4.48367502
4.47201695
4.46464718
4.46076897
4.45970827
4.46154365
4.46616012
4.47321256
4.48220717
4.49252056
4.5034162
4.51407672
4.52365392
4.53133545
4.53642206
4.53841888
4.5371768
4.53288474
4.5251329
4.5134226
4.4768621
4.46839454
4.46243601
4.4590222
4.45816855
4.46017651
4.46504161
4.47246401
4.4819344
4.49277675
4.50418772
4.51528685
4.52518114
4.5330455
4.53821448
4.54028464
4.53924543
4.53550494
4.52929419
4.52086268
4.46929253
4.46320118
4.45768115
4.45397474
4.45292853
4.45509567
4.46054943
4.46897491
4.4797776
4.49215547
4.50516055
4.51776487
4.52893769
4.53774089
4.54344103
4.54563743
4.54441083
4.54042261
4.53470558
4.52867256
4.46345531
4.45752967
4.45037726
4.44493375
4.44291004
4.44510192
4.45157386
4.46187925
4.47522126
4.4905576
4.50667878
4.52228245
4.5360599
4.54680597
4.55355865
4.55577196
4.5535268
4.54775593
4.54035806
4.53446868
)
;

boundaryField
{
    walls
    {
        type            zeroGradient;
    }
    mov_wall
    {
        type            zeroGradient;
    }
    empty
    {
        type            empty;
    }
}


// ************************************************************************* //
