/*--------------------------------*- C++ -*----------------------------------*\
| =========                 |                                                 |
| \\      /  F ield         | OpenFOAM: The Open Source CFD Toolbox           |
|  \\    /   O peration     | Version:  5.x                                   |
|   \\  /    A nd           | Web:      www.OpenFOAM.org                      |
|    \\/     M anipulation  |                                                 |
\*---------------------------------------------------------------------------*/
FoamFile
{
    version     2.0;
    format      ascii;
    class       surfaceScalarField;
    location    "3.3";
    object      phi;
}
// * * * * * * * * * * * * * * * * * * * * * * * * * * * * * * * * * * * * * //

dimensions      [0 3 -1 0 0 0 0];

internalField   nonuniform List<scalar> 
760
(
0.00134817577
-0.00134817818
0.00245763934
-0.00110946358
0.00313513443
-0.000677495079
0.00355971557
-0.000424581119
0.00383225121
-0.000272535633
0.00400945208
-0.000177200869
0.00412521443
-0.000115762361
0.00419921699
-7.40025701e-05
0.00424243227
-4.32152693e-05
0.00426055352
-1.81212241e-05
0.0042556223
4.93122743e-06
0.00422675772
2.88645644e-05
0.00416938934
5.73683791e-05
0.00407358499
9.58043614e-05
0.00391995091
0.000153634116
0.00367201928
0.000247931645
0.00326316022
0.000408859064
0.00257264076
0.000690519461
0.00140850173
0.00116413904
0.00140850173
-5.46957479e-05
-0.00129348243
0.000412592175
-0.0015767515
0.00103002943
-0.00129493234
0.00157871356
-0.000973265253
0.00201483244
-0.00070865449
0.00234477704
-0.000507145438
0.00258511611
-0.000356101415
0.0027512692
-0.000240155669
0.00285456758
-0.000146513652
0.00290179511
-6.53487418e-05
0.00289536642
1.13599606e-05
0.00283293021
9.13008091e-05
0.0027071256
0.000183173001
0.00250436362
0.000298566348
0.00220410979
0.000453887969
0.00178090166
0.000671139801
0.00121756796
0.000972192792
0.000552812545
0.00135527489
1.30664753e-05
0.00170388511
0.00142156821
-0.000271734876
-0.00102174754
-0.000221026916
-0.00162745944
7.1367457e-05
-0.00158732672
0.000446285304
-0.00134818311
0.000812489347
-0.00107485853
0.00112929895
-0.000823955017
0.00138207801
-0.000608880451
0.00156800757
-0.000426085232
0.00168837665
-0.00026688274
0.00174468423
-0.000121656324
0.00173678948
1.92547327e-05
0.00166213418
0.000165956141
0.00151571268
0.000329594514
0.00129125406
0.000523024959
0.000985011542
0.000760130481
0.000605009544
0.00105114181
0.000189850643
0.00138735171
-0.00016004511
0.00170517065
-0.000261640639
0.00180548065
0.00115992758
-0.000227941702
-0.000793805836
-0.000361197535
-0.00149420358
-0.000308328498
-0.00164019574
-0.000134821531
-0.00152169009
8.92090284e-05
-0.0012988891
0.000314971501
-0.00104971748
0.000513262638
-0.000807171562
0.000668299661
-0.000581122239
0.000771989967
-0.000370573055
0.000820035758
-0.000169702133
0.000809727315
2.95631756e-05
0.00073920073
0.000236482746
0.00060793542
0.000460859838
0.000419110661
0.000711849709
0.000184524146
0.000994716974
-6.71913173e-05
0.00130285726
-0.000280617637
0.00160077804
-0.000369418526
0.00179397155
-0.000246993643
0.00168305577
0.000912933933
-0.000168965294
-0.000624840553
-0.000352016341
-0.0013111525
-0.000431557906
-0.00156065415
-0.00040890926
-0.00154433873
-0.000319435514
-0.00138836286
-0.000200095557
-0.00116905745
-7.9810469e-05
-0.000927456635
2.15778712e-05
-0.000682510553
9.14283232e-05
-0.000440423502
0.000122135014
-0.000200408845
0.000109756836
4.19413314e-05
5.36453918e-05
0.000292594192
-4.27492784e-05
0.000557254523
-0.000169694258
0.000838794686
-0.00030765262
0.00113267531
-0.000423468781
0.0014186734
-0.000470024979
0.00164733423
-0.00039782488
0.00172177147
-0.000196431041
0.00148166196
0.000716502892
-0.000124192185
-0.000500648381
-0.000308335759
-0.00112700892
-0.000450494285
-0.0014184956
-0.000523204254
-0.00147162874
-0.00053539135
-0.00137617578
-0.000508161165
-0.00119628766
-0.000463157265
-0.000972460541
-0.000418061315
-0.000727606478
-0.000385619372
-0.000472865418
-0.000373912417
-0.000212115805
-0.00038672827
5.47571535e-05
-0.000423459819
0.000329325721
-0.000478356644
0.000612151356
-0.000539178489
0.000899616541
-0.000585819053
0.00117931586
-0.000590512476
0.00142336679
-0.000523085235
0.00157990697
-0.000366699143
0.00156538539
-0.000150586001
0.00126554884
0.000565916899
-9.45729564e-05
-0.000406075428
-0.000264649834
-0.000956932052
-0.000430738539
-0.00125240688
-0.000556977141
-0.0013453901
-0.000636793457
-0.00129635945
-0.000678142052
-0.00115493908
-0.000693944256
-0.000956658361
-0.000696929585
-0.000724621141
-0.000697274384
-0.000472520582
-0.000701662059
-0.000207728105
-0.000712861001
6.59560803e-05
-0.000729336641
0.000345801327
-0.000744754055
0.000627568759
-0.0007475805
0.000902443001
-0.000721470049
0.00115320542
-0.000647843504
0.00134974023
-0.000512877006
0.00144494046
-0.000321206332
0.00137371471
-0.000116485719
0.00106082825
0.000449431196
-7.53437381e-05
-0.000330731676
-0.000228206874
-0.000804068939
-0.000398353782
-0.00108225998
-0.000550539689
-0.00119320417
-0.000670626643
-0.00117627246
-0.000757578561
-0.00106798716
-0.000816785069
-0.000897451877
-0.00085558773
-0.000685818496
-0.000880624577
-0.000447483708
-0.000896360571
-0.000191992061
-0.000904270305
7.38658372e-05
-0.00090236052
0.00034389152
-0.000884972405
0.000610180615
-0.000843104329
0.000860574926
-0.000765820314
0.00107592144
-0.000643664821
0.00122758476
-0.000475103998
0.00127637963
-0.000276309883
0.00117492059
-9.21328766e-05
0.000876651248
0.000357298333
-6.22883004e-05
-0.000268443348
-0.000198541348
-0.000667815904
-0.000362893733
-0.00091790762
-0.00052385085
-0.00103224706
-0.000664415371
-0.0010357079
-0.00077812907
-0.000954273414
-0.000864812341
-0.000810768601
-0.00092716567
-0.000623465192
-0.000968399892
-0.000406249489
-0.000990721399
-0.000169670509
-0.000994436516
7.7581012e-05
-0.000977525865
0.000326980887
-0.000935695126
0.000568349852
-0.000863101356
0.000787981135
-0.000754123251
0.000966943344
-0.000606626366
0.00108008791
-0.00042695044
0.00109670373
-0.000236038306
0.000984008454
-7.43490281e-05
0.000714961966
0.000282949305
-5.27689687e-05
-0.000215674357
-0.00017381279
-0.000546772065
-0.000327557435
-0.000764162995
-0.000486866054
-0.000872938466
-0.000634380284
-0.000888193659
-0.000760757947
-0.000827895701
-0.000862116742
-0.000709409761
-0.000937654851
-0.000547927084
-0.000987783339
-0.000356121024
-0.00101282407
-0.000144629765
-0.00101222284
7.69798408e-05
-0.00098424075
0.00029899885
-0.000926163107
0.000510272222
-0.000835158864
0.000696976869
-0.00070997614
0.000841760607
-0.000553597364
0.000923709154
-0.000376676993
0.000919783393
-0.000200960048
0.000808291533
-6.08626223e-05
0.000574864542
0.000222086672
-4.52979402e-05
-0.000170376415
-0.00015245396
-0.000439615999
-0.000293299597
-0.000623317347
-0.000444763111
-0.000721474981
-0.000590345878
-0.00074261092
-0.000719473392
-0.000698768165
-0.000826046357
-0.000602836735
-0.000906878204
-0.000467095196
-0.000960347579
-0.000302651658
-0.00098540317
-0.000119574198
-0.000980963174
7.25398611e-05
-0.000945732102
0.000263767839
-0.000878480003
0.000443020176
-0.000778855038
0.000597351911
-0.000648784049
0.000711689597
-0.000494403555
0.000769328652
-0.000328204156
0.000753584013
-0.000170678361
0.000650765768
-5.0280647e-05
0.000454466845
0.000171806017
-3.90622004e-05
-0.000131314238
-0.000133403783
-0.000345274368
-0.000260349919
-0.000496371164
-0.00040038891
-0.000581435987
-0.000538431153
-0.000604568719
-0.000663692754
-0.000573506592
-0.000768938002
-0.000497591458
-0.000849522999
-0.000386510137
-0.000902500838
-0.000249673788
-0.000925934014
-9.61410431e-05
-0.000918488812
6.50946334e-05
-0.000879356131
0.000224635175
-0.000808535258
0.000372199357
-0.000707505194
0.000496321888
-0.000580261635
0.000584446041
-0.000434588308
0.000623655305
-0.00028324828
0.000602243978
-0.000144573356
0.000512090859
-4.17551781e-05
0.000351648688
0.000130050843
-3.36094165e-05
-9.77048517e-05
-0.000115973486
-0.00026291028
-0.000228685824
-0.000383658772
-0.000355331039
-0.000454790731
-0.000482448374
-0.000477451398
-0.000599656542
-0.000456298478
-0.000699324628
-0.0003979234
-0.000776050349
-0.000309784384
-0.000826127464
-0.000199596619
-0.000847123965
-7.51445254e-05
-0.00083764594
5.56165777e-05
-0.000797332081
0.000184321288
-0.000727102416
0.000301969705
-0.000629656322
0.000398875839
-0.000510163379
0.000464953129
-0.000377005078
0.000490497004
-0.000242314835
0.000467553717
-0.000121978224
0.000391754242
-3.47332145e-05
0.000264403687
9.53176394e-05
-2.86574732e-05
-6.90473846e-05
-9.9660199e-05
-0.000191907574
-0.000198116945
-0.000285202008
-0.000310357445
-0.00034255018
-0.000424615903
-0.000363192911
-0.000531265715
-0.000349648696
-0.000622765284
-0.000306423893
-0.000693446457
-0.000239103238
-0.000739258612
-0.000153784435
-0.000757557811
-5.68452818e-05
-0.000747003234
4.50620049e-05
-0.000707597755
0.000144915774
-0.00064088425
0.000235256171
-0.000550276937
0.000308268535
-0.000441462238
0.000356138464
-0.000322745774
0.000371780563
-0.000205166537
0.000349974478
-0.000102185425
0.000288773117
-2.88024183e-05
0.000191020676
6.65152299e-05
-2.39811669e-05
-4.50661853e-05
-8.39973857e-05
-0.000131891388
-0.000168257032
-0.000200942393
-0.000265595381
-0.000245211815
-0.000365935424
-0.000262852822
-0.000460594285
-0.000254989817
-0.000542423311
-0.000224594906
-0.000605821101
-0.000175705509
-0.000646681507
-0.000112924051
-0.000662339142
-4.11876198e-05
-0.000651561084
3.42839813e-05
-0.000614612718
0.000107967407
-0.000553400454
0.000174043875
-0.000471663753
0.00022653181
-0.000375153892
0.000259628609
-0.000271701868
0.000268328563
-0.000171058802
0.00024933143
-8.44170449e-05
0.00020213136
-2.35998635e-05
0.000130203488
4.29153676e-05
-1.93491812e-05
-2.57169508e-05
-6.84699648e-05
-8.27706067e-05
-0.000138506675
-0.000130905733
-0.000220637977
-0.000163080549
-0.000306428265
-0.000177062519
-0.000388228551
-0.000173189489
-0.000459473933
-0.00015334951
-0.000514859561
-0.000120319917
-0.000550429553
-7.73541096e-05
-0.000563627325
-2.79898614e-05
-0.000553348183
2.40048657e-05
-0.000520016199
7.46354515e-05
-0.000465682415
0.000119710092
-0.000394114761
0.000154964133
-0.000310822876
0.000176336707
-0.000222941187
0.000180446881
-0.000138894571
0.000165284834
-6.7813492e-05
0.000131050295
-1.87621067e-05
8.11521062e-05
2.41532585e-05
-1.45055109e-05
-1.12114041e-05
-5.25210423e-05
-4.47550315e-05
-0.000108122726
-7.53040687e-05
-0.000174687697
-9.65156288e-05
-0.000245343119
-0.000106407127
-0.000313520649
-0.000105011938
-0.000373387683
-9.34824314e-05
-0.000420129182
-7.35784003e-05
-0.000450115833
-4.73674822e-05
-0.000461008856
-1.70968711e-05
-0.000451841416
1.48374222e-05
-0.000423096696
4.5890759e-05
-0.000376775782
7.33892045e-05
-0.000316426303
9.46146589e-05
-0.000247079445
0.000106989838
-0.000175030287
0.000108397714
-0.000107403021
9.7657576e-05
-5.1485826e-05
7.51331151e-05
-1.39146146e-05
4.35809066e-05
1.02386442e-05
-9.20281342e-06
-2.00859835e-06
-3.56847022e-05
-1.82730802e-05
-7.64354556e-05
-3.45532834e-05
-0.000126810935
-4.61401638e-05
-0.000181407969
-5.18101294e-05
-0.000234817022
-5.1602897e-05
-0.000282132062
-4.61673606e-05
-0.000319263339
-3.64470763e-05
-0.000343116299
-2.35144986e-05
-0.000351699843
-8.51333593e-06
-0.000344206835
7.34439844e-06
-0.000321084264
2.27681936e-05
-0.000284086009
3.6390976e-05
-0.00023627941
4.68080848e-05
-0.000181958485
5.26689228e-05
-0.000126403693
5.28429194e-05
-7.54285138e-05
4.66823968e-05
-3.46816165e-05
3.4386226e-05
-8.7139045e-06
1.76132068e-05
1.52474449e-06
-3.43755477e-06
1.42891711e-06
-1.80438772e-05
-3.66671701e-06
-4.34060033e-05
-9.19110033e-06
-7.64336059e-05
-1.31125201e-05
-0.000113187082
-1.50566467e-05
-0.00014966503
-1.51249572e-05
-0.000182251442
-1.35809383e-05
-0.000207952717
-1.07457623e-05
-0.000224513945
-6.95322323e-06
-0.000230484611
-2.54264359e-06
-0.000225272513
2.13230167e-06
-0.000209196969
6.69264609e-06
-0.000183535262
1.07292774e-05
-0.000150536731
1.38095754e-05
-0.000113368234
1.5500446e-05
-7.59397233e-05
1.54144187e-05
-4.25472063e-05
1.32898823e-05
-1.72767339e-05
9.11575699e-06
-3.10385801e-06
3.44033857e-06
-1.57910752e-06
1.4288817e-06
-2.23786289e-06
-1.14289599e-05
-2.45414476e-05
-3.95980589e-05
-5.47230019e-05
-6.83039469e-05
-7.90497168e-05
-8.60029332e-05
-8.85455602e-05
-8.64132474e-05
-7.97206032e-05
-6.89913335e-05
-5.51817607e-05
-3.96813085e-05
-2.42668803e-05
-1.09769917e-05
-1.8612324e-06
1.57910737e-06
)
;

boundaryField
{
    walls
    {
        type            calculated;
        value           uniform 0;
    }
    mov_wall
    {
        type            calculated;
        value           uniform 0;
    }
    empty
    {
        type            empty;
        value           nonuniform 0();
    }
}


// ************************************************************************* //
