/*--------------------------------*- C++ -*----------------------------------*\
| =========                 |                                                 |
| \\      /  F ield         | OpenFOAM: The Open Source CFD Toolbox           |
|  \\    /   O peration     | Version:  5.x                                   |
|   \\  /    A nd           | Web:      www.OpenFOAM.org                      |
|    \\/     M anipulation  |                                                 |
\*---------------------------------------------------------------------------*/
FoamFile
{
    version     2.0;
    format      ascii;
    class       volVectorField;
    location    "3.3";
    object      U;
}
// * * * * * * * * * * * * * * * * * * * * * * * * * * * * * * * * * * * * * //

dimensions      [0 1 -1 0 0 0 0];

internalField   nonuniform List<vector> 
400
(
(0.291698299 0.149643952 0)
(0.388186975 0.128007764 0)
(0.557615979 0.0757318551 0)
(0.674785657 0.043304451 0)
(0.743766566 0.0251591109 0)
(0.787075001 0.0148803003 0)
(0.81546294 0.00893092296 0)
(0.833939542 0.00530992816 0)
(0.845365444 0.00289956087 0)
(0.851349248 0.00108485268 2.66527177e-34)
(0.852640734 -0.000502852337 -2.66527177e-34)
(0.849354279 -0.00216071955 0)
(0.840973358 -0.00421710568 0)
(0.826113762 -0.0072209868 0)
(0.802020417 -0.0122365022 0)
(0.76353894 -0.0213892108 0)
(0.699488888 -0.0388386154 0)
(0.584557334 -0.0722732747 0)
(0.407900534 -0.128436308 0)
(0.300688067 -0.152947537 0)
(0.00120410411 0.287432592 0)
(0.0133208223 0.293872244 0)
(0.140044338 0.209904915 0)
(0.264971507 0.142986195 0)
(0.364177675 0.0968020012 0)
(0.440120009 0.0654411303 0)
(0.49654099 0.0439762559 0)
(0.53669102 0.0287011575 0)
(0.563274419 0.017079853 0)
(0.578137297 0.00742308528 0)
(0.582210245 -0.00150101225 0)
(0.575515216 -0.0107977537 0)
(0.557109216 -0.021734652 0)
(0.524912966 -0.036139693 0)
(0.475518385 -0.0569634989 0)
(0.404325988 -0.0889771529 0)
(0.305687284 -0.139150755 0)
(0.174497785 -0.215275202 0)
(0.0341065817 -0.310801155 0)
(0.0108691555 -0.305909064 0)
(-0.0321467957 0.241774007 0)
(-0.063430438 0.333547249 0)
(-0.0219362845 0.299502556 0)
(0.0505995458 0.240051706 0)
(0.127397305 0.183020829 0)
(0.196818537 0.135454535 0)
(0.254167035 0.0974523481 0)
(0.298088235 0.0668891731 0)
(0.32866561 0.0413758237 0)
(0.346307761 0.0187814591 -2.35797352e-33)
(0.351211254 -0.00280949216 2.35797352e-33)
(0.343126695 -0.0252950447 0)
(0.321277533 -0.0508299441 0)
(0.28443286 -0.0820948278 0)
(0.231328785 -0.122479772 0)
(0.161916736 -0.175658037 0)
(0.0798350025 -0.243208453 0)
(-0.00333735229 -0.317981957 0)
(-0.0578531383 -0.366363498 0)
(-0.0313893215 -0.270690675 0)
(-0.0261204302 0.182361611 0)
(-0.0666193183 0.316884193 0)
(-0.0735378405 0.330901793 0)
(-0.0481307884 0.295352947 0)
(-0.00567225015 0.244253527 0)
(0.041112398 0.192431751 0)
(0.0845450301 0.145095044 0)
(0.120424255 0.103006632 0)
(0.14658517 0.065154365 0)
(0.161925404 0.0298884081 2.35546892e-33)
(0.165812746 -0.00469431978 -2.35546892e-33)
(0.157798737 -0.040669613 0)
(0.137586442 -0.0803027288 0)
(0.105285163 -0.125979568 0)
(0.0620899864 -0.179774796 0)
(0.0116092364 -0.242029705 0)
(-0.0380284019 -0.307764343 0)
(-0.0720491081 -0.359579359 0)
(-0.0711639236 -0.355585629 0)
(-0.0287210576 -0.209178578 0)
(-0.0176296907 0.140767932 0)
(-0.05491657 0.281827238 0)
(-0.082863037 0.324484395 0)
(-0.0880762804 0.312396826 0)
(-0.075119757 0.274441996 0)
(-0.0526277019 0.226778433 0)
(-0.0275119292 0.177302819 0)
(-0.00458017317 0.129145426 0)
(0.0130234095 0.0829123651 0)
(0.0233567176 0.0379330378 -2.94545945e-34)
(0.0253096704 -0.00710138667 2.94545945e-34)
(0.0184151367 -0.0537995099 0)
(0.0028869233 -0.103801243 0)
(-0.0200872528 -0.158367915 0)
(-0.0477708364 -0.217530699 0)
(-0.0750614929 -0.278347531 0)
(-0.0936267341 -0.331694782 0)
(-0.0922270715 -0.357398851 0)
(-0.0635074737 -0.318879877 0)
(-0.0207312607 -0.16207672 0)
(-0.0116542836 0.111592259 0)
(-0.0431522158 0.243765283 0)
(-0.0782840277 0.29985942 0)
(-0.100579306 0.305000842 0)
(-0.108310647 0.280421271 0)
(-0.105716574 0.240369182 0)
(-0.0975362483 0.193277764 0)
(-0.0877935262 0.143545368 0)
(-0.0795352685 0.0930260791 0)
(-0.0748272924 0.0420752428 0)
(-0.0748482054 -0.00975924218 0)
(-0.0799346467 -0.0632505986 0)
(-0.0895000827 -0.119033248 0)
(-0.101812926 -0.176993411 0)
(-0.11369099 -0.235297884 0)
(-0.120284814 -0.288849037 0)
(-0.115237048 -0.327084751 0)
(-0.0922711295 -0.331566526 0)
(-0.052187634 -0.275119673 0)
(-0.0142847866 -0.127260091 0)
(-0.00803185779 0.0899680221 0)
(-0.0343052929 0.207876699 0)
(-0.0703686833 0.267741357 0)
(-0.100959353 0.283509143 0)
(-0.121509156 0.269753775 0)
(-0.13306202 0.237807839 0)
(-0.138135902 0.195384115 0)
(-0.139450312 0.147216485 0)
(-0.139365735 0.0958906849 0)
(-0.139599298 0.0425957722 0)
(-0.141114176 -0.0122625447 0)
(-0.144054723 -0.0685401368 0)
(-0.147657262 -0.125824559 0)
(-0.150140647 -0.182787164 0)
(-0.148667777 -0.236314509 0)
(-0.139565556 -0.280390121 0)
(-0.119015774 -0.304900504 0)
(-0.0848747542 -0.294957253 0)
(-0.0422046518 -0.232154456 0)
(-0.0100065918 -0.100709807 0)
(-0.00589819029 0.0731569039 0)
(-0.0280514452 0.175459921 0)
(-0.0624620942 0.233454956 0)
(-0.0961931392 0.254650674 0)
(-0.123784326 0.248662357 0)
(-0.144336491 0.223978305 0)
(-0.158622089 0.187072444 0)
(-0.168069603 0.142434096 0)
(-0.174171068 0.0929433383 0)
(-0.178091706 0.0403533142 0)
(-0.18045631 -0.0142244973 0)
(-0.181230052 -0.0698446405 0)
(-0.179647345 -0.125225711 0)
(-0.174205234 -0.178177513 0)
(-0.162809099 -0.2249409 0)
(-0.143212579 -0.259512781 0)
(-0.113841653 -0.273201253 0)
(-0.0753166277 -0.254896324 0)
(-0.0343189021 -0.192925753 0)
(-0.007284986 -0.0799917626 0)
(-0.0045931223 0.0595160109 0)
(-0.0235441712 0.146542605 0)
(-0.0553430014 0.199662134 0)
(-0.089319693 0.222701606 0)
(-0.120051845 0.221819386 0)
(-0.145609123 0.203131805 0)
(-0.165570685 0.171796531 0)
(-0.180317138 0.131775616 0)
(-0.190531116 0.0859405055 0)
(-0.196813774 0.0363510178 2.97711892e-34)
(-0.199448935 -0.0153915185 -2.97711892e-34)
(-0.198275661 -0.0677566023 0)
(-0.192646181 -0.118867748 0)
(-0.181489376 -0.166059254 0)
(-0.163546109 -0.205440813 0)
(-0.137858745 -0.231577734 0)
(-0.104503405 -0.237504853 0)
(-0.0656637316 -0.215386182 0)
(-0.0281738 -0.158249816 0)
(-0.00551069049 -0.0634668112 0)
(-0.00373314333 0.0480883325 0)
(-0.020121234 0.120839381 0)
(-0.0490153914 0.167676415 0)
(-0.0816389891 0.190287465 0)
(-0.112989465 0.192487612 0)
(-0.14068058 0.178557097 4.67988696e-33)
(-0.163557411 0.152465424 0)
(-0.1812463 0.117554981 0)
(-0.193784195 0.0765047364 -4.74064422e-33)
(-0.201296994 0.0314710007 2.26597037e-36)
(-0.203789216 -0.0156743738 4.98649212e-36)
(-0.201035381 -0.0630555568 0)
(-0.192565941 -0.108481532 0)
(-0.177765523 -0.14914137 0)
(-0.156124918 -0.181360868 0)
(-0.127679791 -0.200524204 0)
(-0.0935645754 -0.201318483 0)
(-0.0566770462 -0.178463928 0)
(-0.0233146658 -0.128090112 0)
(-0.0042957044 -0.0500435234 0)
(-0.00311504185 0.0383306227 0)
(-0.0173631161 0.0980508308 0)
(-0.0433176165 0.138129937 0)
(-0.073718074 0.158979163 0)
(-0.104104456 0.162838182 0)
(-0.131970541 0.152618139 -4.67988696e-33)
(-0.155761619 0.13129567 0)
(-0.174612862 0.101603257 0)
(-0.188100218 0.0659289861 4.74064422e-33)
(-0.195997422 0.0263693662 1.49107041e-33)
(-0.198111616 -0.0151233016 -1.49832287e-33)
(-0.194204012 -0.0565442113 0)
(-0.183996555 -0.0956259904 0)
(-0.167277167 -0.129654786 0)
(-0.144124391 -0.155368856 0)
(-0.115252465 -0.169022441 0)
(-0.0823814095 -0.16671384 0)
(-0.0485941035 -0.145040184 0)
(-0.0193975945 -0.102103319 0)
(-0.00342090856 -0.0390049896 0)
(-0.0026339374 0.0299262533 0)
(-0.0150226238 0.0779301059 0)
(-0.0380974148 0.111311081 0)
(-0.0658175566 0.129695758 0)
(-0.094279464 0.134263838 0)
(-0.12104402 0.126925301 0)
(-0.144383602 0.109860533 0)
(-0.163148971 0.0852480221 0)
(-0.176619489 0.0551416293 0)
(-0.184335456 0.02147032 2.99743043e-34)
(-0.185982923 -0.0138813485 -2.99743043e-34)
(-0.181343662 -0.0489515133 0)
(-0.170313949 -0.0815745155 0)
(-0.152999236 -0.109289218 0)
(-0.129891591 -0.12933068 0)
(-0.102114493 -0.138764192 0)
(-0.0716393772 -0.134816093 0)
(-0.0414365937 -0.115407251 0)
(-0.0161843481 -0.0798581968 0)
(-0.00276403263 -0.0298606484 0)
(-0.00223473699 0.022680015 0)
(-0.0129541256 0.0602838345 0)
(-0.0332381404 0.0873308057 0)
(-0.0580555116 0.102954467 0)
(-0.0840353587 0.107621786 0)
(-0.108906062 0.102520672 0)
(-0.13091406 0.0892086152 0)
(-0.14877581 0.0693818402 0)
(-0.16160352 0.0447501529 0)
(-0.168801255 0.0170067378 3.00137639e-34)
(-0.169993514 -0.0121371976 -3.00137639e-34)
(-0.164999645 -0.0408861549 0)
(-0.153857512 -0.0672953421 0)
(-0.136899058 -0.0892416628 0)
(-0.114876615 -0.104468652 0)
(-0.0891188919 -0.110744369 0)
(-0.0616328349 -0.106158073 0)
(-0.0351269717 -0.0895353031 0)
(-0.0135037421 -0.0609264205 0)
(-0.00225327244 -0.0222578188 0)
(-0.00188545474 0.0164662508 0)
(-0.0110624804 0.0449645191 0)
(-0.0286411339 0.0662104762 0)
(-0.0504611108 0.0790277869 0)
(-0.0736531356 0.0834123012 0)
(-0.0961641458 0.0800414612 0)
(-0.116305884 0.0699953322 0)
(-0.132763307 0.0545610655 0)
(-0.144575564 0.0351143505 0)
(-0.151082392 0.0130747369 0)
(-0.151887848 -0.0100881379 0)
(-0.146852963 -0.0328250527 0)
(-0.136119471 -0.053482323 0)
(-0.120164228 -0.0703098188 0)
(-0.099879316 -0.0815299088 0)
(-0.0766571014 -0.0854920948 0)
(-0.052412198 -0.0809235002 0)
(-0.0295300278 -0.0672469209 0)
(-0.0112185718 -0.0449266455 0)
(-0.00184129771 -0.0159380991 0)
(-0.00156251446 0.011207748 0)
(-0.00926987224 0.031870523 0)
(-0.0242025093 0.0479368512 0)
(-0.0429884284 0.0580490431 0)
(-0.0632318873 0.061911475 0)
(-0.083120832 0.0598558981 0)
(-0.101086205 0.0526055383 0)
(-0.115849088 0.0411071597 0)
(-0.126440884 0.026423625 0)
(-0.132187194 0.00968560889 0)
(-0.132697585 -0.00791670119 0)
(-0.12787067 -0.0251250258 0)
(-0.117915416 -0.0406102435 0)
(-0.1033865 -0.0529974203 0)
(-0.0852272277 -0.0609386662 0)
(-0.0648019691 -0.0632496562 0)
(-0.0438652493 -0.0591133541 0)
(-0.0244674934 -0.0483249648 0)
(-0.00920309079 -0.031551991 0)
(-0.00149088374 -0.0107193734 0)
(-0.0012426879 0.00687236736 0)
(-0.0074972536 0.0209539323 0)
(-0.0197996631 0.0325014163 0)
(-0.0355241788 0.04008728 0)
(-0.0527239403 0.0432717426 0)
(-0.0698330706 0.0421741683 0)
(-0.0854326136 0.0372606104 0)
(-0.0983251216 0.0291991445 0)
(-0.107580737 0.0187673585 0)
(-0.112546675 0.0068086473 0)
(-0.112854288 -0.00578010033 0)
(-0.108431583 -0.0180487379 0)
(-0.0995214053 -0.0289997471 0)
(-0.0867021313 -0.0376160359 0)
(-0.0709039512 -0.0429246465 0)
(-0.053405475 -0.0441071621 0)
(-0.0357702963 -0.0406592653 0)
(-0.0197280972 -0.0325810607 0)
(-0.00733072567 -0.0205903192 0)
(-0.00116697557 -0.00649226435 0)
(-0.000899880591 0.00347704079 0)
(-0.00566092329 0.012224426 0)
(-0.0152978326 0.0199179366 0)
(-0.0279091769 0.0251886456 0)
(-0.0419708159 0.0275859185 0)
(-0.0561592533 0.0271262604 0)
(-0.0692274434 0.0240986689 0)
(-0.0800967716 0.0189454338 0)
(-0.0879159432 0.0121895977 0)
(-0.0920843726 0.00440207139 0)
(-0.0922681066 -0.00380766866 0)
(-0.0884154712 -0.0117927522 0)
(-0.0807724517 -0.0188748576 0)
(-0.0698941705 -0.0243659518 0)
(-0.0566454279 -0.0276151711 0)
(-0.0421770332 -0.0280886858 0)
(-0.027846889 -0.0254864022 0)
(-0.0150887277 -0.0198865987 0)
(-0.00547449239 -0.0119313487 0)
(-0.000833546881 -0.00322197193 0)
(-0.00050750857 0.00108920396 0)
(-0.00368888934 0.00574013745 0)
(-0.010587215 0.0102223813 0)
(-0.0199879239 0.0134022151 0)
(-0.0307552775 0.0149400943 0)
(-0.0418076344 0.0148327156 0)
(-0.0521004469 0.013250182 0)
(-0.0607205573 0.0104516815 0)
(-0.0669425416 0.00673882197 0)
(-0.070253787 0.00243729041 0)
(-0.0703711487 -0.00210634445 0)
(-0.0672558055 -0.00652337947 0)
(-0.06112636 -0.0104252436 0)
(-0.05246647 -0.0134154575 0)
(-0.0420200855 -0.0151166985 0)
(-0.0307626471 -0.0152183388 0)
(-0.0198243203 -0.0135493956 0)
(-0.0103615177 -0.0101761592 0)
(-0.00352670046 -0.00555507048 0)
(-0.000456470218 -0.000945964807 0)
(-6.44933528e-05 -0.000176244517 0)
(-0.00159899142 0.00163661377 0)
(-0.00569518541 0.00359860154 0)
(-0.0117199224 0.00501068207 0)
(-0.0188880364 0.00571685006 0)
(-0.0263913729 0.00573383031 0)
(-0.0334549694 0.00514772119 0)
(-0.0394084786 0.0040732679 0)
(-0.043722521 0.00263489391 0)
(-0.0460238546 0.000961865886 0)
(-0.0461057952 -0.000810100537 0)
(-0.0439388466 -0.0025359862 0)
(-0.0396813626 -0.0040605593 0)
(-0.033686939 -0.00522175154 0)
(-0.0265027228 -0.00586029983 0)
(-0.0188496158 -0.00583829085 0)
(-0.0115675374 -0.00507038996 0)
(-0.00551559406 -0.00357095101 0)
(-0.00148203467 -0.00155258574 0)
(-3.10933868e-05 0.00023397771 0)
(0.000261393691 -0.000255579087 0)
(0.000151436017 0.00010207144 0)
(-0.00117495554 0.000547414731 0)
(-0.00348062992 0.000863517216 0)
(-0.00637557689 0.00102208005 0)
(-0.00946686461 0.00103797841 0)
(-0.012400028 0.000936218208 0)
(-0.0148817692 0.000743061032 0)
(-0.0166860913 0.000483180168 0)
(-0.0176547148 0.000180088837 1.08300294e-33)
(-0.0176985091 -0.000142307315 -1.08300293e-33)
(-0.0168014761 -0.000458218039 0)
(-0.0150266216 -0.000739019175 0)
(-0.0125218953 -0.000953244393 0)
(-0.00952354494 -0.00106773137 0)
(-0.00635302083 -0.0010505246 0)
(-0.00340014792 -0.000876786936 0)
(-0.00108361491 -0.000539615552 0)
(0.000206110521 -8.25144288e-05 0)
(0.000274563493 0.00026674532 0)
)
;

boundaryField
{
    walls
    {
        type            fixedValue;
        value           uniform (0 0 0);
    }
    mov_wall
    {
        type            fixedValue;
        value           uniform (1 0 0);
    }
    empty
    {
        type            empty;
    }
}


// ************************************************************************* //
