/*--------------------------------*- C++ -*----------------------------------*\
| =========                 |                                                 |
| \\      /  F ield         | OpenFOAM: The Open Source CFD Toolbox           |
|  \\    /   O peration     | Version:  5.x                                   |
|   \\  /    A nd           | Web:      www.OpenFOAM.org                      |
|    \\/     M anipulation  |                                                 |
\*---------------------------------------------------------------------------*/
FoamFile
{
    version     2.0;
    format      ascii;
    class       volScalarField;
    location    "5.1";
    object      p;
}
// * * * * * * * * * * * * * * * * * * * * * * * * * * * * * * * * * * * * * //

dimensions      [0 2 -2 0 0 0 0];

internalField   nonuniform List<scalar> 
400
(
2.20509427e-06
2.45246197
3.49432569
3.89888188
4.10664987
4.22470935
4.29429396
4.34028079
4.3763413
4.41011347
4.44676243
4.49091728
4.54765688
4.62449195
4.73480021
4.90459875
5.18238238
5.68420366
6.84131816
9.41172716
1.88670765
2.86729186
3.41988606
3.74774635
3.96518337
4.10974987
4.2076769
4.2789948
4.33674733
4.38961569
4.44424794
4.50657447
4.583336
4.68330022
4.81972875
5.01368161
5.29402492
5.69847162
6.33841805
7.42837367
2.98208026
3.26253269
3.54233356
3.77068202
3.94570817
4.07571832
4.17322824
4.25000586
4.3152781
4.37623839
4.43892761
4.50902418
4.59257767
4.6967852
4.83085255
5.00664064
5.23632426
5.52394186
5.86049329
6.19823997
3.52778666
3.5853453
3.72178792
3.86537922
3.98906652
4.09083483
4.1746128
4.24571657
4.30952941
4.37102559
4.43477704
4.5052069
4.58679105
4.68425712
4.80245362
4.94569511
5.1157519
5.30515052
5.47833954
5.55964142
3.84421955
3.82688298
3.88518237
3.96938545
4.05222218
4.1277934
4.19567109
4.25748034
4.31592542
4.3740947
4.43506745
4.50186002
4.57733368
4.66400862
4.7635065
4.87551343
4.99636147
5.11480435
5.19584849
5.18371835
4.0455035
4.00366123
4.02142857
4.06785234
4.12138479
4.17574328
4.22885718
4.28054019
4.33186267
4.38449415
4.44027333
4.5009704
4.56805122
4.6423289
4.72332886
4.8083688
4.89180913
4.96268036
4.9930831
4.94681046
4.18058807
4.13383321
4.1318412
4.15537102
4.18883592
4.22706899
4.26772924
4.30987411
4.35363979
4.39973379
4.44904072
4.50233916
4.56002122
4.6217242
4.68578789
4.74862845
4.80456215
4.84466805
4.84862699
4.79368245
4.27566087
4.23084473
4.21966232
4.22967666
4.24984816
4.27635702
4.30712454
4.3409849
4.37758078
4.41700144
4.45945385
4.50499858
4.55328749
4.60325148
4.65270738
4.69801368
4.73426102
4.7548491
4.74556278
4.6920445
4.34467641
4.30373321
4.28863111
4.29082971
4.30237852
4.32057396
4.34373224
4.37070389
4.40089511
4.43401774
4.46983064
4.50792008
4.54748572
4.58711118
4.62451558
4.65641555
4.67889593
4.68733545
4.67188151
4.62321878
4.39526144
4.35850658
4.34215924
4.33996017
4.34599119
4.35836343
4.37576317
4.39714707
4.42182724
4.44930063
4.47905289
4.51038914
4.54227641
4.57319458
4.60100231
4.62292821
4.63599787
4.63709453
4.6193269
4.57637978
4.43196563
4.3992597
4.38305639
4.37851241
4.38106766
4.389398
4.40248943
4.41942646
4.43950393
4.46211058
4.48658415
4.51208885
4.53751006
4.56137088
4.58177806
4.59648312
4.60329644
4.60017559
4.58220784
4.54489591
4.45777843
4.42889772
4.41358232
4.40794675
4.40838134
4.41394903
4.42386605
4.43734048
4.45369009
4.47226289
4.49233263
4.51301562
4.53320855
4.55155348
4.56643502
4.57607231
4.57888747
4.57357652
4.55655718
4.52447996
4.47482937
4.44957532
4.43556332
4.42962251
4.42885486
4.43259542
4.44023727
4.45110039
4.46454491
4.47991766
4.49647912
4.5133521
4.52949297
4.54369055
4.55459392
4.56081275
4.56122909
4.55503779
4.53957515
4.51226135
4.48473236
4.46296119
4.45049502
4.44475345
4.44341864
4.44603069
4.45212428
4.46111927
4.4724248
4.4854053
4.49933275
4.5133608
4.52652158
4.53774815
4.54592008
4.54996121
4.54909557
4.5428589
4.52925726
4.50627381
4.48877603
4.47040455
4.45962259
4.45439545
4.45292938
4.45493887
4.46008061
4.46786372
4.47774366
4.48910483
4.50123459
4.51331863
4.52445784
4.533708
4.54013659
4.54291495
4.54152511
4.53575056
4.52413646
4.50513761
4.48806342
4.47305895
4.46401124
4.45945714
4.4581332
4.45992621
4.46460736
4.47176476
4.48088898
4.49137247
4.50250452
4.51348533
4.52346016
4.53157289
4.53703244
4.53920149
4.53776439
4.53270982
4.52308556
4.50782315
4.48367055
4.4720125
4.46464283
4.46076465
4.45970389
4.46153919
4.46615565
4.47320812
4.48220274
4.49251607
4.50341166
4.51407218
4.52364945
4.53133104
4.53641768
4.53841447
4.53717237
4.53288031
4.52512848
4.51341819
4.47685762
4.46839
4.46243155
4.45901785
4.45816425
4.46017218
4.46503723
4.47245963
4.48193003
4.49277238
4.50418331
4.51528239
4.52517668
4.53304108
4.5382101
4.54028026
4.53924103
4.53550052
4.52928977
4.52085826
4.46928809
4.46319664
4.45767663
4.45397032
4.45292423
4.45509142
4.46054517
4.46897061
4.47977329
4.49215116
4.50515623
4.51776051
4.52893329
4.53773649
4.54343665
4.54563305
4.54440645
4.54041821
4.53470116
4.52866814
4.46345092
4.45752522
4.45037279
4.44492934
4.44290572
4.4450977
4.45156967
4.46187503
4.47521701
4.49055333
4.5066745
4.52227815
4.53605556
4.5468016
4.55355427
4.55576759
4.55352242
4.54775154
4.54035365
4.53446427
)
;

boundaryField
{
    walls
    {
        type            zeroGradient;
    }
    mov_wall
    {
        type            zeroGradient;
    }
    empty
    {
        type            empty;
    }
}


// ************************************************************************* //
