/*--------------------------------*- C++ -*----------------------------------*\
| =========                 |                                                 |
| \\      /  F ield         | OpenFOAM: The Open Source CFD Toolbox           |
|  \\    /   O peration     | Version:  5.x                                   |
|   \\  /    A nd           | Web:      www.OpenFOAM.org                      |
|    \\/     M anipulation  |                                                 |
\*---------------------------------------------------------------------------*/
FoamFile
{
    version     2.0;
    format      ascii;
    class       surfaceScalarField;
    location    "5.1";
    object      phi;
}
// * * * * * * * * * * * * * * * * * * * * * * * * * * * * * * * * * * * * * //

dimensions      [0 3 -1 0 0 0 0];

internalField   nonuniform List<scalar> 
760
(
0.00134817642
-0.00134817747
0.00245763967
-0.00110946326
0.00313513462
-0.000677494949
0.00355971568
-0.000424581053
0.00383225129
-0.000272535596
0.00400945216
-0.000177200851
0.00412521451
-0.000115762361
0.00419921707
-7.400258e-05
0.00424243234
-4.32152754e-05
0.00426055358
-1.8121218e-05
0.00425562236
4.93123844e-06
0.00422675779
2.88645668e-05
0.0041693894
5.73683707e-05
0.00407358503
9.58043552e-05
0.00391995092
0.000153634122
0.0036720193
0.000247931655
0.00326316025
0.000408859061
0.00257264078
0.00069051944
0.00140850174
0.00116413901
0.00140850172
-5.4695385e-05
-0.00129348208
0.000412592542
-0.00157675118
0.00103002973
-0.00129493214
0.00157871381
-0.000973265144
0.00201483265
-0.000708654434
0.00234477723
-0.000507145413
0.0025851163
-0.000356101412
0.0027512694
-0.000240155682
0.00285456777
-0.000146513667
0.00290179529
-6.53487467e-05
0.00289536658
1.13599667e-05
0.00283293037
9.1300814e-05
0.00270712575
0.000183172996
0.00250436374
0.000298566341
0.00220410986
0.000453887975
0.0017809017
0.000671139823
0.001217568
0.000972192815
0.000552812579
0.0013552749
1.30664999e-05
0.00170388511
0.0014215682
-0.000271734713
-0.00102174736
-0.000221026666
-0.00162745921
7.13677329e-05
-0.00158732654
0.000446285581
-0.00134818301
0.000812489614
-0.00107485848
0.00112929921
-0.000823955
0.00138207828
-0.000608880452
0.00156800786
-0.000426085247
0.00168837694
-0.00026688276
0.0017446845
-0.000121656332
0.00173678972
1.92547448e-05
0.0016621344
0.000165956166
0.00151571289
0.000329594538
0.00129125424
0.000523024979
0.000985011674
0.000760130508
0.000605009622
0.00105114185
0.00018985069
0.00138735176
-0.000160045071
0.0017051707
-0.000261640607
0.00180548067
0.00115992757
-0.000227941623
-0.00079380575
-0.000361197373
-0.00149420343
-0.000308328274
-0.00164019562
-0.000134821264
-0.00152169002
8.92093186e-05
-0.00129888908
0.000314971799
-0.00104971749
0.000513262945
-0.000807171578
0.000668299987
-0.000581122256
0.000771990307
-0.000370573073
0.000820036086
-0.000169702138
0.000809727606
2.95631993e-05
0.000739200985
0.000236482801
0.000607935656
0.000460859909
0.00041911088
0.000711849778
0.000184524325
0.000994717041
-6.71912009e-05
0.00130285734
-0.000280617574
0.00160077813
-0.000369418489
0.00179397164
-0.000246993619
0.00168305583
0.000912933939
-0.000168965247
-0.000624840519
-0.000352016232
-0.00131115244
-0.00043155773
-0.0015606541
-0.000408909021
-0.00154433872
-0.000319435227
-0.00138836289
-0.000200095247
-0.0011690575
-7.98101502e-05
-0.000927456677
2.15782043e-05
-0.000682510576
9.14286761e-05
-0.00044042351
0.000122135368
-0.000200408838
0.000109757158
4.19413696e-05
5.36456641e-05
0.000292594277
-4.27490413e-05
0.000557254646
-0.000169694036
0.000838794822
-0.000307652422
0.00113267544
-0.000423468635
0.00141867352
-0.000470024898
0.00164733436
-0.000397824848
0.00172177159
-0.000196431031
0.00148166205
0.000716502922
-0.000124192152
-0.000500648379
-0.000308335679
-0.00112700892
-0.000450494148
-0.00141849561
-0.000523204053
-0.00147162878
-0.000535391087
-0.00137617585
-0.000508160863
-0.00119628775
-0.000463156952
-0.000972460619
-0.000418061
-0.000727606517
-0.000385619043
-0.000472865418
-0.000373912075
-0.000212115777
-0.000386727944
5.47572116e-05
-0.000423459543
0.000329325827
-0.000478356422
0.000612151519
-0.000539178293
0.000899616741
-0.000585818869
0.00117931606
-0.000590512322
0.00142336697
-0.00052308514
0.00157990713
-0.000366699107
0.00156538553
-0.000150586003
0.00126554895
0.000565916948
-9.45729307e-05
-0.000406075446
-0.000264649769
-0.000956932102
-0.000430738431
-0.00125240695
-0.000556976981
-0.00134539019
-0.000636793236
-0.00129635956
-0.00067814178
-0.00115493921
-0.000693943966
-0.000956658477
-0.000696929303
-0.000724621209
-0.000697274106
-0.000472520585
-0.000701661769
-0.000207728055
-0.000712860707
6.59561665e-05
-0.000729336379
0.000345801453
-0.000744753852
0.000627568942
-0.000747580343
0.000902443241
-0.000721469909
0.00115320569
-0.000647843373
0.00134974048
-0.000512876909
0.00144494066
-0.000321206287
0.00137371487
-0.000116485719
0.00106082836
0.000449431248
-7.53437189e-05
-0.000330731705
-0.000228206819
-0.000804069026
-0.000398353694
-0.0010822601
-0.000550539569
-0.00119320431
-0.000670626477
-0.0011762726
-0.000757578344
-0.00106798731
-0.000816784821
-0.000897452021
-0.000855587488
-0.000685818598
-0.000880624359
-0.000447483732
-0.000896360359
-0.000191992003
-0.000904270081
7.38659524e-05
-0.000902360299
0.000343891672
-0.000884972226
0.000610180809
-0.000843104205
0.000860575175
-0.000765820224
0.00107592173
-0.000643664738
0.00122758505
-0.000475103922
0.00127637988
-0.000276309835
0.00117492077
-9.21328654e-05
0.000876651362
0.000357298377
-6.22882896e-05
-0.000268443385
-0.000198541306
-0.000667816011
-0.000362893665
-0.000917907782
-0.000523850765
-0.00103224724
-0.000664415266
-0.00103570808
-0.000778128929
-0.000954273584
-0.000864812161
-0.000810768758
-0.000927165483
-0.000623465318
-0.000968399732
-0.000406249547
-0.000990721269
-0.00016967047
-0.000994436387
7.75811392e-05
-0.000977525721
0.000326981067
-0.000935694989
0.000568350062
-0.000863101259
0.000787981378
-0.000754123199
0.000966943628
-0.000606626334
0.00108008821
-0.000426950405
0.001096704
-0.000236038272
0.000984008664
-7.43490096e-05
0.000714962089
0.000282949345
-5.27689673e-05
-0.000215674399
-0.000173812769
-0.000546772179
-0.000327557391
-0.000764163173
-0.000486866001
-0.000872938682
-0.000634380234
-0.000888193875
-0.000760757888
-0.00082789589
-0.000862116654
-0.00070940992
-0.00093765474
-0.000547927215
-0.000987783239
-0.000356121106
-0.00101282401
-0.000144629761
-0.00101222281
7.69799497e-05
-0.000984240706
0.000298999041
-0.000926163042
0.000510272453
-0.000835158802
0.000696977115
-0.00070997611
0.000841760871
-0.000553597363
0.000923709434
-0.000376676999
0.000919783665
-0.000200960043
0.000808291755
-6.08626114e-05
0.00057486468
0.000222086716
-4.52979465e-05
-0.000170376462
-0.000152453967
-0.00043961611
-0.000293299589
-0.000623317521
-0.000444763094
-0.000721475204
-0.000590345872
-0.000742611158
-0.000719473404
-0.000698768376
-0.000826046368
-0.000602836898
-0.000906878191
-0.000467095316
-0.000960347555
-0.00030265174
-0.000985403168
-0.00011957422
-0.000980963209
7.25399317e-05
-0.000945732151
0.000263768008
-0.00087848003
0.000443020412
-0.000778855035
0.000597352168
-0.000648784042
0.000711689852
-0.000494403566
0.000769328901
-0.000328204181
0.000753584253
-0.000170678381
0.000650765976
-5.02806534e-05
0.000454466986
0.000171806069
-3.90622102e-05
-0.000131314288
-0.000133403815
-0.000345274474
-0.000260349954
-0.000496371323
-0.000400388939
-0.000581436194
-0.000538431189
-0.000604568953
-0.000663692819
-0.000573506815
-0.000768938094
-0.00049759163
-0.00084952309
-0.000386510247
-0.000902500908
-0.00024967385
-0.000925934075
-9.61410633e-05
-0.000918488896
6.50946745e-05
-0.000879356242
0.000224635302
-0.000808535365
0.000372199567
-0.000707505265
0.000496322143
-0.00058026167
0.000584446296
-0.000434588329
0.000623655538
-0.000283248305
0.000602244184
-0.000144573384
0.000512091034
-4.17551963e-05
0.000351648813
0.000130050895
-3.36094262e-05
-9.77048971e-05
-0.000115973533
-0.000262910382
-0.000228685897
-0.000383658913
-0.000355331119
-0.000454790905
-0.000482448456
-0.0004774516
-0.000599656646
-0.000456298685
-0.000699324771
-0.000397923573
-0.00077605052
-0.000309784491
-0.000826127628
-0.000199596661
-0.000847124104
-7.51445218e-05
-0.000837646069
5.56166186e-05
-0.000797332224
0.000184321381
-0.000727102568
0.000301969868
-0.000629656455
0.000398876061
-0.000510163466
0.000464953373
-0.000377005123
0.000490497228
-0.000242314859
0.000467553903
-0.000121978244
0.000391754385
-3.473323e-05
0.000264403786
9.53176802e-05
-2.86574824e-05
-6.90474182e-05
-9.9660248e-05
-0.000191907667
-0.000198117037
-0.000285202133
-0.000310357566
-0.000342550319
-0.000424616033
-0.000363193062
-0.000531265856
-0.000349648857
-0.000622765455
-0.000306424043
-0.00069344667
-0.000239103341
-0.000739258844
-0.000153784469
-0.000757558028
-5.6845257e-05
-0.000747003418
4.50620657e-05
-0.000707597921
0.000144915861
-0.000640884416
0.000235256296
-0.000550277096
0.000308268706
-0.000441462365
0.000356138668
-0.000322745851
0.000371780767
-0.000205166571
0.000349974649
-0.000102185436
0.000288773241
-2.88024226e-05
0.000191020751
6.65152556e-05
-2.3981178e-05
-4.50662026e-05
-8.3997429e-05
-0.000131891461
-0.000168257122
-0.000200942496
-0.00026559552
-0.000245211923
-0.000365935591
-0.000262852924
-0.000460594461
-0.000254989918
-0.000542423502
-0.000224595005
-0.000605821324
-0.000175705589
-0.000646681765
-0.000112924084
-0.000662339407
-4.11875924e-05
-0.000651561321
3.42840547e-05
-0.000614612915
0.000107967502
-0.000553400624
0.000174043983
-0.000471663909
0.000226531936
-0.000375154028
0.000259628759
-0.000271701965
0.000268328724
-0.000171058853
0.000249331576
-8.44170587e-05
0.000202131468
-2.35998605e-05
0.000130203549
4.29153832e-05
-1.93491959e-05
-2.57169542e-05
-6.84700027e-05
-8.27706514e-05
-0.00013850675
-0.000130905805
-0.000220638104
-0.000163080627
-0.000306428438
-0.000177062583
-0.000388228748
-0.000173189537
-0.000459474139
-0.000153349553
-0.000514859781
-0.000120319957
-0.0005504298
-7.73541317e-05
-0.000563627593
-2.79898441e-05
-0.000553348443
2.40049284e-05
-0.000520016421
7.46355437e-05
-0.000465682592
0.000119710192
-0.000394114905
0.000154964232
-0.000310822996
0.00017633681
-0.000222941281
0.000180446989
-0.00013889463
0.000165284938
-6.78135141e-05
0.000131050378
-1.87621057e-05
8.11521544e-05
2.41532702e-05
-1.45055275e-05
-1.12114008e-05
-5.25210772e-05
-4.47550474e-05
-0.000108122784
-7.53041033e-05
-0.000174687795
-9.65156732e-05
-0.000245343267
-0.000106407164
-0.000313520838
-0.000105011957
-0.00037338789
-9.34824345e-05
-0.000420129394
-7.35784007e-05
-0.000450116054
-4.73674837e-05
-0.000461009093
-1.70968615e-05
-0.000451841658
1.48374588e-05
-0.000423096919
4.58908247e-05
-0.000376775962
7.33892851e-05
-0.000316426437
9.46147373e-05
-0.000247079545
0.000106989908
-0.000175030361
0.000108397778
-0.000107403073
9.7657636e-05
-5.14858512e-05
7.51331661e-05
-1.39146195e-05
4.3580939e-05
1.02386534e-05
-9.20282715e-06
-2.00859502e-06
-3.56847318e-05
-1.82730778e-05
-7.64354979e-05
-3.45532879e-05
-0.000126810999
-4.61401773e-05
-0.000181408073
-5.18101447e-05
-0.000234817171
-5.16029021e-05
-0.000282132242
-4.61673506e-05
-0.000319263529
-3.64470589e-05
-0.000343116487
-2.35144852e-05
-0.000351700032
-8.51332828e-06
-0.000344207027
7.34441074e-06
-0.000321084449
2.27682219e-05
-0.000284086168
3.63910205e-05
-0.000236279529
4.68081345e-05
-0.000181958565
5.2668966e-05
-0.000126403744
5.28429524e-05
-7.54285468e-05
4.66824225e-05
-3.4681635e-05
3.4386247e-05
-8.71391116e-06
1.7613221e-05
1.52474876e-06
-3.43755971e-06
1.42891933e-06
-1.80438947e-05
-3.66671289e-06
-4.34060296e-05
-9.19109561e-06
-7.64336427e-05
-1.31125193e-05
-0.00011318714
-1.50566502e-05
-0.00014966512
-1.51249609e-05
-0.000182251564
-1.35809369e-05
-0.000207952856
-1.07457556e-05
-0.000224514085
-6.95321673e-06
-0.000230484742
-2.5426426e-06
-0.000225272637
2.13229833e-06
-0.000209197089
6.69264561e-06
-0.00018353537
1.07292858e-05
-0.000150536816
1.38095915e-05
-0.00011336829
1.55004632e-05
-7.59397538e-05
1.54144309e-05
-4.25472207e-05
1.32898884e-05
-1.72767405e-05
9.11575959e-06
-3.10386098e-06
3.44033959e-06
-1.5791081e-06
1.42888274e-06
-2.23786707e-06
-1.14289732e-05
-2.45414668e-05
-3.9598082e-05
-5.47230325e-05
-6.83039903e-05
-7.90497725e-05
-8.60029924e-05
-8.8545613e-05
-8.64132906e-05
-7.97206403e-05
-6.89913684e-05
-5.51817918e-05
-3.96813307e-05
-2.42668906e-05
-1.09769925e-05
-1.86122959e-06
1.57910891e-06
)
;

boundaryField
{
    walls
    {
        type            calculated;
        value           uniform 0;
    }
    mov_wall
    {
        type            calculated;
        value           uniform 0;
    }
    empty
    {
        type            empty;
        value           nonuniform 0();
    }
}


// ************************************************************************* //
