/*--------------------------------*- C++ -*----------------------------------*\
| =========                 |                                                 |
| \\      /  F ield         | OpenFOAM: The Open Source CFD Toolbox           |
|  \\    /   O peration     | Version:  5.x                                   |
|   \\  /    A nd           | Web:      www.OpenFOAM.org                      |
|    \\/     M anipulation  |                                                 |
\*---------------------------------------------------------------------------*/
FoamFile
{
    version     2.0;
    format      ascii;
    class       volVectorField;
    location    "5.1";
    object      U;
}
// * * * * * * * * * * * * * * * * * * * * * * * * * * * * * * * * * * * * * //

dimensions      [0 1 -1 0 0 0 0];

internalField   nonuniform List<vector> 
400
(
(0.291698376 0.149643869 0)
(0.388187096 0.128007721 0)
(0.557616036 0.0757318372 0)
(0.674785685 0.0433044426 0)
(0.743766584 0.0251591066 0)
(0.787075016 0.0148802985 0)
(0.815462955 0.00893092299 0)
(0.833939558 0.00530992907 0)
(0.845365459 0.00289956124 0)
(0.85134926 0.0010848519 2.66526914e-34)
(0.852640746 -0.000502853404 -2.66526914e-34)
(0.849354292 -0.00216071957 0)
(0.840973371 -0.00421710465 0)
(0.826113772 -0.00722098607 0)
(0.802020423 -0.0122365026 0)
(0.763538944 -0.0213892114 0)
(0.699488893 -0.0388386145 0)
(0.584557339 -0.0722732722 0)
(0.407900537 -0.128436305 0)
(0.300688068 -0.152947535 0)
(0.00120415297 0.287432473 0)
(0.0133209092 0.293872168 0)
(0.140044406 0.209904877 0)
(0.26497156 0.142986175 0)
(0.364177718 0.0968019907 0)
(0.440120048 0.0654411257 0)
(0.496541028 0.0439762556 0)
(0.53669106 0.0287011596 0)
(0.563274459 0.0170798549 0)
(0.578137335 0.00742308508 0)
(0.58221028 -0.00150101369 0)
(0.575515249 -0.0107977539 0)
(0.557109248 -0.0217346501 0)
(0.524912994 -0.0361396912 0)
(0.475518404 -0.0569634995 0)
(0.404325998 -0.0889771552 0)
(0.305687291 -0.139150756 0)
(0.174497791 -0.215275199 0)
(0.0341065877 -0.310801151 0)
(0.0108691581 -0.305909061 0)
(-0.0321467757 0.241773952 0)
(-0.0634303922 0.333547193 0)
(-0.0219362305 0.299502517 0)
(0.0505996014 0.240051683 0)
(0.12739736 0.183020818 0)
(0.19681859 0.13545453 0)
(0.254167088 0.0974523478 0)
(0.298088291 0.0668891759 0)
(0.328665668 0.0413758273 0)
(0.346307817 0.0187814607 -2.35797113e-33)
(0.351211304 -0.00280949346 2.35797113e-33)
(0.343126741 -0.0252950469 0)
(0.321277577 -0.0508299452 0)
(0.2844329 -0.0820948281 0)
(0.231328816 -0.122479774 0)
(0.161916757 -0.175658043 0)
(0.0798350146 -0.24320846 0)
(-0.00333734394 -0.317981962 0)
(-0.0578531313 -0.366363499 0)
(-0.0313893183 -0.270690673 0)
(-0.0261204216 0.182361587 0)
(-0.0666192931 0.316884156 0)
(-0.0735378007 0.330901763 0)
(-0.0481307383 0.29535293 0)
(-0.00567219398 0.24425352 0)
(0.0411124568 0.19243175 0)
(0.0845450905 0.145095045 0)
(0.120424318 0.103006635 0)
(0.146585237 0.0651543689 0)
(0.161925471 0.0298884097 2.35546652e-33)
(0.165812808 -0.00469432297 -2.35546652e-33)
(0.157798792 -0.0406696205 0)
(0.137586492 -0.0803027376 0)
(0.105285209 -0.125979577 0)
(0.0620900264 -0.179774805 0)
(0.0116092657 -0.242029717 0)
(-0.0380283844 -0.307764357 0)
(-0.0720490986 -0.359579372 0)
(-0.0711639178 -0.355585637 0)
(-0.0287210552 -0.209178578 0)
(-0.0176296866 0.140767922 0)
(-0.0549165551 0.281827217 0)
(-0.0828630083 0.324484378 0)
(-0.0880762382 0.312396818 0)
(-0.0751197037 0.274441997 0)
(-0.0526276419 0.226778439 0)
(-0.0275118662 0.177302824 0)
(-0.00458010764 0.12914543 0)
(0.0130234788 0.0829123678 0)
(0.0233567891 0.0379330378 -2.94545645e-34)
(0.0253097386 -0.00710139271 2.94545645e-34)
(0.0184151962 -0.0537995238 0)
(0.00288697437 -0.103801262 0)
(-0.0200872065 -0.158367935 0)
(-0.0477707939 -0.217530718 0)
(-0.0750614583 -0.278347551 0)
(-0.0936267118 -0.331694803 0)
(-0.0922270608 -0.357398872 0)
(-0.06350747 -0.318879892 0)
(-0.0207312599 -0.162076723 0)
(-0.0116542811 0.111592256 0)
(-0.0431522056 0.243765277 0)
(-0.0782840064 0.299859416 0)
(-0.100579272 0.305000845 0)
(-0.108310599 0.280421281 0)
(-0.105716516 0.240369196 0)
(-0.0975361865 0.193277776 0)
(-0.0877934631 0.143545375 0)
(-0.0795352035 0.0930260799 0)
(-0.0748272245 0.0420752393 0)
(-0.0748481379 -0.00975925186 0)
(-0.0799345864 -0.0632506178 0)
(-0.089500033 -0.119033277 0)
(-0.101812884 -0.176993444 0)
(-0.113690952 -0.235297917 0)
(-0.12028478 -0.288849067 0)
(-0.115237023 -0.32708478 0)
(-0.0922711169 -0.331566552 0)
(-0.0521876314 -0.275119693 0)
(-0.0142847872 -0.127260099 0)
(-0.00803185562 0.089968024 0)
(-0.0343052846 0.207876705 0)
(-0.0703686666 0.267741365 0)
(-0.100959326 0.283509157 0)
(-0.121509117 0.269753794 0)
(-0.13306197 0.237807861 0)
(-0.138135845 0.195384134 0)
(-0.139450255 0.147216495 0)
(-0.139365679 0.0958906847 0)
(-0.13959924 0.0425957641 0)
(-0.141114116 -0.0122625593 0)
(-0.144054667 -0.0685401605 0)
(-0.147657216 -0.125824595 0)
(-0.150140611 -0.182787208 0)
(-0.148667747 -0.236314556 0)
(-0.139565528 -0.280390163 0)
(-0.119015751 -0.304900541 0)
(-0.0848747403 -0.294957283 0)
(-0.0422046482 -0.232154478 0)
(-0.0100065923 -0.100709817 0)
(-0.00589818839 0.0731569089 0)
(-0.0280514381 0.175459935 0)
(-0.0624620804 0.233454976 0)
(-0.0961931188 0.254650698 0)
(-0.123784298 0.248662384 0)
(-0.144336452 0.223978334 0)
(-0.158622042 0.18707247 0)
(-0.168069554 0.142434113 0)
(-0.174171022 0.0929433404 0)
(-0.178091662 0.0403533029 0)
(-0.180456266 -0.0142245178 0)
(-0.181230007 -0.0698446688 0)
(-0.179647305 -0.125225749 0)
(-0.174205204 -0.178177563 0)
(-0.162809078 -0.224940956 0)
(-0.143212562 -0.259512835 0)
(-0.113841637 -0.273201299 0)
(-0.0753166153 -0.254896358 0)
(-0.0343188968 -0.192925776 0)
(-0.00728498543 -0.0799917724 0)
(-0.00459312109 0.0595160178 0)
(-0.0235441659 0.146542625 0)
(-0.0553429907 0.199662163 0)
(-0.089319678 0.222701639 0)
(-0.120051826 0.22181942 0)
(-0.145609098 0.203131838 0)
(-0.165570652 0.171796561 0)
(-0.180317101 0.131775639 0)
(-0.190531081 0.0859405133 0)
(-0.196813745 0.0363510074 2.97711601e-34)
(-0.199448909 -0.0153915434 -2.97711601e-34)
(-0.198275633 -0.067756636 0)
(-0.192646152 -0.118867789 0)
(-0.181489353 -0.166059304 0)
(-0.163546095 -0.205440872 0)
(-0.137858737 -0.231577795 0)
(-0.104503398 -0.237504907 0)
(-0.0656637245 -0.215386222 0)
(-0.028173795 -0.158249839 0)
(-0.00551068901 -0.0634668196 0)
(-0.00373314325 0.0480883406 0)
(-0.0201212318 0.120839403 0)
(-0.0490153849 0.16767645 0)
(-0.0816389795 0.190287505 0)
(-0.112989455 0.192487652 0)
(-0.140680569 0.178557133 4.67988213e-33)
(-0.163557395 0.152465456 0)
(-0.181246279 0.117555007 0)
(-0.193784174 0.0765047505 -4.74063973e-33)
(-0.201296978 0.0314709958 2.26595212e-36)
(-0.203789206 -0.0156743981 4.98648968e-36)
(-0.201035373 -0.0630555944 0)
(-0.192565929 -0.108481576 0)
(-0.17776551 -0.14914142 0)
(-0.156124909 -0.181360924 0)
(-0.127679788 -0.200524264 0)
(-0.0935645759 -0.201318539 0)
(-0.056677046 -0.178463972 0)
(-0.0233146642 -0.128090138 0)
(-0.00429570335 -0.0500435318 0)
(-0.00311504285 0.0383306318 0)
(-0.0173631178 0.0980508537 0)
(-0.0433176163 0.138129973 0)
(-0.0737180714 0.158979208 0)
(-0.104104454 0.162838228 0)
(-0.131970542 0.152618179 -4.67988213e-33)
(-0.155761621 0.131295703 0)
(-0.174612861 0.101603283 0)
(-0.188100214 0.0659290031 4.74063973e-33)
(-0.195997419 0.0263693681 1.49106899e-33)
(-0.19811162 -0.0151233199 -1.49832143e-33)
(-0.194204021 -0.0565442479 0)
(-0.183996563 -0.0956260375 0)
(-0.16727717 -0.129654836 0)
(-0.14412439 -0.155368908 0)
(-0.115252465 -0.169022495 0)
(-0.0823814132 -0.166713892 0)
(-0.048594108 -0.145040227 0)
(-0.019397597 -0.102103348 0)
(-0.00342090901 -0.0390049992 0)
(-0.00263393881 0.0299262629 0)
(-0.0150226286 0.0779301279 0)
(-0.0380974216 0.111311114 0)
(-0.0658175627 0.129695802 0)
(-0.0942794702 0.134263886 0)
(-0.121044031 0.126925345 0)
(-0.144383618 0.109860566 0)
(-0.16314899 0.0852480457 0)
(-0.176619505 0.0551416445 0)
(-0.184335469 0.0214703249 2.9974276e-34)
(-0.185982938 -0.0138813595 -2.9974276e-34)
(-0.181343682 -0.0489515434 0)
(-0.170313971 -0.0815745605 0)
(-0.152999254 -0.109289269 0)
(-0.129891602 -0.129330731 0)
(-0.102114498 -0.13876424 0)
(-0.0716393818 -0.134816138 0)
(-0.0414365989 -0.11540729 0)
(-0.0161843525 -0.0798582239 0)
(-0.00276403423 -0.029860659 0)
(-0.002234738 0.0226800245 0)
(-0.0129541315 0.0602838554 0)
(-0.0332381527 0.0873308359 0)
(-0.0580555268 0.102954506 0)
(-0.0840353746 0.107621831 0)
(-0.108906081 0.102520716 0)
(-0.130914085 0.0892086501 0)
(-0.148775842 0.0693818623 0)
(-0.161603554 0.0447501638 0)
(-0.168801285 0.0170067403 3.0013735e-34)
(-0.16999354 -0.0121372052 -3.0013735e-34)
(-0.164999673 -0.0408861769 0)
(-0.153857542 -0.0672953798 0)
(-0.136899087 -0.0892417109 0)
(-0.114876637 -0.104468702 0)
(-0.0891189049 -0.110744414 0)
(-0.0616328416 -0.106158112 0)
(-0.0351269758 -0.0895353352 0)
(-0.0135037454 -0.0609264433 0)
(-0.00225327385 -0.0222578283 0)
(-0.00188545505 0.0164662588 0)
(-0.0110624856 0.0449645385 0)
(-0.0286411483 0.0662105027 0)
(-0.0504611325 0.0790278184 0)
(-0.0736531607 0.0834123371 0)
(-0.0961641726 0.0800414989 0)
(-0.116305915 0.0699953651 0)
(-0.132763346 0.0545610868 0)
(-0.14457561 0.0351143582 0)
(-0.151082438 0.0130747344 0)
(-0.151887888 -0.0100881475 0)
(-0.146852998 -0.0328250703 0)
(-0.136119505 -0.0534823518 0)
(-0.120164261 -0.0703098585 0)
(-0.0998793447 -0.0815299539 0)
(-0.0766571217 -0.0854921379 0)
(-0.0524122087 -0.080923536 0)
(-0.0295300319 -0.0672469477 0)
(-0.011218573 -0.044926663 0)
(-0.00184129801 -0.0159381058 0)
(-0.00156251456 0.0112077533 0)
(-0.00926987637 0.0318705397 0)
(-0.0242025226 0.0479368739 0)
(-0.0429884518 0.0580490676 0)
(-0.063231918 0.0619115003 0)
(-0.0831208661 0.0598559246 0)
(-0.101086241 0.0526055638 0)
(-0.115849129 0.0411071783 0)
(-0.126440933 0.0264236316 0)
(-0.132187247 0.00968560345 0)
(-0.132697635 -0.00791671455 0)
(-0.127870713 -0.0251250437 0)
(-0.117915453 -0.0406102664 0)
(-0.103386533 -0.0529974501 0)
(-0.0852272572 -0.060938702 0)
(-0.0648019924 -0.0632496931 0)
(-0.0438652638 -0.059113386 0)
(-0.0244674994 -0.0483249879 0)
(-0.00920309135 -0.0315520045 0)
(-0.00149088324 -0.0107193775 0)
(-0.00124268861 0.00687236965 0)
(-0.00749725766 0.0209539444 0)
(-0.019799674 0.032501434 0)
(-0.0355241993 0.0400872982 0)
(-0.0527239709 0.0432717588 0)
(-0.069833108 0.0421741829 0)
(-0.0854326539 0.0372606247 0)
(-0.0983251644 0.0291991567 0)
(-0.107580784 0.0187673638 0)
(-0.112546727 0.00680864235 0)
(-0.112854341 -0.00578011441 0)
(-0.108431631 -0.0180487568 0)
(-0.0995214454 -0.0289997678 0)
(-0.0867021635 -0.0376160583 0)
(-0.0709039778 -0.0429246718 0)
(-0.0534054967 -0.0441071892 0)
(-0.0357703115 -0.0406592905 0)
(-0.0197281048 -0.0325810798 0)
(-0.00733072715 -0.02059033 0)
(-0.00116697517 -0.00649226701 0)
(-0.000899882256 0.00347704088 0)
(-0.00566092807 0.0122244323 0)
(-0.0152978412 0.0199179474 0)
(-0.0279091922 0.0251886576 0)
(-0.0419708409 0.0275859281 0)
(-0.0561592875 0.0271262663 0)
(-0.0692274834 0.0240986728 0)
(-0.0800968137 0.0189454374 0)
(-0.0879159869 0.0121895997 0)
(-0.0920844191 0.00440206824 0)
(-0.0922681553 -0.00380767921 0)
(-0.0884155182 -0.0117927685 0)
(-0.0807724921 -0.0188748758 0)
(-0.0698942018 -0.0243659694 0)
(-0.0566454513 -0.027615188 0)
(-0.0421770506 -0.0280887028 0)
(-0.0278469014 -0.0254864186 0)
(-0.015088735 -0.0198866121 0)
(-0.00547449482 -0.0119313566 0)
(-0.000833547048 -0.00322197395 0)
(-0.00050751071 0.00108920304 0)
(-0.00368889426 0.00574013848 0)
(-0.0105872215 0.010222385 0)
(-0.0199879339 0.0134022206 0)
(-0.0307552942 0.0149400991 0)
(-0.0418076601 0.0148327171 0)
(-0.0521004804 0.0132501803 0)
(-0.0607205947 0.0104516789 0)
(-0.0669425797 0.0067388203 0)
(-0.0702538251 0.00243728842 0)
(-0.0703711874 -0.00210634959 0)
(-0.0672558438 -0.00652338915 0)
(-0.0611263948 -0.0104252562 0)
(-0.0524664978 -0.0134154702 0)
(-0.0420201052 -0.0151167094 0)
(-0.0307626601 -0.015218348 0)
(-0.0198243286 -0.0135494038 0)
(-0.0103615226 -0.0101761661 0)
(-0.00352670257 -0.00555507494 0)
(-0.000456470658 -0.000945966087 0)
(-6.44949632e-05 -0.000176245613 0)
(-0.00159899476 0.00163661156 0)
(-0.00569518938 0.00359860013 0)
(-0.011719928 0.00501068253 0)
(-0.0188880454 0.0057168516 0)
(-0.0263913877 0.00573383087 0)
(-0.0334549911 0.00514771943 0)
(-0.0394085053 0.00407326473 0)
(-0.0437225492 0.00263489149 0)
(-0.0460238819 0.000961865154 0)
(-0.046105821 -0.000810100933 0)
(-0.0439388713 -0.00253598848 0)
(-0.0396813857 -0.00406056426 0)
(-0.0336869585 -0.00522175783 0)
(-0.0265027369 -0.00586030541 0)
(-0.0188496243 -0.00583829471 0)
(-0.0115675417 -0.00507039245 0)
(-0.00551559592 -0.00357095284 0)
(-0.0014820354 -0.00155258695 0)
(-3.10935764e-05 0.000233977437 0)
(0.00026139348 -0.000255579647 0)
(0.000151435383 0.000102069833 0)
(-0.00117495718 0.000547413206 0)
(-0.00348063285 0.000863516553 0)
(-0.00637558083 0.00102208027 0)
(-0.00946686991 0.00103797878 0)
(-0.0124000356 0.000936217906 0)
(-0.0148817795 0.000743060044 0)
(-0.016686103 0.000483179331 0)
(-0.0176547261 0.000180088898 1.08300191e-33)
(-0.0176985187 -0.000142306558 -1.08300191e-33)
(-0.0168014842 -0.000458217555 0)
(-0.015026629 -0.000739019719 0)
(-0.012521902 -0.000953245805 0)
(-0.00952355026 -0.00106773283 0)
(-0.00635302399 -0.00105052545 0)
(-0.00340014891 -0.000876787156 0)
(-0.0010836146 -0.000539615503 0)
(0.000206111031 -8.25143547e-05 0)
(0.000274563676 0.000266745435 0)
)
;

boundaryField
{
    walls
    {
        type            fixedValue;
        value           uniform (0 0 0);
    }
    mov_wall
    {
        type            fixedValue;
        value           uniform (1 0 0);
    }
    empty
    {
        type            empty;
    }
}


// ************************************************************************* //
