/*--------------------------------*- C++ -*----------------------------------*\
| =========                 |                                                 |
| \\      /  F ield         | OpenFOAM: The Open Source CFD Toolbox           |
|  \\    /   O peration     | Version:  5.x                                   |
|   \\  /    A nd           | Web:      www.OpenFOAM.org                      |
|    \\/     M anipulation  |                                                 |
\*---------------------------------------------------------------------------*/
FoamFile
{
    version     2.0;
    format      ascii;
    class       volScalarField;
    location    "1.6";
    object      p;
}
// * * * * * * * * * * * * * * * * * * * * * * * * * * * * * * * * * * * * * //

dimensions      [0 2 -2 0 0 0 0];

internalField   nonuniform List<scalar> 
400
(
7.55305575e-06
2.4524651
3.49432204
3.89887179
4.1066364
4.22469644
4.29428529
4.34027909
4.37634798
4.41012861
4.44678496
4.49094525
4.54768778
4.62452315
4.73482932
4.90462391
5.18240244
5.68421818
6.84132742
9.411732
1.88671931
2.86729932
3.41988776
3.7477433
3.9651782
4.10974575
4.20767662
4.27900022
4.33675914
4.38963348
4.44427042
4.50659977
4.58336202
4.68332489
4.81975037
5.01369913
5.29403808
5.69848079
6.33842341
7.4283743
2.98210044
3.26254685
3.54234184
3.77068584
3.94571002
4.07572111
4.17323441
4.25001692
4.31529442
4.37625925
4.43895149
4.50904922
4.59260194
4.69680703
4.83087072
5.00665463
5.23633431
5.52394864
5.86049652
6.19823728
3.52781623
3.58536727
3.72180358
3.86539035
3.98907547
4.09084429
4.17462505
4.24573297
4.3095502
4.37105
4.43480349
4.50523347
4.58681596
4.68427903
4.80247175
4.94570926
5.11576238
5.30515779
5.47834263
5.55963765
3.84425726
3.8269118
3.88520485
3.96940362
4.05223814
4.12780952
4.19568939
4.25750206
4.31595059
4.37412274
4.43509685
4.50188895
4.57736047
4.66403221
4.76352641
4.87552966
4.99637425
5.11481372
5.1958531
5.18371534
4.04554612
4.00369457
4.02145595
4.06787595
4.12140646
4.17576502
4.22888067
4.28056638
4.33189164
4.38452528
4.44030535
4.5010017
4.56808029
4.64235476
4.7233512
4.8083877
4.89182473
4.96269243
4.99309022
4.94681008
4.18063154
4.13386802
4.13187087
4.15539769
4.18886115
4.22709444
4.26775628
4.30990341
4.35367132
4.39976691
4.44907439
4.50237206
4.56005206
4.62175204
4.68581238
4.74864968
4.80458024
4.84468277
4.84863716
4.79368614
4.27570111
4.23087792
4.21969157
4.22970388
4.24987458
4.27638396
4.30715308
4.34101553
4.37761331
4.41703517
4.45948786
4.50503183
4.55331894
4.6032803
4.65273317
4.69803644
4.73428091
4.7548661
4.74557621
4.69205315
4.34471003
4.30376211
4.2886576
4.29085524
4.302404
4.32060033
4.34376029
4.37073398
4.40092699
4.43405065
4.46986365
4.5079523
4.54751639
4.58713968
4.62454152
4.6564389
4.67891691
4.68735431
4.67189813
4.62323279
4.39528613
4.35852934
4.34218128
4.33998236
4.34601413
4.35838766
4.37578917
4.39717506
4.42185698
4.4493314
4.47908373
4.51041919
4.54230507
4.57322148
4.60102727
4.62295126
4.63601931
4.63711481
4.61934648
4.5763991
4.43198038
4.39927545
4.38307313
4.37853032
4.38108707
4.38941915
4.40251244
4.41945135
4.43953047
4.46213817
4.48661191
4.51211591
4.53753589
4.56139527
4.5818011
4.59650507
4.60331775
4.60019688
4.58223
4.5449201
4.45778351
4.42890661
4.41359377
4.40796023
4.40839694
4.41396677
4.42388577
4.43736194
4.45371297
4.47228672
4.49235671
4.51303919
4.5332311
4.55157489
4.56645558
4.57609257
4.5789081
4.5735983
4.55658133
4.52450824
4.47482619
4.44957837
4.43557027
4.42963217
4.42886702
4.43260995
4.44025388
4.45111862
4.46456427
4.47993769
4.49649933
4.51337196
4.52951208
4.54370884
4.5546118
4.56083096
4.56124853
4.55505941
4.53960043
4.51229252
4.48472328
4.46296008
4.45049882
4.44476047
4.44342833
4.44604276
4.45213836
4.46113482
4.47244119
4.48542199
4.49934934
4.513377
4.52653722
4.53776331
4.54593522
4.54997716
4.54911338
4.54287964
4.5292826
4.50630625
4.48876403
4.47040139
4.45962491
4.45440131
4.45293797
4.45494965
4.46009312
4.4678774
4.47775785
4.48911889
4.50124812
4.5133315
4.52447014
4.53372002
4.54014891
4.54292844
4.54154084
4.53576965
4.52416063
4.50516942
4.48805175
4.47305599
4.46401383
4.45946342
4.4581422
4.45993714
4.46461954
4.47177761
4.48090182
4.49138468
4.50251565
4.51349532
4.52346929
4.53158171
4.53704173
4.5392122
4.53777756
4.5327265
4.52310733
4.50785232
4.4836622
4.47201184
4.46464736
4.46077283
4.45971475
4.46155172
4.46616889
4.47322129
4.48221515
4.49252713
4.50342096
4.51407969
4.52365558
4.53133657
4.53642361
4.53842192
4.5371824
4.53289386
4.52514679
4.51344293
4.47685472
4.46839318
4.46243936
4.45902925
4.45817829
4.46018766
4.46505288
4.47247435
4.48194297
4.49278292
4.50419113
4.51528756
4.52517975
4.53304303
4.53821219
4.54028386
4.53924731
4.53551035
4.52930391
4.52087742
4.46929126
4.46320443
4.45768902
4.45398669
4.45294343
4.45511189
4.46056518
4.46898859
4.47978799
4.49216182
4.50516257
4.51776279
4.52893231
4.53773357
4.54343347
4.54563139
4.54440785
4.54042365
4.53471093
4.52868164
4.46345854
4.45753737
4.45039098
4.44495296
4.44293299
4.44512621
4.45159686
4.46189856
4.47523502
4.49056471
4.50667894
4.52227614
4.53604838
4.5467912
4.55354308
4.5557582
4.55351712
4.54775179
4.54035963
4.534474
)
;

boundaryField
{
    walls
    {
        type            zeroGradient;
    }
    mov_wall
    {
        type            zeroGradient;
    }
    empty
    {
        type            empty;
    }
}


// ************************************************************************* //
