/*--------------------------------*- C++ -*----------------------------------*\
| =========                 |                                                 |
| \\      /  F ield         | OpenFOAM: The Open Source CFD Toolbox           |
|  \\    /   O peration     | Version:  5.x                                   |
|   \\  /    A nd           | Web:      www.OpenFOAM.org                      |
|    \\/     M anipulation  |                                                 |
\*---------------------------------------------------------------------------*/
FoamFile
{
    version     2.0;
    format      ascii;
    class       surfaceScalarField;
    location    "1.6";
    object      phi;
}
// * * * * * * * * * * * * * * * * * * * * * * * * * * * * * * * * * * * * * //

dimensions      [0 3 -1 0 0 0 0];

internalField   nonuniform List<scalar> 
760
(
0.00134817766
-0.00134818128
0.00245764133
-0.00110946369
0.00313513152
-0.000677490252
0.00355970346
-0.000424571973
0.00383222729
-0.000272523824
0.00400941566
-0.000177188375
0.00412516667
-0.000115751019
0.00419916043
-7.39938002e-05
0.00424237035
-4.3209958e-05
0.00426049005
-1.81197274e-05
0.00425556102
4.92902105e-06
0.00422670192
2.88591198e-05
0.00416934149
5.73604502e-05
0.00407354666
9.57948634e-05
0.00391992269
0.000153624017
0.00367200092
0.000247921847
0.00326315059
0.000408850389
0.00257263774
0.000690512808
0.00140850211
0.00116413549
0.00140850198
-5.46958747e-05
-0.0012934854
0.000412585592
-0.00157674513
0.00103000767
-0.0012949124
0.00157866899
-0.000973233377
0.00201476021
-0.000708615131
0.00234467593
-0.000507104143
0.00258498848
-0.000356063587
0.00275112045
-0.000240125758
0.00285440522
-0.000146494698
0.00290162777
-6.53422448e-05
0.00289520286
1.13539794e-05
0.00283277843
9.12836072e-05
0.00270699218
0.000183146763
0.00250425316
0.000298533891
0.00220402472
0.000453852429
0.00178084218
0.000671104374
0.00121753205
0.000972160618
0.000552795892
0.00135524916
1.30623717e-05
0.00170386918
0.00142156422
-0.000271739305
-0.0010217461
-0.000221046228
-0.00162743812
7.13226851e-05
-0.0015872813
0.000446206623
-0.00134811732
0.000812371821
-0.00107478036
0.00112914187
-0.000823874225
0.00138188496
-0.000608806697
0.00156778588
-0.000426026671
0.00168813636
-0.000266845171
0.00174443697
-0.000121642849
0.00173654721
1.92437438e-05
0.0016619081
0.000165922739
0.00151551229
0.000329542629
0.0012910864
0.000522959819
0.000984880709
0.000760058089
0.00060491643
0.00105106854
0.000189792822
0.00138728412
-0.000160073455
0.00170511546
-0.000261648671
0.00180544453
0.00115991548
-0.000227950349
-0.000793795777
-0.000361229079
-0.00149415934
-0.000308394278
-0.00164011608
-0.000134929526
-0.00152158207
8.90548786e-05
-0.00129876476
0.000314771699
-0.00104959105
0.000513022052
-0.000807057054
0.000668027026
-0.000581031634
0.000771696853
-0.000370514965
0.000819735499
-0.00016968146
0.000809433649
2.95456114e-05
0.000738926631
0.000236429764
0.000607692061
0.00046077723
0.00041890657
0.000711745384
0.000184364478
0.000994600246
-6.7305276e-05
0.00130273827
-0.000280688671
0.00160066742
-0.000369453557
0.00179388028
-0.000247003536
0.00168299457
0.000912911924
-0.000168977168
-0.000624818602
-0.000352056636
-0.00131107984
-0.000431638122
-0.00156053457
-0.000409036383
-0.00154418379
-0.000319612063
-0.00138818906
-0.000200319676
-0.00116888342
-8.00762018e-05
-0.000927300519
2.12800054e-05
-0.000682387825
9.11107018e-05
-0.000440345625
0.000121811471
-0.00020038217
0.000109441619
4.19155159e-05
5.33519709e-05
0.00029251943
-4.30092429e-05
0.00055713844
-0.000169911853
0.00083864802
-0.000307822424
0.00113251089
-0.000423589506
0.00141850542
-0.000470099854
0.00164717775
-0.000397861592
0.00172164195
-0.000196441438
0.0014815744
0.000716470475
-0.000124205464
-0.000500613083
-0.000308379617
-0.00112690567
-0.000450579616
-0.00141833456
-0.000523336817
-0.00147142657
-0.000535572338
-0.00137595351
-0.000508387654
-0.00119606808
-0.000463422688
-0.000972265458
-0.000418356024
-0.000727454471
-0.00038593147
-0.000472770153
-0.000374228554
-0.000212085031
-0.000387034805
5.47218461e-05
-0.00042374392
0.000329228608
-0.000478607302
0.000612001835
-0.000539387352
0.00089942806
-0.000585981198
0.00117910476
-0.000590627016
0.00142315131
-0.00052315568
0.00157970647
-0.000366733311
0.00156521957
-0.000150595535
0.0012654366
0.000565874923
-9.45857714e-05
-0.000406027232
-0.000264691619
-0.000956799797
-0.000430818819
-0.00125220734
-0.000557100357
-0.00134514501
-0.000636959804
-0.00129609404
-0.000678348118
-0.00115467972
-0.000694183601
-0.000956429928
-0.000697193336
-0.000724444698
-0.000697551885
-0.00047241158
-0.000701941586
-0.0002076953
-0.000713130632
6.59109538e-05
-0.000729585217
0.000345683277
-0.000744972107
0.000627388785
-0.000747761037
0.000902216998
-0.000721609199
0.00115295291
-0.000647940982
0.00134948311
-0.000512936353
0.0014447019
-0.000321234749
0.00137351799
-0.000116493506
0.00106069533
0.000449381402
-7.53544307e-05
-0.000330672728
-0.000228241464
-0.000803912727
-0.000398419671
-0.00108202911
-0.000550639928
-0.00119292473
-0.000670760808
-0.00117597313
-0.000757743408
-0.00106769709
-0.00081697508
-0.000897198207
-0.000855795645
-0.000685624074
-0.000880841924
-0.000447365257
-0.000896578191
-0.000191959009
-0.000904478962
7.3811754e-05
-0.000902551619
0.000343755993
-0.000885138756
0.000609975999
-0.000843240824
0.000860319116
-0.000765924432
0.00107563652
-0.000643736902
0.00122729558
-0.000475147284
0.0012761123
-0.000276330265
0.00117470101
-9.21383356e-05
0.000876503399
0.000357243062
-6.22955976e-05
-0.000268377081
-0.000198564763
-0.000667643524
-0.000362937908
-0.000917655933
-0.000523917366
-0.00103194524
-0.00066450349
-0.00103538698
-0.00077823628
-0.000953964279
-0.000864934759
-0.000810499698
-0.000927298405
-0.000623260374
-0.000968537408
-0.00040612619
-0.000990857853
-0.000169638518
-0.000994566105
7.75200284e-05
-0.000977643247
0.000326833159
-0.000935795927
0.00056812873
-0.000863182676
0.000787705924
-0.000754184006
0.000966637887
-0.000606667396
0.00107977898
-0.000426974363
0.00109641928
-0.00023604917
0.000983775839
-7.43518001e-05
0.000714806028
0.000282891268
-5.2772083e-05
-0.000215604977
-0.000173822552
-0.000546593031
-0.000327575296
-0.000763903161
-0.000486892073
-0.00087262845
-0.000634413597
-0.000887865436
-0.000760797143
-0.00082758071
-0.000862160067
-0.000709136758
-0.000937700328
-0.000547720086
-0.000987828895
-0.00035599757
-0.00101286766
-0.000144599692
-0.00101226254
7.69149495e-05
-0.000984274874
0.000298845513
-0.000926190427
0.000510044302
-0.000835178833
0.000696694367
-0.000709989076
0.00084144817
-0.000553604417
0.00092339434
-0.000376679885
0.000919494768
-0.000200960657
0.000808056635
-6.08625316e-05
0.000574707905
0.000222028747
-4.52966117e-05
-0.000170308366
-0.000152449224
-0.000439440412
-0.000293289569
-0.00062306279
-0.000444746324
-0.000721171695
-0.000590321427
-0.000742290321
-0.000719441105
-0.000698461005
-0.000826006801
-0.00060257104
-0.00090683256
-0.000466894315
-0.000960297477
-0.00030253263
-0.000985350538
-0.000119546584
-0.000980910095
7.24745594e-05
-0.000945680661
0.000263616114
-0.000878432167
0.000442795822
-0.000778812609
0.000597074824
-0.000648748637
0.000711384221
-0.00049437644
0.000769022167
-0.000328185984
0.000753304333
-0.000170668728
0.000650539407
-5.02777007e-05
0.000454316891
0.000171751064
-3.9056686e-05
-0.000131251697
-0.00013338532
-0.000345111798
-0.000260313426
-0.000496134653
-0.000400331462
-0.000581153667
-0.00053835181
-0.000604269986
-0.000663592513
-0.000573220288
-0.000768819644
-0.00049734388
-0.000849390754
-0.000386323185
-0.000902359941
-0.000249563436
-0.000925790247
-9.61162597e-05
-0.000918348091
6.50324392e-05
-0.000879224091
0.000224492154
-0.000808416868
0.000371988625
-0.000707404431
0.000496062399
-0.000580181239
0.000584161039
-0.00043452955
0.00062337049
-0.000283210668
0.000601985465
-0.000144554279
0.000511883045
-4.1749588e-05
0.000351512222
0.000130001503
-3.36004303e-05
-9.76512921e-05
-0.000115943522
-0.00026276876
-0.000228627022
-0.000383451121
-0.000355239139
-0.000454541545
-0.00048232234
-0.000477186811
-0.000599498318
-0.000456044325
-0.000699138843
-0.000397703336
-0.000775843849
-0.000309618149
-0.000825908646
-0.000199498623
-0.000846902031
-7.51228697e-05
-0.000837430183
5.55606017e-05
-0.000797131226
0.000184193218
-0.000726923998
0.000301781422
-0.000629506148
0.000398644566
-0.000510045087
0.000464699987
-0.000376919823
0.000490245231
-0.000242261031
0.000467326678
-0.000121951305
0.000391573335
-3.47254206e-05
0.000264286361
9.52761206e-05
-2.86460918e-05
-6.90052213e-05
-9.96221547e-05
-0.000191792787
-0.000198042248
-0.000285031018
-0.00031024068
-0.000342343084
-0.00042445581
-0.000362971687
-0.000531064841
-0.000349435323
-0.000622529574
-0.000306238613
-0.000693184692
-0.000238963012
-0.000738981606
-0.000153701683
-0.00075727745
-5.68270126e-05
-0.000746731487
4.50146385e-05
-0.000707345759
0.000144807493
-0.000640661498
0.000235097171
-0.000550090569
0.000308073649
-0.00044131648
0.000355925908
-0.000322641563
0.000371570318
-0.000205101313
0.000349786428
-0.000102153044
0.00028862507
-2.87930983e-05
0.000190926432
6.64830633e-05
-2.3968728e-05
-4.50364991e-05
-8.39555365e-05
-0.00013180608
-0.000168174481
-0.000200812116
-0.00026546579
-0.000245051751
-0.000365757139
-0.00026268031
-0.000460370022
-0.000254822446
-0.000542159694
-0.000224448961
-0.000605528021
-0.00017559469
-0.000646371247
-0.000112858442
-0.000662025289
-4.11729524e-05
-0.000651257351
3.42467067e-05
-0.000614331811
0.000107881949
-0.000553153082
0.000173918436
-0.0004714578
0.000226378367
-0.000374993792
0.000259461903
-0.000271588215
0.000268164745
-0.000170988224
0.000249186435
-8.4382279e-05
0.000202019121
-2.35899211e-05
0.000130134082
4.28931753e-05
-1.93371878e-05
-2.5699308e-05
-6.84290585e-05
-8.27142657e-05
-0.00013842517
-0.000130816095
-0.000220508911
-0.000162968033
-0.000306249446
-0.000176939747
-0.000388002405
-0.000173069461
-0.00045920707
-0.000153244295
-0.000514562093
-0.000120239679
-0.000550114176
-7.73063644e-05
-0.00056330819
-2.79789324e-05
-0.000553039633
2.39781569e-05
-0.000519731514
7.45738295e-05
-0.000465432688
0.000119619602
-0.000393907985
0.000154853655
-0.000310663288
0.000176217203
-0.000222828916
0.000180330372
-0.000138825601
0.000165183118
-6.77799334e-05
0.000130973448
-1.87526353e-05
8.11067914e-05
2.41405599e-05
-1.44955205e-05
-1.12038072e-05
-5.2485857e-05
-4.47238863e-05
-0.000108051143
-7.52508853e-05
-0.000174572521
-9.64467269e-05
-0.000245181592
-0.000106330695
-0.000313314523
-0.00010493651
-0.000373142885
-9.34159119e-05
-0.00041985514
-7.35274208e-05
-0.000449824559
-4.73369539e-05
-0.000460713844
-1.70896571e-05
-0.000451556411
1.4820718e-05
-0.000422834435
4.58518484e-05
-0.000376546833
7.33319905e-05
-0.000316238118
9.45449286e-05
-0.000246935699
0.000106914777
-0.000174930565
0.000108325234
-0.000107342886
9.75954367e-05
-5.14572714e-05
7.50878325e-05
-1.39068228e-05
4.35563585e-05
1.02337505e-05
-9.19625781e-06
-2.00762773e-06
-3.56594695e-05
-1.82605505e-05
-7.63816096e-05
-3.45287399e-05
-0.000126721571
-4.61068228e-05
-0.000181279975
-5.17723505e-05
-0.000234651301
-5.1565209e-05
-0.000281933297
-4.61339138e-05
-0.000319039397
-3.64213148e-05
-0.00034287739
-2.34989635e-05
-0.000351457534
-8.50952759e-06
-0.00034397296
7.33612546e-06
-0.000320869807
2.27486772e-05
-0.000283900042
3.63622078e-05
-0.000236128196
4.6773066e-05
-0.000181844853
5.26314201e-05
-0.00012632675
5.28071208e-05
-7.53837663e-05
4.66524466e-05
-3.4661537e-05
3.43656005e-05
-8.70895838e-06
1.76038041e-05
1.52481482e-06
-3.43533974e-06
1.42758662e-06
-1.80313539e-05
-3.66441638e-06
-4.33752682e-05
-9.18473053e-06
-7.63788851e-05
-1.31031653e-05
-0.000113105486
-1.50457558e-05
-0.000149556742
-1.511397e-05
-0.000182119525
-1.35711341e-05
-0.000207802653
-1.07381777e-05
-0.00022435299
-6.94861247e-06
-0.000230321052
-2.54145728e-06
-0.000225114868
2.12993926e-06
-0.00020905316
6.6869602e-06
-0.000183411815
1.07208477e-05
-0.000150438074
1.37993059e-05
-0.000113296174
1.54894977e-05
-7.58931899e-05
1.540411e-05
-4.2522332e-05
1.32815565e-05
-1.72673528e-05
9.1105861e-06
-3.10247086e-06
3.43891647e-06
-1.5776505e-06
1.4274874e-06
-2.2369947e-06
-1.14217252e-05
-2.45248456e-05
-3.95705443e-05
-5.46844668e-05
-6.82555694e-05
-7.89937299e-05
-8.59423379e-05
-8.84838038e-05
-8.63538867e-05
-7.96669604e-05
-6.89461535e-05
-5.51468889e-05
-3.96574263e-05
-2.42533428e-05
-1.09718095e-05
-1.86125422e-06
1.5776506e-06
)
;

boundaryField
{
    walls
    {
        type            calculated;
        value           uniform 0;
    }
    mov_wall
    {
        type            calculated;
        value           uniform 0;
    }
    empty
    {
        type            empty;
        value           nonuniform 0();
    }
}


// ************************************************************************* //
