/*--------------------------------*- C++ -*----------------------------------*\
| =========                 |                                                 |
| \\      /  F ield         | OpenFOAM: The Open Source CFD Toolbox           |
|  \\    /   O peration     | Version:  5.x                                   |
|   \\  /    A nd           | Web:      www.OpenFOAM.org                      |
|    \\/     M anipulation  |                                                 |
\*---------------------------------------------------------------------------*/
FoamFile
{
    version     2.0;
    format      ascii;
    class       volVectorField;
    location    "1.6";
    object      U;
}
// * * * * * * * * * * * * * * * * * * * * * * * * * * * * * * * * * * * * * //

dimensions      [0 1 -1 0 0 0 0];

internalField   nonuniform List<vector> 
400
(
(0.291698563 0.149644343 0)
(0.388187513 0.128007973 0)
(0.557616049 0.075731657 0)
(0.674784297 0.0433038878 0)
(0.743763042 0.0251583194 0)
(0.787068969 0.0148794443 0)
(0.815454454 0.00893015024 0)
(0.833928988 0.0053093478 0)
(0.84535344 0.00289923534 0)
(0.85133654 0.00108480117 2.66528048e-34)
(0.852628099 -0.000502646159 -2.66528048e-34)
(0.849342434 -0.00216029878 0)
(0.840962888 -0.0042165294 0)
(0.826105078 -0.00722032341 0)
(0.802013738 -0.0122358194 0)
(0.763534301 -0.0213885665 0)
(0.699486149 -0.0388380588 0)
(0.584556183 -0.0722728659 0)
(0.407900447 -0.128436147 0)
(0.30068821 -0.152947655 0)
(0.00120427303 0.28743336 0)
(0.013320532 0.293872008 0)
(0.140041879 0.209902984 0)
(0.264965167 0.14298275 0)
(0.36416615 0.0967975999 0)
(0.440102666 0.0654364639 0)
(0.496517949 0.0439719853 0)
(0.536663086 0.0286978116 0)
(0.563242925 0.0170777792 0)
(0.578103905 0.00742244015 0)
(0.58217674 -0.00150024826 0)
(0.575483314 -0.0107957437 0)
(0.557080405 -0.0217316639 0)
(0.524888383 -0.0361360612 0)
(0.475498743 -0.0569595852 0)
(0.404311554 -0.0889733118 0)
(0.305677887 -0.139147324 0)
(0.17449283 -0.215272526 0)
(0.0341049571 -0.310799626 0)
(0.0108689939 -0.305908874 0)
(-0.0321469599 0.241774328 0)
(-0.0634322773 0.333544851 0)
(-0.0219422359 0.299496488 0)
(0.0505875183 0.240042442 0)
(0.127377834 0.183009573 0)
(0.196791028 0.135442788 0)
(0.254131776 0.097441585 0)
(0.298046349 0.0668806267 0)
(0.328618883 0.0413703535 0)
(0.34625842 0.0187795106 -2.3579831e-33)
(0.351161716 -0.00280788796 2.3579831e-33)
(0.343079331 -0.025290213 0)
(0.321234454 -0.0508224854 0)
(0.284395751 -0.0820855252 0)
(0.231298783 -0.12246951 0)
(0.161894357 -0.175647735 0)
(0.0798201121 -0.243199032 0)
(-0.00334553045 -0.317974351 0)
(-0.0578561561 -0.366358641 0)
(-0.0313898 -0.270689202 0)
(-0.0261209609 0.182360604 0)
(-0.0666227078 0.316877931 0)
(-0.0735470857 0.330889609 0)
(-0.0481478852 0.295335855 0)
(-0.00569837434 0.244233506 0)
(0.0410768905 0.192411198 0)
(0.0845006774 0.14507633 0)
(0.120372448 0.102991772 0)
(0.146527986 0.0651448024 0)
(0.161865391 0.0298849404 2.35548013e-33)
(0.165752674 -0.00469157537 -2.35548013e-33)
(0.157741337 -0.0406611447 0)
(0.137534179 -0.0802895076 0)
(0.105240049 -0.125962902 0)
(0.0620534226 -0.179756201 0)
(0.0115818985 -0.242010809 0)
(-0.0380466381 -0.307746834 0)
(-0.0720591837 -0.359564969 0)
(-0.0711677411 -0.355576066 0)
(-0.028721718 -0.209175224 0)
(-0.0176304891 0.140764818 0)
(-0.0549210809 0.281815716 0)
(-0.0828746064 0.324464627 0)
(-0.0880967967 0.312370625 0)
(-0.0751501097 0.274412204 0)
(-0.0526679486 0.226748349 0)
(-0.0275612802 0.177275676 0)
(-0.00463704019 0.129123991 0)
(0.0129612396 0.0828986599 0)
(0.0232919004 0.0379281961 -2.94547566e-34)
(0.0252450888 -0.00709715142 2.94547566e-34)
(0.0183536239 -0.053786836 0)
(0.00283104283 -0.103781474 0)
(-0.0201353959 -0.158342917 0)
(-0.0478097644 -0.21750268 0)
(-0.075090505 -0.278318915 0)
(-0.0936460007 -0.331668127 0)
(-0.0922376614 -0.357376794 0)
(-0.0635114666 -0.318865001 0)
(-0.0207319451 -0.162071269 0)
(-0.0116552107 0.111586549 0)
(-0.0431572153 0.243747696 0)
(-0.0782964985 0.299831312 0)
(-0.10060094 0.304965017 0)
(-0.10834205 0.280381487 0)
(-0.105757546 0.240329602 0)
(-0.0975858261 0.193242413 0)
(-0.0878500604 0.143517681 0)
(-0.0795965689 0.0930085902 0)
(-0.0748907894 0.0420693774 0)
(-0.0749111464 -0.00975319075 0)
(-0.0799943301 -0.0632334141 0)
(-0.0895540718 -0.119006638 0)
(-0.101859235 -0.1769598 0)
(-0.113728251 -0.235260197 0)
(-0.120312417 -0.288810525 0)
(-0.115255242 -0.327048869 0)
(-0.0922810374 -0.331536813 0)
(-0.0521913177 -0.275099554 0)
(-0.0142853986 -0.127252595 0)
(-0.00803276959 0.0899596131 0)
(-0.0343101016 0.207852984 0)
(-0.0703805045 0.267705044 0)
(-0.100979602 0.283464091 0)
(-0.121538199 0.269704637 0)
(-0.133099498 0.237759563 0)
(-0.13818081 0.195341408 0)
(-0.139501096 0.147183344 0)
(-0.139420411 0.0958700492 0)
(-0.139655591 0.0425893086 0)
(-0.141169678 -0.0122544964 0)
(-0.14410708 -0.0685185082 0)
(-0.147704363 -0.1257914 0)
(-0.1501808 -0.182745423 0)
(-0.148699861 -0.236267793 0)
(-0.139589134 -0.280342472 0)
(-0.119031169 -0.304856212 0)
(-0.0848830421 -0.294920658 0)
(-0.0422076808 -0.232129696 0)
(-0.010007077 -0.100700537 0)
(-0.00589895991 0.0731460673 0)
(-0.0280554513 0.175430763 0)
(-0.0624718486 0.233411477 0)
(-0.0962096978 0.254597708 0)
(-0.123807864 0.248605347 0)
(-0.144366604 0.223922845 0)
(-0.15865788 0.18702378 0)
(-0.168109777 0.142396657 0)
(-0.174214028 0.0929203697 0)
(-0.178135662 0.0403466525 0)
(-0.180499391 -0.0142144991 0)
(-0.181270438 -0.0698190586 0)
(-0.179683419 -0.125186896 0)
(-0.174235728 -0.17812887 0)
(-0.162833225 -0.224886624 0)
(-0.143230106 -0.259457589 0)
(-0.113852946 -0.273150127 0)
(-0.0753226119 -0.254854238 0)
(-0.0343210408 -0.192897362 0)
(-0.00728531342 -0.0799811385 0)
(-0.00459365351 0.0595033231 0)
(-0.0235469028 0.146509329 0)
(-0.0553495835 0.199613306 0)
(-0.0893307492 0.222642831 0)
(-0.120067394 0.221756702 0)
(-0.145628809 0.20307127 0)
(-0.165593854 0.171743752 0)
(-0.180342902 0.131735305 0)
(-0.190558419 0.0859161057 0)
(-0.196841463 0.0363444688 2.97713805e-34)
(-0.199475825 -0.0153798726 -2.97713805e-34)
(-0.198300612 -0.0677279634 0)
(-0.192668196 -0.118824709 0)
(-0.181507703 -0.166005569 0)
(-0.163560332 -0.20538112 0)
(-0.137868836 -0.231517248 0)
(-0.104509723 -0.237449044 0)
(-0.0656669635 -0.215340437 0)
(-0.0281748993 -0.15821908 0)
(-0.00551084279 -0.0634553488 0)
(-0.00373337742 0.0480745788 0)
(-0.0201223986 0.120803767 0)
(-0.0490181096 0.16762462 0)
(-0.0816434028 0.19022556 0)
(-0.112995457 0.192421973 0)
(-0.140687904 0.178494019 4.67990641e-33)
(-0.163565744 0.15241068 0)
(-0.181255268 0.117513399 0)
(-0.193793393 0.0764798428 -4.74066985e-33)
(-0.201306006 0.0314647741 2.26638666e-36)
(-0.203797639 -0.0156616064 4.98608646e-36)
(-0.201042845 -0.0630250835 0)
(-0.192572141 -0.108436101 0)
(-0.177770269 -0.149084953 0)
(-0.156128179 -0.181298364 0)
(-0.127681719 -0.200461106 0)
(-0.0935654737 -0.201260508 0)
(-0.0566773024 -0.178416627 0)
(-0.0233146533 -0.128058484 0)
(-0.00429567366 -0.0500317913 0)
(-0.0031149598 0.0383166904 0)
(-0.0173626156 0.0980148943 0)
(-0.043316235 0.138077853 0)
(-0.0737154556 0.15891711 0)
(-0.104100358 0.162772575 0)
(-0.131964851 0.152555262 -4.67990641e-33)
(-0.155754381 0.131241254 0)
(-0.174604259 0.101562079 0)
(-0.188090544 0.0659045325 4.74066985e-33)
(-0.195987044 0.0263635918 1.49107865e-33)
(-0.198100944 -0.0151100881 -1.49833112e-33)
(-0.194193466 -0.056513326 0)
(-0.183986542 -0.0955802282 0)
(-0.167268064 -0.129598179 0)
(-0.144116541 -0.155306366 0)
(-0.115246165 -0.168959602 0)
(-0.0823768721 -0.166656361 0)
(-0.0485913862 -0.144993529 0)
(-0.019396474 -0.102072305 0)
(-0.00342069626 -0.0389935715 0)
(-0.00263355831 0.029913025 0)
(-0.0150205498 0.0778958642 0)
(-0.0380921479 0.111261391 0)
(-0.0658082628 0.129636542 0)
(-0.0942657795 0.134201246 0)
(-0.121025961 0.126865351 0)
(-0.144361557 0.109808707 0)
(-0.163123662 0.0852088835 0)
(-0.176591888 0.0551185063 0)
(-0.18430669 0.0214650796 2.99744362e-34)
(-0.185954185 -0.0138684159 -2.99744362e-34)
(-0.181316126 -0.0489216869 0)
(-0.17028869 -0.0815305149 0)
(-0.15297716 -0.109234969 0)
(-0.12987338 -0.129271002 0)
(-0.102100559 -0.138704427 0)
(-0.071629817 -0.134761698 0)
(-0.0414311357 -0.115363368 0)
(-0.016182206 -0.0798292435 0)
(-0.00276365203 -0.029850105 0)
(-0.0022341132 0.0226682737 0)
(-0.0129507398 0.0602530918 0)
(-0.0332296101 0.0872859274 0)
(-0.0580405787 0.10290079 0)
(-0.0840135378 0.107564919 0)
(-0.108877464 0.102466132 0)
(-0.130879362 0.0891614385 0)
(-0.148736188 0.0693462255 0)
(-0.161560536 0.0447291626 0)
(-0.168756708 0.017002092 3.00138695e-34)
(-0.16994929 -0.0121252294 -3.00138695e-34)
(-0.16495758 -0.0408587549 0)
(-0.153819257 -0.0672550353 0)
(-0.136865969 -0.0891921028 0)
(-0.114849654 -0.104414319 0)
(-0.0890985484 -0.110690201 0)
(-0.0616190834 -0.106109063 0)
(-0.0351192374 -0.0894960677 0)
(-0.0135007523 -0.0609008013 0)
(-0.00225275124 -0.0222486455 0)
(-0.00188466495 0.0164565995 0)
(-0.0110581828 0.0449386812 0)
(-0.028630298 0.0661723159 0)
(-0.0504421379 0.0789818106 0)
(-0.0736254139 0.0833633565 0)
(-0.0961278288 0.0799943645 0)
(-0.116261846 0.0699545052 0)
(-0.132713058 0.0545302053 0)
(-0.144521108 0.0350961602 0)
(-0.15102605 0.0130707386 0)
(-0.151832053 -0.0100776989 0)
(-0.146800072 -0.0328012126 0)
(-0.136071584 -0.0534473095 0)
(-0.120123037 -0.0702668658 0)
(-0.0998459791 -0.0814829831 0)
(-0.0766321455 -0.0854455525 0)
(-0.0523954736 -0.0808816962 0)
(-0.0295207029 -0.0672137987 0)
(-0.0112149967 -0.0449053443 0)
(-0.00184068007 -0.0159306796 0)
(-0.0015616571 0.0112005456 0)
(-0.00926516314 0.0318504551 0)
(-0.0241905671 0.047906623 0)
(-0.0429674207 0.0580121887 0)
(-0.0632010707 0.0618719409 0)
(-0.0830803372 0.0598176599 0)
(-0.101036992 0.0525722684 0)
(-0.115792851 0.041081942 0)
(-0.126379892 0.0264087239 0)
(-0.132124091 0.00968230698 0)
(-0.132635159 -0.0079081867 0)
(-0.127811617 -0.0251055486 0)
(-0.117862124 -0.0405816561 0)
(-0.103340864 -0.0529624227 0)
(-0.085190501 -0.0609005752 0)
(-0.0647746641 -0.0632121055 0)
(-0.0438470949 -0.0590799412 0)
(-0.0244574564 -0.0482988699 0)
(-0.0091992751 -0.0315355966 0)
(-0.00149023105 -0.0107139316 0)
(-0.00124187566 0.00686768203 0)
(-0.00749269266 0.0209398644 0)
(-0.0197879431 0.0324795261 0)
(-0.0355033561 0.040060104 0)
(-0.0526931443 0.04324227 0)
(-0.0697923437 0.04214546 0)
(-0.0853828849 0.0372355076 0)
(-0.0982681063 0.0291800401 0)
(-0.10751877 0.0187560181 0)
(-0.112482503 0.00680608129 0)
(-0.112790823 -0.00577370743 0)
(-0.108371647 -0.0180340351 0)
(-0.0994674863 -0.0289781631 0)
(-0.086656177 -0.0375896633 0)
(-0.0708672087 -0.0428960635 0)
(-0.0533783873 -0.044079192 0)
(-0.0357524733 -0.0406346821 0)
(-0.0197183648 -0.0325622558 0)
(-0.00732708058 -0.0205789415 0)
(-0.00116636583 -0.00648881913 0)
(-0.000899233695 0.00347462593 0)
(-0.00565708108 0.0122159204 0)
(-0.015287662 0.0199039501 0)
(-0.0278907525 0.0251708043 0)
(-0.0419431678 0.0275662766 0)
(-0.0561222923 0.027106955 0)
(-0.0691819601 0.0240816858 0)
(-0.0800443422 0.018932444 0)
(-0.0878587652 0.0121818387 0)
(-0.092025057 0.00440026004 0)
(-0.0922094396 -0.00380338793 0)
(-0.0883601604 -0.0117828181 0)
(-0.0807228796 -0.0188602583 0)
(-0.0698521791 -0.024348146 0)
(-0.0566121542 -0.0275959646 0)
(-0.0421528073 -0.0280700611 0)
(-0.0278312166 -0.0254703003 0)
(-0.0150803626 -0.0198746549 0)
(-0.00547146282 -0.0119245764 0)
(-0.000833071232 -0.00322030602 0)
(-0.000507141367 0.00108850776 0)
(-0.00368627708 0.0057361362 0)
(-0.0105797576 0.0102150873 0)
(-0.0199738512 0.013392519 0)
(-0.0307335916 0.0149292037 0)
(-0.0417781194 0.0148218946 0)
(-0.0520636806 0.0132405981 0)
(-0.0606778304 0.0104443104 0)
(-0.0668957085 0.00673438574 0)
(-0.0702050786 0.00243621303 0)
(-0.0703229604 -0.00210396746 0)
(-0.0672104727 -0.00651779178 0)
(-0.0610859356 -0.0104170131 0)
(-0.0524325247 -0.0134054337 0)
(-0.0419935511 -0.0151059423 0)
(-0.0307437206 -0.0152080238 0)
(-0.0198124495 -0.0135406754 0)
(-0.0103554808 -0.0101699947 0)
(-0.00352470153 -0.00555199079 0)
(-0.000456221169 -0.000945619549 0)
(-6.44769439e-05 -0.000176031956 0)
(-0.00159792598 0.0016355417 0)
(-0.00569119982 0.00359607569 0)
(-0.0117115814 0.00500707625 0)
(-0.0188744635 0.00571268507 0)
(-0.0263722997 0.00572963794 0)
(-0.0334307359 0.00514398121 0)
(-0.0393799655 0.00407037411 0)
(-0.0436910359 0.00263313582 0)
(-0.0459909902 0.000961416052 0)
(-0.046073272 -0.000809197495 0)
(-0.0439083481 -0.00253382053 0)
(-0.0396543692 -0.00405735419 0)
(-0.0336645748 -0.00521784909 0)
(-0.0264856296 -0.00585613506 0)
(-0.018837871 -0.00583435376 0)
(-0.0115606347 -0.00506717275 0)
(-0.00551250281 -0.0035688716 0)
(-0.00148131676 -0.00155185442 0)
(-3.11264463e-05 0.000233678508 0)
(0.000261169161 -0.000255360733 0)
(0.000151210619 0.000102042476 0)
(-0.00117429359 0.000547058882 0)
(-0.00347833815 0.000862920557 0)
(-0.00637119658 0.00102135695 0)
(-0.0094602324 0.00103723713 0)
(-0.0123912581 0.000935551063 0)
(-0.0148712138 0.00074254089 0)
(-0.0166742869 0.000482859673 0)
(-0.0176423209 0.000180000044 1.08300381e-33)
(-0.017686242 -0.000142154332 -1.08300381e-33)
(-0.0167900393 -0.000457837272 0)
(-0.0150166364 -0.000738449874 0)
(-0.0125138327 -0.000952549825 0)
(-0.00951766586 -0.00106699497 0)
(-0.0063493315 -0.00104984404 0)
(-0.00339838071 -0.000876265416 0)
(-0.00108324606 -0.000539346479 0)
(0.000205811753 -8.25432582e-05 0)
(0.000274349599 0.000266531573 0)
)
;

boundaryField
{
    walls
    {
        type            fixedValue;
        value           uniform (0 0 0);
    }
    mov_wall
    {
        type            fixedValue;
        value           uniform (1 0 0);
    }
    empty
    {
        type            empty;
    }
}


// ************************************************************************* //
