/*--------------------------------*- C++ -*----------------------------------*\
| =========                 |                                                 |
| \\      /  F ield         | OpenFOAM: The Open Source CFD Toolbox           |
|  \\    /   O peration     | Version:  5.x                                   |
|   \\  /    A nd           | Web:      www.OpenFOAM.org                      |
|    \\/     M anipulation  |                                                 |
\*---------------------------------------------------------------------------*/
FoamFile
{
    version     2.0;
    format      ascii;
    class       volScalarField;
    location    "6.2";
    object      p;
}
// * * * * * * * * * * * * * * * * * * * * * * * * * * * * * * * * * * * * * //

dimensions      [0 2 -2 0 0 0 0];

internalField   nonuniform List<scalar> 
400
(
1.37519816e-06
2.45246076
3.49432445
3.89888064
4.10664859
4.22470804
4.29429265
4.34027951
4.37634005
4.41011221
4.44676113
4.49091596
4.54765558
4.6244907
4.73479896
4.90459745
5.18238105
5.68420238
6.84131694
9.41172598
1.88670646
2.86729059
3.41988479
3.74774511
3.96518213
4.1097486
4.20767558
4.27899349
4.33674606
4.38961445
4.44424668
4.50657316
4.58333468
4.68329895
4.81972751
5.01368035
5.29402359
5.69847028
6.33841676
7.42837244
2.98207901
3.2625314
3.54233227
3.77068075
3.94570693
4.07571708
4.17322695
4.25000453
4.3152768
4.37623715
4.43892638
4.5090229
4.59257634
4.69678389
4.8308513
5.00663942
5.23632299
5.52394053
5.86049196
6.19823869
3.52778542
3.58534403
3.72178661
3.86537791
3.98906526
4.09083361
4.17461155
4.24571526
4.30952808
4.37102431
4.43477582
4.50520567
4.58678974
4.68425577
4.80245233
4.94569389
5.11575068
5.30514924
5.4783382
5.5596401
3.84421831
3.82688173
3.88518108
3.96938412
4.05222088
4.12779216
4.19566987
4.25747907
4.31592408
4.37409337
4.4350662
4.50185881
4.57733242
4.66400727
4.76350515
4.87551216
4.99636027
5.11480312
5.19584719
5.18371701
4.04550222
4.00366
4.02142732
4.06785102
4.12138345
4.175742
4.22885597
4.28053897
4.33186136
4.38449279
4.44027202
4.50096919
4.56805003
4.64232761
4.72332749
4.80836745
4.89180788
4.96267915
4.99308186
4.94680916
4.18058676
4.13383197
4.13183999
4.15536975
4.18883458
4.22706764
4.26772799
4.30987292
4.35363856
4.39973245
4.44903935
4.50233788
4.56002005
4.621723
4.68578657
4.74862706
4.80456081
4.8446668
4.84862577
4.7936812
4.27565953
4.23084345
4.21966111
4.22967545
4.24984685
4.27635564
4.3071232
4.34098369
4.37757961
4.41700017
4.45945247
4.50499721
4.55328624
4.60325032
4.65270617
4.69801235
4.73425964
4.75484777
4.74556153
4.69204328
4.34467508
4.30373188
4.28862985
4.29082852
4.3023773
4.32057262
4.34373084
4.37070258
4.40089394
4.43401656
4.46982934
4.50791866
4.54748436
4.58710996
4.62451442
4.65641433
4.6788946
4.68733409
4.67188019
4.62321752
4.39526015
4.35850522
4.34215791
4.33995894
4.34599002
4.35836219
4.3757618
4.39714566
4.42182597
4.44929948
4.47905171
4.51038781
4.54227499
4.57319323
4.6010011
4.62292705
4.63599664
4.63709321
4.61932555
4.57637847
4.43196441
4.39925837
4.38305501
4.37851109
4.38106646
4.38939684
4.40248815
4.41942505
4.43950253
4.46210934
4.48658302
4.51208766
4.53750871
4.56136946
4.58177672
4.5964819
4.60329526
4.60017436
4.58220653
4.54489457
4.45777725
4.42889647
4.41358096
4.40794535
4.40838004
4.41394787
4.42386489
4.43733918
4.45368866
4.47226151
4.49233141
4.51301449
4.53320734
4.55155213
4.56643361
4.57607097
4.57888624
4.57357532
4.55655593
4.52447866
4.47482814
4.44957413
4.43556205
4.42962112
4.42885346
4.43259415
4.44023613
4.45109922
4.46454358
4.47991623
4.49647775
4.5133509
4.52949184
4.54368933
4.55459257
4.56081136
4.56122776
4.55503654
4.53957392
4.5122601
4.48473106
4.46296
4.45049383
4.44475216
4.44341723
4.4460293
4.45212304
4.46111814
4.47242361
4.48540395
4.49933131
4.51335945
4.52652037
4.53774699
4.54591885
4.54995987
4.54909421
4.54285758
4.529256
4.50627257
4.48877464
4.47040329
4.45962143
4.45439427
4.45292806
4.45493744
4.46007923
4.4678625
4.47774253
4.48910362
4.50123324
4.51331721
4.52445651
4.53370678
4.54013541
4.54291371
4.54152379
4.53574922
4.52413515
4.50513635
4.48806203
4.4730576
4.46401
4.45945599
4.458132
4.45992487
4.46460593
4.4717634
4.48088776
4.49137133
4.50250329
4.51348398
4.52345876
4.53157156
4.53703121
4.53920029
4.53776314
4.53270852
4.52308424
4.50782186
4.48366923
4.47201111
4.46464149
4.46076343
4.45970274
4.46153798
4.4661543
4.47320671
4.4822014
4.49251486
4.50341049
4.51407094
4.52364811
4.53132967
4.53641636
4.53841323
4.53717114
4.53287905
4.52512719
4.51341689
4.47685641
4.46838864
4.46243015
4.45901652
4.45816304
4.46017102
4.465036
4.47245829
4.48192865
4.49277106
4.50418208
4.51528119
4.52517543
4.53303976
4.53820875
4.54027896
4.53923977
4.53549927
4.5292885
4.52085697
4.46928694
4.46319538
4.45767527
4.45396894
4.45292291
4.45509019
4.46054397
4.46896937
4.47977196
4.49214981
4.50515492
4.51775927
4.52893207
4.53773523
4.54343534
4.54563174
4.54440516
4.54041694
4.53469989
4.52866686
4.4634498
4.45752406
4.45037155
4.444928
4.44290436
4.44509638
4.45156843
4.46187383
4.47521576
4.49055201
4.50667316
4.52227684
4.5360543
4.54680036
4.55355301
4.5557663
4.55352112
4.54775025
4.54035237
4.534463
)
;

boundaryField
{
    walls
    {
        type            zeroGradient;
    }
    mov_wall
    {
        type            zeroGradient;
    }
    empty
    {
        type            empty;
    }
}


// ************************************************************************* //
