/*--------------------------------*- C++ -*----------------------------------*\
| =========                 |                                                 |
| \\      /  F ield         | OpenFOAM: The Open Source CFD Toolbox           |
|  \\    /   O peration     | Version:  5.x                                   |
|   \\  /    A nd           | Web:      www.OpenFOAM.org                      |
|    \\/     M anipulation  |                                                 |
\*---------------------------------------------------------------------------*/
FoamFile
{
    version     2.0;
    format      ascii;
    class       surfaceScalarField;
    location    "6.2";
    object      phi;
}
// * * * * * * * * * * * * * * * * * * * * * * * * * * * * * * * * * * * * * //

dimensions      [0 3 -1 0 0 0 0];

internalField   nonuniform List<scalar> 
760
(
0.00134817661
-0.00134817726
0.00245763977
-0.00110946316
0.00313513468
-0.000677494908
0.00355971572
-0.000424581039
0.00383225132
-0.000272535595
0.00400945216
-0.000177200849
0.00412521451
-0.000115762349
0.00419921708
-7.40025674e-05
0.00424243236
-4.32152739e-05
0.00426055359
-1.81212282e-05
0.00425562236
4.93123093e-06
0.00422675778
2.88645725e-05
0.0041693894
5.73683835e-05
0.00407358504
9.58043576e-05
0.00391995094
0.000153634109
0.0036720193
0.000247931641
0.00326316023
0.000408859066
0.00257264076
0.000690519465
0.00140850173
0.00116413904
0.00140850173
-5.46952796e-05
-0.00129348198
0.000412592639
-0.00157675108
0.0010300298
-0.00129493208
0.00157871387
-0.000973265104
0.0020148327
-0.000708654417
0.00234477726
-0.000507145406
0.00258511631
-0.0003561014
0.00275126941
-0.000240155665
0.00285456779
-0.000146513657
0.00290179532
-6.53487511e-05
0.0028953666
1.13599559e-05
0.00283293036
9.13008129e-05
0.00270712574
0.000183173009
0.00250436374
0.000298566353
0.00220410988
0.00045388797
0.00178090173
0.000671139804
0.001217568
0.0009721928
0.000552812559
0.0013552749
1.30664778e-05
0.00170388512
0.00142156821
-0.000271734661
-0.00102174732
-0.000221026604
-0.00162745913
7.13677908e-05
-0.00158732647
0.000446285639
-0.00134818295
0.000812489675
-0.00107485845
0.00112929926
-0.000823954987
0.00138207831
-0.000608880443
0.00156800787
-0.000426085229
0.00168837695
-0.00026688274
0.00174468453
-0.000121656325
0.00173678975
1.92547362e-05
0.00166213441
0.000165956157
0.00151571288
0.000329594544
0.00129125423
0.000523024997
0.000985011685
0.000760130518
0.00060500965
0.00105114184
0.000189850709
0.00138735175
-0.000160045078
0.00170517069
-0.00026164063
0.00180548067
0.00115992758
-0.00022794159
-0.000793805726
-0.00036119733
-0.00149420339
-0.000308328235
-0.00164019557
-0.000134821225
-0.00152168997
8.92093677e-05
-0.00129888904
0.000314971856
-0.00104971747
0.000513262992
-0.000807171571
0.000668300008
-0.000581122244
0.000771990313
-0.000370573049
0.000820036104
-0.000169702117
0.000809727644
2.9563201e-05
0.00073920102
0.000236482788
0.000607935664
0.000460859903
0.000419110866
0.000711849792
0.000184524319
0.000994717063
-6.71911819e-05
0.00130285735
-0.000280617546
0.00160077812
-0.000369418479
0.00179397162
-0.000246993631
0.00168305582
0.000912933949
-0.000168965226
-0.000624840502
-0.000352016197
-0.00131115241
-0.000431557699
-0.00156065406
-0.000408908999
-0.00154433867
-0.000319435199
-0.00138836284
-0.0002000952
-0.00116905747
-7.98100956e-05
-0.000927456668
2.15782402e-05
-0.000682510574
9.14286837e-05
-0.000440423494
0.000122135371
-0.000200408809
0.000109757183
4.19413888e-05
5.36457074e-05
0.000292594271
-4.27490119e-05
0.000557254629
-0.00016969404
0.00083879482
-0.00030765244
0.00113267546
-0.000423468636
0.00141867354
-0.000470024876
0.00164733436
-0.000397824824
0.00172177158
-0.000196431026
0.00148166203
0.000716502919
-0.000124192145
-0.000500648362
-0.000308335649
-0.0011270089
-0.000450494115
-0.00141849559
-0.000523204034
-0.00147162875
-0.000535391077
-0.00137617581
-0.000508160839
-0.00119628771
-0.000463156904
-0.000972460598
-0.000418060949
-0.000727606519
-0.000385619021
-0.000472865417
-0.000373912081
-0.000212115754
-0.000386727942
5.47572453e-05
-0.000423459511
0.000329325842
-0.000478356377
0.000612151506
-0.000539178274
0.000899616722
-0.000585818883
0.00117931607
-0.000590512341
0.001423367
-0.000523085136
0.00157990716
-0.000366699085
0.00156538553
-0.000150585983
0.00126554894
0.000565916934
-9.45729383e-05
-0.000406075428
-0.000264649752
-0.00095693208
-0.000430738397
-0.00125240694
-0.000556976954
-0.00134539018
-0.00063679323
-0.00129635953
-0.000678141779
-0.00115493917
-0.00069394394
-0.000956658439
-0.000696929251
-0.0007246212
-0.000697274063
-0.000472520595
-0.000701661763
-0.000207728052
-0.000712860723
6.5956197e-05
-0.000729336374
0.000345801489
-0.000744753814
0.000627568952
-0.000747580302
0.000902443222
-0.0007214699
0.00115320567
-0.000647843393
0.00134974048
-0.000512876925
0.00144494068
-0.000321206281
0.00137371489
-0.000116485702
0.00106082836
0.000449431236
-7.53437349e-05
-0.000330731693
-0.00022820682
-0.000804068999
-0.000398353669
-0.00108226009
-0.000550539532
-0.00119320431
-0.00067062646
-0.0011762726
-0.000757578352
-0.00106798728
-0.000816784824
-0.000897451974
-0.000855587457
-0.000685818567
-0.000880624305
-0.000447483735
-0.000896360327
-0.00019199202
-0.000904270091
7.38659589e-05
-0.00090236032
0.000343891709
-0.000884972216
0.000610180845
-0.000843104165
0.00086057518
-0.00076582019
0.00107592171
-0.000643664737
0.00122758503
-0.000475103942
0.00127637988
-0.000276309849
0.00117492079
-9.21328641e-05
0.00087665138
0.000357298379
-6.22883019e-05
-0.000268443385
-0.000198541323
-0.000667815986
-0.000362893659
-0.000917907751
-0.000523850731
-0.00103224723
-0.000664415231
-0.00103570809
-0.000778128923
-0.000954273581
-0.000864812181
-0.000810768724
-0.000927165486
-0.00062346527
-0.000968399694
-0.000406249523
-0.000990721217
-0.000169670483
-0.000994436368
7.75811194e-05
-0.000977525742
0.000326981078
-0.000935695011
0.000568350103
-0.000863101246
0.000787981414
-0.000754123161
0.000966943631
-0.000606626307
0.00108008819
-0.000426950408
0.00109670399
-0.000236038291
0.00098400867
-7.43490247e-05
0.000714962108
0.000282949359
-5.27689642e-05
-0.00021567441
-0.000173812789
-0.000546772165
-0.000327557409
-0.000764163138
-0.000486865988
-0.000872938653
-0.000634380192
-0.000888193873
-0.000760757856
-0.000827895905
-0.000862116662
-0.000709409917
-0.000937654767
-0.000547927176
-0.000987783239
-0.000356121059
-0.00101282397
-0.000144629745
-0.00101222276
7.69799288e-05
-0.000984240698
0.00029899902
-0.000926163069
0.000510272467
-0.000835158823
0.000696977157
-0.000709976096
0.000841760904
-0.00055359733
0.000923709436
-0.000376676979
0.000919783646
-0.000200960048
0.000808291741
-6.08626275e-05
0.000574864684
0.000222086729
-4.52979262e-05
-0.000170376475
-0.000152453972
-0.000439616116
-0.000293299616
-0.000623317499
-0.000444763111
-0.000721475164
-0.000590345851
-0.000742611132
-0.000719473359
-0.000698768385
-0.000826046344
-0.00060283692
-0.000906878212
-0.000467095311
-0.000960347586
-0.000302651697
-0.000985403162
-0.000119574174
-0.000980963164
7.25399409e-05
-0.000945732111
0.000263767983
-0.00087848003
0.000443020392
-0.000778855064
0.000597352182
-0.00064878406
0.00071168989
-0.000494403554
0.000769328931
-0.000328204155
0.000753584256
-0.000170678366
0.000650765961
-5.02806548e-05
0.000454466975
0.00017180607
-3.90621853e-05
-0.00013131429
-0.000133403796
-0.000345274493
-0.000260349967
-0.000496371326
-0.000400388972
-0.000581436165
-0.000538431203
-0.00060456891
-0.000663692789
-0.000573506794
-0.000768938047
-0.000497591646
-0.000849523076
-0.000386510271
-0.000902500937
-0.000249673842
-0.000925934106
-9.61410183e-05
-0.000918488886
6.5094717e-05
-0.000879356198
0.000224635307
-0.000808535332
0.000372199541
-0.00070750527
0.000496322124
-0.000580261696
0.000584446309
-0.000434588344
0.000623655571
-0.000283248296
0.000602244209
-0.000144573364
0.000512091037
-4.17551826e-05
0.000351648802
0.000130050885
-3.36094164e-05
-9.77048829e-05
-0.000115973502
-0.000262910394
-0.000228685881
-0.000383658936
-0.00035533114
-0.000454790906
-0.000482448494
-0.000477451566
-0.000599656654
-0.000456298641
-0.000699324735
-0.000397923558
-0.000776050476
-0.000309784514
-0.000826127623
-0.000199596686
-0.000847124138
-7.51445111e-05
-0.000837646097
5.56166624e-05
-0.000797332211
0.00018432142
-0.000727102529
0.000301969871
-0.000629656428
0.000398876037
-0.000510163472
0.000464953356
-0.000377005145
0.000490497237
-0.00024231487
0.000467553928
-0.000121978236
0.000391754405
-3.47332155e-05
0.000264403788
9.5317672e-05
-2.86574985e-05
-6.9047395e-05
-9.96602291e-05
-0.000191907657
-0.000198117003
-0.000285202151
-0.000310357555
-0.000342550345
-0.000424616062
-0.000363193061
-0.000531265894
-0.00034964882
-0.000622765458
-0.000306424
-0.000693446631
-0.000239103331
-0.000739258806
-0.000153784494
-0.000757558029
-5.68452808e-05
-0.000747003452
4.50620768e-05
-0.000707597945
0.0001449159
-0.000640884403
0.000235256329
-0.000550277063
0.000308268708
-0.000441462344
0.000356138649
-0.000322745856
0.000371780753
-0.000205166587
0.000349974655
-0.000102185445
0.000288773259
-2.88024201e-05
0.000191020764
6.65152572e-05
-2.39812103e-05
-4.5066188e-05
-8.39974395e-05
-0.000131891433
-0.000168257097
-0.00020094249
-0.000265595485
-0.000245211945
-0.000365935586
-0.000262852951
-0.000460594494
-0.000254989915
-0.000542423537
-0.000224594969
-0.000605821321
-0.000175705551
-0.000646681727
-0.000112924078
-0.000662339375
-4.11876173e-05
-0.000651561326
3.42840334e-05
-0.000614612945
0.000107967512
-0.000553400642
0.000174044016
-0.000471663898
0.000226531964
-0.000375154002
0.000259628762
-0.00027170195
0.00026832871
-0.000171058857
0.000249331565
-8.44170713e-05
0.00020213147
-2.35998694e-05
0.000130203559
4.2915391e-05
-1.93492199e-05
-2.57169608e-05
-6.84700365e-05
-8.27706255e-05
-0.000138506756
-0.000130905775
-0.000220638075
-0.000163080621
-0.000306428405
-0.000177062607
-0.000388228749
-0.000173189564
-0.000459474173
-0.000153349549
-0.000514859811
-0.000120319923
-0.000550429794
-7.7354099e-05
-0.00056362756
-2.7989841e-05
-0.000553348419
2.40049061e-05
-0.000520016428
7.46355255e-05
-0.000465682617
0.000119710199
-0.000394114918
0.000154964258
-0.000310822988
0.000176336831
-0.000222941262
0.000180446992
-0.000138894619
0.000165284929
-6.78135174e-05
0.000131050371
-1.8762115e-05
8.11521554e-05
2.41532758e-05
-1.45055231e-05
-1.12114252e-05
-5.25211085e-05
-4.47550445e-05
-0.000108122815
-7.53040738e-05
-0.000174687796
-9.65156429e-05
-0.000245343238
-0.00010640716
-0.00031352081
-0.000105011979
-0.000373387895
-9.34824577e-05
-0.000420129425
-7.35783977e-05
-0.000450116078
-4.73674559e-05
-0.000461009085
-1.70968356e-05
-0.00045184163
1.48374604e-05
-0.0004230969
4.58908067e-05
-0.000376775967
7.33892704e-05
-0.000316426455
9.46147415e-05
-0.000247079554
0.000106989926
-0.000175030355
0.000108397793
-0.00010740306
9.76576391e-05
-5.14858447e-05
7.51331608e-05
-1.39146212e-05
4.35809344e-05
1.02386533e-05
-9.20279602e-06
-2.00861999e-06
-3.56847379e-05
-1.82731001e-05
-7.64355282e-05
-3.45532844e-05
-0.000126811026
-4.61401506e-05
-0.000181408071
-5.18101178e-05
-0.000234817145
-5.16028983e-05
-0.000282132221
-4.61673697e-05
-0.000319263535
-3.6447078e-05
-0.000343116512
-2.35144829e-05
-0.000351700048
-8.51330702e-06
-0.000344207019
7.34442995e-06
-0.000321084428
2.27682227e-05
-0.000284086155
3.63910069e-05
-0.000236279533
4.6808123e-05
-0.000181958577
5.26689674e-05
-0.00012640375
5.28429634e-05
-7.54285424e-05
4.66824322e-05
-3.46816272e-05
3.43862494e-05
-8.713907e-06
1.76132185e-05
1.52474621e-06
-3.43752367e-06
1.42890501e-06
-1.80438749e-05
-3.66674464e-06
-4.34060357e-05
-9.19112026e-06
-7.6433668e-05
-1.31125208e-05
-0.00011318716
-1.50566319e-05
-0.000149665117
-1.51249424e-05
-0.000182251545
-1.35809355e-05
-0.000207952842
-1.07457701e-05
-0.00022451409
-6.95323025e-06
-0.00023048476
-2.54264116e-06
-0.000225272648
2.13231238e-06
-0.000209197084
6.69265792e-06
-0.000183535356
1.0729286e-05
-0.000150536808
1.38095822e-05
-0.000113368292
1.55004549e-05
-7.59397606e-05
1.54144303e-05
-4.25472237e-05
1.32898936e-05
-1.72767379e-05
9.11576453e-06
-3.10385702e-06
3.44034093e-06
-1.57910932e-06
1.42890074e-06
-2.23784215e-06
-1.14289552e-05
-2.45414686e-05
-3.95980995e-05
-5.47230477e-05
-6.8303989e-05
-7.90497581e-05
-8.60029811e-05
-8.85456155e-05
-8.64133025e-05
-7.97206488e-05
-6.89913665e-05
-5.51817836e-05
-3.96813248e-05
-2.42668908e-05
-1.09769959e-05
-1.86123158e-06
1.5791093e-06
)
;

boundaryField
{
    walls
    {
        type            calculated;
        value           uniform 0;
    }
    mov_wall
    {
        type            calculated;
        value           uniform 0;
    }
    empty
    {
        type            empty;
        value           nonuniform 0();
    }
}


// ************************************************************************* //
