/*--------------------------------*- C++ -*----------------------------------*\
| =========                 |                                                 |
| \\      /  F ield         | OpenFOAM: The Open Source CFD Toolbox           |
|  \\    /   O peration     | Version:  5.x                                   |
|   \\  /    A nd           | Web:      www.OpenFOAM.org                      |
|    \\/     M anipulation  |                                                 |
\*---------------------------------------------------------------------------*/
FoamFile
{
    version     2.0;
    format      ascii;
    class       volVectorField;
    location    "6.2";
    object      U;
}
// * * * * * * * * * * * * * * * * * * * * * * * * * * * * * * * * * * * * * //

dimensions      [0 1 -1 0 0 0 0];

internalField   nonuniform List<vector> 
400
(
(0.291698398 0.149643845 0)
(0.38818713 0.128007708 0)
(0.557616052 0.075731832 0)
(0.674785694 0.043304441 0)
(0.743766591 0.0251591064 0)
(0.787075019 0.0148802981 0)
(0.815462956 0.0089309218 0)
(0.833939558 0.0053099279 0)
(0.845365461 0.00289956128 0)
(0.851349264 0.00108485302 2.66526837e-34)
(0.852640748 -0.000502852643 -2.66526837e-34)
(0.849354291 -0.00216072025 0)
(0.84097337 -0.00421710596 0)
(0.826113773 -0.00722098622 0)
(0.802020426 -0.0122365011 0)
(0.763538946 -0.02138921 0)
(0.699488891 -0.0388386151 0)
(0.584557335 -0.0722732748 0)
(0.407900534 -0.128436308 0)
(0.300688067 -0.152947536 0)
(0.00120416701 0.287432439 0)
(0.0133209333 0.293872145 0)
(0.140044423 0.209904865 0)
(0.264971574 0.142986169 0)
(0.36417773 0.0968019888 0)
(0.440120057 0.0654411246 0)
(0.496541033 0.0439762531 0)
(0.536691062 0.0287011567 0)
(0.563274462 0.017079854 0)
(0.57813734 0.00742308672 0)
(0.582210285 -0.00150101182 0)
(0.575515251 -0.0107977545 0)
(0.557109247 -0.0217346527 0)
(0.524912993 -0.0361396924 0)
(0.475518407 -0.0569634974 0)
(0.404326003 -0.0889771519 0)
(0.305687293 -0.139150756 0)
(0.174497789 -0.215275202 0)
(0.0341065833 -0.310801156 0)
(0.0108691558 -0.305909063 0)
(-0.0321467694 0.241773937 0)
(-0.0634303794 0.333547175 0)
(-0.0219362181 0.299502502 0)
(0.0505996131 0.240051673 0)
(0.127397372 0.183020813 0)
(0.196818602 0.135454528 0)
(0.254167096 0.0974523454 0)
(0.298088295 0.0668891723 0)
(0.32866567 0.0413758243 0)
(0.346307821 0.0187814606 -2.35797047e-33)
(0.351211311 -0.00280949144 2.35797047e-33)
(0.343126747 -0.025295046 0)
(0.321277577 -0.0508299471 0)
(0.284432898 -0.0820948311 0)
(0.231328816 -0.122479775 0)
(0.161916761 -0.17565804 0)
(0.0798350194 -0.243208457 0)
(-0.00333734288 -0.317981961 0)
(-0.0578531346 -0.366363502 0)
(-0.0313893208 -0.270690675 0)
(-0.0261204179 0.182361581 0)
(-0.0666192849 0.316884145 0)
(-0.0735377923 0.33090175 0)
(-0.0481307304 0.295352918 0)
(-0.00567218504 0.244253512 0)
(0.0411124677 0.192431746 0)
(0.0845451011 0.145095044 0)
(0.120424325 0.103006632 0)
(0.146585239 0.0651543644 0)
(0.161925474 0.0298884069 2.35546585e-33)
(0.165812814 -0.00469432217 -2.35546585e-33)
(0.157798799 -0.0406696182 0)
(0.137586496 -0.0803027376 0)
(0.105285209 -0.12597958 0)
(0.0620900242 -0.179774808 0)
(0.0116092671 -0.242029717 0)
(-0.0380283795 -0.307764354 0)
(-0.0720490948 -0.359579369 0)
(-0.0711639183 -0.355585637 0)
(-0.0287210567 -0.209178581 0)
(-0.0176296843 0.140767918 0)
(-0.0549165491 0.28182721 0)
(-0.0828630014 0.324484369 0)
(-0.0880762328 0.312396808 0)
(-0.0751196986 0.274441988 0)
(-0.0526276342 0.226778434 0)
(-0.0275118558 0.177302823 0)
(-0.00458009853 0.129145429 0)
(0.0130234829 0.0829123636 0)
(0.0233567899 0.0379330327 -2.94545559e-34)
(0.0253097414 -0.00710139475 2.94545559e-34)
(0.0184152033 -0.0537995218 0)
(0.00288698178 -0.10380126 0)
(-0.0200872041 -0.158367937 0)
(-0.0477707964 -0.217530722 0)
(-0.0750614603 -0.278347554 0)
(-0.0936267094 -0.331694802 0)
(-0.092227056 -0.357398868 0)
(-0.0635074672 -0.31887989 0)
(-0.0207312596 -0.162076724 0)
(-0.0116542802 0.111592253 0)
(-0.0431522017 0.243765272 0)
(-0.078284 0.29985941 0)
(-0.100579267 0.305000837 0)
(-0.108310597 0.280421272 0)
(-0.105716513 0.240369188 0)
(-0.0975361789 0.193277773 0)
(-0.087793453 0.143545374 0)
(-0.0795351964 0.093026078 0)
(-0.0748272232 0.0420752339 0)
(-0.0748481385 -0.0097592572 0)
(-0.0799345828 -0.0632506187 0)
(-0.089500025 -0.119033273 0)
(-0.101812878 -0.176993442 0)
(-0.113690952 -0.235297919 0)
(-0.120284783 -0.288849072 0)
(-0.115237025 -0.327084783 0)
(-0.0922711141 -0.331566551 0)
(-0.0521876271 -0.27511969 0)
(-0.0142847853 -0.127260097 0)
(-0.00803185635 0.0899680206 0)
(-0.0343052835 0.207876701 0)
(-0.0703686613 0.267741362 0)
(-0.10095932 0.283509152 0)
(-0.121509114 0.269753787 0)
(-0.133061969 0.237807852 0)
(-0.138135842 0.195384128 0)
(-0.139450247 0.147216495 0)
(-0.139365669 0.0958906857 0)
(-0.139599236 0.0425957613 0)
(-0.141114118 -0.0122625659 0)
(-0.144054669 -0.0685401656 0)
(-0.147657211 -0.125824594 0)
(-0.150140603 -0.182787205 0)
(-0.148667742 -0.236314554 0)
(-0.139565529 -0.280390167 0)
(-0.119015755 -0.304900546 0)
(-0.0848747412 -0.294957286 0)
(-0.0422046456 -0.232154476 0)
(-0.0100065905 -0.100709815 0)
(-0.00589819019 0.0731569061 0)
(-0.02805144 0.175459931 0)
(-0.0624620778 0.233454973 0)
(-0.0961931123 0.254650697 0)
(-0.123784292 0.24866238 0)
(-0.144336451 0.223978326 0)
(-0.158622043 0.187072461 0)
(-0.168069551 0.142434109 0)
(-0.174171013 0.0929433419 0)
(-0.178091654 0.0403533042 0)
(-0.180456264 -0.0142245218 0)
(-0.181230011 -0.0698446763 0)
(-0.179647306 -0.125225754 0)
(-0.174205199 -0.178177561 0)
(-0.162809071 -0.224940952 0)
(-0.143212558 -0.259512834 0)
(-0.113841639 -0.273201302 0)
(-0.0753166188 -0.254896363 0)
(-0.0343188979 -0.192925778 0)
(-0.00728498513 -0.0799917713 0)
(-0.00459312268 0.0595160167 0)
(-0.0235441694 0.14654262 0)
(-0.0553429919 0.199662159 0)
(-0.0893196738 0.222701638 0)
(-0.120051819 0.22181942 0)
(-0.145609094 0.203131834 0)
(-0.165570654 0.171796553 0)
(-0.180317103 0.131775631 0)
(-0.190531077 0.0859405114 0)
(-0.196813736 0.0363510105 2.97711518e-34)
(-0.199448902 -0.0153915421 -2.97711518e-34)
(-0.198275634 -0.067756641 0)
(-0.192646157 -0.118867797 0)
(-0.181489354 -0.166059308 0)
(-0.163546089 -0.20544087 0)
(-0.13785873 -0.231577791 0)
(-0.104503396 -0.237504906 0)
(-0.065663727 -0.215386225 0)
(-0.0281737985 -0.158249843 0)
(-0.00551069041 -0.0634668213 0)
(-0.00373314325 0.0480883417 0)
(-0.020121234 0.120839399 0)
(-0.0490153889 0.167676444 0)
(-0.0816389799 0.190287502 0)
(-0.11298945 0.192487653 0)
(-0.140680561 0.178557135 4.67988085e-33)
(-0.163557393 0.152465452 0)
(-0.181246283 0.117554998 0)
(-0.193784177 0.0765047434 -4.7406383e-33)
(-0.201296973 0.0314709958 2.26596048e-36)
(-0.203789197 -0.0156743939 4.98649195e-36)
(-0.201035368 -0.0630555935 0)
(-0.192565932 -0.108481582 0)
(-0.177765515 -0.149141428 0)
(-0.156124909 -0.181360927 0)
(-0.127679783 -0.200524262 0)
(-0.0935645706 -0.201318535 0)
(-0.0566770447 -0.178463971 0)
(-0.0233146665 -0.12809014 0)
(-0.00429570503 -0.0500435346 0)
(-0.00311504086 0.0383306342 0)
(-0.0173631163 0.0980508529 0)
(-0.0433176197 0.138129968 0)
(-0.0737180759 0.158979201 0)
(-0.104104453 0.162838225 0)
(-0.131970535 0.152618182 -4.67988085e-33)
(-0.155761614 0.131295705 0)
(-0.174612861 0.101603278 0)
(-0.188100219 0.0659289938 4.7406383e-33)
(-0.195997421 0.026369362 1.49106859e-33)
(-0.198111614 -0.0151233185 -1.49832105e-33)
(-0.194204012 -0.0565442432 0)
(-0.183996559 -0.095626037 0)
(-0.167277173 -0.129654842 0)
(-0.144124395 -0.155368915 0)
(-0.115252465 -0.169022498 0)
(-0.0823814092 -0.16671389 0)
(-0.0485941039 -0.145040224 0)
(-0.0193975958 -0.102103347 0)
(-0.00342090933 -0.0390050006 0)
(-0.00263393606 0.0299262646 0)
(-0.0150226239 0.0779301304 0)
(-0.0380974211 0.111311112 0)
(-0.0658175676 0.129695795 0)
(-0.094279475 0.134263879 0)
(-0.121044029 0.126925344 0)
(-0.14438361 0.109860571 0)
(-0.163148984 0.0852480475 0)
(-0.176619507 0.055141639 0)
(-0.184335475 0.0214703156 2.99742673e-34)
(-0.18598294 -0.0138813646 -2.99742673e-34)
(-0.181343677 -0.048951541 0)
(-0.170313963 -0.0815745558 0)
(-0.152999251 -0.109289269 0)
(-0.129891605 -0.129330737 0)
(-0.102114502 -0.138764247 0)
(-0.0716393822 -0.13481614 0)
(-0.0414365958 -0.115407289 0)
(-0.0161843491 -0.0798582217 0)
(-0.002764033 -0.0298606579 0)
(-0.00223473664 0.0226800234 0)
(-0.0129541269 0.0602838585 0)
(-0.033238148 0.0873308386 0)
(-0.0580555276 0.102954503 0)
(-0.0840353807 0.107621823 0)
(-0.108906086 0.10252071 0)
(-0.130914082 0.0892086505 0)
(-0.148775833 0.0693818672 0)
(-0.161603549 0.0447501654 0)
(-0.168801288 0.0170067344 3.00137256e-34)
(-0.169993547 -0.012137214 -3.00137256e-34)
(-0.164999674 -0.0408861811 0)
(-0.153857537 -0.0672953772 0)
(-0.13689908 -0.0892417065 0)
(-0.114876636 -0.104468702 0)
(-0.0891189079 -0.110744419 0)
(-0.061632845 -0.106158117 0)
(-0.0351269761 -0.0895353375 0)
(-0.013503743 -0.0609264424 0)
(-0.00225327238 -0.0222578263 0)
(-0.00188545644 0.0164662551 0)
(-0.011062485 0.0449645389 0)
(-0.0286411428 0.0662105071 0)
(-0.0504611281 0.0790278211 0)
(-0.0736531628 0.0834123334 0)
(-0.0961641796 0.0800414905 0)
(-0.116305919 0.0699953594 0)
(-0.132763342 0.0545610883 0)
(-0.144575602 0.0351143635 0)
(-0.151082434 0.0130747356 0)
(-0.151887892 -0.0100881533 0)
(-0.146853004 -0.0328250783 0)
(-0.136119506 -0.0534823552 0)
(-0.120164256 -0.0703098561 0)
(-0.0998793393 -0.0815299502 0)
(-0.0766571202 -0.0854921374 0)
(-0.0524122111 -0.0809235393 0)
(-0.0295300345 -0.0672469515 0)
(-0.0112185735 -0.0449266646 0)
(-0.00184129764 -0.0159381051 0)
(-0.00156251791 0.0112077494 0)
(-0.00926988086 0.031870536 0)
(-0.024202521 0.0479368753 0)
(-0.0429884455 0.0580490726 0)
(-0.0632319141 0.0619115029 0)
(-0.0831208693 0.0598559204 0)
(-0.101086248 0.0526055556 0)
(-0.115849132 0.0411071735 0)
(-0.126440929 0.0264236338 0)
(-0.13218724 0.0096856085 0)
(-0.132697633 -0.00791671363 0)
(-0.127870717 -0.0251250489 0)
(-0.117915458 -0.0406102732 0)
(-0.103386534 -0.052997453 0)
(-0.0852272533 -0.0609387001 0)
(-0.0648019882 -0.0632496901 0)
(-0.0438652628 -0.0591133855 0)
(-0.0244675011 -0.0483249901 0)
(-0.00920309343 -0.031552007 0)
(-0.00149088402 -0.0107193785 0)
(-0.00124269134 0.00687236872 0)
(-0.00749726395 0.0209539389 0)
(-0.0197996779 0.0325014303 0)
(-0.0355241967 0.0400873001 0)
(-0.0527239646 0.0432717641 0)
(-0.0698331049 0.0421741852 0)
(-0.0854326577 0.0372606204 0)
(-0.0983251709 0.0291991493 0)
(-0.107580786 0.01876736 0)
(-0.112546723 0.00680864477 0)
(-0.112854335 -0.0057801099 0)
(-0.10843163 -0.018048756 0)
(-0.0995214487 -0.0289997721 0)
(-0.0867021674 -0.0376160638 0)
(-0.0709039782 -0.0429246741 0)
(-0.0534054937 -0.044107188 0)
(-0.0357703085 -0.0406592883 0)
(-0.0197281042 -0.0325810793 0)
(-0.00733072848 -0.0205903312 0)
(-0.00116697609 -0.00649226841 0)
(-0.000899882102 0.00347704392 0)
(-0.00566093118 0.0122244292 0)
(-0.0152978476 0.0199179413 0)
(-0.0279091954 0.0251886541 0)
(-0.0419708378 0.0275859302 0)
(-0.0561592817 0.0271262713 0)
(-0.0692274813 0.0240986747 0)
(-0.0800968175 0.0189454335 0)
(-0.0879159924 0.0121895935 0)
(-0.0920844205 0.0044020654 0)
(-0.0922681515 -0.00380767694 0)
(-0.0884155136 -0.0117927647 0)
(-0.080772491 -0.0188748752 0)
(-0.0698942044 -0.0243659726 0)
(-0.056645454 -0.0276151921 0)
(-0.0421770508 -0.0280887046 0)
(-0.0278468994 -0.0254864179 0)
(-0.015088733 -0.0198866107 0)
(-0.00547449445 -0.0119313563 0)
(-0.000833547299 -0.00322197452 0)
(-0.000507507667 0.00108920806 0)
(-0.0036888918 0.00574014042 0)
(-0.0105872253 0.0102223815 0)
(-0.0199879398 0.0134022148 0)
(-0.0307552966 0.0149400959 0)
(-0.0418076571 0.0148327191 0)
(-0.0521004756 0.0132501847 0)
(-0.0607205934 0.0104516806 0)
(-0.066942583 0.00673881715 0)
(-0.0702538293 0.00243728359 0)
(-0.0703711881 -0.00210635164 0)
(-0.0672558408 -0.00652338729 0)
(-0.0611263914 -0.0104252533 0)
(-0.0524664971 -0.0134154695 0)
(-0.042020107 -0.0151167114 0)
(-0.0307626619 -0.0152183507 0)
(-0.0198243287 -0.0135494051 0)
(-0.0103615213 -0.0101761657 0)
(-0.00352670144 -0.00555507418 0)
(-0.000456470314 -0.000945965803 0)
(-6.44912494e-05 -0.000176241395 0)
(-0.00159898893 0.00163661724 0)
(-0.00569518807 0.0035986023 0)
(-0.0117199313 0.00501067978 0)
(-0.01888805 0.00571684682 0)
(-0.0263913894 0.00573382863 0)
(-0.0334549888 0.00514772148 0)
(-0.0394085018 0.00407326837 0)
(-0.0437225484 0.00263489263 0)
(-0.0460238843 0.000961862633 0)
(-0.0461058239 -0.000810104478 0)
(-0.0439388718 -0.00253598976 0)
(-0.0396813837 -0.00406056267 0)
(-0.0336869563 -0.00522175553 0)
(-0.0265027363 -0.0058603047 0)
(-0.0188496253 -0.00583829588 0)
(-0.0115675426 -0.00507039408 0)
(-0.00551559592 -0.0035709536 0)
(-0.00148203473 -0.00155258677 0)
(-3.10932074e-05 0.00023397786 0)
(0.000261395442 -0.000255578087 0)
(0.000151439969 0.000102073132 0)
(-0.00117495287 0.000547415678 0)
(-0.00348063133 0.000863516572 0)
(-0.00637558288 0.0010220783 0)
(-0.00946687319 0.00103797694 0)
(-0.0124000369 0.000936217942 0)
(-0.0148817778 0.000743061671 0)
(-0.0166861005 0.000483180692 0)
(-0.0176547253 0.000180088595 1.08300159e-33)
(-0.0176985202 -0.000142308104 -1.08300158e-33)
(-0.0168014863 -0.000458218767 0)
(-0.0150266296 -0.000739019585 0)
(-0.0125219009 -0.000953244738 0)
(-0.00952354887 -0.00106773198 0)
(-0.00635302345 -0.00105052547 0)
(-0.00340014927 -0.000876787763 0)
(-0.0010836151 -0.000539616018 0)
(0.000206110914 -8.25144465e-05 0)
(0.000274563721 0.000266745592 0)
)
;

boundaryField
{
    walls
    {
        type            fixedValue;
        value           uniform (0 0 0);
    }
    mov_wall
    {
        type            fixedValue;
        value           uniform (1 0 0);
    }
    empty
    {
        type            empty;
    }
}


// ************************************************************************* //
