/*--------------------------------*- C++ -*----------------------------------*\
| =========                 |                                                 |
| \\      /  F ield         | OpenFOAM: The Open Source CFD Toolbox           |
|  \\    /   O peration     | Version:  5.x                                   |
|   \\  /    A nd           | Web:      www.OpenFOAM.org                      |
|    \\/     M anipulation  |                                                 |
\*---------------------------------------------------------------------------*/
FoamFile
{
    version     2.0;
    format      ascii;
    class       volScalarField;
    location    "8.4";
    object      p;
}
// * * * * * * * * * * * * * * * * * * * * * * * * * * * * * * * * * * * * * //

dimensions      [0 2 -2 0 0 0 0];

internalField   nonuniform List<scalar> 
400
(
5.44310447e-07
2.45245955
3.49432318
3.89887936
4.1066473
4.22470675
4.29429136
4.34027823
4.37633877
4.41011093
4.44675984
4.49091467
4.54765431
4.62448942
4.73479767
4.90459616
5.18237976
5.68420109
6.84131567
9.41172471
1.88670527
2.86728934
3.41988353
3.74774385
3.96518085
4.10974731
4.2076743
4.27899221
4.33674478
4.38961317
4.44424539
4.50657187
4.58333339
4.68329767
4.81972623
5.01367906
5.2940223
5.69846899
6.33841547
7.42837117
2.98207775
3.26253014
3.542331
3.77067949
3.94570566
4.0757158
4.17322566
4.25000324
4.31527552
4.37623587
4.43892509
4.50902161
4.59257505
4.69678261
4.83085003
5.00663814
5.2363217
5.52393923
5.86049067
6.19823741
3.52778415
3.58534275
3.72178533
3.86537664
3.989064
4.09083234
4.17461027
4.24571396
4.30952679
4.37102303
4.43477454
4.50520438
4.58678844
4.68425448
4.80245105
4.94569262
5.1157494
5.30514794
5.4783369
5.55963881
3.84421703
3.82688045
3.88517979
3.96938284
4.0522196
4.12779089
4.19566859
4.25747778
4.31592278
4.37409209
4.43506493
4.50185754
4.57733112
4.66400597
4.76350386
4.87551089
4.99635899
5.11480184
5.1958459
5.18371571
4.04550095
4.00365872
4.02142603
4.06784973
4.12138217
4.17574073
4.2288547
4.28053769
4.33186007
4.3844915
4.44027075
4.50096792
4.56804874
4.64232631
4.72332619
4.80836617
4.8918066
4.96267788
4.99308057
4.94680787
4.18058548
4.13383069
4.1318387
4.15536845
4.18883328
4.22706636
4.26772672
4.30987165
4.35363726
4.39973115
4.44903806
4.50233661
4.56001877
4.62172171
4.68578527
4.74862577
4.80455953
4.84466553
4.84862449
4.79367992
4.27565824
4.23084218
4.21965984
4.22967416
4.24984555
4.27635435
4.30712193
4.34098242
4.37757833
4.41699887
4.45945117
4.50499592
4.55328498
4.60324904
4.65270487
4.69801105
4.73425834
4.75484649
4.74556025
4.692042
4.34467378
4.3037306
4.28862858
4.29082724
4.302376
4.32057132
4.34372955
4.37070131
4.40089267
4.43401528
4.46982803
4.50791736
4.54748308
4.58710869
4.62451314
4.65641304
4.6788933
4.6873328
4.67187891
4.62321625
4.39525885
4.35850393
4.34215663
4.33995767
4.34598875
4.35836089
4.37576049
4.39714438
4.4218247
4.44929822
4.47905042
4.5103865
4.54227369
4.57319195
4.60099983
4.62292577
4.63599535
4.63709192
4.61932426
4.57637719
4.43196312
4.39925707
4.38305372
4.37850982
4.3810652
4.38939556
4.40248685
4.41942374
4.43950125
4.46210807
4.48658175
4.51208636
4.53750741
4.56136816
4.58177544
4.59648063
4.60329399
4.60017307
4.58220524
4.54489328
4.45777597
4.42889517
4.41357966
4.40794406
4.40837877
4.41394661
4.4238636
4.43733787
4.45368735
4.47226023
4.49233015
4.51301322
4.53320605
4.55155082
4.56643231
4.57606969
4.57888496
4.57357404
4.55655464
4.52447736
4.47482687
4.44957285
4.43556074
4.42961981
4.42885218
4.43259289
4.44023487
4.45109793
4.46454227
4.47991492
4.49647648
4.51334964
4.52949056
4.54368803
4.55459127
4.56081007
4.56122648
4.55503527
4.53957264
4.51225881
4.48472978
4.46295873
4.45049254
4.44475085
4.44341592
4.44602802
4.45212178
4.46111687
4.47242232
4.48540264
4.49933002
4.51335817
4.52651911
4.53774571
4.54591756
4.54995857
4.54909291
4.5428563
4.52925472
4.50627129
4.48877335
4.47040202
4.45962016
4.45439298
4.45292675
4.45493614
4.46007795
4.46786123
4.47774126
4.48910233
4.50123193
4.51331592
4.52445523
4.53370551
4.54013413
4.54291242
4.54152249
4.53574793
4.52413387
4.50513507
4.48806072
4.47305632
4.46400874
4.45945472
4.45813071
4.45992356
4.46460463
4.47176213
4.4808865
4.49137005
4.502502
4.51348268
4.52345747
4.53157028
4.53702993
4.53919901
4.53776185
4.53270723
4.52308295
4.50782057
4.48366793
4.4720098
4.46464021
4.46076217
4.45970147
4.46153669
4.466153
4.47320541
4.48220012
4.49251359
4.50340921
4.51406965
4.52364681
4.53132838
4.53641508
4.53841195
4.53716986
4.53287776
4.5251259
4.5134156
4.47685512
4.46838734
4.46242885
4.45901524
4.45816177
4.46016974
4.46503471
4.47245699
4.48192735
4.49276978
4.50418081
4.51527991
4.52517414
4.53303847
4.53820746
4.54027767
4.53923849
4.53549798
4.52928721
4.52085568
4.46928567
4.46319408
4.45767397
4.45396764
4.45292163
4.45508892
4.46054269
4.46896808
4.47977066
4.49214852
4.50515364
4.51775799
4.52893079
4.53773394
4.54343405
4.54563045
4.54440387
4.54041565
4.53469861
4.52866557
4.46344855
4.45752278
4.45037026
4.4449267
4.44290306
4.4450951
4.45156716
4.46187255
4.47521447
4.49055071
4.50667187
4.52227556
4.53605302
4.54679908
4.55355172
4.55576501
4.55351983
4.54774896
4.54035109
4.53446171
)
;

boundaryField
{
    walls
    {
        type            zeroGradient;
    }
    mov_wall
    {
        type            zeroGradient;
    }
    empty
    {
        type            empty;
    }
}


// ************************************************************************* //
