/*--------------------------------*- C++ -*----------------------------------*\
| =========                 |                                                 |
| \\      /  F ield         | OpenFOAM: The Open Source CFD Toolbox           |
|  \\    /   O peration     | Version:  5.x                                   |
|   \\  /    A nd           | Web:      www.OpenFOAM.org                      |
|    \\/     M anipulation  |                                                 |
\*---------------------------------------------------------------------------*/
FoamFile
{
    version     2.0;
    format      ascii;
    class       surfaceScalarField;
    location    "8.4";
    object      phi;
}
// * * * * * * * * * * * * * * * * * * * * * * * * * * * * * * * * * * * * * //

dimensions      [0 3 -1 0 0 0 0];

internalField   nonuniform List<scalar> 
760
(
0.0013481768
-0.00134817706
0.00245763986
-0.00110946306
0.00313513473
-0.00067749486
0.00355971576
-0.000424581013
0.00383225135
-0.000272535587
0.00400945218
-0.000177200852
0.00412521451
-0.000115762352
0.00419921708
-7.4002562e-05
0.00424243236
-4.32152642e-05
0.0042605536
-1.81212243e-05
0.00425562237
4.93122403e-06
0.00422675779
2.88645642e-05
0.00416938939
5.73683829e-05
0.00407358504
9.58043639e-05
0.00391995095
0.000153634113
0.00367201931
0.000247931637
0.00326316023
0.00040885906
0.00257264076
0.000690519465
0.00140850172
0.00116413905
0.00140850174
-5.46951714e-05
-0.00129348189
0.000412592742
-0.00157675098
0.00103002988
-0.00129493201
0.00157871393
-0.000973265054
0.00201483275
-0.000708654387
0.00234477731
-0.000507145396
0.00258511635
-0.000356101401
0.00275126942
-0.000240155662
0.00285456779
-0.000146513644
0.00290179533
-6.53487391e-05
0.00289536662
1.13599566e-05
0.00283293038
9.13008041e-05
0.00270712574
0.000183173003
0.00250436373
0.000298566357
0.00220410988
0.000453887978
0.00178090174
0.000671139804
0.00121756801
0.000972192792
0.00055281256
0.00135527489
1.30664743e-05
0.00170388512
0.00142156822
-0.000271734605
-0.00102174727
-0.000221026529
-0.00162745907
7.13678549e-05
-0.00158732641
0.000446285688
-0.0013481829
0.00081248972
-0.0010748584
0.00112929931
-0.000823954962
0.00138207836
-0.000608880436
0.0015680079
-0.000426085227
0.00168837696
-0.000266882731
0.00174468453
-0.000121656309
0.00173678977
1.92547458e-05
0.00166213444
0.000165956153
0.0015157129
0.000329594536
0.00129125423
0.000523024997
0.00098501168
0.000760130528
0.000605009656
0.00105114185
0.000189850723
0.00138735174
-0.000160045069
0.00170517068
-0.00026164063
0.00180548067
0.00115992759
-0.000227941563
-0.000793805696
-0.000361197277
-0.00149420334
-0.00030832818
-0.00164019552
-0.000134821184
-0.00152168992
8.92094004e-05
-0.00129888899
0.000314971896
-0.00104971743
0.000513263042
-0.000807171553
0.000668300053
-0.000581122241
0.000771990336
-0.000370573045
0.000820036109
-0.000169702102
0.000809727654
2.9563219e-05
0.000739201047
0.000236482793
0.000607935692
0.000460859895
0.000419110876
0.000711849785
0.000184524313
0.00099471707
-6.71911849e-05
0.00130285736
-0.000280617536
0.00160077812
-0.000369418465
0.00179397162
-0.000246993624
0.00168305582
0.000912933946
-0.000168965219
-0.000624840478
-0.000352016163
-0.00131115237
-0.000431557651
-0.00156065403
-0.000408908959
-0.00154433864
-0.000319435175
-0.00138836281
-0.000200095177
-0.00116905742
-7.98100569e-05
-0.000927456637
2.15782893e-05
-0.000682510564
9.14287199e-05
-0.000440423495
0.000122135381
-0.000200408801
0.000109757185
4.19414099e-05
5.36457237e-05
0.000292594289
-4.27489804e-05
0.000557254629
-0.000169694016
0.000838794808
-0.000307652439
0.00113267546
-0.000423468645
0.00141867356
-0.000470024877
0.00164733438
-0.000397824814
0.00172177158
-0.000196431015
0.00148166202
0.00071650291
-0.000124192153
-0.000500648344
-0.000308335636
-0.00112700886
-0.000450494078
-0.00141849556
-0.000523203992
-0.00147162873
-0.000535391052
-0.00137617578
-0.000508160828
-0.00119628767
-0.000463156885
-0.000972460559
-0.000418060908
-0.000727606496
-0.000385618975
-0.000472865417
-0.000373912057
-0.000212115756
-0.000386727943
5.47572595e-05
-0.00042345951
0.000329325868
-0.000478356355
0.000612151521
-0.000539178241
0.000899616716
-0.000585818867
0.00117931605
-0.000590512347
0.001423367
-0.000523085147
0.00157990717
-0.000366699086
0.00156538555
-0.000150585977
0.00126554894
0.000565916928
-9.45729517e-05
-0.000406075419
-0.000264649756
-0.000956932049
-0.000430738376
-0.0012524069
-0.000556976914
-0.00134539016
-0.000636793196
-0.00129635952
-0.000678141768
-0.00115493915
-0.000693943939
-0.000956658402
-0.00069692923
-0.000724621164
-0.000697274019
-0.000472520582
-0.000701661724
-0.000207728059
-0.000712860713
6.5956196e-05
-0.000729336384
0.00034580151
-0.000744753812
0.000627568981
-0.000747580276
0.000902443234
-0.00072146987
0.00115320566
-0.000647843383
0.00134974047
-0.000512876935
0.00144494069
-0.000321206293
0.00137371491
-0.000116485705
0.00106082838
0.00044943124
-7.53437421e-05
-0.000330731694
-0.000228206834
-0.000804068977
-0.000398353669
-0.00108226005
-0.000550539505
-0.00119320428
-0.000670626419
-0.00117627259
-0.000757578328
-0.00106798727
-0.000816784827
-0.000897451953
-0.00085558746
-0.000685818527
-0.00088062428
-0.000447483704
-0.000896360281
-0.000191992017
-0.000904270061
7.3865946e-05
-0.000902360324
0.000343891711
-0.000884972232
0.000610180872
-0.000843104161
0.000860575211
-0.000765820163
0.00107592171
-0.000643664712
0.00122758502
-0.000475103938
0.00127637987
-0.000276309861
0.00117492079
-9.21328752e-05
0.000876651393
0.00035729839
-6.22882947e-05
-0.000268443393
-0.000198541332
-0.000667815978
-0.000362893674
-0.000917907722
-0.000523850727
-0.0010322472
-0.000664415196
-0.00103570807
-0.000778128885
-0.000954273583
-0.00086481217
-0.000810768723
-0.0009271655
-0.000623465245
-0.000968399697
-0.000406249482
-0.000990721186
-0.000169670458
-0.000994436324
7.75811128e-05
-0.000977525722
0.000326981062
-0.000935695024
0.000568350108
-0.000863101264
0.000787981445
-0.000754123155
0.000966943661
-0.000606626282
0.0010800882
-0.000426950388
0.00109670398
-0.000236038289
0.000984008658
-7.43490325e-05
0.000714962109
0.000282949368
-5.27689442e-05
-0.000215674417
-0.000173812782
-0.000546772172
-0.000327557424
-0.000764163125
-0.000486866005
-0.000872938618
-0.000634380181
-0.000888193839
-0.000760757817
-0.000827895895
-0.000862116629
-0.000709409927
-0.000937654769
-0.000547927175
-0.000987783261
-0.000356121028
-0.00101282397
-0.000144629703
-0.00101222273
7.69799471e-05
-0.000984240657
0.000298999007
-0.000926163058
0.000510272449
-0.000835158841
0.000696977164
-0.000709976113
0.000841760935
-0.000553597325
0.000923709465
-0.000376676958
0.000919783653
-0.000200960031
0.000808291731
-6.08626238e-05
0.000574864673
0.000222086728
-4.52979054e-05
-0.000170376474
-0.000152453949
-0.000439616127
-0.000293299615
-0.000623317504
-0.000444763134
-0.000721475146
-0.000590345867
-0.000742611094
-0.00071947334
-0.000698768355
-0.000826046302
-0.00060283692
-0.000906878187
-0.000467095327
-0.000960347599
-0.000302651695
-0.000985403188
-0.00011957414
-0.000980963161
7.25399815e-05
-0.000945732074
0.000263767996
-0.000878479995
0.000443020374
-0.000778855059
0.000597352165
-0.000648784079
0.000711689898
-0.00049440357
0.000769328959
-0.000328204151
0.000753584281
-0.000170678349
0.000650765968
-5.02806427e-05
0.000454466968
0.000171806061
-3.90621789e-05
-0.000131314277
-0.000133403772
-0.000345274494
-0.000260349946
-0.00049637134
-0.00040038898
-0.00058143617
-0.000538431231
-0.000604568887
-0.000663692802
-0.000573506754
-0.000768938022
-0.000497591622
-0.000849523034
-0.00038651028
-0.000902500921
-0.000249673861
-0.000925934128
-9.61410134e-05
-0.000918488912
6.50947534e-05
-0.000879356192
0.000224635345
-0.000808535298
0.00037219955
-0.00070750524
0.000496322107
-0.000580261694
0.000584446292
-0.000434588362
0.000623655576
-0.000283248309
0.000602244232
-0.000144573361
0.000512091058
-4.17551734e-05
0.000351648808
0.000130050879
-3.36094308e-05
-9.77048656e-05
-0.000115973494
-0.00026291038
-0.000228685855
-0.000383658942
-0.000355331123
-0.000454790923
-0.000482448509
-0.000477451568
-0.000599656686
-0.000456298613
-0.000699324743
-0.000397923518
-0.000776050446
-0.000309784496
-0.000826127584
-0.000199596701
-0.00084712413
-7.51445319e-05
-0.000837646122
5.56166692e-05
-0.000797332235
0.000184321455
-0.000727102522
0.000301969906
-0.000629656398
0.000398876045
-0.000510163448
0.00046495334
-0.000377005144
0.000490497223
-0.000242314885
0.000467553932
-0.000121978248
0.000391754421
-3.47332168e-05
0.000264403802
9.53176748e-05
-2.86575246e-05
-6.90473854e-05
-9.96602445e-05
-0.000191907635
-0.000198116989
-0.000285202139
-0.000310357525
-0.000342550354
-0.00042461605
-0.00036319308
-0.000531265916
-0.00034964882
-0.00062276549
-0.00030642397
-0.000693446634
-0.000239103294
-0.000739258774
-0.000153784482
-0.000757557995
-5.68452992e-05
-0.00074700345
4.50620566e-05
-0.00070759797
0.000144915908
-0.000640884424
0.000235256361
-0.000550277056
0.000308268738
-0.000441462319
0.000356138655
-0.000322745838
0.00037178074
-0.000205166587
0.000349974643
-0.000102185457
0.00028877326
-2.88024289e-05
0.000191020775
6.65152649e-05
-2.39812299e-05
-4.50661927e-05
-8.39974675e-05
-0.000131891417
-0.000168257107
-0.000200942465
-0.000265595465
-0.000245211935
-0.000365935556
-0.000262852965
-0.000460594488
-0.000254989935
-0.000542423563
-0.000224594967
-0.000605821351
-0.000175705521
-0.000646681726
-0.000112924045
-0.000662339344
-4.11876096e-05
-0.000651561298
3.42840145e-05
-0.000614612946
0.000107967493
-0.000553400665
0.000174044022
-0.000471663915
0.00022653199
-0.000375153996
0.000259628786
-0.000271701931
0.000268328716
-0.000171058843
0.000249331556
-8.44170716e-05
0.000202131461
-2.35998761e-05
0.000130203559
4.29153963e-05
-1.93492196e-05
-2.57169754e-05
-6.84700571e-05
-8.27706253e-05
-0.000138506781
-0.000130905754
-0.00022063808
-0.000163080596
-0.000306428383
-0.0001770626
-0.000388228722
-0.00017318958
-0.000459474172
-0.000153349569
-0.000514859838
-0.000120319921
-0.000550429819
-7.7354071e-05
-0.000563627556
-2.79898123e-05
-0.000553348391
2.40049111e-05
-0.000520016405
7.46355084e-05
-0.000465682619
0.000119710183
-0.000394114937
0.000154964262
-0.000310823
0.000176336851
-0.000222941258
0.000180447011
-0.000138894606
0.000165284934
-6.78135081e-05
0.000131050365
-1.87621142e-05
8.11521498e-05
2.41532754e-05
-1.45055047e-05
-1.12114386e-05
-5.25211095e-05
-4.47550569e-05
-0.000108122837
-7.53040708e-05
-0.00017468782
-9.65156221e-05
-0.00024534324
-0.000106407136
-0.000313520787
-0.000105011974
-0.000373387872
-9.34824744e-05
-0.000420129428
-7.35784161e-05
-0.000450116103
-4.73674536e-05
-0.000461009105
-1.70968122e-05
-0.000451841625
1.48374837e-05
-0.000423096877
4.58908105e-05
-0.00037677595
7.33892568e-05
-0.000316426457
9.46147285e-05
-0.000247079567
0.000106989927
-0.000175030363
0.000108397806
-0.000107403057
9.76576518e-05
-5.14858356e-05
7.5133165e-05
-1.39146157e-05
4.35809317e-05
1.02386503e-05
-9.20277295e-06
-2.0086258e-06
-3.56847235e-05
-1.82731151e-05
-7.64355327e-05
-3.45532972e-05
-0.000126811048
-4.61401476e-05
-0.000181408091
-5.18100975e-05
-0.000234817144
-5.16028772e-05
-0.0002821322
-4.61673669e-05
-0.000319263517
-3.64470944e-05
-0.000343116516
-2.35144997e-05
-0.000351700069
-8.51330547e-06
-0.000344207034
7.34444877e-06
-0.000321084423
2.2768241e-05
-0.000284086138
3.63910097e-05
-0.000236279521
4.68081123e-05
-0.000181958578
5.26689568e-05
-0.000126403758
5.28429627e-05
-7.54285474e-05
4.66824399e-05
-3.4681625e-05
3.43862571e-05
-8.71390281e-06
1.7613221e-05
1.52474484e-06
-3.43750867e-06
1.42890439e-06
-1.80438588e-05
-3.66675651e-06
-4.34060253e-05
-9.19113763e-06
-7.64336731e-05
-1.31125317e-05
-0.000113187179
-1.50566269e-05
-0.000149665133
-1.51249256e-05
-0.000182251542
-1.35809226e-05
-0.000207952825
-1.07457731e-05
-0.000224514077
-6.95324487e-06
-0.000230484763
-2.54265166e-06
-0.000225272663
2.13231631e-06
-0.000209197094
6.69267172e-06
-0.000183535353
1.07292964e-05
-0.000150536797
1.38095815e-05
-0.000113368284
1.55004466e-05
-7.59397609e-05
1.54144235e-05
-4.25472282e-05
1.32898933e-05
-1.72767403e-05
9.11576843e-06
-3.10385671e-06
3.44034409e-06
-1.57910893e-06
1.42890416e-06
-2.23783366e-06
-1.14289423e-05
-2.45414602e-05
-3.95981039e-05
-5.47230616e-05
-6.8303999e-05
-7.90497548e-05
-8.6002969e-05
-8.85456073e-05
-8.64133053e-05
-7.97206582e-05
-6.89913726e-05
-5.51817817e-05
-3.96813185e-05
-2.42668865e-05
-1.09769959e-05
-1.86123337e-06
1.57910793e-06
)
;

boundaryField
{
    walls
    {
        type            calculated;
        value           uniform 0;
    }
    mov_wall
    {
        type            calculated;
        value           uniform 0;
    }
    empty
    {
        type            empty;
        value           nonuniform 0();
    }
}


// ************************************************************************* //
