/*--------------------------------*- C++ -*----------------------------------*\
| =========                 |                                                 |
| \\      /  F ield         | OpenFOAM: The Open Source CFD Toolbox           |
|  \\    /   O peration     | Version:  5.x                                   |
|   \\  /    A nd           | Web:      www.OpenFOAM.org                      |
|    \\/     M anipulation  |                                                 |
\*---------------------------------------------------------------------------*/
FoamFile
{
    version     2.0;
    format      ascii;
    class       volVectorField;
    location    "8.4";
    object      U;
}
// * * * * * * * * * * * * * * * * * * * * * * * * * * * * * * * * * * * * * //

dimensions      [0 1 -1 0 0 0 0];

internalField   nonuniform List<vector> 
400
(
(0.291698421 0.14964382 0)
(0.388187165 0.128007694 0)
(0.557616067 0.0757318257 0)
(0.674785702 0.0433044379 0)
(0.743766596 0.0251591056 0)
(0.787075024 0.0148802987 0)
(0.815462958 0.00893092222 0)
(0.833939559 0.00530992734 0)
(0.845365461 0.00289956019 0)
(0.851349265 0.00108485264 2.6652676e-34)
(0.85264075 -0.000502851866 -2.6652676e-34)
(0.849354293 -0.00216071927 0)
(0.84097337 -0.00421710588 0)
(0.826113772 -0.00722098694 0)
(0.802020426 -0.0122365016 0)
(0.763538947 -0.0213892095 0)
(0.699488892 -0.0388386144 0)
(0.584557335 -0.0722732747 0)
(0.407900533 -0.128436308 0)
(0.300688067 -0.152947537 0)
(0.00120418177 0.287432405 0)
(0.0133209589 0.293872123 0)
(0.140044441 0.209904852 0)
(0.264971586 0.142986161 0)
(0.36417774 0.0968019849 0)
(0.440120066 0.0654411242 0)
(0.496541041 0.0439762537 0)
(0.536691067 0.0287011558 0)
(0.563274463 0.0170798516 0)
(0.578137341 0.00742308513 0)
(0.582210288 -0.00150101104 0)
(0.575515255 -0.0107977525 0)
(0.557109249 -0.021734652 0)
(0.524912993 -0.0361396937 0)
(0.475518406 -0.0569634987 0)
(0.404326004 -0.0889771514 0)
(0.305687296 -0.139150754 0)
(0.17449779 -0.215275202 0)
(0.0341065828 -0.310801157 0)
(0.0108691553 -0.305909064 0)
(-0.0321467626 0.241773922 0)
(-0.0634303647 0.333547159 0)
(-0.0219362036 0.299502489 0)
(0.0505996244 0.240051662 0)
(0.127397381 0.183020805 0)
(0.196818611 0.135454524 0)
(0.254167106 0.0974523449 0)
(0.298088303 0.0668891718 0)
(0.328665675 0.0413758221 0)
(0.346307823 0.0187814577 -2.35796979e-33)
(0.351211313 -0.00280949244 2.35796979e-33)
(0.343126751 -0.0252950446 0)
(0.321277582 -0.0508299456 0)
(0.2844329 -0.0820948316 0)
(0.231328816 -0.122479777 0)
(0.161916761 -0.175658041 0)
(0.0798350214 -0.243208455 0)
(-0.00333734049 -0.317981959 0)
(-0.0578531337 -0.366363502 0)
(-0.0313893208 -0.270690676 0)
(-0.0261204149 0.182361574 0)
(-0.0666192763 0.316884134 0)
(-0.0735377809 0.33090174 0)
(-0.0481307205 0.295352908 0)
(-0.00567217771 0.244253503 0)
(0.0411124747 0.19243174 0)
(0.0845451101 0.145095041 0)
(0.120424335 0.103006632 0)
(0.146585246 0.0651543631 0)
(0.161925476 0.0298884037 2.35546517e-33)
(0.165812815 -0.00469432502 -2.35546517e-33)
(0.157798803 -0.0406696183 0)
(0.137586501 -0.0803027358 0)
(0.105285213 -0.125979579 0)
(0.0620900246 -0.17977481 0)
(0.011609266 -0.242029719 0)
(-0.0380283789 -0.307764354 0)
(-0.0720490923 -0.359579367 0)
(-0.071163916 -0.355585636 0)
(-0.0287210559 -0.209178581 0)
(-0.0176296838 0.140767913 0)
(-0.0549165451 0.281827203 0)
(-0.0828629929 0.324484361 0)
(-0.0880762236 0.3123968 0)
(-0.0751196922 0.274441979 0)
(-0.0526276297 0.226778425 0)
(-0.0275118497 0.177302818 0)
(-0.00458008955 0.129145427 0)
(0.0130234918 0.0829123633 0)
(0.0233567946 0.0379330303 -2.94545474e-34)
(0.0253097423 -0.00710139879 2.94545474e-34)
(0.0184152048 -0.0537995241 0)
(0.00288698667 -0.103801259 0)
(-0.0200871983 -0.158367935 0)
(-0.0477707938 -0.217530723 0)
(-0.0750614614 -0.278347557 0)
(-0.0936267108 -0.331694805 0)
(-0.0922270551 -0.357398868 0)
(-0.0635074648 -0.318879888 0)
(-0.0207312583 -0.162076723 0)
(-0.0116542813 0.111592249 0)
(-0.0431522016 0.243765265 0)
(-0.0782839948 0.299859404 0)
(-0.100579258 0.305000832 0)
(-0.10831059 0.280421266 0)
(-0.105716509 0.24036918 0)
(-0.0975361763 0.193277765 0)
(-0.087793447 0.143545371 0)
(-0.0795351873 0.0930260781 0)
(-0.0748272158 0.0420752333 0)
(-0.0748481363 -0.00975926086 0)
(-0.0799345833 -0.0632506232 0)
(-0.0895000229 -0.119033275 0)
(-0.101812872 -0.17699344 0)
(-0.113690946 -0.235297918 0)
(-0.120284782 -0.288849074 0)
(-0.115237027 -0.327084786 0)
(-0.0922711155 -0.331566554 0)
(-0.0521876264 -0.27511969 0)
(-0.0142847845 -0.127260096 0)
(-0.00803185796 0.0899680179 0)
(-0.0343052858 0.207876694 0)
(-0.0703686598 0.267741356 0)
(-0.100959314 0.283509149 0)
(-0.121509106 0.269753783 0)
(-0.133061965 0.237807846 0)
(-0.138135841 0.19538412 0)
(-0.139450245 0.147216489 0)
(-0.139365662 0.0958906844 0)
(-0.139599227 0.0425957624 0)
(-0.141114113 -0.0122625673 0)
(-0.144054669 -0.0685401705 0)
(-0.147657213 -0.125824599 0)
(-0.1501406 -0.182787205 0)
(-0.148667736 -0.236314552 0)
(-0.139565525 -0.280390165 0)
(-0.119015755 -0.304900548 0)
(-0.0848747437 -0.294957289 0)
(-0.0422046474 -0.232154479 0)
(-0.0100065909 -0.100709815 0)
(-0.0058981909 0.0731569052 0)
(-0.0280514423 0.175459925 0)
(-0.0624620795 0.233454966 0)
(-0.0961931096 0.254650692 0)
(-0.123784285 0.248662379 0)
(-0.144336444 0.223978323 0)
(-0.158622041 0.187072455 0)
(-0.168069552 0.142434101 0)
(-0.174171011 0.0929433375 0)
(-0.178091646 0.0403533048 0)
(-0.180456256 -0.0142245202 0)
(-0.181230008 -0.0698446787 0)
(-0.179647309 -0.12522576 0)
(-0.1742052 -0.178177566 0)
(-0.162809067 -0.224940952 0)
(-0.143212553 -0.259512831 0)
(-0.113841636 -0.273201301 0)
(-0.0753166197 -0.254896365 0)
(-0.0343189006 -0.192925781 0)
(-0.00728498646 -0.0799917729 0)
(-0.00459312167 0.0595160177 0)
(-0.0235441693 0.146542617 0)
(-0.0553429946 0.199662152 0)
(-0.0893196752 0.222701631 0)
(-0.120051815 0.221819417 0)
(-0.145609086 0.203131834 0)
(-0.165570649 0.171796551 0)
(-0.180317104 0.131775625 0)
(-0.19053108 0.085940504 0)
(-0.196813733 0.0363510078 2.97711431e-34)
(-0.199448894 -0.01539154 -2.97711431e-34)
(-0.198275627 -0.0677566394 0)
(-0.192646156 -0.1188678 0)
(-0.181489357 -0.166059314 0)
(-0.163546091 -0.205440874 0)
(-0.137858727 -0.23157779 0)
(-0.104503391 -0.237504903 0)
(-0.0656637246 -0.215386223 0)
(-0.0281737993 -0.158249845 0)
(-0.00551069141 -0.0634668234 0)
(-0.00373314087 0.0480883434 0)
(-0.0201212308 0.120839399 0)
(-0.0490153898 0.167676439 0)
(-0.0816389835 0.190287494 0)
(-0.112989451 0.192487647 0)
(-0.140680556 0.178557134 4.67987947e-33)
(-0.163557386 0.152465454 0)
(-0.18124628 0.117554996 0)
(-0.193784179 0.076504736 -4.74063694e-33)
(-0.201296976 0.0314709889 2.26595669e-36)
(-0.203789194 -0.015674395 4.98649161e-36)
(-0.20103536 -0.0630555902 0)
(-0.192565926 -0.10848158 0)
(-0.177765516 -0.149141432 0)
(-0.156124913 -0.181360934 0)
(-0.127679785 -0.200524265 0)
(-0.0935645678 -0.201318535 0)
(-0.0566770407 -0.178463969 0)
(-0.0233146644 -0.128090139 0)
(-0.0042957047 -0.0500435353 0)
(-0.00311503861 0.0383306349 0)
(-0.0173631116 0.0980508548 0)
(-0.0433176172 0.138129967 0)
(-0.0737180783 0.158979196 0)
(-0.104104458 0.162838218 0)
(-0.131970535 0.152618178 -4.67987947e-33)
(-0.155761608 0.131295706 0)
(-0.174612854 0.10160328 0)
(-0.188100218 0.0659289905 4.74063694e-33)
(-0.195997426 0.0263693541 1.49106817e-33)
(-0.198111617 -0.0151233246 -1.49832062e-33)
(-0.194204008 -0.056544243 0)
(-0.183996552 -0.0956260332 0)
(-0.167277169 -0.129654841 0)
(-0.144124396 -0.155368919 0)
(-0.115252469 -0.169022504 0)
(-0.0823814105 -0.166713893 0)
(-0.0485941016 -0.145040224 0)
(-0.0193975927 -0.102103345 0)
(-0.00342090796 -0.0390049996 0)
(-0.00263393562 0.0299262632 0)
(-0.0150226209 0.0779301317 0)
(-0.0380974164 0.111311115 0)
(-0.0658175661 0.129695794 0)
(-0.0942794789 0.134263873 0)
(-0.121044033 0.126925337 0)
(-0.144383609 0.109860568 0)
(-0.163148976 0.0852480503 0)
(-0.176619501 0.055141641 0)
(-0.184335476 0.0214703116 2.99742588e-34)
(-0.185982945 -0.0138813727 -2.99742588e-34)
(-0.181343679 -0.0489515464 0)
(-0.170313959 -0.0815745549 0)
(-0.152999245 -0.109289265 0)
(-0.129891602 -0.129330735 0)
(-0.102114504 -0.13876425 0)
(-0.0716393856 -0.134816145 0)
(-0.041436597 -0.115407292 0)
(-0.0161843477 -0.0798582214 0)
(-0.00276403188 -0.0298606565 0)
(-0.00223473854 0.0226800203 0)
(-0.0129541281 0.0602838572 0)
(-0.0332381444 0.0873308408 0)
(-0.0580555228 0.102954505 0)
(-0.0840353804 0.107621821 0)
(-0.108906091 0.102520703 0)
(-0.130914086 0.0892086439 0)
(-0.148775831 0.0693818664 0)
(-0.161603541 0.0447501692 0)
(-0.168801283 0.0170067363 3.0013717e-34)
(-0.169993549 -0.0121372185 -3.0013717e-34)
(-0.16499968 -0.0408861889 0)
(-0.153857538 -0.0672953818 0)
(-0.136899077 -0.0892417053 0)
(-0.11487663 -0.104468698 0)
(-0.0891189054 -0.110744418 0)
(-0.0616328466 -0.10615812 0)
(-0.0351269789 -0.0895353414 0)
(-0.0135037443 -0.0609264444 0)
(-0.00225327247 -0.0222578261 0)
(-0.00188545947 0.0164662522 0)
(-0.0110624898 0.0449645351 0)
(-0.0286411431 0.0662105064 0)
(-0.0504611233 0.0790278241 0)
(-0.0736531582 0.0834123358 0)
(-0.0961641806 0.0800414878 0)
(-0.116305925 0.0699953521 0)
(-0.132763346 0.0545610825 0)
(-0.144575599 0.0351143638 0)
(-0.151082427 0.0130747399 0)
(-0.151887888 -0.0100881517 0)
(-0.146853007 -0.0328250827 0)
(-0.136119511 -0.0534823623 0)
(-0.120164257 -0.0703098601 0)
(-0.0998793359 -0.0815299491 0)
(-0.0766571156 -0.0854921344 0)
(-0.0524122091 -0.0809235382 0)
(-0.0295300358 -0.0672469533 0)
(-0.0112185758 -0.0449266671 0)
(-0.00184129864 -0.0159381062 0)
(-0.00156251993 0.0112077488 0)
(-0.00926988593 0.031870532 0)
(-0.0242025251 0.0479368714 0)
(-0.0429884446 0.0580490726 0)
(-0.0632319088 0.0619115065 0)
(-0.0831208653 0.0598559228 0)
(-0.10108625 0.0526055524 0)
(-0.115849139 0.0411071664 0)
(-0.126440932 0.026423629 0)
(-0.132187236 0.00968560966 0)
(-0.132697626 -0.00791670936 0)
(-0.127870714 -0.0251250475 0)
(-0.117915461 -0.0406102771 0)
(-0.103386538 -0.052997459 0)
(-0.0852272545 -0.0609387035 0)
(-0.0648019856 -0.0632496894 0)
(-0.0438652593 -0.0591133832 0)
(-0.0244674997 -0.0483249891 0)
(-0.00920309437 -0.031552008 0)
(-0.00149088486 -0.0107193798 0)
(-0.00124269101 0.00687237073 0)
(-0.00749726576 0.0209539372 0)
(-0.0197996828 0.0325014255 0)
(-0.0355242001 0.0400872964 0)
(-0.0527239628 0.0432717648 0)
(-0.0698330996 0.0421741892 0)
(-0.0854326546 0.0372606225 0)
(-0.0983251737 0.0291991459 0)
(-0.107580792 0.0187673535 0)
(-0.112546725 0.00680864087 0)
(-0.112854332 -0.00578010842 0)
(-0.108431624 -0.0180487522 0)
(-0.0995214465 -0.0289997708 0)
(-0.0867021696 -0.0376160669 0)
(-0.0709039815 -0.0429246789 0)
(-0.0534054946 -0.0441071906 0)
(-0.0357703065 -0.040659288 0)
(-0.0197281017 -0.0325810777 0)
(-0.0073307275 -0.0205903305 0)
(-0.00116697608 -0.00649226886 0)
(-0.00089987982 0.00347704684 0)
(-0.00566092889 0.0122244305 0)
(-0.0152978499 0.0199179388 0)
(-0.0279092003 0.0251886492 0)
(-0.0419708406 0.0275859269 0)
(-0.0561592794 0.0271262725 0)
(-0.0692274763 0.0240986787 0)
(-0.0800968153 0.0189454353 0)
(-0.0879159953 0.0121895904 0)
(-0.0920844253 0.00440205988 0)
(-0.0922681531 -0.00380767999 0)
(-0.0884155105 -0.0117927633 0)
(-0.0807724867 -0.0188748719 0)
(-0.0698942028 -0.0243659714 0)
(-0.0566454557 -0.0276151942 0)
(-0.0421770531 -0.028088708 0)
(-0.0278468999 -0.0254864199 0)
(-0.0150887317 -0.0198866106 0)
(-0.00547449287 -0.0119313554 0)
(-0.000833546697 -0.00322197414 0)
(-0.000507505049 0.00108921 0)
(-0.00368888755 0.0057401433 0)
(-0.0105872242 0.0102223826 0)
(-0.0199879426 0.0134022124 0)
(-0.0307553011 0.0149400914 0)
(-0.0418076591 0.0148327163 0)
(-0.0521004732 0.0132501861 0)
(-0.0607205892 0.0104516843 0)
(-0.0669425816 0.00673881881 0)
(-0.0702538319 0.00243728108 0)
(-0.0703711919 -0.00210635606 0)
(-0.0672558418 -0.00652338968 0)
(-0.061126389 -0.0104252522 0)
(-0.0524664939 -0.013415467 0)
(-0.0420201058 -0.0151167103 0)
(-0.0307626629 -0.0152183519 0)
(-0.0198243301 -0.0135494072 0)
(-0.0103615216 -0.010176167 0)
(-0.00352670066 -0.00555507421 0)
(-0.000456469814 -0.000945965361 0)
(-6.4489675e-05 -0.000176240838 0)
(-0.0015989856 0.00163662004 0)
(-0.00569518526 0.00359860567 0)
(-0.0117199307 0.00501068091 0)
(-0.0188880526 0.00571684433 0)
(-0.0263913931 0.00573382454 0)
(-0.0334549902 0.00514771957 0)
(-0.0394084997 0.00407327029 0)
(-0.0437225452 0.00263489609 0)
(-0.0460238833 0.000961863903 0)
(-0.0461058258 -0.000810106683 0)
(-0.0439388744 -0.00253599322 0)
(-0.0396813843 -0.00406056429 0)
(-0.0336869547 -0.00522175445 0)
(-0.0265027343 -0.00586030262 0)
(-0.0188496245 -0.0058382949 0)
(-0.0115675432 -0.00507039471 0)
(-0.00551559666 -0.00357095481 0)
(-0.00148203491 -0.00155258743 0)
(-3.10931375e-05 0.000233977915 0)
(0.000261395729 -0.000255578093 0)
(0.000151441127 0.000102074332 0)
(-0.00117495066 0.000547417612 0)
(-0.00348062908 0.000863517921 0)
(-0.00637558249 0.00102207792 0)
(-0.00946687518 0.00103797514 0)
(-0.0124000394 0.000936216405 0)
(-0.0148817784 0.000743061855 0)
(-0.0166860988 0.000483182297 0)
(-0.0176547231 0.000180089916 1.08300127e-33)
(-0.0176985197 -0.00014230836 -1.08300127e-33)
(-0.0168014876 -0.00045822024 0)
(-0.0150266312 -0.000739020829 0)
(-0.0125219013 -0.000953244766 0)
(-0.00952354797 -0.00106773108 0)
(-0.00635302234 -0.00105052464 0)
(-0.00340014886 -0.000876787623 0)
(-0.00108361533 -0.000539616395 0)
(0.000206110557 -8.25148131e-05 0)
(0.000274563576 0.000266745523 0)
)
;

boundaryField
{
    walls
    {
        type            fixedValue;
        value           uniform (0 0 0);
    }
    mov_wall
    {
        type            fixedValue;
        value           uniform (1 0 0);
    }
    empty
    {
        type            empty;
    }
}


// ************************************************************************* //
