/*--------------------------------*- C++ -*----------------------------------*\
| =========                 |                                                 |
| \\      /  F ield         | OpenFOAM: The Open Source CFD Toolbox           |
|  \\    /   O peration     | Version:  5.x                                   |
|   \\  /    A nd           | Web:      www.OpenFOAM.org                      |
|    \\/     M anipulation  |                                                 |
\*---------------------------------------------------------------------------*/
FoamFile
{
    version     2.0;
    format      ascii;
    class       volScalarField;
    location    "10";
    object      p;
}
// * * * * * * * * * * * * * * * * * * * * * * * * * * * * * * * * * * * * * //

dimensions      [0 2 -2 0 0 0 0];

internalField   nonuniform List<scalar> 
400
(
2.80400105e-07
2.45245916
3.49432275
3.89887889
4.10664684
4.22470634
4.29429102
4.34027788
4.37633834
4.41011044
4.44675939
4.49091431
4.54765397
4.62448903
4.7347972
4.90459569
5.18237936
5.68420074
6.84131531
9.41172432
1.88670489
2.86728897
3.41988317
3.74774343
3.96518038
4.10974684
4.2076739
4.27899187
4.33674442
4.38961272
4.44424489
4.50657142
4.58333304
4.68329733
4.81972582
5.01367858
5.29402183
5.69846858
6.33841509
7.4283708
2.98207731
3.26252974
3.54233066
3.77067914
3.94570523
4.0757153
4.17322519
4.25000287
4.3152752
4.37623549
4.43892461
4.50902111
4.59257464
4.69678228
4.83084968
5.0066377
5.23632121
5.52393878
5.86049028
6.19823706
3.52778369
3.5853423
3.72178495
3.86537632
3.98906364
4.09083187
4.17460975
4.24571352
4.30952646
4.37102272
4.43477412
4.50520386
4.58678796
4.68425411
4.80245074
4.94569223
5.11574892
5.30514746
5.47833648
5.55963846
3.84421661
3.82687996
3.88517934
3.96938248
4.0522193
4.12779051
4.19566808
4.25747726
4.31592238
4.3740918
4.43506459
4.50185706
4.57733059
4.66400553
4.76350354
4.87551057
4.99635858
5.11480135
5.19584542
5.18371531
4.04550059
4.00365825
4.02142552
4.06784929
4.12138186
4.17574043
4.22885427
4.28053714
4.33185956
4.38449115
4.44027048
4.50096755
4.56804822
4.64232578
4.72332579
4.80836587
4.89180628
4.96267744
4.99308008
4.94680739
4.18058516
4.13383029
4.13183819
4.15536793
4.18883289
4.22706609
4.26772641
4.30987116
4.35363669
4.39973068
4.44903777
4.50233634
4.56001835
4.62172115
4.68578476
4.7486254
4.80455924
4.84466519
4.84862405
4.79367942
4.27565791
4.23084185
4.2196594
4.22967361
4.24984504
4.27635401
4.30712169
4.34098207
4.37757779
4.41699829
4.45945076
4.50499568
4.55328469
4.60324857
4.6527043
4.69801055
4.73425799
4.75484619
4.74555989
4.69204155
4.34467336
4.3037303
4.28862825
4.29082676
4.30237543
4.32057083
4.34372926
4.37070108
4.40089227
4.43401469
4.46982747
4.50791701
4.54748286
4.58710838
4.62451264
4.65641246
4.67889282
4.68733244
4.67187859
4.62321588
4.39525834
4.35850358
4.34215637
4.33995733
4.34598822
4.35836029
4.37576005
4.39714414
4.42182446
4.44929776
4.4790498
4.51038596
4.54227337
4.57319174
4.6009995
4.62292526
4.63599479
4.63709144
4.61932389
4.57637686
4.43196257
4.3992566
4.38305342
4.37850957
4.38106482
4.38939498
4.40248625
4.41942335
4.43950105
4.46210781
4.48658125
4.51208573
4.5375069
4.56136787
4.58177522
4.59648029
4.60329349
4.60017253
4.58220478
4.54489291
4.45777547
4.42889462
4.41357922
4.4079438
4.40837853
4.41394618
4.42386299
4.43733729
4.45368701
4.47226005
4.49232986
4.51301268
4.53320542
4.55155033
4.56643202
4.57606945
4.57888461
4.57357357
4.55655414
4.52447691
4.47482651
4.44957231
4.43556018
4.42961941
4.42885195
4.43259264
4.4402344
4.4510973
4.46454173
4.47991462
4.49647629
4.51334931
4.52949002
4.54368743
4.55459079
4.56080976
4.5612262
4.5550349
4.53957218
4.51225832
4.48472951
4.4629583
4.45049197
4.44475029
4.44341555
4.44602781
4.4521215
4.46111636
4.47242168
4.48540213
4.49932973
4.51335797
4.52651876
4.53774518
4.54591698
4.54995811
4.54909258
4.54285599
4.52925434
4.50627083
4.48877308
4.47040172
4.4596197
4.45439239
4.45292622
4.4549358
4.46007774
4.46786093
4.47774073
4.4891017
4.50123144
4.51331563
4.524455
4.53370515
4.54013362
4.54291187
4.54152204
4.53574756
4.52413352
4.50513467
4.48806034
4.47305604
4.46400842
4.45945424
4.45813012
4.45992305
4.46460432
4.47176191
4.48088616
4.49136952
4.5025014
4.51348221
4.52345717
4.53157002
4.53702956
4.53919852
4.53776134
4.53270678
4.52308257
4.5078202
4.48366742
4.47200946
4.46463994
4.46076183
4.45970097
4.46153611
4.46615251
4.4732051
4.48219988
4.49251323
4.50340868
4.51406908
4.52364636
4.53132806
4.53641478
4.53841157
4.5371694
4.53287729
4.52512547
4.51341521
4.47685458
4.46838689
4.46242852
4.45901496
4.45816141
4.46016924
4.46503415
4.47245653
4.48192704
4.49276951
4.50418043
4.51527941
4.52517361
4.53303803
4.53820711
4.54027734
4.5392381
4.53549754
4.52928676
4.52085526
4.46928518
4.46319359
4.45767353
4.4539673
4.45292132
4.45508854
4.4605422
4.46896755
4.47977022
4.49214818
4.50515332
4.5177576
4.52893031
4.53773345
4.54343362
4.54563007
4.5444035
4.54041525
4.53469818
4.52866515
4.4634481
4.4575223
4.45036976
4.44492626
4.44290272
4.44509479
4.45156677
4.46187206
4.47521396
4.49055027
4.50667152
4.52227523
4.53605264
4.54679863
4.55355125
4.55576457
4.55351943
4.54774857
4.54035069
4.53446129
)
;

boundaryField
{
    walls
    {
        type            zeroGradient;
    }
    mov_wall
    {
        type            zeroGradient;
    }
    empty
    {
        type            empty;
    }
}


// ************************************************************************* //
