/*--------------------------------*- C++ -*----------------------------------*\
| =========                 |                                                 |
| \\      /  F ield         | OpenFOAM: The Open Source CFD Toolbox           |
|  \\    /   O peration     | Version:  5.x                                   |
|   \\  /    A nd           | Web:      www.OpenFOAM.org                      |
|    \\/     M anipulation  |                                                 |
\*---------------------------------------------------------------------------*/
FoamFile
{
    version     2.0;
    format      ascii;
    class       surfaceScalarField;
    location    "10";
    object      phi;
}
// * * * * * * * * * * * * * * * * * * * * * * * * * * * * * * * * * * * * * //

dimensions      [0 3 -1 0 0 0 0];

internalField   nonuniform List<scalar> 
760
(
0.00134817686
-0.00134817699
0.00245763989
-0.00110946303
0.00313513475
-0.00067749486
0.00355971576
-0.000424581014
0.00383225134
-0.000272535577
0.00400945218
-0.000177200833
0.00412521452
-0.000115762341
0.00419921709
-7.4002569e-05
0.00424243237
-4.32152804e-05
0.00426055359
-1.81212298e-05
0.00425562236
4.93123628e-06
0.00422675778
2.88645796e-05
0.00416938941
5.73683834e-05
0.00407358505
9.58043509e-05
0.00391995094
0.000153634104
0.0036720193
0.000247931643
0.00326316023
0.000408859072
0.00257264077
0.000690519468
0.00140850173
0.00116413904
0.00140850173
-5.46951447e-05
-0.00129348185
0.000412592776
-0.00157675095
0.00103002991
-0.00129493199
0.00157871396
-0.000973265054
0.00201483276
-0.000708654385
0.0023447773
-0.000507145382
0.00258511635
-0.000356101383
0.00275126944
-0.000240155656
0.00285456782
-0.000146513655
0.00290179534
-6.53487519e-05
0.00289536661
1.13599575e-05
0.00283293037
9.13008172e-05
0.00270712575
0.000183173012
0.00250436375
0.000298566351
0.00220410989
0.000453887966
0.00178090173
0.000671139801
0.001217568
0.000972192801
0.000552812561
0.0013552749
1.30664795e-05
0.00170388512
0.00142156821
-0.0002717346
-0.00102174725
-0.000221026517
-0.00162745903
7.13678819e-05
-0.00158732639
0.000446285724
-0.00134818289
0.000812489746
-0.00107485841
0.00112929932
-0.000823954957
0.00138207835
-0.000608880418
0.00156800791
-0.00042608521
0.00168837699
-0.00026688273
0.00174468456
-0.000121656322
0.00173678977
1.92547377e-05
0.00166213443
0.000165956161
0.00151571289
0.00032959455
0.00129125425
0.000523024999
0.0009850117
0.000760130517
0.000605009658
0.00105114184
0.000189850711
0.00138735175
-0.000160045078
0.00170517069
-0.000261640631
0.00180548067
0.00115992758
-0.000227941558
-0.000793805693
-0.000361197279
-0.00149420332
-0.000308328172
-0.00164019549
-0.000134821156
-0.0015216899
8.92094359e-05
-0.001298889
0.000314971914
-0.00104971744
0.000513263034
-0.000807171543
0.000668300042
-0.000581122219
0.000771990348
-0.000370573031
0.00082003614
-0.000169702108
0.000809727674
2.95632039e-05
0.000739201038
0.000236482792
0.000607935674
0.00046085991
0.000419110877
0.000711849799
0.000184524334
0.000994717066
-6.71911685e-05
0.00130285735
-0.000280617541
0.00160077811
-0.00036941848
0.00179397163
-0.000246993635
0.00168305583
0.000912933953
-0.000168965203
-0.000624840485
-0.000352016166
-0.00131115236
-0.00043155766
-0.001560654
-0.000408908951
-0.00154433861
-0.000319435143
-0.0013883628
-0.000200095144
-0.00116905743
-7.98100501e-05
-0.000927456642
2.15782725e-05
-0.000682510548
9.14287123e-05
-0.00044042347
0.000122135404
-0.000200408793
0.000109757218
4.19413953e-05
5.3645733e-05
0.000292594274
-4.27489994e-05
0.000557254635
-0.000169694032
0.00083879483
-0.000307652428
0.00113267547
-0.000423468621
0.00141867355
-0.000470024866
0.00164733436
-0.000397824823
0.00172177158
-0.000196431032
0.00148166203
0.000716502926
-0.000124192128
-0.00050064835
-0.000308335628
-0.00112700887
-0.00045049409
-0.00141849555
-0.000523204004
-0.0014716287
-0.000535391038
-0.00137617576
-0.00050816079
-0.00119628767
-0.000463156857
-0.000972460575
-0.000418060916
-0.000727606497
-0.000385618999
-0.000472865393
-0.000373912056
-0.000212115731
-0.00038672791
5.47572586e-05
-0.000423459479
0.000329325847
-0.000478356359
0.000612151509
-0.000539178267
0.000899616731
-0.000585818878
0.00117931608
-0.00059051233
0.001423367
-0.000523085124
0.00157990716
-0.000366699079
0.00156538553
-0.000150585987
0.00126554894
0.000565916938
-9.45729298e-05
-0.000406075416
-0.000264649734
-0.00095693206
-0.000430738376
-0.00125240691
-0.000556976935
-0.00134539014
-0.000636793207
-0.00129635949
-0.000678141744
-0.00115493913
-0.000693943896
-0.000956658415
-0.000696929213
-0.000724621183
-0.00069727404
-0.000472520575
-0.000701661748
-0.000207728027
-0.000712860701
6.59562184e-05
-0.000729336344
0.0003458015
-0.000744753788
0.000627568954
-0.000747580291
0.000902443226
-0.000721469899
0.00115320568
-0.00064784339
0.0013497405
-0.000512876916
0.00144494069
-0.000321206272
0.00137371489
-0.000116485698
0.00106082836
0.000449431234
-7.53437387e-05
-0.000330731679
-0.000228206808
-0.000804068982
-0.000398353649
-0.00108226007
-0.000550539515
-0.00119320428
-0.000670626447
-0.00117627256
-0.000757578334
-0.00106798724
-0.000816784792
-0.000897451946
-0.000855587418
-0.000685818551
-0.000880624277
-0.000447483723
-0.000896360315
-0.000191992001
-0.000904270082
7.38659837e-05
-0.000902360301
0.000343891729
-0.000884972189
0.000610180853
-0.000843104145
0.00086057518
-0.000765820185
0.00107592171
-0.000643664739
0.00122758505
-0.000475103941
0.0012763799
-0.000276309841
0.0011749208
-9.21328547e-05
0.00087665138
0.000357298373
-6.22883151e-05
-0.000268443372
-0.000198541318
-0.000667815968
-0.000362893642
-0.000917907735
-0.000523850711
-0.00103224722
-0.000664415219
-0.00103570806
-0.000778128917
-0.000954273548
-0.000864812166
-0.000810768691
-0.000927165455
-0.000623465248
-0.00096839966
-0.000406249513
-0.000990721198
-0.000169670474
-0.000994436364
7.75811383e-05
-0.000977525737
0.000326981103
-0.000935694993
0.000568350121
-0.000863101223
0.00078798142
-0.000754123147
0.00096694363
-0.000606626306
0.00108008819
-0.000426950412
0.001096704
-0.00023603829
0.000984008683
-7.4349017e-05
0.000714962115
0.000282949356
-5.27689773e-05
-0.000215674405
-0.000173812793
-0.000546772148
-0.000327557399
-0.00076416312
-0.000486865968
-0.00087293864
-0.000634380175
-0.000888193861
-0.000760757852
-0.000827895884
-0.000862116661
-0.000709409886
-0.000937654753
-0.000547927147
-0.000987783209
-0.000356121043
-0.00101282394
-0.00014462974
-0.00101222275
7.69799362e-05
-0.0009842407
0.000298999039
-0.000926163066
0.000510272491
-0.000835158807
0.000696977174
-0.000709976077
0.000841760908
-0.000553597321
0.000923709435
-0.00037667698
0.000919783649
-0.000200960052
0.000808291751
-6.08626279e-05
0.000574864694
0.000222086734
-4.52979286e-05
-0.00017037648
-0.00015245398
-0.000439616103
-0.000293299617
-0.000623317479
-0.000444763099
-0.000721475148
-0.00059034583
-0.000742611123
-0.000719473346
-0.000698768376
-0.000826046346
-0.0006028369
-0.000906878214
-0.000467095281
-0.000960347572
-0.000302651672
-0.000985403135
-0.000119574163
-0.000980963142
7.25399421e-05
-0.000945732107
0.000263767989
-0.000878480035
0.00044302041
-0.000778855062
0.000597352206
-0.000648784047
0.000711689906
-0.000494403539
0.000769328934
-0.000328204149
0.000753584255
-0.000170678369
0.000650765964
-5.02806621e-05
0.000454466982
0.000171806078
-3.90621737e-05
-0.000131314299
-0.000133403802
-0.000345274488
-0.000260349976
-0.000496371309
-0.000400388973
-0.000581436144
-0.000538431187
-0.000604568896
-0.000663692769
-0.000573506789
-0.00076893804
-0.00049759164
-0.000849523083
-0.000386510253
-0.00090250094
-0.000249673814
-0.000925934092
-9.61409963e-05
-0.000918488862
6.50947242e-05
-0.000879356182
0.000224635306
-0.000808535332
0.000372199546
-0.000707505276
0.000496322141
-0.000580261694
0.00058444633
-0.000434588333
0.000623655584
-0.000283248285
0.000602244212
-0.000144573361
0.000512091036
-4.1755189e-05
0.000351648804
0.00013005089
-3.36093986e-05
-9.77048875e-05
-0.000115973499
-0.000262910396
-0.00022868589
-0.000383658928
-0.000355331151
-0.000454790887
-0.000482448492
-0.000477451545
-0.000599656637
-0.00045629863
-0.000699324718
-0.000397923557
-0.000776050474
-0.000309784509
-0.000826127633
-0.000199596668
-0.000847124141
-7.51444854e-05
-0.000837646083
5.56166814e-05
-0.000797332191
0.000184321424
-0.000727102518
0.000301969869
-0.00062965643
0.000398876041
-0.000510163478
0.00046495337
-0.000377005144
0.000490497255
-0.000242314862
0.000467553939
-0.000121978229
0.000391754407
-3.47332146e-05
0.000264403787
9.53176712e-05
-2.86574881e-05
-6.90473896e-05
-9.9660221e-05
-0.00019190766
-0.000198117004
-0.000285202153
-0.000310357566
-0.000342550335
-0.000424616073
-0.000363193041
-0.00053126589
-0.000349648801
-0.000622765441
-0.000306423993
-0.000693446618
-0.000239103333
-0.000739258808
-0.000153784492
-0.00075755804
-5.68452647e-05
-0.000747003454
4.50620998e-05
-0.000707597932
0.000144915917
-0.000640884386
0.000235256332
-0.000550277055
0.000308268706
-0.000441462347
0.000356138652
-0.000322745861
0.000371780764
-0.000205166586
0.000349974668
-0.000102185439
0.000288773267
-2.88024134e-05
0.000191020765
6.65152535e-05
-2.39812154e-05
-4.50661757e-05
-8.39974333e-05
-0.00013189143
-0.00016825709
-0.000200942493
-0.000265595487
-0.000245211946
-0.000365935598
-0.000262852941
-0.000460594504
-0.000254989896
-0.000542423531
-0.000224594952
-0.000605821305
-0.000175705546
-0.000646681717
-0.000112924082
-0.00066233938
-4.11876158e-05
-0.000651561336
3.42840472e-05
-0.000614612946
0.000107967531
-0.000553400632
0.00017404403
-0.000471663885
0.000226531966
-0.000375153996
0.00025962876
-0.000271701952
0.000268328712
-0.00017105886
0.000249331573
-8.44170701e-05
0.000202131479
-2.35998634e-05
0.000130203564
4.29153896e-05
-1.93492359e-05
-2.57169511e-05
-6.84700379e-05
-8.27706172e-05
-0.000138506748
-0.000130905772
-0.000220638068
-0.000163080624
-0.00030642841
-0.000177062609
-0.000388228762
-0.000173189555
-0.000459474181
-0.000153349532
-0.000514859805
-0.00012031991
-0.00055042978
-7.73540969e-05
-0.000563627553
-2.79898456e-05
-0.000553348424
2.40049065e-05
-0.000520016436
7.46355365e-05
-0.000465682617
0.000119710215
-0.00039411491
0.000154964268
-0.000310822978
0.000176336833
-0.000222941258
0.00018044699
-0.000138894621
0.00016528493
-6.78135195e-05
0.000131050376
-1.87621141e-05
8.11521606e-05
2.4153278e-05
-1.45055375e-05
-1.1211425e-05
-5.25211162e-05
-4.47550373e-05
-0.000108122815
-7.53040659e-05
-0.000174687789
-9.6515641e-05
-0.000245343233
-0.000106407164
-0.000313520816
-0.000105011981
-0.000373387907
-9.34824505e-05
-0.000420129431
-7.35783838e-05
-0.000450116071
-4.73674455e-05
-0.000461009074
-1.70968349e-05
-0.000451841625
1.48374558e-05
-0.000423096905
4.58908061e-05
-0.000376775973
7.33892781e-05
-0.000316426455
9.46147528e-05
-0.000247079548
0.000106989933
-0.000175030348
0.000108397795
-0.000107403057
9.76576379e-05
-5.1485846e-05
7.51331611e-05
-1.39146241e-05
4.35809369e-05
1.02386564e-05
-9.20280022e-06
-2.00862744e-06
-3.56847451e-05
-1.82730992e-05
-7.64355349e-05
-3.45532774e-05
-0.000126811026
-4.61401431e-05
-0.000181408064
-5.18101165e-05
-0.000234817141
-5.16029032e-05
-0.000282132227
-4.61673733e-05
-0.000319263545
-3.64470736e-05
-0.000343116516
-2.35144725e-05
-0.000351700043
-8.51329895e-06
-0.00034420701
7.34443035e-06
-0.000321084425
2.27682184e-05
-0.000284086158
3.63910049e-05
-0.000236279537
4.68081269e-05
-0.000181958576
5.26689745e-05
-0.000126403745
5.28429686e-05
-7.54285377e-05
4.66824335e-05
-3.46816259e-05
3.43862486e-05
-8.71390951e-06
1.76132182e-05
1.52474738e-06
-3.43751908e-06
1.42889871e-06
-1.80438765e-05
-3.66674923e-06
-4.34060427e-05
-9.19111786e-06
-7.64336741e-05
-1.31125117e-05
-0.000113187159
-1.50566236e-05
-0.000149665111
-1.51249432e-05
-0.000182251542
-1.35809443e-05
-0.000207952846
-1.0745777e-05
-0.000224514098
-6.9532273e-06
-0.000230484763
-2.54263084e-06
-0.000225272644
2.13232014e-06
-0.000209197077
6.69265689e-06
-0.000183535354
1.07292791e-05
-0.00015053681
1.38095773e-05
-0.000113368295
1.55004563e-05
-7.59397601e-05
1.54144358e-05
-4.25472208e-05
1.32898981e-05
-1.72767355e-05
9.11576553e-06
-3.10385712e-06
3.44033946e-06
-1.57911058e-06
1.42890694e-06
-2.23783767e-06
-1.14289587e-05
-2.45414778e-05
-3.95981054e-05
-5.47230444e-05
-6.83039807e-05
-7.90497541e-05
-8.60029855e-05
-8.85456233e-05
-8.64133057e-05
-7.97206451e-05
-6.89913604e-05
-5.51817807e-05
-3.96813261e-05
-2.42668933e-05
-1.09769964e-05
-1.86123015e-06
1.5791106e-06
)
;

boundaryField
{
    walls
    {
        type            calculated;
        value           uniform 0;
    }
    mov_wall
    {
        type            calculated;
        value           uniform 0;
    }
    empty
    {
        type            empty;
        value           nonuniform 0();
    }
}


// ************************************************************************* //
