/*--------------------------------*- C++ -*----------------------------------*\
| =========                 |                                                 |
| \\      /  F ield         | OpenFOAM: The Open Source CFD Toolbox           |
|  \\    /   O peration     | Version:  5.x                                   |
|   \\  /    A nd           | Web:      www.OpenFOAM.org                      |
|    \\/     M anipulation  |                                                 |
\*---------------------------------------------------------------------------*/
FoamFile
{
    version     2.0;
    format      ascii;
    class       volVectorField;
    location    "10";
    object      U;
}
// * * * * * * * * * * * * * * * * * * * * * * * * * * * * * * * * * * * * * //

dimensions      [0 1 -1 0 0 0 0];

internalField   nonuniform List<vector> 
400
(
(0.291698428 0.149643813 0)
(0.388187176 0.128007691 0)
(0.557616074 0.0757318253 0)
(0.674785704 0.0433044378 0)
(0.743766596 0.0251591046 0)
(0.787075023 0.0148802969 0)
(0.815462959 0.00893092119 0)
(0.833939562 0.00530992805 0)
(0.845365463 0.00289956175 0)
(0.851349264 0.00108485313 2.66526731e-34)
(0.852640748 -0.000502853108 -2.66526731e-34)
(0.849354292 -0.00216072073 0)
(0.840973371 -0.00421710589 0)
(0.826113775 -0.00722098568 0)
(0.802020426 -0.0122365008 0)
(0.763538945 -0.0213892101 0)
(0.69948889 -0.0388386156 0)
(0.584557335 -0.072273275 0)
(0.407900535 -0.128436308 0)
(0.300688068 -0.152947536 0)
(0.00120418568 0.287432393 0)
(0.0133209663 0.293872116 0)
(0.140044448 0.20990485 0)
(0.264971592 0.142986161 0)
(0.364177743 0.0968019836 0)
(0.440120066 0.0654411209 0)
(0.49654104 0.0439762509 0)
(0.536691068 0.028701156 0)
(0.563274467 0.0170798543 0)
(0.578137344 0.00742308692 0)
(0.582210287 -0.0015010124 0)
(0.575515252 -0.0107977554 0)
(0.557109249 -0.0217346529 0)
(0.524912995 -0.0361396917 0)
(0.475518409 -0.0569634967 0)
(0.404326004 -0.0889771517 0)
(0.305687294 -0.139150756 0)
(0.174497789 -0.215275203 0)
(0.0341065837 -0.310801156 0)
(0.010869156 -0.305909063 0)
(-0.0321467618 0.241773916 0)
(-0.0634303626 0.333547152 0)
(-0.0219361995 0.299502485 0)
(0.0505996308 0.240051662 0)
(0.127397387 0.183020805 0)
(0.196818614 0.135454522 0)
(0.254167105 0.0974523413 0)
(0.298088302 0.0668891696 0)
(0.328665677 0.0413758231 0)
(0.346307828 0.0187814603 -2.35796956e-33)
(0.351211316 -0.00280949175 2.35796956e-33)
(0.34312675 -0.0252950467 0)
(0.32127758 -0.0508299478 0)
(0.2844329 -0.0820948312 0)
(0.231328819 -0.122479774 0)
(0.161916763 -0.17565804 0)
(0.0798350204 -0.243208457 0)
(-0.00333734255 -0.317981961 0)
(-0.0578531346 -0.366363502 0)
(-0.0313893208 -0.270690675 0)
(-0.0261204144 0.182361572 0)
(-0.066619276 0.316884128 0)
(-0.0735377803 0.330901734 0)
(-0.0481307169 0.295352906 0)
(-0.00567217127 0.244253503 0)
(0.0411124801 0.19243174 0)
(0.084545111 0.145095038 0)
(0.120424333 0.103006628 0)
(0.146585246 0.0651543616 0)
(0.161925481 0.0298884057 2.35546498e-33)
(0.16581282 -0.00469432271 -2.35546498e-33)
(0.157798804 -0.040669619 0)
(0.137586499 -0.0803027388 0)
(0.105285211 -0.125979581 0)
(0.062090027 -0.179774808 0)
(0.0116092698 -0.242029716 0)
(-0.0380283778 -0.307764354 0)
(-0.0720490942 -0.359579369 0)
(-0.0711639185 -0.355585637 0)
(-0.0287210569 -0.209178581 0)
(-0.0176296823 0.140767913 0)
(-0.0549165439 0.281827199 0)
(-0.082862994 0.324484355 0)
(-0.0880762236 0.312396796 0)
(-0.075119688 0.274441978 0)
(-0.0526276231 0.226778427 0)
(-0.0275118457 0.177302817 0)
(-0.00458009066 0.129145423 0)
(0.0130234893 0.0829123594 0)
(0.0233567962 0.0379330302 -2.94545453e-34)
(0.025309748 -0.0071013958 2.94545453e-34)
(0.0184152091 -0.0537995225 0)
(0.00288698555 -0.103801261 0)
(-0.0200872018 -0.158367938 0)
(-0.0477707943 -0.217530724 0)
(-0.0750614578 -0.278347554 0)
(-0.0936267072 -0.331694802 0)
(-0.092227055 -0.357398868 0)
(-0.0635074675 -0.31887989 0)
(-0.02073126 -0.162076725 0)
(-0.0116542789 0.11159225 0)
(-0.0431521983 0.243765265 0)
(-0.0782839952 0.2998594 0)
(-0.100579261 0.305000826 0)
(-0.108310589 0.280421263 0)
(-0.105716504 0.240369181 0)
(-0.0975361696 0.193277767 0)
(-0.087793445 0.14354537 0)
(-0.0795351905 0.0930260731 0)
(-0.0748272181 0.0420752301 0)
(-0.0748481328 -0.00975925925 0)
(-0.0799345768 -0.0632506195 0)
(-0.0895000202 -0.119033274 0)
(-0.101812875 -0.176993444 0)
(-0.11369095 -0.235297921 0)
(-0.120284782 -0.288849074 0)
(-0.115237023 -0.327084783 0)
(-0.0922711125 -0.331566551 0)
(-0.0521876268 -0.27511969 0)
(-0.0142847855 -0.127260098 0)
(-0.00803185578 0.0899680182 0)
(-0.0343052813 0.207876696 0)
(-0.0703686575 0.267741355 0)
(-0.100959316 0.283509144 0)
(-0.121509109 0.269753778 0)
(-0.133061963 0.237807845 0)
(-0.138135834 0.195384123 0)
(-0.139450239 0.147216491 0)
(-0.139365663 0.0958906812 0)
(-0.139599231 0.0425957567 0)
(-0.141114114 -0.0122625694 0)
(-0.144054664 -0.0685401672 0)
(-0.147657206 -0.125824595 0)
(-0.150140599 -0.182787206 0)
(-0.148667741 -0.236314557 0)
(-0.139565529 -0.280390169 0)
(-0.119015754 -0.304900547 0)
(-0.0848747396 -0.294957286 0)
(-0.0422046445 -0.232154476 0)
(-0.0100065903 -0.100709815 0)
(-0.00589819043 0.0731569034 0)
(-0.0280514392 0.175459927 0)
(-0.0624620748 0.233454968 0)
(-0.0961931086 0.25465069 0)
(-0.123784289 0.248662373 0)
(-0.144336448 0.223978319 0)
(-0.158622038 0.187072456 0)
(-0.168069544 0.142434105 0)
(-0.174171006 0.0929433385 0)
(-0.178091649 0.0403532999 0)
(-0.180456261 -0.0142245262 0)
(-0.181230008 -0.0698446793 0)
(-0.179647302 -0.125225755 0)
(-0.174205194 -0.178177562 0)
(-0.162809068 -0.224940954 0)
(-0.143212558 -0.259512837 0)
(-0.113841639 -0.273201305 0)
(-0.075316618 -0.254896364 0)
(-0.0343188966 -0.192925778 0)
(-0.00728498451 -0.0799917705 0)
(-0.00459312352 0.0595160141 0)
(-0.0235441699 0.146542616 0)
(-0.0553429899 0.199662155 0)
(-0.0893196704 0.222701633 0)
(-0.120051816 0.221819414 0)
(-0.145609092 0.203131827 0)
(-0.165570651 0.171796547 0)
(-0.180317098 0.131775627 0)
(-0.190531071 0.085940509 0)
(-0.196813731 0.0363510076 2.97711393e-34)
(-0.199448899 -0.0153915464 -2.97711393e-34)
(-0.198275632 -0.0677566453 0)
(-0.192646155 -0.1188678 0)
(-0.18148935 -0.166059309 0)
(-0.163546086 -0.20544087 0)
(-0.137858728 -0.231577792 0)
(-0.104503396 -0.237504908 0)
(-0.0656637271 -0.215386227 0)
(-0.0281737979 -0.158249844 0)
(-0.00551068988 -0.0634668204 0)
(-0.00373314408 0.0480883401 0)
(-0.0201212352 0.120839396 0)
(-0.0490153884 0.16767644 0)
(-0.0816389773 0.190287498 0)
(-0.112989446 0.192487649 0)
(-0.140680559 0.178557129 4.67987884e-33)
(-0.163557392 0.152465446 0)
(-0.181246281 0.117554993 0)
(-0.193784172 0.0765047407 -4.74063671e-33)
(-0.201296968 0.0314709941 2.26590907e-36)
(-0.203789193 -0.0156743966 4.98648521e-36)
(-0.201035367 -0.0630555977 0)
(-0.192565931 -0.108481586 0)
(-0.177765513 -0.14914143 0)
(-0.156124906 -0.181360928 0)
(-0.127679781 -0.200524262 0)
(-0.0935645698 -0.201318537 0)
(-0.0566770451 -0.178463973 0)
(-0.0233146668 -0.128090142 0)
(-0.00429570503 -0.0500435347 0)
(-0.00311504102 0.0383306343 0)
(-0.0173631172 0.0980508501 0)
(-0.0433176205 0.138129964 0)
(-0.0737180749 0.158979198 0)
(-0.10410445 0.162838223 0)
(-0.131970532 0.152618178 -4.67987884e-33)
(-0.155761613 0.1312957 0)
(-0.174612861 0.101603273 0)
(-0.188100218 0.0659289898 4.74063671e-33)
(-0.195997418 0.0263693602 1.49106805e-33)
(-0.19811161 -0.0151233196 -1.49832044e-33)
(-0.194204009 -0.0565442457 0)
(-0.183996559 -0.0956260411 0)
(-0.167277173 -0.129654846 0)
(-0.144124393 -0.155368918 0)
(-0.115252463 -0.169022499 0)
(-0.0823814073 -0.16671389 0)
(-0.0485941036 -0.145040226 0)
(-0.0193975966 -0.102103348 0)
(-0.0034209098 -0.0390050018 0)
(-0.00263393532 0.029926266 0)
(-0.0150226236 0.0779301287 0)
(-0.0380974224 0.111311109 0)
(-0.0658175684 0.129695792 0)
(-0.0942794737 0.134263877 0)
(-0.121044026 0.126925342 0)
(-0.144383607 0.109860568 0)
(-0.163148983 0.0852480429 0)
(-0.176619507 0.055141634 0)
(-0.184335474 0.0214703124 2.99742572e-34)
(-0.185982936 -0.0138813657 -2.99742572e-34)
(-0.181343673 -0.0489515418 0)
(-0.170313962 -0.0815745581 0)
(-0.152999252 -0.109289273 0)
(-0.129891605 -0.12933074 0)
(-0.102114501 -0.138764249 0)
(-0.0716393803 -0.134816141 0)
(-0.0414365946 -0.115407289 0)
(-0.0161843493 -0.0798582226 0)
(-0.00276403341 -0.0298606593 0)
(-0.00223473553 0.0226800247 0)
(-0.0129541256 0.0602838583 0)
(-0.0332381486 0.0873308362 0)
(-0.0580555292 0.102954499 0)
(-0.0840353814 0.107621819 0)
(-0.108906084 0.102520708 0)
(-0.130914079 0.0892086495 0)
(-0.148775832 0.0693818649 0)
(-0.161603549 0.044750161 0)
(-0.168801289 0.0170067299 3.00137154e-34)
(-0.169993546 -0.0121372166 -3.00137154e-34)
(-0.164999671 -0.0408861817 0)
(-0.153857534 -0.0672953777 0)
(-0.136899079 -0.0892417085 0)
(-0.114876636 -0.104468705 0)
(-0.0891189082 -0.110744422 0)
(-0.0616328441 -0.106158119 0)
(-0.0351269747 -0.0895353377 0)
(-0.0135037423 -0.0609264425 0)
(-0.00225327231 -0.0222578269 0)
(-0.00188545583 0.0164662549 0)
(-0.0110624837 0.0449645393 0)
(-0.0286411423 0.0662105064 0)
(-0.050461129 0.0790278184 0)
(-0.0736531646 0.0834123296 0)
(-0.0961641802 0.0800414877 0)
(-0.116305917 0.0699953584 0)
(-0.132763339 0.0545610878 0)
(-0.1445756 0.0351143614 0)
(-0.151082435 0.0130747316 0)
(-0.151887893 -0.0100881572 0)
(-0.146853003 -0.0328250804 0)
(-0.136119503 -0.0534823556 0)
(-0.120164254 -0.0703098565 0)
(-0.0998793387 -0.0815299519 0)
(-0.0766571207 -0.0854921401 0)
(-0.0524122113 -0.0809235415 0)
(-0.0295300338 -0.0672469525 0)
(-0.0112185725 -0.0449266646 0)
(-0.00184129719 -0.0159381047 0)
(-0.00156251831 0.0112077476 0)
(-0.00926988076 0.0318705359 0)
(-0.02420252 0.0479368756 0)
(-0.0429884452 0.0580490717 0)
(-0.0632319154 0.0619115002 0)
(-0.0831208712 0.0598559169 0)
(-0.101086249 0.0526055533 0)
(-0.115849131 0.041107173 0)
(-0.126440927 0.0264236337 0)
(-0.132187239 0.00968560672 0)
(-0.132697634 -0.00791671707 0)
(-0.127870718 -0.0251250522 0)
(-0.117915457 -0.0406102748 0)
(-0.103386532 -0.0529974532 0)
(-0.0852272515 -0.0609387004 0)
(-0.0648019878 -0.0632496914 0)
(-0.0438652632 -0.0591133875 0)
(-0.0244675013 -0.0483249916 0)
(-0.00920309292 -0.0315520075 0)
(-0.00149088363 -0.010719378 0)
(-0.00124269243 0.0068723666 0)
(-0.00749726523 0.0209539378 0)
(-0.0197996775 0.0325014302 0)
(-0.0355241956 0.0400873004 0)
(-0.0527239644 0.0432717632 0)
(-0.0698331064 0.0421741826 0)
(-0.0854326596 0.0372606173 0)
(-0.0983251712 0.0291991475 0)
(-0.107580785 0.01876736 0)
(-0.112546721 0.00680864484 0)
(-0.112854335 -0.00578011133 0)
(-0.108431631 -0.0180487589 0)
(-0.0995214494 -0.0289997747 0)
(-0.0867021667 -0.0376160651 0)
(-0.0709039765 -0.0429246743 0)
(-0.0534054924 -0.0441071882 0)
(-0.0357703082 -0.0406592893 0)
(-0.0197281044 -0.0325810806 0)
(-0.0073307286 -0.0205903321 0)
(-0.00116697604 -0.00649226843 0)
(-0.000899883025 0.00347704303 0)
(-0.00566093284 0.0122244278 0)
(-0.0152978484 0.0199179402 0)
(-0.0279091949 0.0251886541 0)
(-0.0419708368 0.0275859306 0)
(-0.0561592817 0.0271262706 0)
(-0.0692274828 0.0240986725 0)
(-0.0800968191 0.018945431 0)
(-0.0879159925 0.0121895923 0)
(-0.092084419 0.00440206559 0)
(-0.09226815 -0.00380767672 0)
(-0.0884155134 -0.0117927658 0)
(-0.0807724918 -0.0188748773 0)
(-0.0698942049 -0.0243659746 0)
(-0.0566454534 -0.027615193 0)
(-0.0421770495 -0.0280887047 0)
(-0.0278468984 -0.025486418 0)
(-0.0150887328 -0.0198866113 0)
(-0.00547449472 -0.011931357 0)
(-0.000833547475 -0.00322197502 0)
(-0.000507507868 0.00108920871 0)
(-0.00368889265 0.00574013971 0)
(-0.0105872266 0.0102223802 0)
(-0.0199879405 0.0134022139 0)
(-0.0307552961 0.0149400961 0)
(-0.0418076562 0.0148327197 0)
(-0.0521004758 0.0132501843 0)
(-0.0607205948 0.0104516789 0)
(-0.0669425843 0.00673881526 0)
(-0.0702538293 0.00243728275 0)
(-0.0703711869 -0.00210635136 0)
(-0.0672558396 -0.00652338696 0)
(-0.0611263912 -0.0104252539 0)
(-0.0524664976 -0.0134154709 0)
(-0.0420201072 -0.0151167128 0)
(-0.0307626614 -0.0152183513 0)
(-0.0198243278 -0.0135494052 0)
(-0.0103615207 -0.0101761658 0)
(-0.00352670143 -0.00555507445 0)
(-0.000456470449 -0.000945966243 0)
(-6.44909284e-05 -0.000176240231 0)
(-0.00159898871 0.00163661747 0)
(-0.0056951888 0.00359860151 0)
(-0.0117199325 0.00501067844 0)
(-0.0188880507 0.00571684608 0)
(-0.026391389 0.00573382909 0)
(-0.033454988 0.0051477224 0)
(-0.0394085019 0.00407326845 0)
(-0.0437225494 0.00263489146 0)
(-0.0460238853 0.00096186117 0)
(-0.0461058238 -0.000810105079 0)
(-0.0439388709 -0.00253598934 0)
(-0.0396813828 -0.00406056207 0)
(-0.0336869561 -0.00522175559 0)
(-0.0265027366 -0.00586030545 0)
(-0.0188496254 -0.00583829672 0)
(-0.0115675423 -0.00507039449 0)
(-0.00551559542 -0.0035709536 0)
(-0.00148203448 -0.00155258668 0)
(-3.10931832e-05 0.000233977806 0)
(0.00026139593 -0.000255577568 0)
(0.000151440845 0.000102073425 0)
(-0.00117495278 0.000547415541 0)
(-0.00348063249 0.000863515947 0)
(-0.00637558437 0.00102207771 0)
(-0.00946687356 0.00103797697 0)
(-0.0124000358 0.00093621854 0)
(-0.0148817766 0.000743062145 0)
(-0.0166861004 0.000483180487 0)
(-0.0176547264 0.00018008789 1.08300118e-33)
(-0.0176985213 -0.000142308638 -1.08300118e-33)
(-0.0168014863 -0.000458218704 0)
(-0.0150266286 -0.000739019136 0)
(-0.0125219 -0.000953244431 0)
(-0.00952354865 -0.00106773209 0)
(-0.00635302379 -0.00105052584 0)
(-0.00340014958 -0.000876788045 0)
(-0.00108361507 -0.000539616068 0)
(0.000206111118 -8.25143558e-05 0)
(0.000274563825 0.00026674567 0)
)
;

boundaryField
{
    walls
    {
        type            fixedValue;
        value           uniform (0 0 0);
    }
    mov_wall
    {
        type            fixedValue;
        value           uniform (1 0 0);
    }
    empty
    {
        type            empty;
    }
}


// ************************************************************************* //
