/*--------------------------------*- C++ -*----------------------------------*\
| =========                 |                                                 |
| \\      /  F ield         | OpenFOAM: The Open Source CFD Toolbox           |
|  \\    /   O peration     | Version:  5.x                                   |
|   \\  /    A nd           | Web:      www.OpenFOAM.org                      |
|    \\/     M anipulation  |                                                 |
\*---------------------------------------------------------------------------*/
FoamFile
{
    version     2.0;
    format      ascii;
    class       faceList;
    location    "constant/polyMesh";
    object      faces;
}
// * * * * * * * * * * * * * * * * * * * * * * * * * * * * * * * * * * * * * //


1640
(
4(61 444 443 80)
4(22 80 443 442)
4(62 446 445 81)
4(80 81 445 443)
4(63 448 447 82)
4(81 82 447 445)
4(64 450 449 83)
4(82 83 449 447)
4(65 452 451 84)
4(83 84 451 449)
4(66 454 453 85)
4(84 85 453 451)
4(67 456 455 86)
4(85 86 455 453)
4(68 458 457 87)
4(86 87 457 455)
4(69 460 459 88)
4(87 88 459 457)
4(70 462 461 89)
4(88 89 461 459)
4(71 464 463 90)
4(89 90 463 461)
4(72 466 465 91)
4(90 91 465 463)
4(73 468 467 92)
4(91 92 467 465)
4(74 470 469 93)
4(92 93 469 467)
4(75 472 471 94)
4(93 94 471 469)
4(76 474 473 95)
4(94 95 473 471)
4(77 476 475 96)
4(95 96 475 473)
4(78 478 477 97)
4(96 97 477 475)
4(79 480 479 98)
4(97 98 479 477)
4(98 60 481 479)
4(80 443 484 99)
4(21 99 484 483)
4(81 445 485 100)
4(99 100 485 484)
4(82 447 486 101)
4(100 101 486 485)
4(83 449 487 102)
4(101 102 487 486)
4(84 451 488 103)
4(102 103 488 487)
4(85 453 489 104)
4(103 104 489 488)
4(86 455 490 105)
4(104 105 490 489)
4(87 457 491 106)
4(105 106 491 490)
4(88 459 492 107)
4(106 107 492 491)
4(89 461 493 108)
4(107 108 493 492)
4(90 463 494 109)
4(108 109 494 493)
4(91 465 495 110)
4(109 110 495 494)
4(92 467 496 111)
4(110 111 496 495)
4(93 469 497 112)
4(111 112 497 496)
4(94 471 498 113)
4(112 113 498 497)
4(95 473 499 114)
4(113 114 499 498)
4(96 475 500 115)
4(114 115 500 499)
4(97 477 501 116)
4(115 116 501 500)
4(98 479 502 117)
4(116 117 502 501)
4(117 59 503 502)
4(99 484 505 118)
4(20 118 505 504)
4(100 485 506 119)
4(118 119 506 505)
4(101 486 507 120)
4(119 120 507 506)
4(102 487 508 121)
4(120 121 508 507)
4(103 488 509 122)
4(121 122 509 508)
4(104 489 510 123)
4(122 123 510 509)
4(105 490 511 124)
4(123 124 511 510)
4(106 491 512 125)
4(124 125 512 511)
4(107 492 513 126)
4(125 126 513 512)
4(108 493 514 127)
4(126 127 514 513)
4(109 494 515 128)
4(127 128 515 514)
4(110 495 516 129)
4(128 129 516 515)
4(111 496 517 130)
4(129 130 517 516)
4(112 497 518 131)
4(130 131 518 517)
4(113 498 519 132)
4(131 132 519 518)
4(114 499 520 133)
4(132 133 520 519)
4(115 500 521 134)
4(133 134 521 520)
4(116 501 522 135)
4(134 135 522 521)
4(117 502 523 136)
4(135 136 523 522)
4(136 58 524 523)
4(118 505 526 137)
4(19 137 526 525)
4(119 506 527 138)
4(137 138 527 526)
4(120 507 528 139)
4(138 139 528 527)
4(121 508 529 140)
4(139 140 529 528)
4(122 509 530 141)
4(140 141 530 529)
4(123 510 531 142)
4(141 142 531 530)
4(124 511 532 143)
4(142 143 532 531)
4(125 512 533 144)
4(143 144 533 532)
4(126 513 534 145)
4(144 145 534 533)
4(127 514 535 146)
4(145 146 535 534)
4(128 515 536 147)
4(146 147 536 535)
4(129 516 537 148)
4(147 148 537 536)
4(130 517 538 149)
4(148 149 538 537)
4(131 518 539 150)
4(149 150 539 538)
4(132 519 540 151)
4(150 151 540 539)
4(133 520 541 152)
4(151 152 541 540)
4(134 521 542 153)
4(152 153 542 541)
4(135 522 543 154)
4(153 154 543 542)
4(136 523 544 155)
4(154 155 544 543)
4(155 57 545 544)
4(137 526 547 156)
4(18 156 547 546)
4(138 527 548 157)
4(156 157 548 547)
4(139 528 549 158)
4(157 158 549 548)
4(140 529 550 159)
4(158 159 550 549)
4(141 530 551 160)
4(159 160 551 550)
4(142 531 552 161)
4(160 161 552 551)
4(143 532 553 162)
4(161 162 553 552)
4(144 533 554 163)
4(162 163 554 553)
4(145 534 555 164)
4(163 164 555 554)
4(146 535 556 165)
4(164 165 556 555)
4(147 536 557 166)
4(165 166 557 556)
4(148 537 558 167)
4(166 167 558 557)
4(149 538 559 168)
4(167 168 559 558)
4(150 539 560 169)
4(168 169 560 559)
4(151 540 561 170)
4(169 170 561 560)
4(152 541 562 171)
4(170 171 562 561)
4(153 542 563 172)
4(171 172 563 562)
4(154 543 564 173)
4(172 173 564 563)
4(155 544 565 174)
4(173 174 565 564)
4(174 56 566 565)
4(156 547 568 175)
4(17 175 568 567)
4(157 548 569 176)
4(175 176 569 568)
4(158 549 570 177)
4(176 177 570 569)
4(159 550 571 178)
4(177 178 571 570)
4(160 551 572 179)
4(178 179 572 571)
4(161 552 573 180)
4(179 180 573 572)
4(162 553 574 181)
4(180 181 574 573)
4(163 554 575 182)
4(181 182 575 574)
4(164 555 576 183)
4(182 183 576 575)
4(165 556 577 184)
4(183 184 577 576)
4(166 557 578 185)
4(184 185 578 577)
4(167 558 579 186)
4(185 186 579 578)
4(168 559 580 187)
4(186 187 580 579)
4(169 560 581 188)
4(187 188 581 580)
4(170 561 582 189)
4(188 189 582 581)
4(171 562 583 190)
4(189 190 583 582)
4(172 563 584 191)
4(190 191 584 583)
4(173 564 585 192)
4(191 192 585 584)
4(174 565 586 193)
4(192 193 586 585)
4(193 55 587 586)
4(175 568 589 194)
4(16 194 589 588)
4(176 569 590 195)
4(194 195 590 589)
4(177 570 591 196)
4(195 196 591 590)
4(178 571 592 197)
4(196 197 592 591)
4(179 572 593 198)
4(197 198 593 592)
4(180 573 594 199)
4(198 199 594 593)
4(181 574 595 200)
4(199 200 595 594)
4(182 575 596 201)
4(200 201 596 595)
4(183 576 597 202)
4(201 202 597 596)
4(184 577 598 203)
4(202 203 598 597)
4(185 578 599 204)
4(203 204 599 598)
4(186 579 600 205)
4(204 205 600 599)
4(187 580 601 206)
4(205 206 601 600)
4(188 581 602 207)
4(206 207 602 601)
4(189 582 603 208)
4(207 208 603 602)
4(190 583 604 209)
4(208 209 604 603)
4(191 584 605 210)
4(209 210 605 604)
4(192 585 606 211)
4(210 211 606 605)
4(193 586 607 212)
4(211 212 607 606)
4(212 54 608 607)
4(194 589 610 213)
4(15 213 610 609)
4(195 590 611 214)
4(213 214 611 610)
4(196 591 612 215)
4(214 215 612 611)
4(197 592 613 216)
4(215 216 613 612)
4(198 593 614 217)
4(216 217 614 613)
4(199 594 615 218)
4(217 218 615 614)
4(200 595 616 219)
4(218 219 616 615)
4(201 596 617 220)
4(219 220 617 616)
4(202 597 618 221)
4(220 221 618 617)
4(203 598 619 222)
4(221 222 619 618)
4(204 599 620 223)
4(222 223 620 619)
4(205 600 621 224)
4(223 224 621 620)
4(206 601 622 225)
4(224 225 622 621)
4(207 602 623 226)
4(225 226 623 622)
4(208 603 624 227)
4(226 227 624 623)
4(209 604 625 228)
4(227 228 625 624)
4(210 605 626 229)
4(228 229 626 625)
4(211 606 627 230)
4(229 230 627 626)
4(212 607 628 231)
4(230 231 628 627)
4(231 53 629 628)
4(213 610 631 232)
4(14 232 631 630)
4(214 611 632 233)
4(232 233 632 631)
4(215 612 633 234)
4(233 234 633 632)
4(216 613 634 235)
4(234 235 634 633)
4(217 614 635 236)
4(235 236 635 634)
4(218 615 636 237)
4(236 237 636 635)
4(219 616 637 238)
4(237 238 637 636)
4(220 617 638 239)
4(238 239 638 637)
4(221 618 639 240)
4(239 240 639 638)
4(222 619 640 241)
4(240 241 640 639)
4(223 620 641 242)
4(241 242 641 640)
4(224 621 642 243)
4(242 243 642 641)
4(225 622 643 244)
4(243 244 643 642)
4(226 623 644 245)
4(244 245 644 643)
4(227 624 645 246)
4(245 246 645 644)
4(228 625 646 247)
4(246 247 646 645)
4(229 626 647 248)
4(247 248 647 646)
4(230 627 648 249)
4(248 249 648 647)
4(231 628 649 250)
4(249 250 649 648)
4(250 52 650 649)
4(232 631 652 251)
4(13 251 652 651)
4(233 632 653 252)
4(251 252 653 652)
4(234 633 654 253)
4(252 253 654 653)
4(235 634 655 254)
4(253 254 655 654)
4(236 635 656 255)
4(254 255 656 655)
4(237 636 657 256)
4(255 256 657 656)
4(238 637 658 257)
4(256 257 658 657)
4(239 638 659 258)
4(257 258 659 658)
4(240 639 660 259)
4(258 259 660 659)
4(241 640 661 260)
4(259 260 661 660)
4(242 641 662 261)
4(260 261 662 661)
4(243 642 663 262)
4(261 262 663 662)
4(244 643 664 263)
4(262 263 664 663)
4(245 644 665 264)
4(263 264 665 664)
4(246 645 666 265)
4(264 265 666 665)
4(247 646 667 266)
4(265 266 667 666)
4(248 647 668 267)
4(266 267 668 667)
4(249 648 669 268)
4(267 268 669 668)
4(250 649 670 269)
4(268 269 670 669)
4(269 51 671 670)
4(251 652 673 270)
4(12 270 673 672)
4(252 653 674 271)
4(270 271 674 673)
4(253 654 675 272)
4(271 272 675 674)
4(254 655 676 273)
4(272 273 676 675)
4(255 656 677 274)
4(273 274 677 676)
4(256 657 678 275)
4(274 275 678 677)
4(257 658 679 276)
4(275 276 679 678)
4(258 659 680 277)
4(276 277 680 679)
4(259 660 681 278)
4(277 278 681 680)
4(260 661 682 279)
4(278 279 682 681)
4(261 662 683 280)
4(279 280 683 682)
4(262 663 684 281)
4(280 281 684 683)
4(263 664 685 282)
4(281 282 685 684)
4(264 665 686 283)
4(282 283 686 685)
4(265 666 687 284)
4(283 284 687 686)
4(266 667 688 285)
4(284 285 688 687)
4(267 668 689 286)
4(285 286 689 688)
4(268 669 690 287)
4(286 287 690 689)
4(269 670 691 288)
4(287 288 691 690)
4(288 50 692 691)
4(270 673 694 289)
4(11 289 694 693)
4(271 674 695 290)
4(289 290 695 694)
4(272 675 696 291)
4(290 291 696 695)
4(273 676 697 292)
4(291 292 697 696)
4(274 677 698 293)
4(292 293 698 697)
4(275 678 699 294)
4(293 294 699 698)
4(276 679 700 295)
4(294 295 700 699)
4(277 680 701 296)
4(295 296 701 700)
4(278 681 702 297)
4(296 297 702 701)
4(279 682 703 298)
4(297 298 703 702)
4(280 683 704 299)
4(298 299 704 703)
4(281 684 705 300)
4(299 300 705 704)
4(282 685 706 301)
4(300 301 706 705)
4(283 686 707 302)
4(301 302 707 706)
4(284 687 708 303)
4(302 303 708 707)
4(285 688 709 304)
4(303 304 709 708)
4(286 689 710 305)
4(304 305 710 709)
4(287 690 711 306)
4(305 306 711 710)
4(288 691 712 307)
4(306 307 712 711)
4(307 49 713 712)
4(289 694 715 308)
4(10 308 715 714)
4(290 695 716 309)
4(308 309 716 715)
4(291 696 717 310)
4(309 310 717 716)
4(292 697 718 311)
4(310 311 718 717)
4(293 698 719 312)
4(311 312 719 718)
4(294 699 720 313)
4(312 313 720 719)
4(295 700 721 314)
4(313 314 721 720)
4(296 701 722 315)
4(314 315 722 721)
4(297 702 723 316)
4(315 316 723 722)
4(298 703 724 317)
4(316 317 724 723)
4(299 704 725 318)
4(317 318 725 724)
4(300 705 726 319)
4(318 319 726 725)
4(301 706 727 320)
4(319 320 727 726)
4(302 707 728 321)
4(320 321 728 727)
4(303 708 729 322)
4(321 322 729 728)
4(304 709 730 323)
4(322 323 730 729)
4(305 710 731 324)
4(323 324 731 730)
4(306 711 732 325)
4(324 325 732 731)
4(307 712 733 326)
4(325 326 733 732)
4(326 48 734 733)
4(308 715 736 327)
4(9 327 736 735)
4(309 716 737 328)
4(327 328 737 736)
4(310 717 738 329)
4(328 329 738 737)
4(311 718 739 330)
4(329 330 739 738)
4(312 719 740 331)
4(330 331 740 739)
4(313 720 741 332)
4(331 332 741 740)
4(314 721 742 333)
4(332 333 742 741)
4(315 722 743 334)
4(333 334 743 742)
4(316 723 744 335)
4(334 335 744 743)
4(317 724 745 336)
4(335 336 745 744)
4(318 725 746 337)
4(336 337 746 745)
4(319 726 747 338)
4(337 338 747 746)
4(320 727 748 339)
4(338 339 748 747)
4(321 728 749 340)
4(339 340 749 748)
4(322 729 750 341)
4(340 341 750 749)
4(323 730 751 342)
4(341 342 751 750)
4(324 731 752 343)
4(342 343 752 751)
4(325 732 753 344)
4(343 344 753 752)
4(326 733 754 345)
4(344 345 754 753)
4(345 47 755 754)
4(327 736 757 346)
4(8 346 757 756)
4(328 737 758 347)
4(346 347 758 757)
4(329 738 759 348)
4(347 348 759 758)
4(330 739 760 349)
4(348 349 760 759)
4(331 740 761 350)
4(349 350 761 760)
4(332 741 762 351)
4(350 351 762 761)
4(333 742 763 352)
4(351 352 763 762)
4(334 743 764 353)
4(352 353 764 763)
4(335 744 765 354)
4(353 354 765 764)
4(336 745 766 355)
4(354 355 766 765)
4(337 746 767 356)
4(355 356 767 766)
4(338 747 768 357)
4(356 357 768 767)
4(339 748 769 358)
4(357 358 769 768)
4(340 749 770 359)
4(358 359 770 769)
4(341 750 771 360)
4(359 360 771 770)
4(342 751 772 361)
4(360 361 772 771)
4(343 752 773 362)
4(361 362 773 772)
4(344 753 774 363)
4(362 363 774 773)
4(345 754 775 364)
4(363 364 775 774)
4(364 46 776 775)
4(346 757 778 365)
4(7 365 778 777)
4(347 758 779 366)
4(365 366 779 778)
4(348 759 780 367)
4(366 367 780 779)
4(349 760 781 368)
4(367 368 781 780)
4(350 761 782 369)
4(368 369 782 781)
4(351 762 783 370)
4(369 370 783 782)
4(352 763 784 371)
4(370 371 784 783)
4(353 764 785 372)
4(371 372 785 784)
4(354 765 786 373)
4(372 373 786 785)
4(355 766 787 374)
4(373 374 787 786)
4(356 767 788 375)
4(374 375 788 787)
4(357 768 789 376)
4(375 376 789 788)
4(358 769 790 377)
4(376 377 790 789)
4(359 770 791 378)
4(377 378 791 790)
4(360 771 792 379)
4(378 379 792 791)
4(361 772 793 380)
4(379 380 793 792)
4(362 773 794 381)
4(380 381 794 793)
4(363 774 795 382)
4(381 382 795 794)
4(364 775 796 383)
4(382 383 796 795)
4(383 45 797 796)
4(365 778 799 384)
4(6 384 799 798)
4(366 779 800 385)
4(384 385 800 799)
4(367 780 801 386)
4(385 386 801 800)
4(368 781 802 387)
4(386 387 802 801)
4(369 782 803 388)
4(387 388 803 802)
4(370 783 804 389)
4(388 389 804 803)
4(371 784 805 390)
4(389 390 805 804)
4(372 785 806 391)
4(390 391 806 805)
4(373 786 807 392)
4(391 392 807 806)
4(374 787 808 393)
4(392 393 808 807)
4(375 788 809 394)
4(393 394 809 808)
4(376 789 810 395)
4(394 395 810 809)
4(377 790 811 396)
4(395 396 811 810)
4(378 791 812 397)
4(396 397 812 811)
4(379 792 813 398)
4(397 398 813 812)
4(380 793 814 399)
4(398 399 814 813)
4(381 794 815 400)
4(399 400 815 814)
4(382 795 816 401)
4(400 401 816 815)
4(383 796 817 402)
4(401 402 817 816)
4(402 44 818 817)
4(384 799 820 403)
4(5 403 820 819)
4(385 800 821 404)
4(403 404 821 820)
4(386 801 822 405)
4(404 405 822 821)
4(387 802 823 406)
4(405 406 823 822)
4(388 803 824 407)
4(406 407 824 823)
4(389 804 825 408)
4(407 408 825 824)
4(390 805 826 409)
4(408 409 826 825)
4(391 806 827 410)
4(409 410 827 826)
4(392 807 828 411)
4(410 411 828 827)
4(393 808 829 412)
4(411 412 829 828)
4(394 809 830 413)
4(412 413 830 829)
4(395 810 831 414)
4(413 414 831 830)
4(396 811 832 415)
4(414 415 832 831)
4(397 812 833 416)
4(415 416 833 832)
4(398 813 834 417)
4(416 417 834 833)
4(399 814 835 418)
4(417 418 835 834)
4(400 815 836 419)
4(418 419 836 835)
4(401 816 837 420)
4(419 420 837 836)
4(402 817 838 421)
4(420 421 838 837)
4(421 43 839 838)
4(403 820 841 422)
4(4 422 841 840)
4(404 821 842 423)
4(422 423 842 841)
4(405 822 843 424)
4(423 424 843 842)
4(406 823 844 425)
4(424 425 844 843)
4(407 824 845 426)
4(425 426 845 844)
4(408 825 846 427)
4(426 427 846 845)
4(409 826 847 428)
4(427 428 847 846)
4(410 827 848 429)
4(428 429 848 847)
4(411 828 849 430)
4(429 430 849 848)
4(412 829 850 431)
4(430 431 850 849)
4(413 830 851 432)
4(431 432 851 850)
4(414 831 852 433)
4(432 433 852 851)
4(415 832 853 434)
4(433 434 853 852)
4(416 833 854 435)
4(434 435 854 853)
4(417 834 855 436)
4(435 436 855 854)
4(418 835 856 437)
4(436 437 856 855)
4(419 836 857 438)
4(437 438 857 856)
4(420 837 858 439)
4(438 439 858 857)
4(421 838 859 440)
4(439 440 859 858)
4(440 42 860 859)
4(422 841 862 23)
4(423 842 863 24)
4(424 843 864 25)
4(425 844 865 26)
4(426 845 866 27)
4(427 846 867 28)
4(428 847 868 29)
4(429 848 869 30)
4(430 849 870 31)
4(431 850 871 32)
4(432 851 872 33)
4(433 852 873 34)
4(434 853 874 35)
4(435 854 875 36)
4(436 855 876 37)
4(437 856 877 38)
4(438 857 878 39)
4(439 858 879 40)
4(440 859 880 41)
4(1 22 442 441)
4(3 482 481 60)
4(22 21 483 442)
4(60 481 503 59)
4(21 20 504 483)
4(59 503 524 58)
4(20 19 525 504)
4(58 524 545 57)
4(19 18 546 525)
4(57 545 566 56)
4(18 17 567 546)
4(56 566 587 55)
4(17 16 588 567)
4(55 587 608 54)
4(16 15 609 588)
4(54 608 629 53)
4(15 14 630 609)
4(53 629 650 52)
4(14 13 651 630)
4(52 650 671 51)
4(13 12 672 651)
4(51 671 692 50)
4(12 11 693 672)
4(50 692 713 49)
4(11 10 714 693)
4(49 713 734 48)
4(10 9 735 714)
4(48 734 755 47)
4(9 8 756 735)
4(47 755 776 46)
4(8 7 777 756)
4(46 776 797 45)
4(7 6 798 777)
4(45 797 818 44)
4(6 5 819 798)
4(44 818 839 43)
4(5 4 840 819)
4(43 839 860 42)
4(0 23 862 861)
4(4 0 861 840)
4(23 24 863 862)
4(24 25 864 863)
4(25 26 865 864)
4(26 27 866 865)
4(27 28 867 866)
4(28 29 868 867)
4(29 30 869 868)
4(30 31 870 869)
4(31 32 871 870)
4(32 33 872 871)
4(33 34 873 872)
4(34 35 874 873)
4(35 36 875 874)
4(36 37 876 875)
4(37 38 877 876)
4(38 39 878 877)
4(39 40 879 878)
4(40 41 880 879)
4(42 860 881 2)
4(41 2 881 880)
4(1 441 444 61)
4(61 444 446 62)
4(62 446 448 63)
4(63 448 450 64)
4(64 450 452 65)
4(65 452 454 66)
4(66 454 456 67)
4(67 456 458 68)
4(68 458 460 69)
4(69 460 462 70)
4(70 462 464 71)
4(71 464 466 72)
4(72 466 468 73)
4(73 468 470 74)
4(74 470 472 75)
4(75 472 474 76)
4(76 474 476 77)
4(77 476 478 78)
4(78 478 480 79)
4(79 480 482 3)
4(1 61 80 22)
4(61 62 81 80)
4(62 63 82 81)
4(63 64 83 82)
4(64 65 84 83)
4(65 66 85 84)
4(66 67 86 85)
4(67 68 87 86)
4(68 69 88 87)
4(69 70 89 88)
4(70 71 90 89)
4(71 72 91 90)
4(72 73 92 91)
4(73 74 93 92)
4(74 75 94 93)
4(75 76 95 94)
4(76 77 96 95)
4(77 78 97 96)
4(78 79 98 97)
4(79 3 60 98)
4(22 80 99 21)
4(80 81 100 99)
4(81 82 101 100)
4(82 83 102 101)
4(83 84 103 102)
4(84 85 104 103)
4(85 86 105 104)
4(86 87 106 105)
4(87 88 107 106)
4(88 89 108 107)
4(89 90 109 108)
4(90 91 110 109)
4(91 92 111 110)
4(92 93 112 111)
4(93 94 113 112)
4(94 95 114 113)
4(95 96 115 114)
4(96 97 116 115)
4(97 98 117 116)
4(98 60 59 117)
4(21 99 118 20)
4(99 100 119 118)
4(100 101 120 119)
4(101 102 121 120)
4(102 103 122 121)
4(103 104 123 122)
4(104 105 124 123)
4(105 106 125 124)
4(106 107 126 125)
4(107 108 127 126)
4(108 109 128 127)
4(109 110 129 128)
4(110 111 130 129)
4(111 112 131 130)
4(112 113 132 131)
4(113 114 133 132)
4(114 115 134 133)
4(115 116 135 134)
4(116 117 136 135)
4(117 59 58 136)
4(20 118 137 19)
4(118 119 138 137)
4(119 120 139 138)
4(120 121 140 139)
4(121 122 141 140)
4(122 123 142 141)
4(123 124 143 142)
4(124 125 144 143)
4(125 126 145 144)
4(126 127 146 145)
4(127 128 147 146)
4(128 129 148 147)
4(129 130 149 148)
4(130 131 150 149)
4(131 132 151 150)
4(132 133 152 151)
4(133 134 153 152)
4(134 135 154 153)
4(135 136 155 154)
4(136 58 57 155)
4(19 137 156 18)
4(137 138 157 156)
4(138 139 158 157)
4(139 140 159 158)
4(140 141 160 159)
4(141 142 161 160)
4(142 143 162 161)
4(143 144 163 162)
4(144 145 164 163)
4(145 146 165 164)
4(146 147 166 165)
4(147 148 167 166)
4(148 149 168 167)
4(149 150 169 168)
4(150 151 170 169)
4(151 152 171 170)
4(152 153 172 171)
4(153 154 173 172)
4(154 155 174 173)
4(155 57 56 174)
4(18 156 175 17)
4(156 157 176 175)
4(157 158 177 176)
4(158 159 178 177)
4(159 160 179 178)
4(160 161 180 179)
4(161 162 181 180)
4(162 163 182 181)
4(163 164 183 182)
4(164 165 184 183)
4(165 166 185 184)
4(166 167 186 185)
4(167 168 187 186)
4(168 169 188 187)
4(169 170 189 188)
4(170 171 190 189)
4(171 172 191 190)
4(172 173 192 191)
4(173 174 193 192)
4(174 56 55 193)
4(17 175 194 16)
4(175 176 195 194)
4(176 177 196 195)
4(177 178 197 196)
4(178 179 198 197)
4(179 180 199 198)
4(180 181 200 199)
4(181 182 201 200)
4(182 183 202 201)
4(183 184 203 202)
4(184 185 204 203)
4(185 186 205 204)
4(186 187 206 205)
4(187 188 207 206)
4(188 189 208 207)
4(189 190 209 208)
4(190 191 210 209)
4(191 192 211 210)
4(192 193 212 211)
4(193 55 54 212)
4(16 194 213 15)
4(194 195 214 213)
4(195 196 215 214)
4(196 197 216 215)
4(197 198 217 216)
4(198 199 218 217)
4(199 200 219 218)
4(200 201 220 219)
4(201 202 221 220)
4(202 203 222 221)
4(203 204 223 222)
4(204 205 224 223)
4(205 206 225 224)
4(206 207 226 225)
4(207 208 227 226)
4(208 209 228 227)
4(209 210 229 228)
4(210 211 230 229)
4(211 212 231 230)
4(212 54 53 231)
4(15 213 232 14)
4(213 214 233 232)
4(214 215 234 233)
4(215 216 235 234)
4(216 217 236 235)
4(217 218 237 236)
4(218 219 238 237)
4(219 220 239 238)
4(220 221 240 239)
4(221 222 241 240)
4(222 223 242 241)
4(223 224 243 242)
4(224 225 244 243)
4(225 226 245 244)
4(226 227 246 245)
4(227 228 247 246)
4(228 229 248 247)
4(229 230 249 248)
4(230 231 250 249)
4(231 53 52 250)
4(14 232 251 13)
4(232 233 252 251)
4(233 234 253 252)
4(234 235 254 253)
4(235 236 255 254)
4(236 237 256 255)
4(237 238 257 256)
4(238 239 258 257)
4(239 240 259 258)
4(240 241 260 259)
4(241 242 261 260)
4(242 243 262 261)
4(243 244 263 262)
4(244 245 264 263)
4(245 246 265 264)
4(246 247 266 265)
4(247 248 267 266)
4(248 249 268 267)
4(249 250 269 268)
4(250 52 51 269)
4(13 251 270 12)
4(251 252 271 270)
4(252 253 272 271)
4(253 254 273 272)
4(254 255 274 273)
4(255 256 275 274)
4(256 257 276 275)
4(257 258 277 276)
4(258 259 278 277)
4(259 260 279 278)
4(260 261 280 279)
4(261 262 281 280)
4(262 263 282 281)
4(263 264 283 282)
4(264 265 284 283)
4(265 266 285 284)
4(266 267 286 285)
4(267 268 287 286)
4(268 269 288 287)
4(269 51 50 288)
4(12 270 289 11)
4(270 271 290 289)
4(271 272 291 290)
4(272 273 292 291)
4(273 274 293 292)
4(274 275 294 293)
4(275 276 295 294)
4(276 277 296 295)
4(277 278 297 296)
4(278 279 298 297)
4(279 280 299 298)
4(280 281 300 299)
4(281 282 301 300)
4(282 283 302 301)
4(283 284 303 302)
4(284 285 304 303)
4(285 286 305 304)
4(286 287 306 305)
4(287 288 307 306)
4(288 50 49 307)
4(11 289 308 10)
4(289 290 309 308)
4(290 291 310 309)
4(291 292 311 310)
4(292 293 312 311)
4(293 294 313 312)
4(294 295 314 313)
4(295 296 315 314)
4(296 297 316 315)
4(297 298 317 316)
4(298 299 318 317)
4(299 300 319 318)
4(300 301 320 319)
4(301 302 321 320)
4(302 303 322 321)
4(303 304 323 322)
4(304 305 324 323)
4(305 306 325 324)
4(306 307 326 325)
4(307 49 48 326)
4(10 308 327 9)
4(308 309 328 327)
4(309 310 329 328)
4(310 311 330 329)
4(311 312 331 330)
4(312 313 332 331)
4(313 314 333 332)
4(314 315 334 333)
4(315 316 335 334)
4(316 317 336 335)
4(317 318 337 336)
4(318 319 338 337)
4(319 320 339 338)
4(320 321 340 339)
4(321 322 341 340)
4(322 323 342 341)
4(323 324 343 342)
4(324 325 344 343)
4(325 326 345 344)
4(326 48 47 345)
4(9 327 346 8)
4(327 328 347 346)
4(328 329 348 347)
4(329 330 349 348)
4(330 331 350 349)
4(331 332 351 350)
4(332 333 352 351)
4(333 334 353 352)
4(334 335 354 353)
4(335 336 355 354)
4(336 337 356 355)
4(337 338 357 356)
4(338 339 358 357)
4(339 340 359 358)
4(340 341 360 359)
4(341 342 361 360)
4(342 343 362 361)
4(343 344 363 362)
4(344 345 364 363)
4(345 47 46 364)
4(8 346 365 7)
4(346 347 366 365)
4(347 348 367 366)
4(348 349 368 367)
4(349 350 369 368)
4(350 351 370 369)
4(351 352 371 370)
4(352 353 372 371)
4(353 354 373 372)
4(354 355 374 373)
4(355 356 375 374)
4(356 357 376 375)
4(357 358 377 376)
4(358 359 378 377)
4(359 360 379 378)
4(360 361 380 379)
4(361 362 381 380)
4(362 363 382 381)
4(363 364 383 382)
4(364 46 45 383)
4(7 365 384 6)
4(365 366 385 384)
4(366 367 386 385)
4(367 368 387 386)
4(368 369 388 387)
4(369 370 389 388)
4(370 371 390 389)
4(371 372 391 390)
4(372 373 392 391)
4(373 374 393 392)
4(374 375 394 393)
4(375 376 395 394)
4(376 377 396 395)
4(377 378 397 396)
4(378 379 398 397)
4(379 380 399 398)
4(380 381 400 399)
4(381 382 401 400)
4(382 383 402 401)
4(383 45 44 402)
4(6 384 403 5)
4(384 385 404 403)
4(385 386 405 404)
4(386 387 406 405)
4(387 388 407 406)
4(388 389 408 407)
4(389 390 409 408)
4(390 391 410 409)
4(391 392 411 410)
4(392 393 412 411)
4(393 394 413 412)
4(394 395 414 413)
4(395 396 415 414)
4(396 397 416 415)
4(397 398 417 416)
4(398 399 418 417)
4(399 400 419 418)
4(400 401 420 419)
4(401 402 421 420)
4(402 44 43 421)
4(5 403 422 4)
4(403 404 423 422)
4(404 405 424 423)
4(405 406 425 424)
4(406 407 426 425)
4(407 408 427 426)
4(408 409 428 427)
4(409 410 429 428)
4(410 411 430 429)
4(411 412 431 430)
4(412 413 432 431)
4(413 414 433 432)
4(414 415 434 433)
4(415 416 435 434)
4(416 417 436 435)
4(417 418 437 436)
4(418 419 438 437)
4(419 420 439 438)
4(420 421 440 439)
4(421 43 42 440)
4(4 422 23 0)
4(422 423 24 23)
4(423 424 25 24)
4(424 425 26 25)
4(425 426 27 26)
4(426 427 28 27)
4(427 428 29 28)
4(428 429 30 29)
4(429 430 31 30)
4(430 431 32 31)
4(431 432 33 32)
4(432 433 34 33)
4(433 434 35 34)
4(434 435 36 35)
4(435 436 37 36)
4(436 437 38 37)
4(437 438 39 38)
4(438 439 40 39)
4(439 440 41 40)
4(440 42 2 41)
4(441 442 443 444)
4(444 443 445 446)
4(446 445 447 448)
4(448 447 449 450)
4(450 449 451 452)
4(452 451 453 454)
4(454 453 455 456)
4(456 455 457 458)
4(458 457 459 460)
4(460 459 461 462)
4(462 461 463 464)
4(464 463 465 466)
4(466 465 467 468)
4(468 467 469 470)
4(470 469 471 472)
4(472 471 473 474)
4(474 473 475 476)
4(476 475 477 478)
4(478 477 479 480)
4(480 479 481 482)
4(442 483 484 443)
4(443 484 485 445)
4(445 485 486 447)
4(447 486 487 449)
4(449 487 488 451)
4(451 488 489 453)
4(453 489 490 455)
4(455 490 491 457)
4(457 491 492 459)
4(459 492 493 461)
4(461 493 494 463)
4(463 494 495 465)
4(465 495 496 467)
4(467 496 497 469)
4(469 497 498 471)
4(471 498 499 473)
4(473 499 500 475)
4(475 500 501 477)
4(477 501 502 479)
4(479 502 503 481)
4(483 504 505 484)
4(484 505 506 485)
4(485 506 507 486)
4(486 507 508 487)
4(487 508 509 488)
4(488 509 510 489)
4(489 510 511 490)
4(490 511 512 491)
4(491 512 513 492)
4(492 513 514 493)
4(493 514 515 494)
4(494 515 516 495)
4(495 516 517 496)
4(496 517 518 497)
4(497 518 519 498)
4(498 519 520 499)
4(499 520 521 500)
4(500 521 522 501)
4(501 522 523 502)
4(502 523 524 503)
4(504 525 526 505)
4(505 526 527 506)
4(506 527 528 507)
4(507 528 529 508)
4(508 529 530 509)
4(509 530 531 510)
4(510 531 532 511)
4(511 532 533 512)
4(512 533 534 513)
4(513 534 535 514)
4(514 535 536 515)
4(515 536 537 516)
4(516 537 538 517)
4(517 538 539 518)
4(518 539 540 519)
4(519 540 541 520)
4(520 541 542 521)
4(521 542 543 522)
4(522 543 544 523)
4(523 544 545 524)
4(525 546 547 526)
4(526 547 548 527)
4(527 548 549 528)
4(528 549 550 529)
4(529 550 551 530)
4(530 551 552 531)
4(531 552 553 532)
4(532 553 554 533)
4(533 554 555 534)
4(534 555 556 535)
4(535 556 557 536)
4(536 557 558 537)
4(537 558 559 538)
4(538 559 560 539)
4(539 560 561 540)
4(540 561 562 541)
4(541 562 563 542)
4(542 563 564 543)
4(543 564 565 544)
4(544 565 566 545)
4(546 567 568 547)
4(547 568 569 548)
4(548 569 570 549)
4(549 570 571 550)
4(550 571 572 551)
4(551 572 573 552)
4(552 573 574 553)
4(553 574 575 554)
4(554 575 576 555)
4(555 576 577 556)
4(556 577 578 557)
4(557 578 579 558)
4(558 579 580 559)
4(559 580 581 560)
4(560 581 582 561)
4(561 582 583 562)
4(562 583 584 563)
4(563 584 585 564)
4(564 585 586 565)
4(565 586 587 566)
4(567 588 589 568)
4(568 589 590 569)
4(569 590 591 570)
4(570 591 592 571)
4(571 592 593 572)
4(572 593 594 573)
4(573 594 595 574)
4(574 595 596 575)
4(575 596 597 576)
4(576 597 598 577)
4(577 598 599 578)
4(578 599 600 579)
4(579 600 601 580)
4(580 601 602 581)
4(581 602 603 582)
4(582 603 604 583)
4(583 604 605 584)
4(584 605 606 585)
4(585 606 607 586)
4(586 607 608 587)
4(588 609 610 589)
4(589 610 611 590)
4(590 611 612 591)
4(591 612 613 592)
4(592 613 614 593)
4(593 614 615 594)
4(594 615 616 595)
4(595 616 617 596)
4(596 617 618 597)
4(597 618 619 598)
4(598 619 620 599)
4(599 620 621 600)
4(600 621 622 601)
4(601 622 623 602)
4(602 623 624 603)
4(603 624 625 604)
4(604 625 626 605)
4(605 626 627 606)
4(606 627 628 607)
4(607 628 629 608)
4(609 630 631 610)
4(610 631 632 611)
4(611 632 633 612)
4(612 633 634 613)
4(613 634 635 614)
4(614 635 636 615)
4(615 636 637 616)
4(616 637 638 617)
4(617 638 639 618)
4(618 639 640 619)
4(619 640 641 620)
4(620 641 642 621)
4(621 642 643 622)
4(622 643 644 623)
4(623 644 645 624)
4(624 645 646 625)
4(625 646 647 626)
4(626 647 648 627)
4(627 648 649 628)
4(628 649 650 629)
4(630 651 652 631)
4(631 652 653 632)
4(632 653 654 633)
4(633 654 655 634)
4(634 655 656 635)
4(635 656 657 636)
4(636 657 658 637)
4(637 658 659 638)
4(638 659 660 639)
4(639 660 661 640)
4(640 661 662 641)
4(641 662 663 642)
4(642 663 664 643)
4(643 664 665 644)
4(644 665 666 645)
4(645 666 667 646)
4(646 667 668 647)
4(647 668 669 648)
4(648 669 670 649)
4(649 670 671 650)
4(651 672 673 652)
4(652 673 674 653)
4(653 674 675 654)
4(654 675 676 655)
4(655 676 677 656)
4(656 677 678 657)
4(657 678 679 658)
4(658 679 680 659)
4(659 680 681 660)
4(660 681 682 661)
4(661 682 683 662)
4(662 683 684 663)
4(663 684 685 664)
4(664 685 686 665)
4(665 686 687 666)
4(666 687 688 667)
4(667 688 689 668)
4(668 689 690 669)
4(669 690 691 670)
4(670 691 692 671)
4(672 693 694 673)
4(673 694 695 674)
4(674 695 696 675)
4(675 696 697 676)
4(676 697 698 677)
4(677 698 699 678)
4(678 699 700 679)
4(679 700 701 680)
4(680 701 702 681)
4(681 702 703 682)
4(682 703 704 683)
4(683 704 705 684)
4(684 705 706 685)
4(685 706 707 686)
4(686 707 708 687)
4(687 708 709 688)
4(688 709 710 689)
4(689 710 711 690)
4(690 711 712 691)
4(691 712 713 692)
4(693 714 715 694)
4(694 715 716 695)
4(695 716 717 696)
4(696 717 718 697)
4(697 718 719 698)
4(698 719 720 699)
4(699 720 721 700)
4(700 721 722 701)
4(701 722 723 702)
4(702 723 724 703)
4(703 724 725 704)
4(704 725 726 705)
4(705 726 727 706)
4(706 727 728 707)
4(707 728 729 708)
4(708 729 730 709)
4(709 730 731 710)
4(710 731 732 711)
4(711 732 733 712)
4(712 733 734 713)
4(714 735 736 715)
4(715 736 737 716)
4(716 737 738 717)
4(717 738 739 718)
4(718 739 740 719)
4(719 740 741 720)
4(720 741 742 721)
4(721 742 743 722)
4(722 743 744 723)
4(723 744 745 724)
4(724 745 746 725)
4(725 746 747 726)
4(726 747 748 727)
4(727 748 749 728)
4(728 749 750 729)
4(729 750 751 730)
4(730 751 752 731)
4(731 752 753 732)
4(732 753 754 733)
4(733 754 755 734)
4(735 756 757 736)
4(736 757 758 737)
4(737 758 759 738)
4(738 759 760 739)
4(739 760 761 740)
4(740 761 762 741)
4(741 762 763 742)
4(742 763 764 743)
4(743 764 765 744)
4(744 765 766 745)
4(745 766 767 746)
4(746 767 768 747)
4(747 768 769 748)
4(748 769 770 749)
4(749 770 771 750)
4(750 771 772 751)
4(751 772 773 752)
4(752 773 774 753)
4(753 774 775 754)
4(754 775 776 755)
4(756 777 778 757)
4(757 778 779 758)
4(758 779 780 759)
4(759 780 781 760)
4(760 781 782 761)
4(761 782 783 762)
4(762 783 784 763)
4(763 784 785 764)
4(764 785 786 765)
4(765 786 787 766)
4(766 787 788 767)
4(767 788 789 768)
4(768 789 790 769)
4(769 790 791 770)
4(770 791 792 771)
4(771 792 793 772)
4(772 793 794 773)
4(773 794 795 774)
4(774 795 796 775)
4(775 796 797 776)
4(777 798 799 778)
4(778 799 800 779)
4(779 800 801 780)
4(780 801 802 781)
4(781 802 803 782)
4(782 803 804 783)
4(783 804 805 784)
4(784 805 806 785)
4(785 806 807 786)
4(786 807 808 787)
4(787 808 809 788)
4(788 809 810 789)
4(789 810 811 790)
4(790 811 812 791)
4(791 812 813 792)
4(792 813 814 793)
4(793 814 815 794)
4(794 815 816 795)
4(795 816 817 796)
4(796 817 818 797)
4(798 819 820 799)
4(799 820 821 800)
4(800 821 822 801)
4(801 822 823 802)
4(802 823 824 803)
4(803 824 825 804)
4(804 825 826 805)
4(805 826 827 806)
4(806 827 828 807)
4(807 828 829 808)
4(808 829 830 809)
4(809 830 831 810)
4(810 831 832 811)
4(811 832 833 812)
4(812 833 834 813)
4(813 834 835 814)
4(814 835 836 815)
4(815 836 837 816)
4(816 837 838 817)
4(817 838 839 818)
4(819 840 841 820)
4(820 841 842 821)
4(821 842 843 822)
4(822 843 844 823)
4(823 844 845 824)
4(824 845 846 825)
4(825 846 847 826)
4(826 847 848 827)
4(827 848 849 828)
4(828 849 850 829)
4(829 850 851 830)
4(830 851 852 831)
4(831 852 853 832)
4(832 853 854 833)
4(833 854 855 834)
4(834 855 856 835)
4(835 856 857 836)
4(836 857 858 837)
4(837 858 859 838)
4(838 859 860 839)
4(840 861 862 841)
4(841 862 863 842)
4(842 863 864 843)
4(843 864 865 844)
4(844 865 866 845)
4(845 866 867 846)
4(846 867 868 847)
4(847 868 869 848)
4(848 869 870 849)
4(849 870 871 850)
4(850 871 872 851)
4(851 872 873 852)
4(852 873 874 853)
4(853 874 875 854)
4(854 875 876 855)
4(855 876 877 856)
4(856 877 878 857)
4(857 878 879 858)
4(858 879 880 859)
4(859 880 881 860)
)


// ************************************************************************* //
