/*--------------------------------*- C++ -*----------------------------------*\
| =========                 |                                                 |
| \\      /  F ield         | OpenFOAM: The Open Source CFD Toolbox           |
|  \\    /   O peration     | Version:  5.x                                   |
|   \\  /    A nd           | Web:      www.OpenFOAM.org                      |
|    \\/     M anipulation  |                                                 |
\*---------------------------------------------------------------------------*/
FoamFile
{
    version     2.0;
    format      ascii;
    class       vectorField;
    location    "constant/polyMesh";
    object      points;
}
// * * * * * * * * * * * * * * * * * * * * * * * * * * * * * * * * * * * * * //


882
(
(-0.5 -0.5 0)
(-0.5 0.5 0)
(0.5 -0.5 0)
(0.5 0.5 0)
(-0.5 -0.45 0)
(-0.5 -0.4 0)
(-0.5 -0.35 0)
(-0.5 -0.3 0)
(-0.5 -0.25 0)
(-0.5 -0.2 0)
(-0.5 -0.15 0)
(-0.5 -0.1 0)
(-0.5 -0.05 0)
(-0.5 -6.93889e-17 0)
(-0.5 0.05 0)
(-0.5 0.1 0)
(-0.5 0.15 0)
(-0.5 0.2 0)
(-0.5 0.25 0)
(-0.5 0.3 0)
(-0.5 0.35 0)
(-0.5 0.4 0)
(-0.5 0.45 0)
(-0.45 -0.5 0)
(-0.4 -0.5 0)
(-0.35 -0.5 0)
(-0.3 -0.5 0)
(-0.25 -0.5 0)
(-0.2 -0.5 0)
(-0.15 -0.5 0)
(-0.1 -0.5 0)
(-0.05 -0.5 0)
(-6.93889e-17 -0.5 0)
(0.05 -0.5 0)
(0.1 -0.5 0)
(0.15 -0.5 0)
(0.2 -0.5 0)
(0.25 -0.5 0)
(0.3 -0.5 0)
(0.35 -0.5 0)
(0.4 -0.5 0)
(0.45 -0.5 0)
(0.5 -0.45 0)
(0.5 -0.4 0)
(0.5 -0.35 0)
(0.5 -0.3 0)
(0.5 -0.25 0)
(0.5 -0.2 0)
(0.5 -0.15 0)
(0.5 -0.1 0)
(0.5 -0.05 0)
(0.5 -6.93889e-17 0)
(0.5 0.05 0)
(0.5 0.1 0)
(0.5 0.15 0)
(0.5 0.2 0)
(0.5 0.25 0)
(0.5 0.3 0)
(0.5 0.35 0)
(0.5 0.4 0)
(0.5 0.45 0)
(-0.45 0.5 0)
(-0.4 0.5 0)
(-0.35 0.5 0)
(-0.3 0.5 0)
(-0.25 0.5 0)
(-0.2 0.5 0)
(-0.15 0.5 0)
(-0.1 0.5 0)
(-0.05 0.5 0)
(-6.93889e-17 0.5 0)
(0.05 0.5 0)
(0.1 0.5 0)
(0.15 0.5 0)
(0.2 0.5 0)
(0.25 0.5 0)
(0.3 0.5 0)
(0.35 0.5 0)
(0.4 0.5 0)
(0.45 0.5 0)
(-0.45 0.45 0)
(-0.4 0.45 0)
(-0.35 0.45 0)
(-0.3 0.45 0)
(-0.25 0.45 0)
(-0.2 0.45 0)
(-0.15 0.45 0)
(-0.1 0.45 0)
(-0.05 0.45 0)
(-6.59195e-17 0.45 0)
(0.05 0.45 0)
(0.1 0.45 0)
(0.15 0.45 0)
(0.2 0.45 0)
(0.25 0.45 0)
(0.3 0.45 0)
(0.35 0.45 0)
(0.4 0.45 0)
(0.45 0.45 0)
(-0.45 0.4 0)
(-0.4 0.4 0)
(-0.35 0.4 0)
(-0.3 0.4 0)
(-0.25 0.4 0)
(-0.2 0.4 0)
(-0.15 0.4 0)
(-0.1 0.4 0)
(-0.05 0.4 0)
(-6.245e-17 0.4 0)
(0.05 0.4 0)
(0.1 0.4 0)
(0.15 0.4 0)
(0.2 0.4 0)
(0.25 0.4 0)
(0.3 0.4 0)
(0.35 0.4 0)
(0.4 0.4 0)
(0.45 0.4 0)
(-0.45 0.35 0)
(-0.4 0.35 0)
(-0.35 0.35 0)
(-0.3 0.35 0)
(-0.25 0.35 0)
(-0.2 0.35 0)
(-0.15 0.35 0)
(-0.1 0.35 0)
(-0.05 0.35 0)
(-3.1225e-17 0.35 0)
(0.05 0.35 0)
(0.1 0.35 0)
(0.15 0.35 0)
(0.2 0.35 0)
(0.25 0.35 0)
(0.3 0.35 0)
(0.35 0.35 0)
(0.4 0.35 0)
(0.45 0.35 0)
(-0.45 0.3 0)
(-0.4 0.3 0)
(-0.35 0.3 0)
(-0.3 0.3 0)
(-0.25 0.3 0)
(-0.2 0.3 0)
(-0.15 0.3 0)
(-0.1 0.3 0)
(-0.05 0.3 0)
(-5.55112e-17 0.3 0)
(0.05 0.3 0)
(0.1 0.3 0)
(0.15 0.3 0)
(0.2 0.3 0)
(0.25 0.3 0)
(0.3 0.3 0)
(0.35 0.3 0)
(0.4 0.3 0)
(0.45 0.3 0)
(-0.45 0.25 0)
(-0.4 0.25 0)
(-0.35 0.25 0)
(-0.3 0.25 0)
(-0.25 0.25 0)
(-0.2 0.25 0)
(-0.15 0.25 0)
(-0.1 0.25 0)
(-0.05 0.25 0)
(-5.20417e-17 0.25 0)
(0.05 0.25 0)
(0.1 0.25 0)
(0.15 0.25 0)
(0.2 0.25 0)
(0.25 0.25 0)
(0.3 0.25 0)
(0.35 0.25 0)
(0.4 0.25 0)
(0.45 0.25 0)
(-0.45 0.2 0)
(-0.4 0.2 0)
(-0.35 0.2 0)
(-0.3 0.2 0)
(-0.25 0.2 0)
(-0.2 0.2 0)
(-0.15 0.2 0)
(-0.1 0.2 0)
(-0.05 0.2 0)
(-4.85723e-17 0.2 0)
(0.05 0.2 0)
(0.1 0.2 0)
(0.15 0.2 0)
(0.2 0.2 0)
(0.25 0.2 0)
(0.3 0.2 0)
(0.35 0.2 0)
(0.4 0.2 0)
(0.45 0.2 0)
(-0.45 0.15 0)
(-0.4 0.15 0)
(-0.35 0.15 0)
(-0.3 0.15 0)
(-0.25 0.15 0)
(-0.2 0.15 0)
(-0.15 0.15 0)
(-0.1 0.15 0)
(-0.05 0.15 0)
(-4.51028e-17 0.15 0)
(0.05 0.15 0)
(0.1 0.15 0)
(0.15 0.15 0)
(0.2 0.15 0)
(0.25 0.15 0)
(0.3 0.15 0)
(0.35 0.15 0)
(0.4 0.15 0)
(0.45 0.15 0)
(-0.45 0.1 0)
(-0.4 0.1 0)
(-0.35 0.1 0)
(-0.3 0.1 0)
(-0.25 0.1 0)
(-0.2 0.1 0)
(-0.15 0.1 0)
(-0.1 0.1 0)
(-0.05 0.1 0)
(-6.93889e-17 0.1 0)
(0.05 0.1 0)
(0.1 0.1 0)
(0.15 0.1 0)
(0.2 0.1 0)
(0.25 0.1 0)
(0.3 0.1 0)
(0.35 0.1 0)
(0.4 0.1 0)
(0.45 0.1 0)
(-0.45 0.05 0)
(-0.4 0.05 0)
(-0.35 0.05 0)
(-0.3 0.05 0)
(-0.25 0.05 0)
(-0.2 0.05 0)
(-0.15 0.05 0)
(-0.1 0.05 0)
(-0.05 0.05 0)
(-6.59195e-17 0.05 0)
(0.05 0.05 0)
(0.1 0.05 0)
(0.15 0.05 0)
(0.2 0.05 0)
(0.25 0.05 0)
(0.3 0.05 0)
(0.35 0.05 0)
(0.4 0.05 0)
(0.45 0.05 0)
(-0.45 -4.85723e-17 0)
(-0.4 -4.16334e-17 0)
(-0.35 -4.16334e-17 0)
(-0.3 -2.77556e-17 0)
(-0.25 -2.77556e-17 0)
(-0.2 -8.32667e-17 0)
(-0.15 -8.32667e-17 0)
(-0.1 -5.55112e-17 0)
(-0.05 -1.11022e-16 0)
(-7.63278e-17 -1.249e-16 0)
(0.05 -1.11022e-16 0)
(0.1 -1.11022e-16 0)
(0.15 -8.32667e-17 0)
(0.2 -8.32667e-17 0)
(0.25 -2.77556e-17 0)
(0.3 -2.77556e-17 0)
(0.35 -5.55112e-17 0)
(0.4 -5.55112e-17 0)
(0.45 -5.55112e-17 0)
(-0.45 -0.05 0)
(-0.4 -0.05 0)
(-0.35 -0.05 0)
(-0.3 -0.05 0)
(-0.25 -0.05 0)
(-0.2 -0.05 0)
(-0.15 -0.05 0)
(-0.1 -0.05 0)
(-0.05 -0.05 0)
(-7.28584e-17 -0.05 0)
(0.05 -0.05 0)
(0.1 -0.05 0)
(0.15 -0.05 0)
(0.2 -0.05 0)
(0.25 -0.05 0)
(0.3 -0.05 0)
(0.35 -0.05 0)
(0.4 -0.05 0)
(0.45 -0.05 0)
(-0.45 -0.1 0)
(-0.4 -0.1 0)
(-0.35 -0.1 0)
(-0.3 -0.1 0)
(-0.25 -0.1 0)
(-0.2 -0.1 0)
(-0.15 -0.1 0)
(-0.1 -0.1 0)
(-0.05 -0.1 0)
(-6.93889e-17 -0.1 0)
(0.05 -0.1 0)
(0.1 -0.1 0)
(0.15 -0.1 0)
(0.2 -0.1 0)
(0.25 -0.1 0)
(0.3 -0.1 0)
(0.35 -0.1 0)
(0.4 -0.1 0)
(0.45 -0.1 0)
(-0.45 -0.15 0)
(-0.4 -0.15 0)
(-0.35 -0.15 0)
(-0.3 -0.15 0)
(-0.25 -0.15 0)
(-0.2 -0.15 0)
(-0.15 -0.15 0)
(-0.1 -0.15 0)
(-0.05 -0.15 0)
(-6.59195e-17 -0.15 0)
(0.05 -0.15 0)
(0.1 -0.15 0)
(0.15 -0.15 0)
(0.2 -0.15 0)
(0.25 -0.15 0)
(0.3 -0.15 0)
(0.35 -0.15 0)
(0.4 -0.15 0)
(0.45 -0.15 0)
(-0.45 -0.2 0)
(-0.4 -0.2 0)
(-0.35 -0.2 0)
(-0.3 -0.2 0)
(-0.25 -0.2 0)
(-0.2 -0.2 0)
(-0.15 -0.2 0)
(-0.1 -0.2 0)
(-0.05 -0.2 0)
(-6.245e-17 -0.2 0)
(0.05 -0.2 0)
(0.1 -0.2 0)
(0.15 -0.2 0)
(0.2 -0.2 0)
(0.25 -0.2 0)
(0.3 -0.2 0)
(0.35 -0.2 0)
(0.4 -0.2 0)
(0.45 -0.2 0)
(-0.45 -0.25 0)
(-0.4 -0.25 0)
(-0.35 -0.25 0)
(-0.3 -0.25 0)
(-0.25 -0.25 0)
(-0.2 -0.25 0)
(-0.15 -0.25 0)
(-0.1 -0.25 0)
(-0.05 -0.25 0)
(-6.59195e-17 -0.25 0)
(0.05 -0.25 0)
(0.1 -0.25 0)
(0.15 -0.25 0)
(0.2 -0.25 0)
(0.25 -0.25 0)
(0.3 -0.25 0)
(0.35 -0.25 0)
(0.4 -0.25 0)
(0.45 -0.25 0)
(-0.45 -0.3 0)
(-0.4 -0.3 0)
(-0.35 -0.3 0)
(-0.3 -0.3 0)
(-0.25 -0.3 0)
(-0.2 -0.3 0)
(-0.15 -0.3 0)
(-0.1 -0.3 0)
(-0.05 -0.3 0)
(-6.245e-17 -0.3 0)
(0.05 -0.3 0)
(0.1 -0.3 0)
(0.15 -0.3 0)
(0.2 -0.3 0)
(0.25 -0.3 0)
(0.3 -0.3 0)
(0.35 -0.3 0)
(0.4 -0.3 0)
(0.45 -0.3 0)
(-0.45 -0.35 0)
(-0.4 -0.35 0)
(-0.35 -0.35 0)
(-0.3 -0.35 0)
(-0.25 -0.35 0)
(-0.2 -0.35 0)
(-0.15 -0.35 0)
(-0.1 -0.35 0)
(-0.05 -0.35 0)
(-5.89806e-17 -0.35 0)
(0.05 -0.35 0)
(0.1 -0.35 0)
(0.15 -0.35 0)
(0.2 -0.35 0)
(0.25 -0.35 0)
(0.3 -0.35 0)
(0.35 -0.35 0)
(0.4 -0.35 0)
(0.45 -0.35 0)
(-0.45 -0.4 0)
(-0.4 -0.4 0)
(-0.35 -0.4 0)
(-0.3 -0.4 0)
(-0.25 -0.4 0)
(-0.2 -0.4 0)
(-0.15 -0.4 0)
(-0.1 -0.4 0)
(-0.05 -0.4 0)
(-5.89806e-17 -0.4 0)
(0.05 -0.4 0)
(0.1 -0.4 0)
(0.15 -0.4 0)
(0.2 -0.4 0)
(0.25 -0.4 0)
(0.3 -0.4 0)
(0.35 -0.4 0)
(0.4 -0.4 0)
(0.45 -0.4 0)
(-0.45 -0.45 0)
(-0.4 -0.45 0)
(-0.35 -0.45 0)
(-0.3 -0.45 0)
(-0.25 -0.45 0)
(-0.2 -0.45 0)
(-0.15 -0.45 0)
(-0.1 -0.45 0)
(-0.05 -0.45 0)
(-5.72459e-17 -0.45 0)
(0.05 -0.45 0)
(0.1 -0.45 0)
(0.15 -0.45 0)
(0.2 -0.45 0)
(0.25 -0.45 0)
(0.3 -0.45 0)
(0.35 -0.45 0)
(0.4 -0.45 0)
(0.45 -0.45 0)
(-0.5 0.5 0.1)
(-0.5 0.45 0.1)
(-0.45 0.45 0.1)
(-0.45 0.5 0.1)
(-0.4 0.45 0.1)
(-0.4 0.5 0.1)
(-0.35 0.45 0.1)
(-0.35 0.5 0.1)
(-0.3 0.45 0.1)
(-0.3 0.5 0.1)
(-0.25 0.45 0.1)
(-0.25 0.5 0.1)
(-0.2 0.45 0.1)
(-0.2 0.5 0.1)
(-0.15 0.45 0.1)
(-0.15 0.5 0.1)
(-0.1 0.45 0.1)
(-0.1 0.5 0.1)
(-0.05 0.45 0.1)
(-0.05 0.5 0.1)
(-6.59195e-17 0.45 0.1)
(-6.93889e-17 0.5 0.1)
(0.05 0.45 0.1)
(0.05 0.5 0.1)
(0.1 0.45 0.1)
(0.1 0.5 0.1)
(0.15 0.45 0.1)
(0.15 0.5 0.1)
(0.2 0.45 0.1)
(0.2 0.5 0.1)
(0.25 0.45 0.1)
(0.25 0.5 0.1)
(0.3 0.45 0.1)
(0.3 0.5 0.1)
(0.35 0.45 0.1)
(0.35 0.5 0.1)
(0.4 0.45 0.1)
(0.4 0.5 0.1)
(0.45 0.45 0.1)
(0.45 0.5 0.1)
(0.5 0.45 0.1)
(0.5 0.5 0.1)
(-0.5 0.4 0.1)
(-0.45 0.4 0.1)
(-0.4 0.4 0.1)
(-0.35 0.4 0.1)
(-0.3 0.4 0.1)
(-0.25 0.4 0.1)
(-0.2 0.4 0.1)
(-0.15 0.4 0.1)
(-0.1 0.4 0.1)
(-0.05 0.4 0.1)
(-6.245e-17 0.4 0.1)
(0.05 0.4 0.1)
(0.1 0.4 0.1)
(0.15 0.4 0.1)
(0.2 0.4 0.1)
(0.25 0.4 0.1)
(0.3 0.4 0.1)
(0.35 0.4 0.1)
(0.4 0.4 0.1)
(0.45 0.4 0.1)
(0.5 0.4 0.1)
(-0.5 0.35 0.1)
(-0.45 0.35 0.1)
(-0.4 0.35 0.1)
(-0.35 0.35 0.1)
(-0.3 0.35 0.1)
(-0.25 0.35 0.1)
(-0.2 0.35 0.1)
(-0.15 0.35 0.1)
(-0.1 0.35 0.1)
(-0.05 0.35 0.1)
(-3.1225e-17 0.35 0.1)
(0.05 0.35 0.1)
(0.1 0.35 0.1)
(0.15 0.35 0.1)
(0.2 0.35 0.1)
(0.25 0.35 0.1)
(0.3 0.35 0.1)
(0.35 0.35 0.1)
(0.4 0.35 0.1)
(0.45 0.35 0.1)
(0.5 0.35 0.1)
(-0.5 0.3 0.1)
(-0.45 0.3 0.1)
(-0.4 0.3 0.1)
(-0.35 0.3 0.1)
(-0.3 0.3 0.1)
(-0.25 0.3 0.1)
(-0.2 0.3 0.1)
(-0.15 0.3 0.1)
(-0.1 0.3 0.1)
(-0.05 0.3 0.1)
(-5.55112e-17 0.3 0.1)
(0.05 0.3 0.1)
(0.1 0.3 0.1)
(0.15 0.3 0.1)
(0.2 0.3 0.1)
(0.25 0.3 0.1)
(0.3 0.3 0.1)
(0.35 0.3 0.1)
(0.4 0.3 0.1)
(0.45 0.3 0.1)
(0.5 0.3 0.1)
(-0.5 0.25 0.1)
(-0.45 0.25 0.1)
(-0.4 0.25 0.1)
(-0.35 0.25 0.1)
(-0.3 0.25 0.1)
(-0.25 0.25 0.1)
(-0.2 0.25 0.1)
(-0.15 0.25 0.1)
(-0.1 0.25 0.1)
(-0.05 0.25 0.1)
(-5.20417e-17 0.25 0.1)
(0.05 0.25 0.1)
(0.1 0.25 0.1)
(0.15 0.25 0.1)
(0.2 0.25 0.1)
(0.25 0.25 0.1)
(0.3 0.25 0.1)
(0.35 0.25 0.1)
(0.4 0.25 0.1)
(0.45 0.25 0.1)
(0.5 0.25 0.1)
(-0.5 0.2 0.1)
(-0.45 0.2 0.1)
(-0.4 0.2 0.1)
(-0.35 0.2 0.1)
(-0.3 0.2 0.1)
(-0.25 0.2 0.1)
(-0.2 0.2 0.1)
(-0.15 0.2 0.1)
(-0.1 0.2 0.1)
(-0.05 0.2 0.1)
(-4.85723e-17 0.2 0.1)
(0.05 0.2 0.1)
(0.1 0.2 0.1)
(0.15 0.2 0.1)
(0.2 0.2 0.1)
(0.25 0.2 0.1)
(0.3 0.2 0.1)
(0.35 0.2 0.1)
(0.4 0.2 0.1)
(0.45 0.2 0.1)
(0.5 0.2 0.1)
(-0.5 0.15 0.1)
(-0.45 0.15 0.1)
(-0.4 0.15 0.1)
(-0.35 0.15 0.1)
(-0.3 0.15 0.1)
(-0.25 0.15 0.1)
(-0.2 0.15 0.1)
(-0.15 0.15 0.1)
(-0.1 0.15 0.1)
(-0.05 0.15 0.1)
(-4.51028e-17 0.15 0.1)
(0.05 0.15 0.1)
(0.1 0.15 0.1)
(0.15 0.15 0.1)
(0.2 0.15 0.1)
(0.25 0.15 0.1)
(0.3 0.15 0.1)
(0.35 0.15 0.1)
(0.4 0.15 0.1)
(0.45 0.15 0.1)
(0.5 0.15 0.1)
(-0.5 0.1 0.1)
(-0.45 0.1 0.1)
(-0.4 0.1 0.1)
(-0.35 0.1 0.1)
(-0.3 0.1 0.1)
(-0.25 0.1 0.1)
(-0.2 0.1 0.1)
(-0.15 0.1 0.1)
(-0.1 0.1 0.1)
(-0.05 0.1 0.1)
(-6.93889e-17 0.1 0.1)
(0.05 0.1 0.1)
(0.1 0.1 0.1)
(0.15 0.1 0.1)
(0.2 0.1 0.1)
(0.25 0.1 0.1)
(0.3 0.1 0.1)
(0.35 0.1 0.1)
(0.4 0.1 0.1)
(0.45 0.1 0.1)
(0.5 0.1 0.1)
(-0.5 0.05 0.1)
(-0.45 0.05 0.1)
(-0.4 0.05 0.1)
(-0.35 0.05 0.1)
(-0.3 0.05 0.1)
(-0.25 0.05 0.1)
(-0.2 0.05 0.1)
(-0.15 0.05 0.1)
(-0.1 0.05 0.1)
(-0.05 0.05 0.1)
(-6.59195e-17 0.05 0.1)
(0.05 0.05 0.1)
(0.1 0.05 0.1)
(0.15 0.05 0.1)
(0.2 0.05 0.1)
(0.25 0.05 0.1)
(0.3 0.05 0.1)
(0.35 0.05 0.1)
(0.4 0.05 0.1)
(0.45 0.05 0.1)
(0.5 0.05 0.1)
(-0.5 -6.93889e-17 0.1)
(-0.45 -4.85723e-17 0.1)
(-0.4 -4.16334e-17 0.1)
(-0.35 -4.16334e-17 0.1)
(-0.3 -2.77556e-17 0.1)
(-0.25 -2.77556e-17 0.1)
(-0.2 -8.32667e-17 0.1)
(-0.15 -8.32667e-17 0.1)
(-0.1 -5.55112e-17 0.1)
(-0.05 -1.11022e-16 0.1)
(-7.63278e-17 -1.249e-16 0.1)
(0.05 -1.11022e-16 0.1)
(0.1 -1.11022e-16 0.1)
(0.15 -8.32667e-17 0.1)
(0.2 -8.32667e-17 0.1)
(0.25 -2.77556e-17 0.1)
(0.3 -2.77556e-17 0.1)
(0.35 -5.55112e-17 0.1)
(0.4 -5.55112e-17 0.1)
(0.45 -5.55112e-17 0.1)
(0.5 -6.93889e-17 0.1)
(-0.5 -0.05 0.1)
(-0.45 -0.05 0.1)
(-0.4 -0.05 0.1)
(-0.35 -0.05 0.1)
(-0.3 -0.05 0.1)
(-0.25 -0.05 0.1)
(-0.2 -0.05 0.1)
(-0.15 -0.05 0.1)
(-0.1 -0.05 0.1)
(-0.05 -0.05 0.1)
(-7.28584e-17 -0.05 0.1)
(0.05 -0.05 0.1)
(0.1 -0.05 0.1)
(0.15 -0.05 0.1)
(0.2 -0.05 0.1)
(0.25 -0.05 0.1)
(0.3 -0.05 0.1)
(0.35 -0.05 0.1)
(0.4 -0.05 0.1)
(0.45 -0.05 0.1)
(0.5 -0.05 0.1)
(-0.5 -0.1 0.1)
(-0.45 -0.1 0.1)
(-0.4 -0.1 0.1)
(-0.35 -0.1 0.1)
(-0.3 -0.1 0.1)
(-0.25 -0.1 0.1)
(-0.2 -0.1 0.1)
(-0.15 -0.1 0.1)
(-0.1 -0.1 0.1)
(-0.05 -0.1 0.1)
(-6.93889e-17 -0.1 0.1)
(0.05 -0.1 0.1)
(0.1 -0.1 0.1)
(0.15 -0.1 0.1)
(0.2 -0.1 0.1)
(0.25 -0.1 0.1)
(0.3 -0.1 0.1)
(0.35 -0.1 0.1)
(0.4 -0.1 0.1)
(0.45 -0.1 0.1)
(0.5 -0.1 0.1)
(-0.5 -0.15 0.1)
(-0.45 -0.15 0.1)
(-0.4 -0.15 0.1)
(-0.35 -0.15 0.1)
(-0.3 -0.15 0.1)
(-0.25 -0.15 0.1)
(-0.2 -0.15 0.1)
(-0.15 -0.15 0.1)
(-0.1 -0.15 0.1)
(-0.05 -0.15 0.1)
(-6.59195e-17 -0.15 0.1)
(0.05 -0.15 0.1)
(0.1 -0.15 0.1)
(0.15 -0.15 0.1)
(0.2 -0.15 0.1)
(0.25 -0.15 0.1)
(0.3 -0.15 0.1)
(0.35 -0.15 0.1)
(0.4 -0.15 0.1)
(0.45 -0.15 0.1)
(0.5 -0.15 0.1)
(-0.5 -0.2 0.1)
(-0.45 -0.2 0.1)
(-0.4 -0.2 0.1)
(-0.35 -0.2 0.1)
(-0.3 -0.2 0.1)
(-0.25 -0.2 0.1)
(-0.2 -0.2 0.1)
(-0.15 -0.2 0.1)
(-0.1 -0.2 0.1)
(-0.05 -0.2 0.1)
(-6.245e-17 -0.2 0.1)
(0.05 -0.2 0.1)
(0.1 -0.2 0.1)
(0.15 -0.2 0.1)
(0.2 -0.2 0.1)
(0.25 -0.2 0.1)
(0.3 -0.2 0.1)
(0.35 -0.2 0.1)
(0.4 -0.2 0.1)
(0.45 -0.2 0.1)
(0.5 -0.2 0.1)
(-0.5 -0.25 0.1)
(-0.45 -0.25 0.1)
(-0.4 -0.25 0.1)
(-0.35 -0.25 0.1)
(-0.3 -0.25 0.1)
(-0.25 -0.25 0.1)
(-0.2 -0.25 0.1)
(-0.15 -0.25 0.1)
(-0.1 -0.25 0.1)
(-0.05 -0.25 0.1)
(-6.59195e-17 -0.25 0.1)
(0.05 -0.25 0.1)
(0.1 -0.25 0.1)
(0.15 -0.25 0.1)
(0.2 -0.25 0.1)
(0.25 -0.25 0.1)
(0.3 -0.25 0.1)
(0.35 -0.25 0.1)
(0.4 -0.25 0.1)
(0.45 -0.25 0.1)
(0.5 -0.25 0.1)
(-0.5 -0.3 0.1)
(-0.45 -0.3 0.1)
(-0.4 -0.3 0.1)
(-0.35 -0.3 0.1)
(-0.3 -0.3 0.1)
(-0.25 -0.3 0.1)
(-0.2 -0.3 0.1)
(-0.15 -0.3 0.1)
(-0.1 -0.3 0.1)
(-0.05 -0.3 0.1)
(-6.245e-17 -0.3 0.1)
(0.05 -0.3 0.1)
(0.1 -0.3 0.1)
(0.15 -0.3 0.1)
(0.2 -0.3 0.1)
(0.25 -0.3 0.1)
(0.3 -0.3 0.1)
(0.35 -0.3 0.1)
(0.4 -0.3 0.1)
(0.45 -0.3 0.1)
(0.5 -0.3 0.1)
(-0.5 -0.35 0.1)
(-0.45 -0.35 0.1)
(-0.4 -0.35 0.1)
(-0.35 -0.35 0.1)
(-0.3 -0.35 0.1)
(-0.25 -0.35 0.1)
(-0.2 -0.35 0.1)
(-0.15 -0.35 0.1)
(-0.1 -0.35 0.1)
(-0.05 -0.35 0.1)
(-5.89806e-17 -0.35 0.1)
(0.05 -0.35 0.1)
(0.1 -0.35 0.1)
(0.15 -0.35 0.1)
(0.2 -0.35 0.1)
(0.25 -0.35 0.1)
(0.3 -0.35 0.1)
(0.35 -0.35 0.1)
(0.4 -0.35 0.1)
(0.45 -0.35 0.1)
(0.5 -0.35 0.1)
(-0.5 -0.4 0.1)
(-0.45 -0.4 0.1)
(-0.4 -0.4 0.1)
(-0.35 -0.4 0.1)
(-0.3 -0.4 0.1)
(-0.25 -0.4 0.1)
(-0.2 -0.4 0.1)
(-0.15 -0.4 0.1)
(-0.1 -0.4 0.1)
(-0.05 -0.4 0.1)
(-5.89806e-17 -0.4 0.1)
(0.05 -0.4 0.1)
(0.1 -0.4 0.1)
(0.15 -0.4 0.1)
(0.2 -0.4 0.1)
(0.25 -0.4 0.1)
(0.3 -0.4 0.1)
(0.35 -0.4 0.1)
(0.4 -0.4 0.1)
(0.45 -0.4 0.1)
(0.5 -0.4 0.1)
(-0.5 -0.45 0.1)
(-0.45 -0.45 0.1)
(-0.4 -0.45 0.1)
(-0.35 -0.45 0.1)
(-0.3 -0.45 0.1)
(-0.25 -0.45 0.1)
(-0.2 -0.45 0.1)
(-0.15 -0.45 0.1)
(-0.1 -0.45 0.1)
(-0.05 -0.45 0.1)
(-5.72459e-17 -0.45 0.1)
(0.05 -0.45 0.1)
(0.1 -0.45 0.1)
(0.15 -0.45 0.1)
(0.2 -0.45 0.1)
(0.25 -0.45 0.1)
(0.3 -0.45 0.1)
(0.35 -0.45 0.1)
(0.4 -0.45 0.1)
(0.45 -0.45 0.1)
(0.5 -0.45 0.1)
(-0.5 -0.5 0.1)
(-0.45 -0.5 0.1)
(-0.4 -0.5 0.1)
(-0.35 -0.5 0.1)
(-0.3 -0.5 0.1)
(-0.25 -0.5 0.1)
(-0.2 -0.5 0.1)
(-0.15 -0.5 0.1)
(-0.1 -0.5 0.1)
(-0.05 -0.5 0.1)
(-6.93889e-17 -0.5 0.1)
(0.05 -0.5 0.1)
(0.1 -0.5 0.1)
(0.15 -0.5 0.1)
(0.2 -0.5 0.1)
(0.25 -0.5 0.1)
(0.3 -0.5 0.1)
(0.35 -0.5 0.1)
(0.4 -0.5 0.1)
(0.45 -0.5 0.1)
(0.5 -0.5 0.1)
)


// ************************************************************************* //
