/*--------------------------------*- C++ -*----------------------------------*\
| =========                 |                                                 |
| \\      /  F ield         | OpenFOAM: The Open Source CFD Toolbox           |
|  \\    /   O peration     | Version:  5.x                                   |
|   \\  /    A nd           | Web:      www.OpenFOAM.org                      |
|    \\/     M anipulation  |                                                 |
\*---------------------------------------------------------------------------*/
FoamFile
{
    version     2.0;
    format      ascii;
    class       volScalarField;
    location    "5.3";
    object      p;
}
// * * * * * * * * * * * * * * * * * * * * * * * * * * * * * * * * * * * * * //

dimensions      [0 2 -2 0 0 0 0];

internalField   nonuniform List<scalar> 
400
(
2.01728498e-06
2.45246169
3.49432541
3.8988816
4.10664958
4.22470905
4.29429367
4.3402805
4.37634102
4.41011318
4.44676214
4.49091698
4.54765658
4.62449167
4.73479993
4.90459846
5.18238208
5.68420337
6.84131789
9.41172689
1.88670739
2.86729157
3.41988577
3.74774607
3.96518309
4.10974958
4.2076766
4.27899451
4.33674704
4.38961541
4.44424766
4.50657418
4.5833357
4.68329993
4.81972847
5.01368132
5.29402461
5.69847132
6.33841776
7.42837339
2.98207998
3.2625324
3.54233327
3.77068173
3.94570789
4.07571804
4.17322795
4.25000555
4.31527781
4.37623811
4.43892733
4.50902389
4.59257737
4.69678491
4.83085227
5.00664036
5.23632397
5.52394156
5.86049299
6.19823968
3.52778638
3.58534501
3.72178762
3.86537892
3.98906624
4.09083456
4.17461252
4.24571627
4.30952911
4.3710253
4.43477677
4.50520662
4.58679075
4.68425681
4.80245333
4.94569483
5.11575162
5.30515023
5.47833923
5.55964113
3.84421927
3.8268827
3.88518208
3.96938515
4.05222188
4.12779312
4.19567081
4.25748006
4.31592512
4.3740944
4.43506716
4.50185975
4.57733339
4.66400831
4.7635062
4.87551314
4.9963612
5.11480407
5.19584819
5.18371804
4.04550321
4.00366095
4.02142829
4.06785204
4.12138449
4.17574299
4.2288569
4.28053991
4.33186237
4.38449384
4.44027304
4.50097013
4.56805095
4.6423286
4.72332855
4.80836849
4.89180885
4.96268009
4.99308281
4.94681016
4.18058777
4.13383292
4.13184093
4.15537073
4.18883562
4.22706868
4.26772896
4.30987384
4.35363951
4.39973349
4.44904041
4.50233887
4.56002096
4.62172393
4.68578759
4.74862813
4.80456185
4.84466777
4.84862671
4.79368217
4.27566057
4.23084444
4.21966205
4.22967639
4.24984786
4.27635671
4.30712424
4.34098463
4.37758052
4.41700115
4.45945354
4.50499827
4.55328721
4.60325121
4.6527071
4.69801337
4.7342607
4.7548488
4.7455625
4.69204422
4.34467611
4.30373291
4.28863083
4.29082944
4.30237824
4.32057366
4.34373192
4.3707036
4.40089485
4.43401747
4.46983034
4.50791975
4.54748541
4.58711091
4.62451532
4.65641528
4.67889563
4.68733515
4.67188121
4.62321849
4.39526115
4.35850628
4.34215894
4.33995989
4.34599093
4.35836315
4.37576286
4.39714675
4.42182695
4.44930037
4.47905263
4.51038884
4.54227608
4.57319427
4.60100204
4.62292795
4.63599759
4.63709423
4.61932659
4.57637949
4.43196536
4.3992594
4.38305608
4.37851211
4.38106739
4.38939774
4.40248914
4.41942614
4.43950361
4.4621103
4.4865839
4.51208858
4.53750976
4.56137056
4.58177776
4.59648284
4.60329618
4.60017531
4.58220754
4.54489561
4.45777816
4.42889744
4.41358201
4.40794643
4.40838104
4.41394877
4.42386578
4.43734019
4.45368976
4.47226258
4.49233236
4.51301536
4.53320828
4.55155317
4.5664347
4.576072
4.57888719
4.57357625
4.5565569
4.52447966
4.47482909
4.44957505
4.43556303
4.4296222
4.42885454
4.43259513
4.44023701
4.45110013
4.46454461
4.47991734
4.49647881
4.51335183
4.52949272
4.54369027
4.55459361
4.56081244
4.56122879
4.55503751
4.53957487
4.51226107
4.48473207
4.46296092
4.45049475
4.44475316
4.44341832
4.44603038
4.452124
4.46111901
4.47242453
4.48540499
4.49933242
4.51336049
4.52652131
4.53774789
4.5459198
4.5499609
4.54909526
4.54285861
4.52925697
4.50627353
4.48877571
4.47040427
4.45962233
4.45439518
4.45292909
4.45493855
4.4600803
4.46786344
4.47774341
4.48910455
4.50123428
4.51331831
4.52445754
4.53370772
4.54013632
4.54291467
4.54152481
4.53575025
4.52413616
4.50513732
4.4880631
4.47305864
4.46401096
4.45945688
4.45813293
4.45992591
4.46460703
4.47176446
4.4808887
4.49137221
4.50250424
4.51348502
4.52345984
4.53157259
4.53703216
4.53920122
4.5377641
4.53270953
4.52308526
4.50782286
4.48367025
4.47201219
4.46464253
4.46076437
4.45970363
4.46153892
4.46615534
4.4732078
4.48220244
4.4925158
4.50341139
4.5140719
4.52364915
4.53133073
4.53641738
4.53841419
4.53717209
4.53288002
4.52512819
4.5134179
4.47685735
4.4683897
4.46243123
4.45901755
4.45816398
4.46017192
4.46503695
4.47245933
4.48192972
4.49277208
4.50418303
4.51528212
4.5251764
4.53304078
4.53820979
4.54027997
4.53924075
4.53550023
4.52928948
4.52085797
4.46928783
4.46319636
4.45767632
4.45397001
4.45292393
4.45509114
4.46054489
4.46897033
4.47977299
4.49215086
4.50515593
4.51776023
4.52893302
4.5377362
4.54343635
4.54563276
4.54440616
4.54041792
4.53470087
4.52866785
4.46345067
4.45752496
4.45037251
4.44492904
4.44290541
4.4450974
4.45156939
4.46187476
4.47521673
4.49055303
4.5066742
4.52227786
4.53605527
4.54680132
4.55355398
4.5557673
4.55352213
4.54775125
4.54035336
4.53446398
)
;

boundaryField
{
    walls
    {
        type            zeroGradient;
    }
    mov_wall
    {
        type            zeroGradient;
    }
    empty
    {
        type            empty;
    }
}


// ************************************************************************* //
