/*--------------------------------*- C++ -*----------------------------------*\
| =========                 |                                                 |
| \\      /  F ield         | OpenFOAM: The Open Source CFD Toolbox           |
|  \\    /   O peration     | Version:  5.x                                   |
|   \\  /    A nd           | Web:      www.OpenFOAM.org                      |
|    \\/     M anipulation  |                                                 |
\*---------------------------------------------------------------------------*/
FoamFile
{
    version     2.0;
    format      ascii;
    class       surfaceScalarField;
    location    "5.3";
    object      phi;
}
// * * * * * * * * * * * * * * * * * * * * * * * * * * * * * * * * * * * * * //

dimensions      [0 3 -1 0 0 0 0];

internalField   nonuniform List<scalar> 
760
(
0.00134817646
-0.00134817742
0.00245763969
-0.00110946323
0.00313513464
-0.000677494941
0.0035597157
-0.000424581056
0.0038322513
-0.000272535603
0.00400945215
-0.000177200852
0.0041252145
-0.000115762352
0.00419921707
-7.40025704e-05
0.00424243235
-4.3215276e-05
0.00426055359
-1.81212278e-05
0.00425562236
4.93123214e-06
0.00422675778
2.88645733e-05
0.0041693894
5.73683828e-05
0.00407358504
9.58043571e-05
0.00391995094
0.00015363411
0.0036720193
0.000247931642
0.00326316023
0.000408859066
0.00257264076
0.000690519463
0.00140850173
0.00116413904
0.00140850173
-5.46953641e-05
-0.00129348206
0.000412592558
-0.00157675115
0.00103002974
-0.00129493212
0.00157871383
-0.000973265137
0.00201483267
-0.000708654438
0.00234477724
-0.000507145417
0.00258511629
-0.000356101406
0.00275126939
-0.000240155669
0.00285456778
-0.00014651366
0.00290179531
-6.53487542e-05
0.00289536659
1.13599545e-05
0.00283293036
9.13008133e-05
0.00270712573
0.00018317301
0.00250436374
0.000298566353
0.00220410988
0.000453887969
0.00178090172
0.000671139803
0.00121756799
0.000972192802
0.000552812558
0.0013552749
1.30664805e-05
0.00170388512
0.00142156821
-0.0002717347
-0.00102174736
-0.000221026658
-0.00162745919
7.13677387e-05
-0.00158732652
0.000446285595
-0.00134818299
0.000812489638
-0.00107485848
0.00112929923
-0.000823955007
0.00138207828
-0.000608880454
0.00156800785
-0.000426085236
0.00168837694
-0.000266882745
0.00174468452
-0.00012165633
0.00173678974
1.92547322e-05
0.0016621344
0.000165956155
0.00151571287
0.000329594544
0.00129125423
0.000523024997
0.000985011682
0.000760130517
0.000605009646
0.00105114184
0.000189850705
0.00138735174
-0.000160045081
0.00170517069
-0.000261640629
0.00180548067
0.00115992758
-0.000227941608
-0.000793805749
-0.000361197365
-0.00149420343
-0.000308328275
-0.00164019561
-0.000134821263
-0.00152169
8.92093344e-05
-0.00129888907
0.000314971825
-0.00104971749
0.000513262961
-0.000807171588
0.000668299981
-0.000581122254
0.000771990293
-0.000370573056
0.00082003609
-0.000169702124
0.000809727631
2.95631948e-05
0.000739201006
0.000236482784
0.000607935651
0.000460859901
0.000419110857
0.000711849792
0.000184524315
0.000994717062
-6.71911845e-05
0.00130285735
-0.00028061755
0.00160077811
-0.000369418482
0.00179397162
-0.000246993631
0.00168305583
0.000912933949
-0.000168965232
-0.000624840518
-0.000352016217
-0.00131115244
-0.000431557728
-0.00156065409
-0.00040890903
-0.0015443387
-0.000319435227
-0.00138836287
-0.000200095226
-0.00116905749
-7.98101224e-05
-0.000927456687
2.15782129e-05
-0.000682510587
9.14286607e-05
-0.000440423502
0.000122135355
-0.000200408816
0.000109757171
4.19413812e-05
5.36456948e-05
0.000292594264
-4.27490262e-05
0.000557254625
-0.000169694052
0.000838794819
-0.000307652446
0.00113267546
-0.000423468638
0.00141867354
-0.000470024878
0.00164733436
-0.000397824827
0.00172177158
-0.000196431027
0.00148166203
0.00071650292
-0.000124192144
-0.000500648373
-0.00030833566
-0.00112700892
-0.000450494136
-0.00141849562
-0.00052320406
-0.00147162877
-0.000535391101
-0.00137617583
-0.000508160859
-0.00119628773
-0.000463156924
-0.000972460619
-0.000418060973
-0.000727606535
-0.000385619045
-0.000472865427
-0.000373912099
-0.000212115761
-0.000386727953
5.47572378e-05
-0.00042345952
0.000329325834
-0.000478356389
0.000612151499
-0.000539178287
0.000899616719
-0.000585818893
0.00117931607
-0.000590512345
0.00142336699
-0.000523085137
0.00157990715
-0.000366699086
0.00156538553
-0.000150585986
0.00126554893
0.000565916935
-9.45729347e-05
-0.000406075434
-0.000264649755
-0.000956932097
-0.000430738409
-0.00125240696
-0.000556976974
-0.0013453902
-0.000636793252
-0.00129635955
-0.000678141796
-0.00115493918
-0.000693943954
-0.000956658458
-0.000696929268
-0.000724621217
-0.000697274084
-0.000472520607
-0.000701661784
-0.000207728059
-0.000712860735
6.59561912e-05
-0.000729336381
0.000345801481
-0.000744753821
0.000627568942
-0.000747580313
0.000902443215
-0.000721469911
0.00115320567
-0.000647843399
0.00134974048
-0.000512876926
0.00144494068
-0.000321206281
0.00137371489
-0.000116485704
0.00106082836
0.000449431236
-7.53437344e-05
-0.000330731694
-0.000228206821
-0.00080406901
-0.000398353673
-0.0010822601
-0.000550539545
-0.00119320433
-0.000670626478
-0.00117627261
-0.000757578369
-0.00106798729
-0.000816784836
-0.00089745199
-0.000855587467
-0.000685818584
-0.00088062432
-0.00044748375
-0.000896360347
-0.000191992029
-0.000904270107
7.38659543e-05
-0.000902360328
0.000343891703
-0.00088497222
0.000610180836
-0.000843104171
0.000860575169
-0.0007658202
0.0010759217
-0.000643664746
0.00122758503
-0.000475103946
0.00127637988
-0.000276309849
0.00117492079
-9.2132864e-05
0.000876651376
0.000357298377
-6.22883072e-05
-0.000268443382
-0.000198541324
-0.000667815992
-0.000362893659
-0.000917907765
-0.000523850736
-0.00103224725
-0.000664415244
-0.0010357081
-0.00077812894
-0.000954273593
-0.000864812193
-0.000810768735
-0.000927165492
-0.000623465284
-0.0009683997
-0.000406249539
-0.00099072123
-0.000169670496
-0.000994436385
7.7581113e-05
-0.000977525754
0.000326981075
-0.000935695014
0.000568350097
-0.000863101247
0.000787981404
-0.000754123165
0.00096694362
-0.000606626314
0.00108008818
-0.000426950414
0.00109670399
-0.000236038293
0.00098400867
-7.43490229e-05
0.000714962107
0.000282949356
-5.27689734e-05
-0.000215674408
-0.000173812793
-0.000546772169
-0.000327557408
-0.000764163147
-0.000486865987
-0.000872938667
-0.000634380198
-0.000888193889
-0.00076075787
-0.000827895917
-0.000862116677
-0.000709409925
-0.000937654775
-0.000547927184
-0.00098778324
-0.000356121072
-0.00101282397
-0.00014462976
-0.00101222278
7.69799177e-05
-0.000984240713
0.000298999016
-0.000926163078
0.000510272465
-0.000835158824
0.000696977152
-0.000709976096
0.000841760894
-0.000553597333
0.000923709426
-0.000376676984
0.00091978364
-0.000200960051
0.00080829174
-6.08626263e-05
0.000574864684
0.000222086728
-4.52979334e-05
-0.000170376478
-0.000152453977
-0.000439616118
-0.000293299618
-0.000623317503
-0.000444763109
-0.000721475173
-0.000590345849
-0.000742611146
-0.000719473365
-0.000698768398
-0.000826046358
-0.000602836928
-0.000906878224
-0.000467095315
-0.000960347589
-0.000302651704
-0.000985403161
-0.000119574187
-0.000980963168
7.25399262e-05
-0.000945732122
0.000263767974
-0.000878480042
0.000443020389
-0.00077885507
0.000597352182
-0.00064878406
0.000711689885
-0.000494403553
0.000769328922
-0.000328204156
0.000753584247
-0.000170678369
0.000650765957
-5.02806559e-05
0.000454466975
0.000171806071
-3.90621847e-05
-0.000131314297
-0.0001334038
-0.000345274496
-0.000260349972
-0.000496371328
-0.000400388974
-0.000581436169
-0.000538431199
-0.000604568919
-0.000663692787
-0.000573506808
-0.000768938055
-0.000497591658
-0.000849523089
-0.000386510277
-0.000902500946
-0.000249673844
-0.000925934106
-9.61410244e-05
-0.000918488883
6.50947045e-05
-0.000879356201
0.000224635293
-0.000808535341
0.000372199533
-0.000707505279
0.000496322123
-0.0005802617
0.000584446309
-0.000434588343
0.000623655567
-0.000283248295
0.000602244202
-0.000144573365
0.000512091031
-4.17551852e-05
0.0003516488
0.000130050886
-3.36094074e-05
-9.77048904e-05
-0.000115973501
-0.0002629104
-0.000228685887
-0.00038365894
-0.000355331146
-0.000454790908
-0.000482448493
-0.000477451569
-0.000599656649
-0.00045629865
-0.000699324734
-0.000397923571
-0.000776050484
-0.000309784524
-0.000826127635
-0.000199596689
-0.000847124144
-7.51445117e-05
-0.000837646095
5.56166572e-05
-0.000797332208
0.000184321408
-0.000727102531
0.000301969859
-0.000629656436
0.00039887603
-0.000510163479
0.000464953355
-0.000377005147
0.000490497238
-0.000242314869
0.000467553926
-0.000121978236
0.0003917544
-3.47332174e-05
0.000264403784
9.53176716e-05
-2.8657487e-05
-6.90473979e-05
-9.9660224e-05
-0.000191907663
-0.000198117004
-0.000285202158
-0.000310357562
-0.000342550348
-0.000424616067
-0.000363193061
-0.000531265891
-0.000349648823
-0.000622765452
-0.00030642401
-0.00069344663
-0.000239103344
-0.000739258814
-0.000153784503
-0.000757558039
-5.68452821e-05
-0.000747003456
4.50620774e-05
-0.000707597942
0.000144915896
-0.0006408844
0.000235256319
-0.000550277065
0.000308268697
-0.00044146235
0.000356138643
-0.000322745861
0.000371780752
-0.000205166589
0.000349974655
-0.000102185444
0.000288773257
-2.88024199e-05
0.000191020761
6.6515255e-05
-2.39812047e-05
-4.50661843e-05
-8.39974337e-05
-0.000131891436
-0.000168257093
-0.000200942497
-0.000265595487
-0.000245211952
-0.000365935592
-0.000262852953
-0.000460594497
-0.000254989914
-0.000542423533
-0.000224594971
-0.000605821315
-0.00017570556
-0.000646681727
-0.00011292409
-0.000662339382
-4.11876241e-05
-0.000651561334
3.42840333e-05
-0.000614612948
0.000107967513
-0.00055340064
0.000174044013
-0.000471663896
0.000226531955
-0.000375154004
0.000259628753
-0.000271701954
0.000268328705
-0.00017105886
0.000249331564
-8.44170721e-05
0.00020213147
-2.35998679e-05
0.000130203558
4.29153889e-05
-1.93492241e-05
-2.57169539e-05
-6.84700338e-05
-8.2770625e-05
-0.000138506749
-0.000130905779
-0.00022063807
-0.000163080629
-0.000306428408
-0.000177062613
-0.000388228755
-0.000173189564
-0.000459474175
-0.000153349547
-0.000514859807
-0.000120319925
-0.000550429788
-7.73541075e-05
-0.00056362756
-2.7989851e-05
-0.000553348425
2.40049009e-05
-0.000520016434
7.46355262e-05
-0.000465682619
0.000119710201
-0.000394114917
0.000154964256
-0.000310822986
0.000176336825
-0.000222941264
0.000180446986
-0.000138894622
0.000165284925
-6.78135194e-05
0.00013105037
-1.87621141e-05
8.11521556e-05
2.41532752e-05
-1.45055338e-05
-1.12114209e-05
-5.25211098e-05
-4.47550431e-05
-0.000108122811
-7.5304074e-05
-0.00017468779
-9.65156473e-05
-0.000245343235
-0.000106407166
-0.000313520813
-0.000105011983
-0.0003733879
-9.34824567e-05
-0.000420129426
-7.3578395e-05
-0.000450116073
-4.73674572e-05
-0.00046100908
-1.70968423e-05
-0.000451841631
1.48374527e-05
-0.000423096905
4.5890803e-05
-0.000376775972
7.33892713e-05
-0.000316426457
9.46147431e-05
-0.000247079553
0.000106989924
-0.000175030354
0.000108397789
-0.000107403061
9.76576348e-05
-5.14858464e-05
7.51331586e-05
-1.39146217e-05
4.35809342e-05
1.02386538e-05
-9.20280569e-06
-2.00862147e-06
-3.56847401e-05
-1.82731002e-05
-7.64355278e-05
-3.45532819e-05
-0.000126811022
-4.61401497e-05
-0.000181408065
-5.18101217e-05
-0.000234817143
-5.16029049e-05
-0.000282132225
-4.61673736e-05
-0.00031926354
-3.64470764e-05
-0.000343116513
-2.35144793e-05
-0.000351700045
-8.51330662e-06
-0.000344207016
7.34442544e-06
-0.000321084429
2.27682168e-05
-0.000284086159
3.63910038e-05
-0.000236279537
4.68081236e-05
-0.000181958578
5.26689691e-05
-0.000126403749
5.28429633e-05
-7.54285421e-05
4.66824301e-05
-3.46816279e-05
3.4386247e-05
-8.71390808e-06
1.76132173e-05
1.52474673e-06
-3.43752785e-06
1.4289007e-06
-1.80438748e-05
-3.66674229e-06
-4.34060371e-05
-9.19111342e-06
-7.64336679e-05
-1.31125137e-05
-0.000113187156
-1.50566305e-05
-0.000149665113
-1.51249482e-05
-0.000182251543
-1.35809431e-05
-0.000207952845
-1.07457722e-05
-0.000224514094
-6.95322563e-06
-0.000230484761
-2.54263529e-06
-0.000225272646
2.1323132e-06
-0.000209197081
6.69265311e-06
-0.000183535357
1.07292803e-05
-0.000150536811
1.38095804e-05
-0.000113368295
1.55004571e-05
-7.59397615e-05
1.54144333e-05
-4.25472235e-05
1.32898946e-05
-1.72767379e-05
9.11576338e-06
-3.10385778e-06
3.44033938e-06
-1.57910959e-06
1.42890351e-06
-2.2378423e-06
-1.14289595e-05
-2.4541473e-05
-3.95980989e-05
-5.47230422e-05
-6.83039839e-05
-7.90497582e-05
-8.60029856e-05
-8.85456195e-05
-8.64133023e-05
-7.97206455e-05
-6.89913639e-05
-5.51817839e-05
-3.96813271e-05
-2.42668927e-05
-1.09769962e-05
-1.86123101e-06
1.57910949e-06
)
;

boundaryField
{
    walls
    {
        type            calculated;
        value           uniform 0;
    }
    mov_wall
    {
        type            calculated;
        value           uniform 0;
    }
    empty
    {
        type            empty;
        value           nonuniform 0();
    }
}


// ************************************************************************* //
