/*--------------------------------*- C++ -*----------------------------------*\
| =========                 |                                                 |
| \\      /  F ield         | OpenFOAM: The Open Source CFD Toolbox           |
|  \\    /   O peration     | Version:  5.x                                   |
|   \\  /    A nd           | Web:      www.OpenFOAM.org                      |
|    \\/     M anipulation  |                                                 |
\*---------------------------------------------------------------------------*/
FoamFile
{
    version     2.0;
    format      ascii;
    class       volVectorField;
    location    "5.3";
    object      U;
}
// * * * * * * * * * * * * * * * * * * * * * * * * * * * * * * * * * * * * * //

dimensions      [0 1 -1 0 0 0 0];

internalField   nonuniform List<vector> 
400
(
(0.291698381 0.149643863 0)
(0.388187103 0.128007717 0)
(0.557616039 0.0757318363 0)
(0.674785688 0.0433044431 0)
(0.743766587 0.0251591074 0)
(0.787075017 0.0148802984 0)
(0.815462954 0.00893092188 0)
(0.833939557 0.00530992803 0)
(0.84536546 0.00289956146 0)
(0.851349263 0.00108485312 2.66526897e-34)
(0.852640747 -0.000502852746 -2.66526897e-34)
(0.849354291 -0.00216072043 0)
(0.840973369 -0.00421710605 0)
(0.826113772 -0.00722098616 0)
(0.802020425 -0.012236501 0)
(0.763538945 -0.0213892099 0)
(0.699488891 -0.0388386152 0)
(0.584557335 -0.0722732749 0)
(0.407900534 -0.128436308 0)
(0.300688067 -0.152947536 0)
(0.00120415584 0.287432465 0)
(0.0133209138 0.293872162 0)
(0.140044409 0.209904874 0)
(0.264971563 0.142986175 0)
(0.364177722 0.0968019919 0)
(0.440120051 0.0654411261 0)
(0.496541029 0.0439762539 0)
(0.536691059 0.0287011573 0)
(0.563274459 0.0170798545 0)
(0.578137338 0.00742308705 0)
(0.582210283 -0.00150101179 0)
(0.575515249 -0.0107977547 0)
(0.557109245 -0.0217346528 0)
(0.524912992 -0.0361396924 0)
(0.475518406 -0.0569634973 0)
(0.404326003 -0.0889771518 0)
(0.305687293 -0.139150756 0)
(0.174497789 -0.215275203 0)
(0.0341065829 -0.310801156 0)
(0.0108691556 -0.305909063 0)
(-0.0321467741 0.241773949 0)
(-0.0634303897 0.333547188 0)
(-0.0219362292 0.299502512 0)
(0.0505996032 0.240051681 0)
(0.127397363 0.183020818 0)
(0.196818595 0.135454531 0)
(0.25416709 0.0974523472 0)
(0.29808829 0.0668891734 0)
(0.328665666 0.0413758252 0)
(0.346307818 0.0187814614 -2.35797098e-33)
(0.351211309 -0.00280949086 2.35797098e-33)
(0.343126744 -0.0252950459 0)
(0.321277575 -0.0508299473 0)
(0.284432896 -0.0820948311 0)
(0.231328815 -0.122479775 0)
(0.161916761 -0.17565804 0)
(0.0798350189 -0.243208457 0)
(-0.00333734358 -0.317981961 0)
(-0.0578531351 -0.366363502 0)
(-0.031389321 -0.270690675 0)
(-0.0261204198 0.182361586 0)
(-0.0666192904 0.316884154 0)
(-0.0735378 0.330901759 0)
(-0.0481307386 0.295352925 0)
(-0.00567219233 0.244253518 0)
(0.0411124613 0.192431751 0)
(0.0845450951 0.145095046 0)
(0.120424319 0.103006634 0)
(0.146585235 0.0651543656 0)
(0.16192547 0.0298884081 2.35546637e-33)
(0.165812811 -0.00469432109 -2.35546637e-33)
(0.157798797 -0.0406696175 0)
(0.137586493 -0.0803027375 0)
(0.105285206 -0.12597958 0)
(0.0620900227 -0.179774808 0)
(0.0116092664 -0.242029716 0)
(-0.0380283799 -0.307764354 0)
(-0.0720490953 -0.359579369 0)
(-0.0711639187 -0.355585637 0)
(-0.0287210569 -0.209178581 0)
(-0.0176296848 0.140767922 0)
(-0.0549165517 0.281827217 0)
(-0.0828630065 0.324484376 0)
(-0.0880762391 0.312396814 0)
(-0.0751197048 0.274441993 0)
(-0.0526276396 0.226778438 0)
(-0.0275118608 0.177302826 0)
(-0.00458010372 0.129145431 0)
(0.0130234779 0.0829123651 0)
(0.0233567857 0.0379330339 -2.94545626e-34)
(0.0253097385 -0.00710139335 2.94545626e-34)
(0.0184152011 -0.0537995205 0)
(0.00288697941 -0.103801259 0)
(-0.0200872067 -0.158367937 0)
(-0.0477707985 -0.217530723 0)
(-0.0750614614 -0.278347554 0)
(-0.0936267097 -0.331694802 0)
(-0.0922270562 -0.357398868 0)
(-0.0635074675 -0.31887989 0)
(-0.0207312597 -0.162076724 0)
(-0.0116542801 0.111592256 0)
(-0.0431522026 0.243765277 0)
(-0.078284003 0.299859416 0)
(-0.100579271 0.305000843 0)
(-0.108310602 0.280421277 0)
(-0.105716518 0.240369193 0)
(-0.097536183 0.193277777 0)
(-0.0877934571 0.143545377 0)
(-0.079535201 0.0930260798 0)
(-0.0748272276 0.0420752352 0)
(-0.0748481417 -0.00975925579 0)
(-0.0799345849 -0.063250617 0)
(-0.0895000268 -0.119033272 0)
(-0.10181288 -0.176993442 0)
(-0.113690954 -0.235297919 0)
(-0.120284785 -0.288849072 0)
(-0.115237025 -0.327084782 0)
(-0.0922711141 -0.331566551 0)
(-0.0521876272 -0.27511969 0)
(-0.0142847853 -0.127260098 0)
(-0.0080318562 0.0899680222 0)
(-0.0343052837 0.207876704 0)
(-0.0703686627 0.267741367 0)
(-0.100959323 0.283509157 0)
(-0.121509118 0.269753791 0)
(-0.133061973 0.237807856 0)
(-0.138135845 0.195384132 0)
(-0.13945025 0.147216498 0)
(-0.139365673 0.0958906881 0)
(-0.13959924 0.0425957627 0)
(-0.141114121 -0.0122625648 0)
(-0.144054671 -0.068540164 0)
(-0.147657213 -0.125824592 0)
(-0.150140604 -0.182787203 0)
(-0.148667744 -0.236314554 0)
(-0.139565531 -0.280390167 0)
(-0.119015756 -0.304900546 0)
(-0.0848747414 -0.294957285 0)
(-0.0422046456 -0.232154476 0)
(-0.0100065904 -0.100709815 0)
(-0.00589819041 0.0731569066 0)
(-0.0280514403 0.175459933 0)
(-0.0624620784 0.233454977 0)
(-0.0961931138 0.254650701 0)
(-0.123784295 0.248662384 0)
(-0.144336455 0.223978329 0)
(-0.158622046 0.187072465 0)
(-0.168069553 0.142434112 0)
(-0.174171015 0.0929433449 0)
(-0.178091657 0.040353306 0)
(-0.180456268 -0.0142245208 0)
(-0.181230014 -0.0698446751 0)
(-0.179647308 -0.125225752 0)
(-0.174205199 -0.178177559 0)
(-0.162809072 -0.224940951 0)
(-0.14321256 -0.259512834 0)
(-0.11384164 -0.273201302 0)
(-0.0753166194 -0.254896363 0)
(-0.0343188979 -0.192925777 0)
(-0.00728498503 -0.079991771 0)
(-0.00459312332 0.0595160164 0)
(-0.0235441701 0.146542621 0)
(-0.0553429922 0.199662162 0)
(-0.0893196742 0.222701641 0)
(-0.120051821 0.221819423 0)
(-0.145609097 0.203131837 0)
(-0.165570657 0.171796555 0)
(-0.180317105 0.131775634 0)
(-0.190531079 0.0859405146 0)
(-0.196813737 0.036351013 2.97711582e-34)
(-0.199448905 -0.0153915409 -2.97711582e-34)
(-0.198275637 -0.0677566403 0)
(-0.192646159 -0.118867796 0)
(-0.181489354 -0.166059306 0)
(-0.16354609 -0.205440868 0)
(-0.137858731 -0.23157779 0)
(-0.104503397 -0.237504906 0)
(-0.0656637279 -0.215386225 0)
(-0.0281737987 -0.158249843 0)
(-0.00551069041 -0.0634668208 0)
(-0.00373314395 0.0480883413 0)
(-0.0201212351 0.1208394 0)
(-0.0490153895 0.167676446 0)
(-0.0816389799 0.190287505 0)
(-0.11298945 0.192487656 0)
(-0.140680563 0.178557137 4.67988184e-33)
(-0.163557396 0.152465454 0)
(-0.181246286 0.117555 0)
(-0.193784178 0.0765047462 -4.74063941e-33)
(-0.201296974 0.0314709988 2.26595373e-36)
(-0.203789198 -0.0156743918 4.98649017e-36)
(-0.20103537 -0.0630555927 0)
(-0.192565934 -0.108481581 0)
(-0.177765517 -0.149141426 0)
(-0.156124909 -0.181360925 0)
(-0.127679783 -0.20052426 0)
(-0.0935645711 -0.201318534 0)
(-0.0566770455 -0.178463971 0)
(-0.0233146669 -0.12809014 0)
(-0.00429570517 -0.0500435343 0)
(-0.00311504112 0.0383306344 0)
(-0.0173631172 0.0980508535 0)
(-0.0433176206 0.138129969 0)
(-0.0737180763 0.158979203 0)
(-0.104104453 0.162838228 0)
(-0.131970535 0.152618184 -4.67988184e-33)
(-0.155761616 0.131295707 0)
(-0.174612864 0.10160328 0)
(-0.188100221 0.0659289955 4.74063941e-33)
(-0.195997422 0.0263693647 1.4910689e-33)
(-0.198111614 -0.0151233157 -1.49832135e-33)
(-0.194204013 -0.0565442415 0)
(-0.183996561 -0.0956260365 0)
(-0.167277175 -0.129654842 0)
(-0.144124396 -0.155368914 0)
(-0.115252465 -0.169022496 0)
(-0.0823814091 -0.166713888 0)
(-0.0485941042 -0.145040224 0)
(-0.0193975962 -0.102103347 0)
(-0.00342090952 -0.0390050006 0)
(-0.00263393559 0.0299262657 0)
(-0.0150226239 0.0779301311 0)
(-0.038097422 0.111311113 0)
(-0.0658175686 0.129695796 0)
(-0.0942794752 0.134263881 0)
(-0.121044028 0.126925347 0)
(-0.14438361 0.109860573 0)
(-0.163148985 0.0852480488 0)
(-0.176619509 0.0551416399 0)
(-0.184335477 0.0214703172 2.9974274e-34)
(-0.18598294 -0.013881362 -2.9974274e-34)
(-0.181343676 -0.0489515385 0)
(-0.170313964 -0.0815745544 0)
(-0.152999253 -0.109289269 0)
(-0.129891607 -0.129330736 0)
(-0.102114503 -0.138764246 0)
(-0.0716393821 -0.134816139 0)
(-0.0414365957 -0.115407288 0)
(-0.0161843493 -0.0798582212 0)
(-0.0027640331 -0.0298606581 0)
(-0.00223473572 0.0226800249 0)
(-0.0129541259 0.0602838597 0)
(-0.0332381482 0.0873308393 0)
(-0.0580555288 0.102954503 0)
(-0.0840353817 0.107621824 0)
(-0.108906085 0.102520712 0)
(-0.130914081 0.0892086532 0)
(-0.148775834 0.0693818691 0)
(-0.161603551 0.0447501661 0)
(-0.16880129 0.0170067349 3.00137329e-34)
(-0.169993547 -0.0121372126 -3.00137329e-34)
(-0.164999674 -0.0408861787 0)
(-0.153857536 -0.0672953749 0)
(-0.136899081 -0.0892417053 0)
(-0.114876637 -0.104468702 0)
(-0.0891189091 -0.110744419 0)
(-0.0616328453 -0.106158117 0)
(-0.035126976 -0.0895353364 0)
(-0.013503743 -0.0609264416 0)
(-0.00225327233 -0.0222578264 0)
(-0.00188545573 0.0164662561 0)
(-0.0110624837 0.0449645401 0)
(-0.0286411422 0.0662105084 0)
(-0.0504611285 0.0790278218 0)
(-0.073653164 0.0834123337 0)
(-0.0961641803 0.0800414915 0)
(-0.116305918 0.0699953615 0)
(-0.132763341 0.0545610907 0)
(-0.144575602 0.035114365 0)
(-0.151082436 0.013074736 0)
(-0.151887893 -0.010088153 0)
(-0.146853005 -0.032825077 0)
(-0.136119505 -0.0534823531 0)
(-0.120164256 -0.0703098542 0)
(-0.0998793399 -0.0815299492 0)
(-0.0766571213 -0.0854921372 0)
(-0.0524122119 -0.0809235391 0)
(-0.0295300347 -0.067246951 0)
(-0.0112185734 -0.0449266639 0)
(-0.00184129753 -0.0159381048 0)
(-0.00156251794 0.0112077491 0)
(-0.00926988019 0.0318705368 0)
(-0.02420252 0.0479368769 0)
(-0.0429884449 0.0580490739 0)
(-0.0632319147 0.0619115033 0)
(-0.0831208704 0.0598559205 0)
(-0.101086249 0.0526055565 0)
(-0.115849132 0.0411071755 0)
(-0.126440928 0.026423636 0)
(-0.13218724 0.00968560963 0)
(-0.132697634 -0.00791671352 0)
(-0.127870718 -0.0251250488 0)
(-0.117915459 -0.0406102721 0)
(-0.103386533 -0.0529974512 0)
(-0.085227253 -0.0609386985 0)
(-0.0648019887 -0.0632496893 0)
(-0.0438652636 -0.0591133853 0)
(-0.0244675016 -0.0483249899 0)
(-0.0092030935 -0.0315520066 0)
(-0.00149088398 -0.0107193781 0)
(-0.00124269206 0.00687236749 0)
(-0.00749726436 0.0209539389 0)
(-0.0197996772 0.0325014313 0)
(-0.0355241954 0.0400873017 0)
(-0.0527239639 0.0432717651 0)
(-0.0698331056 0.0421741854 0)
(-0.0854326588 0.0372606204 0)
(-0.0983251711 0.0291991501 0)
(-0.107580786 0.0187673619 0)
(-0.112546722 0.00680864659 0)
(-0.112854336 -0.00578010907 0)
(-0.108431631 -0.0180487561 0)
(-0.0995214498 -0.028999772 0)
(-0.0867021676 -0.037616063 0)
(-0.0709039779 -0.0429246728 0)
(-0.0534054936 -0.0441071868 0)
(-0.0357703088 -0.0406592877 0)
(-0.0197281047 -0.0325810791 0)
(-0.00733072874 -0.0205903311 0)
(-0.00116697617 -0.00649226816 0)
(-0.000899882906 0.00347704277 0)
(-0.0056609322 0.0122244289 0)
(-0.0152978476 0.0199179414 0)
(-0.0279091944 0.0251886551 0)
(-0.0419708365 0.0275859316 0)
(-0.0561592813 0.027126272 0)
(-0.069227482 0.0240986746 0)
(-0.0800968184 0.0189454333 0)
(-0.0879159924 0.0121895942 0)
(-0.0920844196 0.00440206692 0)
(-0.0922681508 -0.00380767553 0)
(-0.0884155138 -0.0117927642 0)
(-0.080772492 -0.0188748753 0)
(-0.0698942052 -0.0243659726 0)
(-0.0566454542 -0.0276151915 0)
(-0.0421770506 -0.0280887037 0)
(-0.0278468993 -0.0254864171 0)
(-0.0150887333 -0.0198866103 0)
(-0.00547449471 -0.0119313562 0)
(-0.000833547416 -0.00322197449 0)
(-0.000507507947 0.00108920797 0)
(-0.00368889247 0.00574014043 0)
(-0.0105872257 0.0102223812 0)
(-0.0199879396 0.0134022149 0)
(-0.0307552956 0.0149400968 0)
(-0.041807656 0.0148327202 0)
(-0.0521004754 0.0132501852 0)
(-0.0607205942 0.0104516803 0)
(-0.0669425838 0.00673881686 0)
(-0.0702538292 0.00243728401 0)
(-0.0703711874 -0.00210635057 0)
(-0.0672558403 -0.00652338628 0)
(-0.0611263917 -0.0104252529 0)
(-0.0524664979 -0.0134154696 0)
(-0.0420201076 -0.0151167115 0)
(-0.030762662 -0.0152183504 0)
(-0.0198243286 -0.0135494045 0)
(-0.0103615213 -0.0101761653 0)
(-0.00352670155 -0.00555507401 0)
(-0.000456470378 -0.000945965858 0)
(-6.44908827e-05 -0.000176240572 0)
(-0.00159898867 0.00163661752 0)
(-0.00569518811 0.00359860176 0)
(-0.0117199317 0.00501067907 0)
(-0.0188880499 0.00571684684 0)
(-0.0263913886 0.00573382956 0)
(-0.0334549879 0.00514772251 0)
(-0.0394085017 0.0040732686 0)
(-0.043722549 0.00263489203 0)
(-0.0460238849 0.000961862057 0)
(-0.0461058238 -0.000810104294 0)
(-0.0439388713 -0.00253598892 0)
(-0.0396813833 -0.00406056188 0)
(-0.0336869564 -0.00522175531 0)
(-0.0265027369 -0.00586030493 0)
(-0.0188496257 -0.00583829611 0)
(-0.0115675428 -0.00507039402 0)
(-0.00551559588 -0.00357095334 0)
(-0.00148203473 -0.00155258657 0)
(-3.10931971e-05 0.000233977836 0)
(0.000261396008 -0.000255577439 0)
(0.00015144053 0.000102073497 0)
(-0.00117495314 0.000547415512 0)
(-0.00348063229 0.000863516018 0)
(-0.00637558347 0.00102207792 0)
(-0.00946687271 0.00103797717 0)
(-0.0124000357 0.00093621857 0)
(-0.0148817771 0.000743062073 0)
(-0.0166861008 0.000483180503 0)
(-0.0176547262 0.000180088082 1.08300183e-33)
(-0.0176985207 -0.000142308375 -1.08300183e-33)
(-0.016801486 -0.000458218536 0)
(-0.0150266289 -0.000739019109 0)
(-0.0125219006 -0.000953244445 0)
(-0.0095235491 -0.00106773204 0)
(-0.00635302391 -0.0010505257 0)
(-0.00340014955 -0.000876787902 0)
(-0.0010836151 -0.000539615989 0)
(0.000206111005 -8.25143542e-05 0)
(0.000274563774 0.000266745608 0)
)
;

boundaryField
{
    walls
    {
        type            fixedValue;
        value           uniform (0 0 0);
    }
    mov_wall
    {
        type            fixedValue;
        value           uniform (1 0 0);
    }
    empty
    {
        type            empty;
    }
}


// ************************************************************************* //
