/*--------------------------------*- C++ -*----------------------------------*\
| =========                 |                                                 |
| \\      /  F ield         | OpenFOAM: The Open Source CFD Toolbox           |
|  \\    /   O peration     | Version:  5.x                                   |
|   \\  /    A nd           | Web:      www.OpenFOAM.org                      |
|    \\/     M anipulation  |                                                 |
\*---------------------------------------------------------------------------*/
FoamFile
{
    version     2.0;
    format      ascii;
    class       volScalarField;
    location    "7.8";
    object      p;
}
// * * * * * * * * * * * * * * * * * * * * * * * * * * * * * * * * * * * * * //

dimensions      [0 2 -2 0 0 0 0];

internalField   nonuniform List<scalar> 
400
(
7.03851561e-07
2.45245978
3.49432341
3.89887955
4.1066475
4.224707
4.29429167
4.34027852
4.376339
4.4101111
4.44676005
4.49091496
4.54765461
4.62448968
4.73479787
4.90459635
5.18238001
5.68420139
6.84131596
9.41172497
1.8867055
2.8672896
3.41988381
3.74774408
3.96518104
4.1097475
4.20767455
4.27899251
4.33674507
4.38961338
4.44424556
4.50657209
4.58333369
4.68329797
4.81972648
5.01367925
5.29402249
5.69846923
6.33841574
7.42837145
2.98207796
3.26253038
3.54233129
3.77067978
3.94570589
4.07571597
4.17322585
4.25000352
4.31527584
4.37623614
4.43892528
4.50902178
4.59257529
4.69678292
4.83085032
5.00663836
5.23632188
5.52393945
5.86049093
6.19823771
3.52778435
3.58534295
3.7217856
3.86537695
3.98906428
4.09083253
4.17461042
4.24571418
4.3095271
4.37102336
4.43477478
4.50520454
4.58678863
4.68425476
4.80245138
4.94569288
5.11574959
5.30514813
5.47833714
5.55963911
3.84421727
3.82688063
3.88518
3.96938313
4.05221993
4.12779116
4.19566875
4.25747793
4.31592304
4.37409243
4.43506523
4.50185773
4.57733127
4.66400619
4.76350418
4.87551121
4.99635924
5.11480202
5.19584609
5.18371597
4.04550124
4.00365892
4.02142619
4.06784995
4.12138249
4.17574107
4.22885493
4.28053782
4.33186023
4.3844918
4.44027111
4.5009682
4.56804889
4.64232645
4.72332644
4.80836651
4.89180692
4.9626781
4.99308074
4.94680806
4.1805858
4.13383094
4.13183886
4.15536861
4.18883354
4.22706672
4.26772705
4.30987183
4.35363737
4.39973134
4.4490384
4.50233697
4.56001901
4.62172183
4.68578543
4.74862605
4.80455988
4.84466583
4.84862471
4.79368009
4.27565854
4.23084249
4.21966006
4.22967429
4.24984571
4.27635465
4.30712231
4.34098272
4.37757847
4.41699897
4.45945141
4.50499631
4.55328533
4.60324924
4.65270498
4.69801122
4.73425863
4.75484683
4.74556054
4.69204221
4.34467402
4.30373093
4.2886289
4.29082743
4.30237611
4.3205715
4.3437299
4.37070171
4.40089292
4.43401538
4.46982815
4.50791765
4.54748348
4.58710902
4.62451332
4.65641314
4.67889348
4.68733309
4.67187923
4.62321653
4.39525901
4.35850422
4.342157
4.33995797
4.3459889
4.35836098
4.37576071
4.39714476
4.42182509
4.44929843
4.47905049
4.51038664
4.54227401
4.57319236
4.60100014
4.62292594
4.63599547
4.63709211
4.61932454
4.5763775
4.43196325
4.39925726
4.38305405
4.3785102
4.38106547
4.38939567
4.40248694
4.419424
4.43950167
4.46210844
4.48658192
4.51208642
4.53750756
4.5613685
4.58177584
4.59648093
4.60329416
4.60017321
4.58220544
4.54489356
4.45777615
4.4288953
4.41357988
4.40794443
4.40837916
4.41394684
4.42386368
4.43733797
4.45368765
4.47226066
4.4923305
4.51301336
4.53320611
4.551551
4.56643265
4.57607007
4.57888526
4.57357423
4.55655481
4.52447758
4.47482716
4.44957299
4.43556086
4.42962006
4.42885257
4.43259327
4.44023507
4.45109799
4.4645424
4.47991525
4.49647691
4.51334996
4.5294907
4.54368811
4.55459146
4.56081039
4.56122684
4.55503555
4.53957284
4.51225899
4.48473015
4.46295897
4.45049266
4.44475097
4.44341619
4.44602843
4.45212214
4.46111704
4.47242237
4.4854028
4.49933036
4.51335859
4.52651941
4.53774586
4.54591766
4.54995877
4.54909322
4.54285663
4.52925499
4.5062715
4.48877371
4.47040236
4.45962037
4.45439307
4.45292689
4.45493644
4.46007836
4.46786157
4.47774141
4.4891024
4.50123211
4.51331626
4.52445562
4.5337058
4.5401343
4.54291255
4.5415227
4.53574821
4.52413416
4.50513532
4.48806098
4.47305667
4.46400906
4.45945491
4.45813081
4.45992372
4.46460495
4.47176253
4.48088681
4.4913702
4.50250209
4.51348287
4.5234578
4.53157065
4.53703021
4.53919919
4.53776201
4.53270744
4.52308322
4.50782085
4.48366809
4.4720101
4.46464057
4.46076248
4.45970165
4.46153679
4.46615318
4.47320574
4.48220051
4.49251388
4.50340936
4.51406976
4.52364702
4.5313287
4.53641541
4.53841222
4.53717006
4.53287795
4.52512613
4.51341586
4.47685526
4.46838755
4.46242915
4.45901559
4.45816206
4.46016991
4.46503483
4.47245719
4.48192768
4.49277014
4.50418108
4.51528008
4.52517429
4.53303868
4.53820776
4.54027798
4.53923875
4.5354982
4.52928743
4.52085592
4.46928586
4.46319426
4.45767419
4.45396794
4.45292196
4.4550892
4.46054287
4.46896823
4.47977088
4.49214882
4.50515396
4.51775825
4.52893098
4.53773412
4.54343427
4.54563072
4.54440415
4.54041591
4.53469884
4.5286658
4.46344878
4.45752298
4.45037043
4.44492692
4.44290336
4.44509543
4.45156743
4.46187274
4.47521463
4.49055093
4.50667216
4.52227587
4.53605329
4.54679929
4.55355192
4.55576523
4.55352008
4.54774923
4.54035134
4.53446195
)
;

boundaryField
{
    walls
    {
        type            zeroGradient;
    }
    mov_wall
    {
        type            zeroGradient;
    }
    empty
    {
        type            empty;
    }
}


// ************************************************************************* //
