/*--------------------------------*- C++ -*----------------------------------*\
| =========                 |                                                 |
| \\      /  F ield         | OpenFOAM: The Open Source CFD Toolbox           |
|  \\    /   O peration     | Version:  5.x                                   |
|   \\  /    A nd           | Web:      www.OpenFOAM.org                      |
|    \\/     M anipulation  |                                                 |
\*---------------------------------------------------------------------------*/
FoamFile
{
    version     2.0;
    format      ascii;
    class       surfaceScalarField;
    location    "7.8";
    object      phi;
}
// * * * * * * * * * * * * * * * * * * * * * * * * * * * * * * * * * * * * * //

dimensions      [0 3 -1 0 0 0 0];

internalField   nonuniform List<scalar> 
760
(
0.00134817676
-0.0013481771
0.00245763985
-0.00110946308
0.00313513473
-0.000677494886
0.00355971575
-0.000424581032
0.00383225132
-0.000272535586
0.00400945216
-0.000177200832
0.00412521452
-0.000115762335
0.0041992171
-7.40025672e-05
0.00424243237
-4.3215286e-05
0.00426055359
-1.81212368e-05
0.00425562235
4.93123697e-06
0.00422675778
2.88645874e-05
0.00416938941
5.73683897e-05
0.00407358506
9.58043483e-05
0.00391995095
0.000153634095
0.00367201929
0.000247931639
0.00326316022
0.000408859078
0.00257264076
0.000690519481
0.00140850173
0.00116413905
0.00140850173
-5.46952006e-05
-0.0012934819
0.00041259272
-0.00157675099
0.00103002988
-0.00129493202
0.00157871393
-0.000973265081
0.00201483274
-0.000708654406
0.00234477728
-0.000507145391
0.00258511632
-0.00035610138
0.00275126943
-0.000240155651
0.00285456782
-0.000146513658
0.00290179534
-6.53487623e-05
0.0028953666
1.13599508e-05
0.00283293035
9.13008215e-05
0.00270712574
0.000183173021
0.00250436376
0.000298566354
0.0022041099
0.000453887959
0.00178090173
0.000671139792
0.00121756799
0.000972192799
0.00055281255
0.00135527491
1.30664718e-05
0.00170388513
0.00142156821
-0.000271734627
-0.00102174728
-0.000221026559
-0.00162745907
7.13678443e-05
-0.00158732641
0.0004462857
-0.00134818292
0.00081248973
-0.00107485843
0.0011292993
-0.000823954976
0.00138207832
-0.000608880424
0.00156800788
-0.000426085206
0.00168837698
-0.000266882728
0.00174468456
-0.00012165633
0.00173678977
1.92547258e-05
0.00166213441
0.000165956157
0.00151571287
0.000329594557
0.00129125424
0.000523025008
0.000985011706
0.000760130516
0.000605009667
0.00105114183
0.00018985071
0.00138735174
-0.000160045087
0.00170517069
-0.000261640643
0.00180548068
0.00115992759
-0.000227941566
-0.000793805712
-0.000361197307
-0.00149420334
-0.000308328207
-0.00164019551
-0.000134821182
-0.00152168992
8.92094231e-05
-0.00129888902
0.000314971903
-0.00104971746
0.000513263013
-0.00080717156
0.000668300012
-0.000581122221
0.000771990326
-0.000370573025
0.000820036137
-0.00016970211
0.00080972768
2.95631913e-05
0.000739201033
0.000236482779
0.000607935655
0.00046085991
0.000419110859
0.000711849809
0.000184524332
0.000994717073
-6.71911588e-05
0.00130285734
-0.000280617534
0.0016007781
-0.000369418484
0.00179397162
-0.000246993646
0.00168305583
0.00091293396
-0.0001689652
-0.000624840499
-0.000352016179
-0.00131115239
-0.000431557688
-0.00156065402
-0.00040890898
-0.00154433862
-0.000319435159
-0.00138836281
-0.000200095147
-0.00116905746
-7.98100592e-05
-0.000927456666
2.15782476e-05
-0.00068251056
9.14286822e-05
-0.000440423466
0.000122135389
-0.000200408786
0.000109757223
4.19413892e-05
5.36457388e-05
0.000292594257
-4.274901e-05
0.000557254624
-0.000169694054
0.000838794834
-0.000307652443
0.00113267548
-0.000423468618
0.00141867355
-0.000470024855
0.00164733435
-0.000397824818
0.00172177157
-0.000196431036
0.00148166203
0.000716502929
-0.00012419212
-0.000500648357
-0.000308335626
-0.00112700889
-0.000450494106
-0.00141849557
-0.000523204034
-0.00147162871
-0.000535391062
-0.00137617576
-0.000508160796
-0.00119628769
-0.000463156854
-0.000972460598
-0.000418060926
-0.00072760652
-0.000385619027
-0.000472865399
-0.000373912084
-0.000212115722
-0.000386727916
5.47572638e-05
-0.000423459469
0.000329325835
-0.000478356355
0.000612151489
-0.000539178283
0.000899616722
-0.0005858189
0.00117931609
-0.000590512339
0.00142336702
-0.000523085116
0.00157990716
-0.000366699067
0.00156538552
-0.000150585982
0.00126554893
0.000565916935
-9.45729259e-05
-0.000406075415
-0.000264649724
-0.000956932076
-0.000430738376
-0.00125240693
-0.000556976955
-0.00134539016
-0.000636793237
-0.00129635949
-0.000678141761
-0.00115493913
-0.000693943893
-0.000956658427
-0.000696929208
-0.000724621209
-0.000697274055
-0.000472520595
-0.00070166178
-0.000207728027
-0.000712860723
6.59562313e-05
-0.00072933634
0.000345801502
-0.000744753774
0.000627568937
-0.000747580291
0.000902443205
-0.000721469917
0.00115320567
-0.000647843409
0.00134974051
-0.00051287692
0.00144494071
-0.000321206262
0.00137371489
-0.000116485688
0.00106082835
0.000449431225
-7.53437439e-05
-0.000330731673
-0.000228206801
-0.000804068987
-0.000398353637
-0.00108226009
-0.000550539518
-0.00119320431
-0.000670626472
-0.00117627257
-0.000757578362
-0.00106798724
-0.0008167848
-0.000897451943
-0.000855587406
-0.000685818566
-0.000880624272
-0.000447483751
-0.000896360335
-0.000191992017
-0.000904270113
7.3865991e-05
-0.000902360315
0.000343891744
-0.000884972179
0.000610180852
-0.00084310413
0.00086057516
-0.000765820187
0.00107592169
-0.000643664757
0.00122758504
-0.000475103956
0.00127637991
-0.000276309842
0.00117492081
-9.21328481e-05
0.00087665138
0.000357298367
-6.22883284e-05
-0.000268443367
-0.000198541324
-0.000667815962
-0.000362893631
-0.000917907744
-0.000523850698
-0.00103224724
-0.000664415226
-0.00103570809
-0.000778128946
-0.000954273553
-0.000864812191
-0.00081076868
-0.000927165453
-0.000623465246
-0.000968399643
-0.000406249533
-0.000990721195
-0.000169670502
-0.000994436388
7.75811271e-05
-0.000977525766
0.000326981115
-0.000935695
0.000568350137
-0.000863101208
0.000787981416
-0.000754123133
0.000966943608
-0.00060662631
0.00108008818
-0.000426950428
0.001096704
-0.000236038302
0.000984008693
-7.43490195e-05
0.000714962123
0.000282949357
-5.27689904e-05
-0.000215674407
-0.00017381281
-0.000546772139
-0.000327557401
-0.000764163114
-0.000486865951
-0.000872938652
-0.000634380162
-0.000888193888
-0.000760757864
-0.000827895905
-0.000862116693
-0.000709409884
-0.000937654772
-0.000547927132
-0.000987783199
-0.000356121042
-0.00101282392
-0.000144629764
-0.00101222275
7.69799082e-05
-0.000984240726
0.000298999032
-0.000926163091
0.000510272507
-0.000835158809
0.000696977188
-0.000709976061
0.000841760903
-0.000553597309
0.000923709414
-0.000376676984
0.000919783632
-0.000200960065
0.000808291748
-6.08626374e-05
0.000574864701
0.000222086741
-4.52979315e-05
-0.00017037649
-0.000152453998
-0.000439616103
-0.000293299634
-0.000623317466
-0.000444763095
-0.000721475141
-0.000590345809
-0.000742611139
-0.000719473335
-0.000698768405
-0.000826046364
-0.000602836917
-0.000906878246
-0.000467095273
-0.000960347584
-0.000302651655
-0.000985403118
-0.000119574165
-0.000980963122
7.25399161e-05
-0.000945732111
0.000263767963
-0.000878480061
0.000443020406
-0.000778855083
0.000597352222
-0.000648784046
0.000711689919
-0.000494403524
0.000769328929
-0.000328204139
0.000753584237
-0.000170678372
0.000650765949
-5.02806698e-05
0.00045446698
0.000171806083
-3.90621628e-05
-0.000131314312
-0.000133403807
-0.0003452745
-0.000260349998
-0.000496371304
-0.000400388988
-0.000581436129
-0.000538431177
-0.000604568891
-0.000663692745
-0.000573506808
-0.000768938033
-0.000497591669
-0.000849523106
-0.000386510265
-0.00090250097
-0.000249673801
-0.000925934097
-9.61409789e-05
-0.000918488841
6.50947196e-05
-0.000879356164
0.00022463528
-0.000808535339
0.000372199522
-0.0007075053
0.000496322139
-0.000580261712
0.000584446344
-0.000434588331
0.000623655596
-0.000283248273
0.000602244208
-0.000144573353
0.000512091023
-4.17551883e-05
0.000351648794
0.000130050888
-3.36093814e-05
-9.7704893e-05
-0.000115973486
-0.000262910414
-0.0002286859
-0.00038365894
-0.000355331176
-0.00045479088
-0.000482448504
-0.000477451528
-0.000599656622
-0.000456298627
-0.000699324693
-0.000397923578
-0.000776050472
-0.000309784537
-0.000826127658
-0.000199596676
-0.000847124167
-7.51444694e-05
-0.000837646083
5.56166978e-05
-0.00079733217
0.000184321418
-0.000727102502
0.000301969844
-0.000629656437
0.000398876021
-0.000510163497
0.000464953369
-0.000377005157
0.000490497267
-0.00024231486
0.000467553949
-0.000121978219
0.000391754405
-3.47332075e-05
0.000264403778
9.53176651e-05
-2.86574779e-05
-6.90473832e-05
-9.96601992e-05
-0.000191907671
-0.000198116993
-0.000285202174
-0.000310357581
-0.000342550346
-0.000424616098
-0.000363193031
-0.000531265898
-0.000349648783
-0.000622765421
-0.000306423992
-0.000693446594
-0.000239103356
-0.000739258809
-0.000153784517
-0.000757558065
-5.68452689e-05
-0.000747003476
4.50621165e-05
-0.00070759793
0.000144915931
-0.000640884367
0.000235256326
-0.000550277042
0.000308268684
-0.000441462353
0.000356138634
-0.000322745877
0.000371780762
-0.000205166596
0.000349974677
-0.000102185437
0.000288773274
-2.88024075e-05
0.000191020765
6.65152489e-05
-2.39812203e-05
-4.50661628e-05
-8.39974203e-05
-0.000131891425
-0.000168257068
-0.000200942508
-0.00026559548
-0.000245211969
-0.000365935616
-0.00026285295
-0.000460594528
-0.000254989883
-0.000542423534
-0.000224594935
-0.000605821284
-0.000175705548
-0.000646681697
-0.000112924104
-0.000662339383
-4.11876378e-05
-0.000651561359
3.42840454e-05
-0.000614612964
0.000107967547
-0.000553400628
0.000174044042
-0.000471663869
0.000226531961
-0.000375153987
0.000259628743
-0.000271701957
0.000268328698
-0.000171058872
0.000249331571
-8.44170769e-05
0.000202131485
-2.35998636e-05
0.000130203569
4.29153897e-05
-1.93492512e-05
-2.57169432e-05
-6.84700435e-05
-8.27706022e-05
-0.000138506733
-0.000130905769
-0.000220638046
-0.00016308064
-0.000306428406
-0.00017706263
-0.000388228781
-0.000173189561
-0.000459474202
-0.000153349519
-0.000514859804
-0.000120319895
-0.000550429759
-7.73540995e-05
-0.000563627536
-2.79898655e-05
-0.000553348429
2.40048885e-05
-0.000520016456
7.46355359e-05
-0.00046568263
0.000119710228
-0.000394114906
0.000154964279
-0.000310822966
0.00017633683
-0.000222941251
0.000180446978
-0.000138894625
0.00016528492
-6.78135274e-05
0.000131050374
-1.87621188e-05
8.11521641e-05
2.41532808e-05
-1.45055495e-05
-1.12114292e-05
-5.25211336e-05
-4.47550274e-05
-0.000108122817
-7.53040514e-05
-0.000174687772
-9.65156385e-05
-0.000245343213
-0.000106407178
-0.000313520815
-0.000105011999
-0.000373387925
-9.34824538e-05
-0.000420129448
-7.3578371e-05
-0.000450116068
-4.73674327e-05
-0.000461009056
-1.70968375e-05
-0.000451841613
1.48374397e-05
-0.00042309691
4.58907922e-05
-0.000376775989
7.33892776e-05
-0.000316426465
9.46147625e-05
-0.000247079545
0.000106989941
-0.000175030339
0.000108397793
-0.000107403053
9.76576302e-05
-5.14858484e-05
7.51331546e-05
-1.39146281e-05
4.35809357e-05
1.02386581e-05
-9.2027993e-06
-2.00863859e-06
-3.56847578e-05
-1.82731031e-05
-7.64355489e-05
-3.4553267e-05
-0.000126811025
-4.61401295e-05
-0.000181408048
-5.18101147e-05
-0.000234817126
-5.16029159e-05
-0.000282132229
-4.61673875e-05
-0.000319263561
-3.64470747e-05
-0.000343116528
-2.35144608e-05
-0.000351700039
-8.51328823e-06
-0.000344206996
7.34442834e-06
-0.000321084416
2.27682061e-05
-0.000284086163
3.63909943e-05
-0.000236279548
4.68081264e-05
-0.000181958583
5.26689814e-05
-0.000126403743
5.28429745e-05
-7.54285325e-05
4.66824334e-05
-3.46816234e-05
3.43862445e-05
-8.71391012e-06
1.76132148e-05
1.52474701e-06
-3.43750916e-06
1.42888938e-06
-1.80438749e-05
-3.66675949e-06
-4.34060531e-05
-9.19111946e-06
-7.64336853e-05
-1.31125038e-05
-0.000113187158
-1.50566157e-05
-0.000149665098
-1.51249445e-05
-0.000182251531
-1.35809537e-05
-0.000207952849
-1.07457844e-05
-0.000224514109
-6.95322515e-06
-0.000230484771
-2.54262211e-06
-0.000225272641
2.132326e-06
-0.000209197068
6.69265422e-06
-0.000183535348
1.07292713e-05
-0.000150536813
1.38095719e-05
-0.000113368301
1.5500457e-05
-7.59397641e-05
1.54144401e-05
-4.254722e-05
1.32899013e-05
-1.72767328e-05
9.11576551e-06
-3.1038556e-06
3.44033785e-06
-1.57911149e-06
1.428916e-06
-2.23782888e-06
-1.14289578e-05
-2.45414856e-05
-3.95981125e-05
-5.47230425e-05
-6.83039718e-05
-7.90497477e-05
-8.60029879e-05
-8.85456311e-05
-8.64133106e-05
-7.97206432e-05
-6.89913549e-05
-5.51817774e-05
-3.96813273e-05
-2.42668967e-05
-1.09769985e-05
-1.86123007e-06
1.57911157e-06
)
;

boundaryField
{
    walls
    {
        type            calculated;
        value           uniform 0;
    }
    mov_wall
    {
        type            calculated;
        value           uniform 0;
    }
    empty
    {
        type            empty;
        value           nonuniform 0();
    }
}


// ************************************************************************* //
