/*--------------------------------*- C++ -*----------------------------------*\
| =========                 |                                                 |
| \\      /  F ield         | OpenFOAM: The Open Source CFD Toolbox           |
|  \\    /   O peration     | Version:  5.x                                   |
|   \\  /    A nd           | Web:      www.OpenFOAM.org                      |
|    \\/     M anipulation  |                                                 |
\*---------------------------------------------------------------------------*/
FoamFile
{
    version     2.0;
    format      ascii;
    class       volVectorField;
    location    "7.8";
    object      U;
}
// * * * * * * * * * * * * * * * * * * * * * * * * * * * * * * * * * * * * * //

dimensions      [0 1 -1 0 0 0 0];

internalField   nonuniform List<vector> 
400
(
(0.291698417 0.149643825 0)
(0.388187159 0.128007698 0)
(0.557616066 0.0757318286 0)
(0.674785701 0.04330444 0)
(0.743766594 0.0251591055 0)
(0.78707502 0.0148802966 0)
(0.815462957 0.00893092045 0)
(0.833939561 0.00530992787 0)
(0.845365464 0.00289956244 0)
(0.851349265 0.00108485391 2.66526771e-34)
(0.852640747 -0.000502853216 -2.66526771e-34)
(0.84935429 -0.00216072166 0)
(0.84097337 -0.00421710658 0)
(0.826113775 -0.00722098533 0)
(0.802020428 -0.0122364998 0)
(0.763538945 -0.0213892097 0)
(0.699488889 -0.0388386163 0)
(0.584557333 -0.0722732764 0)
(0.407900534 -0.128436309 0)
(0.300688068 -0.152947536 0)
(0.00120417804 0.28743241 0)
(0.0133209528 0.293872127 0)
(0.140044439 0.209904857 0)
(0.264971587 0.142986166 0)
(0.36417774 0.0968019867 0)
(0.440120062 0.0654411215 0)
(0.496541036 0.0439762498 0)
(0.536691065 0.0287011553 0)
(0.563274466 0.0170798554 0)
(0.578137344 0.00742308878 0)
(0.582210287 -0.00150101186 0)
(0.57551525 -0.0107977568 0)
(0.557109246 -0.0217346546 0)
(0.524912994 -0.0361396917 0)
(0.47551841 -0.056963495 0)
(0.404326006 -0.0889771504 0)
(0.305687293 -0.139150756 0)
(0.174497787 -0.215275205 0)
(0.0341065815 -0.310801157 0)
(0.0108691551 -0.305909063 0)
(-0.032146765 0.241773924 0)
(-0.0634303703 0.33354716 0)
(-0.0219362079 0.299502491 0)
(0.0505996246 0.240051667 0)
(0.127397383 0.18302081 0)
(0.19681861 0.135454525 0)
(0.2541671 0.0974523416 0)
(0.298088297 0.0668891687 0)
(0.328665674 0.0413758233 0)
(0.346307827 0.0187814622 -2.35796991e-33)
(0.351211316 -0.00280948986 2.35796991e-33)
(0.343126749 -0.0252950468 0)
(0.321277576 -0.0508299496 0)
(0.284432897 -0.0820948324 0)
(0.231328819 -0.122479774 0)
(0.161916765 -0.175658038 0)
(0.0798350214 -0.243208456 0)
(-0.00333734367 -0.317981962 0)
(-0.057853137 -0.366363503 0)
(-0.0313893221 -0.270690676 0)
(-0.0261204153 0.182361576 0)
(-0.0666192798 0.316884134 0)
(-0.0735377869 0.330901738 0)
(-0.0481307232 0.29535291 0)
(-0.00567217514 0.244253508 0)
(0.0411124779 0.192431744 0)
(0.0845451079 0.14509504 0)
(0.120424327 0.103006628 0)
(0.146585241 0.0651543608 0)
(0.161925478 0.0298884066 2.35546532e-33)
(0.165812821 -0.00469432016 -2.35546532e-33)
(0.157798804 -0.0406696173 0)
(0.137586496 -0.0803027396 0)
(0.105285207 -0.125979583 0)
(0.0620900248 -0.179774809 0)
(0.0116092707 -0.242029715 0)
(-0.0380283759 -0.307764352 0)
(-0.072049094 -0.359579369 0)
(-0.0711639202 -0.355585638 0)
(-0.0287210581 -0.209178582 0)
(-0.0176296817 0.140767916 0)
(-0.0549165446 0.281827204 0)
(-0.0828629983 0.324484359 0)
(-0.0880762297 0.312396798 0)
(-0.0751196927 0.274441982 0)
(-0.0526276249 0.226778432 0)
(-0.0275118468 0.177302821 0)
(-0.00458009407 0.129145425 0)
(0.0130234835 0.0829123583 0)
(0.0233567915 0.0379330296 -2.94545495e-34)
(0.0253097471 -0.00710139385 2.94545495e-34)
(0.0184152104 -0.0537995195 0)
(0.00288698519 -0.10380126 0)
(-0.0200872054 -0.15836794 0)
(-0.0477707982 -0.217530726 0)
(-0.0750614588 -0.278347554 0)
(-0.0936267055 -0.3316948 0)
(-0.0922270533 -0.357398867 0)
(-0.0635074676 -0.31887989 0)
(-0.0207312605 -0.162076726 0)
(-0.0116542779 0.111592252 0)
(-0.043152197 0.243765269 0)
(-0.0782839966 0.299859404 0)
(-0.100579265 0.305000828 0)
(-0.108310595 0.280421264 0)
(-0.105716507 0.240369185 0)
(-0.0975361697 0.193277772 0)
(-0.0877934456 0.143545373 0)
(-0.0795351946 0.0930260733 0)
(-0.0748272241 0.0420752284 0)
(-0.0748481362 -0.00975925915 0)
(-0.079934576 -0.0632506165 0)
(-0.0895000185 -0.119033271 0)
(-0.101812876 -0.176993444 0)
(-0.113690954 -0.235297923 0)
(-0.120284785 -0.288849075 0)
(-0.115237023 -0.327084782 0)
(-0.0922711104 -0.331566549 0)
(-0.0521876251 -0.275119689 0)
(-0.0142847851 -0.127260099 0)
(-0.0080318553 0.0899680189 0)
(-0.0343052798 0.2078767 0)
(-0.0703686565 0.26774136 0)
(-0.100959318 0.283509146 0)
(-0.121509114 0.269753778 0)
(-0.133061968 0.237807846 0)
(-0.138135836 0.195384127 0)
(-0.139450237 0.147216496 0)
(-0.139365664 0.0958906838 0)
(-0.139599236 0.0425957556 0)
(-0.141114119 -0.0122625713 0)
(-0.144054665 -0.0685401662 0)
(-0.147657204 -0.125824591 0)
(-0.150140597 -0.182787203 0)
(-0.148667743 -0.236314557 0)
(-0.139565533 -0.280390171 0)
(-0.119015756 -0.304900549 0)
(-0.0848747389 -0.294957285 0)
(-0.0422046423 -0.232154474 0)
(-0.0100065892 -0.100709814 0)
(-0.00589819112 0.0731569026 0)
(-0.0280514392 0.175459929 0)
(-0.0624620729 0.233454973 0)
(-0.0961931076 0.254650694 0)
(-0.123784292 0.248662374 0)
(-0.144336453 0.223978318 0)
(-0.158622042 0.187072457 0)
(-0.168069543 0.14243411 0)
(-0.174171004 0.0929433435 0)
(-0.178091651 0.0403533014 0)
(-0.180456267 -0.0142245284 0)
(-0.181230013 -0.0698446811 0)
(-0.179647302 -0.125225753 0)
(-0.174205191 -0.178177557 0)
(-0.162809067 -0.224940951 0)
(-0.14321256 -0.259512838 0)
(-0.113841643 -0.273201307 0)
(-0.0753166196 -0.254896365 0)
(-0.0343188958 -0.192925777 0)
(-0.00728498364 -0.0799917689 0)
(-0.00459312518 0.0595160128 0)
(-0.0235441721 0.146542616 0)
(-0.0553429892 0.199662158 0)
(-0.0893196676 0.222701638 0)
(-0.120051815 0.221819417 0)
(-0.145609095 0.203131827 0)
(-0.165570657 0.171796545 0)
(-0.180317101 0.131775629 0)
(-0.190531069 0.085940514 0)
(-0.196813728 0.0363510122 2.97711439e-34)
(-0.199448901 -0.0153915461 -2.97711439e-34)
(-0.198275638 -0.0677566483 0)
(-0.192646158 -0.118867801 0)
(-0.181489349 -0.166059306 0)
(-0.163546083 -0.205440866 0)
(-0.137858727 -0.23157779 0)
(-0.104503398 -0.237504909 0)
(-0.0656637301 -0.215386229 0)
(-0.0281737993 -0.158249845 0)
(-0.00551069002 -0.0634668198 0)
(-0.00373314564 0.0480883397 0)
(-0.0201212386 0.120839394 0)
(-0.0490153903 0.167676441 0)
(-0.0816389755 0.190287502 0)
(-0.112989443 0.192487654 0)
(-0.140680559 0.178557132 4.67987958e-33)
(-0.163557397 0.152465445 0)
(-0.181246287 0.117554991 0)
(-0.193784173 0.0765047427 -4.74063737e-33)
(-0.201296964 0.0314709996 2.26591664e-36)
(-0.203789191 -0.0156743925 4.98648634e-36)
(-0.20103537 -0.0630555984 0)
(-0.192565937 -0.108481589 0)
(-0.177765516 -0.149141431 0)
(-0.156124904 -0.181360925 0)
(-0.127679778 -0.200524258 0)
(-0.0935645689 -0.201318535 0)
(-0.056677047 -0.178463974 0)
(-0.0233146693 -0.128090144 0)
(-0.00429570606 -0.0500435356 0)
(-0.00311504126 0.0383306355 0)
(-0.0173631194 0.098050849 0)
(-0.0433176242 0.138129962 0)
(-0.0737180762 0.158979199 0)
(-0.104104447 0.162838227 0)
(-0.131970528 0.152618184 -4.67987958e-33)
(-0.155761614 0.131295701 0)
(-0.174612866 0.10160327 0)
(-0.188100222 0.0659289878 4.74063737e-33)
(-0.195997417 0.026369363 1.49106827e-33)
(-0.198111606 -0.0151233139 -1.49832067e-33)
(-0.194204008 -0.0565442423 0)
(-0.183996562 -0.0956260425 0)
(-0.167277178 -0.129654849 0)
(-0.144124395 -0.155368918 0)
(-0.115252461 -0.169022496 0)
(-0.0823814046 -0.166713887 0)
(-0.0485941029 -0.145040224 0)
(-0.0193975979 -0.102103349 0)
(-0.00342091076 -0.0390050031 0)
(-0.00263393389 0.0299262684 0)
(-0.0150226227 0.0779301298 0)
(-0.0380974253 0.111311107 0)
(-0.0658175724 0.129695789 0)
(-0.0942794743 0.134263878 0)
(-0.121044022 0.126925348 0)
(-0.144383604 0.109860573 0)
(-0.163148985 0.0852480432 0)
(-0.176619513 0.0551416307 0)
(-0.184335478 0.0214703107 2.99742614e-34)
(-0.185982934 -0.0138813625 -2.99742614e-34)
(-0.181343669 -0.0489515363 0)
(-0.17031396 -0.0815745553 0)
(-0.152999255 -0.109289275 0)
(-0.12989161 -0.129330743 0)
(-0.102114503 -0.138764249 0)
(-0.0716393786 -0.134816139 0)
(-0.0414365923 -0.115407286 0)
(-0.0161843485 -0.0798582213 0)
(-0.00276403347 -0.0298606597 0)
(-0.0022347334 0.0226800266 0)
(-0.0129541219 0.0602838614 0)
(-0.0332381482 0.0873308369 0)
(-0.0580555331 0.102954497 0)
(-0.0840353855 0.107621817 0)
(-0.108906084 0.10252071 0)
(-0.130914075 0.0892086549 0)
(-0.148775829 0.0693818691 0)
(-0.161603552 0.0447501603 0)
(-0.168801295 0.0170067263 3.00137195e-34)
(-0.169993548 -0.0121372179 -3.00137195e-34)
(-0.164999669 -0.0408861783 0)
(-0.15385753 -0.0672953726 0)
(-0.136899079 -0.0892417062 0)
(-0.114876639 -0.104468707 0)
(-0.0891189117 -0.110744424 0)
(-0.0616328452 -0.106158119 0)
(-0.0351269734 -0.0895353362 0)
(-0.0135037404 -0.0609264405 0)
(-0.00225327155 -0.022257826 0)
(-0.00188545464 0.0164662549 0)
(-0.0110624802 0.0449645424 0)
(-0.0286411388 0.0662105098 0)
(-0.0504611295 0.0790278187 0)
(-0.073653169 0.0834123266 0)
(-0.0961641838 0.0800414854 0)
(-0.116305916 0.0699953606 0)
(-0.132763335 0.0545610932 0)
(-0.144575598 0.0351143649 0)
(-0.151082438 0.0130747303 0)
(-0.151887898 -0.0100881608 0)
(-0.146853005 -0.0328250814 0)
(-0.136119501 -0.0534823524 0)
(-0.12016425 -0.070309852 0)
(-0.099879338 -0.0815299499 0)
(-0.0766571231 -0.0854921413 0)
(-0.052412214 -0.0809235436 0)
(-0.0295300346 -0.0672469532 0)
(-0.0112185715 -0.0449266636 0)
(-0.00184129643 -0.0159381036 0)
(-0.00156251899 0.0112077456 0)
(-0.00926988009 0.0318705366 0)
(-0.0242025162 0.0479368794 0)
(-0.042988442 0.0580490752 0)
(-0.0632319165 0.0619114999 0)
(-0.0831208757 0.0598559136 0)
(-0.101086252 0.0526055513 0)
(-0.115849129 0.0411071756 0)
(-0.126440922 0.0264236387 0)
(-0.132187237 0.00968560947 0)
(-0.132697637 -0.00791671872 0)
(-0.127870722 -0.0251250555 0)
(-0.117915459 -0.0406102756 0)
(-0.103386529 -0.0529974505 0)
(-0.0852272488 -0.0609386967 0)
(-0.0648019873 -0.0632496898 0)
(-0.0438652649 -0.0591133883 0)
(-0.0244675032 -0.0483249931 0)
(-0.00920309352 -0.031552008 0)
(-0.00149088354 -0.0107193776 0)
(-0.00124269433 0.00687236438 0)
(-0.00749726779 0.0209539357 0)
(-0.0197996765 0.0325014315 0)
(-0.0355241915 0.0400873044 0)
(-0.0527239616 0.0432717663 0)
(-0.069833108 0.0421741819 0)
(-0.0854326639 0.037260614 0)
(-0.0983251733 0.029199146 0)
(-0.107580782 0.0187673626 0)
(-0.112546717 0.0068086493 0)
(-0.112854334 -0.00578010923 0)
(-0.108431633 -0.0180487605 0)
(-0.0995214529 -0.0289997776 0)
(-0.0867021676 -0.0376160657 0)
(-0.0709039748 -0.0429246722 0)
(-0.0534054904 -0.0441071854 0)
(-0.0357703078 -0.040659288 0)
(-0.0197281057 -0.032581081 0)
(-0.00733072994 -0.020590333 0)
(-0.00116697653 -0.00649226878 0)
(-0.000899884481 0.00347704255 0)
(-0.00566093619 0.0122244251 0)
(-0.0152978505 0.0199179384 0)
(-0.0279091933 0.0251886555 0)
(-0.0419708329 0.0275859343 0)
(-0.0561592796 0.0271262731 0)
(-0.0692274847 0.0240986713 0)
(-0.0800968229 0.0189454279 0)
(-0.0879159938 0.0121895911 0)
(-0.0920844166 0.00440206798 0)
(-0.0922681468 -0.00380767308 0)
(-0.0884155127 -0.0117927642 0)
(-0.0807724941 -0.0188748787 0)
(-0.0698942075 -0.0243659768 0)
(-0.0566454541 -0.0276151936 0)
(-0.0421770483 -0.0280887033 0)
(-0.0278468971 -0.0254864161 0)
(-0.0150887327 -0.0198866104 0)
(-0.00547449551 -0.0119313573 0)
(-0.00083354797 -0.00322197551 0)
(-0.00050750777 0.00108921034 0)
(-0.00368889391 0.00574013908 0)
(-0.0105872294 0.0102223775 0)
(-0.0199879419 0.0134022121 0)
(-0.0307552943 0.0149400974 0)
(-0.0418076528 0.0148327229 0)
(-0.0521004744 0.0132501862 0)
(-0.0607205967 0.0104516776 0)
(-0.0669425873 0.00673881262 0)
(-0.07025383 0.00243728183 0)
(-0.0703711849 -0.00210634947 0)
(-0.0672558373 -0.00652338416 0)
(-0.0611263909 -0.0104252527 0)
(-0.0524664993 -0.0134154719 0)
(-0.0420201091 -0.0151167144 0)
(-0.0307626618 -0.0152183519 0)
(-0.019824327 -0.0135494044 0)
(-0.0103615199 -0.0101761646 0)
(-0.00352670132 -0.00555507395 0)
(-0.000456470577 -0.000945966363 0)
(-6.44896774e-05 -0.000176237903 0)
(-0.00159898728 0.00163661917 0)
(-0.00569518976 0.00359860063 0)
(-0.0117199349 0.00501067604 0)
(-0.0188880517 0.00571684486 0)
(-0.0263913874 0.00573383052 0)
(-0.0334549854 0.00514772504 0)
(-0.039408501 0.00407326953 0)
(-0.043722551 0.00263489001 0)
(-0.0460238874 0.000961858926 0)
(-0.0461058243 -0.000810105687 0)
(-0.0439388695 -0.00253598779 0)
(-0.0396813812 -0.00406055999 0)
(-0.0336869558 -0.00522175482 0)
(-0.0265027377 -0.00586030624 0)
(-0.0188496265 -0.00583829791 0)
(-0.0115675426 -0.00507039494 0)
(-0.00551559503 -0.00357095322 0)
(-0.00148203404 -0.00155258613 0)
(-3.10930356e-05 0.000233977988 0)
(0.000261397002 -0.000255576495 0)
(0.000151442902 0.000102074684 0)
(-0.00117495178 0.000547415747 0)
(-0.00348063332 0.000863515012 0)
(-0.00637558596 0.00102207672 0)
(-0.00946687404 0.00103797707 0)
(-0.0124000346 0.000936219644 0)
(-0.014881775 0.000743063076 0)
(-0.0166861001 0.000483180282 0)
(-0.0176547275 0.000180086833 1.08300134e-33)
(-0.0176985226 -0.000142309412 -1.08300134e-33)
(-0.0168014865 -0.000458218461 0)
(-0.0150266278 -0.000739018218 0)
(-0.0125218991 -0.000953243741 0)
(-0.00952354848 -0.00106773214 0)
(-0.0063530243 -0.00105052636 0)
(-0.00340015014 -0.00087678847 0)
(-0.00108361523 -0.000539616111 0)
(0.000206111279 -8.25141708e-05 0)
(0.000274563945 0.00026674579 0)
)
;

boundaryField
{
    walls
    {
        type            fixedValue;
        value           uniform (0 0 0);
    }
    mov_wall
    {
        type            fixedValue;
        value           uniform (1 0 0);
    }
    empty
    {
        type            empty;
    }
}


// ************************************************************************* //
