/*--------------------------------*- C++ -*----------------------------------*\
| =========                 |                                                 |
| \\      /  F ield         | OpenFOAM: The Open Source CFD Toolbox           |
|  \\    /   O peration     | Version:  5.x                                   |
|   \\  /    A nd           | Web:      www.OpenFOAM.org                      |
|    \\/     M anipulation  |                                                 |
\*---------------------------------------------------------------------------*/
FoamFile
{
    version     2.0;
    format      ascii;
    class       volScalarField;
    location    "1.1";
    object      p;
}
// * * * * * * * * * * * * * * * * * * * * * * * * * * * * * * * * * * * * * //

dimensions      [0 2 -2 0 0 0 0];

internalField   nonuniform List<scalar> 
400
(
1.31066898e-06
2.45241632
3.49421263
3.89870721
4.10644255
4.22450638
4.29412984
4.3401811
4.37631959
4.41017076
4.44688864
4.49109409
4.54786102
4.62469911
4.73498833
4.90475059
5.182487
5.68425711
6.84132338
9.41169203
1.88674209
2.86728247
3.4198218
3.74763672
3.96505315
4.10962874
4.20759089
4.27896134
4.33677327
4.38969766
4.44437414
4.50672729
4.58349559
4.68344745
4.81984802
5.01376303
5.29406538
5.69847421
6.33838507
7.42829813
2.98218714
3.26258298
3.54232871
3.7706349
3.94564223
4.07566093
4.17320235
4.25002535
4.31534635
4.3763492
4.43906744
4.50917546
4.59272204
4.69690674
4.83094026
5.00668994
5.23633693
5.52392332
5.86044078
6.19813284
3.52797815
3.58546643
3.72185039
3.8653991
3.98906574
4.09083886
4.17464321
4.24578602
4.30963971
4.37116971
4.43494079
4.5053729
4.58694228
4.68438027
4.8025411
4.94574572
5.11576888
5.30513754
5.47828695
5.55952449
3.84448408
3.82706606
3.88530709
3.96947014
4.05228603
4.12785885
4.19575748
4.25759945
4.31607693
4.37427303
4.43525873
4.50204796
4.57750293
4.66414838
4.76361133
4.87558342
4.99639956
5.11481122
5.19581109
5.18360976
4.04581129
4.00388447
4.02159756
4.0679869
4.12150133
4.17586049
4.22899121
4.28070052
4.33204994
4.38470186
4.44048921
4.50118004
4.56824138
4.64249031
4.72345735
4.80846444
4.89187349
4.96271222
4.99306961
4.9467277
4.18090179
4.13406845
4.13203001
4.15553317
4.18898531
4.22722056
4.26789574
4.31006269
4.35385056
4.39996046
4.44927256
4.50256372
4.56022715
4.62190352
4.68593691
4.74874681
4.80465048
4.84472487
4.84864236
4.79363861
4.2759436
4.23106366
4.21984599
4.22984277
4.25000815
4.27652247
4.30730493
4.34118511
4.37779995
4.41723354
4.4596894
4.50522687
4.55349887
4.6034391
4.65286792
4.6981467
4.73436717
4.7549281
4.74560912
4.69204775
4.34489743
4.30391199
4.28878846
4.29097921
4.30252908
4.32073405
4.34390842
4.370899
4.40110735
4.43424117
4.4700567
4.5081395
4.54769036
4.58729538
4.62467674
4.65655378
4.67901281
4.68743273
4.67195862
4.62327281
4.39539998
4.35862878
4.34227543
4.34007829
4.34611735
4.35850325
4.37592063
4.39732319
4.42201947
4.44950311
4.47925779
4.51058836
4.54246316
4.57336455
4.6011541
4.6230631
4.63611897
4.63720584
4.61943262
4.57648422
4.43201276
4.39931777
4.38312414
4.37859133
4.38116091
4.38950856
4.40261895
4.41957441
4.4396671
4.46228332
4.48675937
4.51225951
4.53767066
4.56151853
4.58191289
4.59660803
4.6034163
4.60029648
4.58233814
4.54504649
4.45773714
4.42889313
4.41360197
4.40798571
4.40843982
4.41402756
4.42396427
4.43745648
4.45382009
4.47240151
4.49247361
4.51315307
4.53333828
4.55167403
4.56654812
4.57618258
4.57900149
4.5737021
4.55670607
4.52466861
4.47471339
4.44951753
4.43554195
4.42962699
4.42888262
4.43264482
4.44030621
4.45118576
4.46464242
4.48002216
4.49658524
4.51345524
4.52959032
4.5437821
4.55468291
4.5609053
4.56133318
4.55516246
4.5397346
4.51247627
4.48456387
4.46286589
4.45044488
4.44473375
4.44342442
4.44605838
4.45217026
4.46117944
4.4724944
4.48547932
4.49940664
4.51343125
4.52658732
4.53781066
4.54598394
4.55003371
4.54918566
4.54297625
4.52941739
4.50649989
4.48858259
4.47029129
4.45955912
4.45436492
4.45292506
4.45495544
4.46011305
4.467907
4.47779256
4.48915441
4.50128096
4.5133597
4.52449388
4.53374206
4.54017455
4.54296503
4.54159675
4.53585348
4.52428612
4.50535742
4.48787432
4.47294835
4.46395083
4.45943036
4.45813219
4.45994409
4.46463758
4.47180118
4.48092581
4.49140475
4.50252887
4.51350074
4.52346842
4.53157869
4.53704306
4.53922607
4.53781261
4.53279091
4.52321339
4.50801849
4.48351236
4.47192317
4.46460053
4.46075541
4.45971941
4.46157105
4.46619549
4.47324825
4.48223645
4.49253815
4.50341914
4.51406506
4.52363104
4.53130778
4.53639849
4.53840964
4.53719194
4.53293274
4.52522453
4.51357275
4.47674899
4.46833527
4.46241911
4.45903804
4.45820852
4.46023028
4.46509841
4.47251394
4.48196918
4.4927905
4.5041777
4.51525409
4.52513069
4.53298596
4.53815691
4.54024106
4.53922678
4.53551911
4.52934773
4.52096168
4.46923439
4.46318308
4.4577048
4.45403479
4.45301471
4.45519403
4.46064497
4.46905376
4.47982854
4.49217108
4.50513802
4.51770652
4.52885099
4.53763779
4.54333645
4.54554711
4.5443486
4.54039729
4.53471958
4.52872019
4.46343708
4.45755102
4.45045261
4.44505824
4.44306791
4.4452718
4.45173314
4.46200734
4.47530183
4.49058026
4.50664014
4.52218661
4.53591825
4.54663616
4.55338251
4.55561265
4.55340488
4.54768442
4.54033814
4.53448246
)
;

boundaryField
{
    walls
    {
        type            zeroGradient;
    }
    mov_wall
    {
        type            zeroGradient;
    }
    empty
    {
        type            empty;
    }
}


// ************************************************************************* //
