/*--------------------------------*- C++ -*----------------------------------*\
| =========                 |                                                 |
| \\      /  F ield         | OpenFOAM: The Open Source CFD Toolbox           |
|  \\    /   O peration     | Version:  5.x                                   |
|   \\  /    A nd           | Web:      www.OpenFOAM.org                      |
|    \\/     M anipulation  |                                                 |
\*---------------------------------------------------------------------------*/
FoamFile
{
    version     2.0;
    format      ascii;
    class       surfaceScalarField;
    location    "1.1";
    object      phi;
}
// * * * * * * * * * * * * * * * * * * * * * * * * * * * * * * * * * * * * * //

dimensions      [0 3 -1 0 0 0 0];

internalField   nonuniform List<scalar> 
760
(
0.00134819963
-0.0013482004
0.00245766086
-0.00110946117
0.00313510902
-0.000677448075
0.00355960337
-0.000424494448
0.00383202767
-0.0002724244
0.00400911087
-0.000177083225
0.00412476614
-0.000115655255
0.00419868539
-7.3919251e-05
0.00424184959
-4.31642081e-05
0.00425995564
-1.81060583e-05
0.00425504428
4.91136055e-06
0.0042262303
2.88139786e-05
0.0041689361
5.72941914e-05
0.00407322103
9.57150502e-05
0.00391968241
0.000153538604
0.00367184386
0.000247838547
0.00326306723
0.000408776625
0.00257261055
0.000690456687
0.00140850446
0.00116410608
0.00140850445
-5.46938095e-05
-0.00129350659
0.000412532959
-0.00157668789
0.00102982706
-0.0012947422
0.0015782962
-0.000972963638
0.00201415462
-0.00070828286
0.0023438269
-0.000506755518
0.00258391531
-0.000355743667
0.00274986778
-0.000239871734
0.00285303578
-0.000146332232
0.00290021406
-6.52843653e-05
0.00289381881
1.13065716e-05
0.00283149166
9.11410801e-05
0.00270585846
0.000182927348
0.00250331232
0.000298261145
0.00220329849
0.000453552419
0.0017803333
0.000670803725
0.00121722386
0.000971886079
0.000552651872
0.00135502869
1.30256367e-05
0.00170373232
0.00142153008
-0.000271775
-0.00102173162
-0.000221206841
-0.00162725616
7.09483329e-05
-0.00158689743
0.000445547298
-0.00134756271
0.000811385735
-0.00107412138
0.00112782253
-0.000823192338
0.00138026156
-0.000608182698
0.00156591887
-0.00042552903
0.00168610953
-0.000266522884
0.00174234789
-0.000121522723
0.00173449687
1.91575921e-05
0.00165999138
0.000165646575
0.00151380983
0.000329108898
0.00128965868
0.000522412296
0.00098376396
0.000759447146
0.000604120084
0.00105044761
0.000189297535
0.00138670864
-0.000160316919
0.00170464315
-0.00026171871
0.0018051341
0.00115981137
-0.00022802219
-0.000793709394
-0.000361492822
-0.00149378563
-0.000308944707
-0.00163944556
-0.000135833841
-0.00152067365
8.7763087e-05
-0.00129771838
0.000313095903
-0.00104852518
0.0005110021
-0.000806088911
0.00066573506
-0.000580261999
0.000769228846
-0.000370016687
0.000817202997
-0.000169496896
0.000806952458
2.94081092e-05
0.00073660677
0.000235992245
0.000605628595
0.000460087064
0.000417172425
0.000710868465
0.000183004651
0.000993614927
-6.82778766e-05
0.00130173015
-0.000281295804
0.00159972659
-0.000369753273
0.00179310062
-0.000247088692
0.00168246951
0.00091272268
-0.000169076459
-0.000624632931
-0.000352393412
-0.00131046874
-0.000432308108
-0.00155953086
-0.000410098151
-0.00154288366
-0.000321087331
-0.00138672925
-0.000202193816
-0.00116741872
-8.23004227e-05
-0.000925982311
1.87838476e-05
-0.000681346267
8.84452817e-05
-0.000439678125
0.000119091843
-0.000200143473
0.000106787288
4.17126444e-05
5.08769244e-05
0.00029190259
-4.52057084e-05
0.000556169681
-0.000171753564
0.00083741631
-0.00030926252
0.00113112388
-0.000424615566
0.00141708322
-0.000470737336
0.00164584839
-0.000398174431
0.0017205377
-0.000196530185
0.00148082525
0.000716192499
-0.000124316404
-0.000500316556
-0.000308745007
-0.00112604017
-0.000451289606
-0.00141698628
-0.000524439292
-0.00146973402
-0.000537077788
-0.00137409078
-0.000510272717
-0.00119422379
-0.000465633705
-0.000970621317
-0.000420813493
-0.000726166455
-0.000388537206
-0.00047195439
-0.000376871969
-0.0002118087
-0.00038960228
5.44429579e-05
-0.000426127562
0.000328427872
-0.000480713614
0.000610755731
-0.000541144967
0.000897847657
-0.000587347736
0.00117732665
-0.000591594068
0.00142132957
-0.000523751559
0.0015780059
-0.000367022737
0.00156380885
-0.000150676326
0.00126447882
0.000565516179
-9.46922336e-05
-0.000405624342
-0.000265037722
-0.000955694686
-0.000431482774
-0.00125054124
-0.000558118581
-0.00134309823
-0.000638334182
-0.00129387519
-0.000680051277
-0.00115250669
-0.000696163276
-0.000954509307
-0.000699376863
-0.000722952838
-0.000699851596
-0.000471479627
-0.000704260856
-0.000207399424
-0.000715370986
6.55530929e-05
-0.000731653845
0.000344710732
-0.000746789331
0.000625891213
-0.000749267339
0.000900325656
-0.00072277125
0.00115083056
-0.000648755863
0.00134731421
-0.000513433178
0.00144268323
-0.000321473042
0.00137184869
-0.000116558822
0.00105956458
0.000448957365
-7.54423238e-05
-0.000330182015
-0.000228525214
-0.000802611793
-0.000398959408
-0.00108010706
-0.000551460104
-0.00119059755
-0.000671857805
-0.00117347749
-0.00075909111
-0.00106527339
-0.000818529144
-0.000895071273
-0.000857497318
-0.000683984645
-0.000882622107
-0.000446354815
-0.000898361942
-0.000191659577
-0.000906190734
7.33818871e-05
-0.000904120997
0.000342640994
-0.000886506324
0.000608276536
-0.00084436375
0.000858183072
-0.000766781108
0.00107324792
-0.000644329813
0.00122486294
-0.000475503327
0.00127385677
-0.000276498039
0.00117284337
-9.21832291e-05
0.000875249769
0.000356774143
-6.23544395e-05
-0.000267827568
-0.000198753329
-0.000666212903
-0.000363293146
-0.000915567274
-0.000524451319
-0.00102943938
-0.00066520968
-0.00103271911
-0.00077909438
-0.000951388692
-0.000865913941
-0.000808251715
-0.000928359967
-0.000621538605
-0.000969637217
-0.000405077544
-0.000991948953
-0.000169347825
-0.000995601854
7.70347998e-05
-0.000978580953
0.000325620104
-0.000936600743
0.000566296333
-0.000863831299
0.000785413626
-0.000754667558
0.000964084183
-0.000606992713
0.00107718813
-0.000427163107
0.00109402718
-0.000236134461
0.000981814702
-7.43733302e-05
0.000713488637
0.000282400817
-5.27957395e-05
-0.000215031832
-0.000173896227
-0.000545112416
-0.000327709454
-0.000761754082
-0.000487086053
-0.000870062769
-0.00063465983
-0.000885145306
-0.000761084155
-0.000824964364
-0.000862474323
-0.000706861546
-0.000938027277
-0.000545985635
-0.000988153549
-0.000354951249
-0.00101317508
-0.000144326267
-0.00101253866
7.63983998e-05
-0.000984507761
0.000297589236
-0.000926371937
0.000508160532
-0.00083530621
0.000694347909
-0.000710065936
0.000838843924
-0.00055364053
0.000920762773
-0.000376689348
0.000917076019
-0.000200958307
0.000806083647
-6.08594982e-05
0.000573389834
0.000221541325
-4.52834302e-05
-0.000169748417
-0.000152402339
-0.000437993506
-0.00029319192
-0.000620964546
-0.000444584602
-0.00071867007
-0.000590087787
-0.00073964209
-0.000719134213
-0.00069591794
-0.000825631927
-0.000600363834
-0.000906400852
-0.000465216697
-0.000959824564
-0.000301527517
-0.000984854802
-0.000119296006
-0.000980411048
7.19546744e-05
-0.000945197738
0.000262375961
-0.000877983966
0.000440946791
-0.000778416338
0.000594780295
-0.000648419295
0.000708846897
-0.000494125335
0.000766468853
-0.000328018311
0.000750969014
-0.000170580146
0.00064864548
-5.02505761e-05
0.000453060279
0.000171290765
-3.90092103e-05
-0.000130739222
-0.000133225651
-0.000343777063
-0.000259998365
-0.000494191883
-0.000399835622
-0.000578832792
-0.000537667037
-0.000601810645
-0.000662727136
-0.000570857851
-0.000767796919
-0.000495294063
-0.000848246427
-0.000384767186
-0.000901138912
-0.000248635021
-0.000924542669
-9.58922344e-05
-0.000917125363
6.45373915e-05
-0.000878075184
0.000223325814
-0.000807385194
0.000370256832
-0.000706525209
0.000493920322
-0.000579479093
0.000581800793
-0.00043401608
0.00062100587
-0.000282881824
0.00059983477
-0.000144387418
0.000510151083
-4.17005716e-05
0.000350373461
0.000129590218
-3.35248334e-05
-9.72144008e-05
-0.000115690645
-0.00026161125
-0.000228131173
-0.000381751408
-0.000354464021
-0.000452499923
-0.000481258815
-0.000475015824
-0.000598162386
-0.000453954292
-0.000697568853
-0.000395887616
-0.00077409661
-0.000308239436
-0.000824054377
-0.000198677249
-0.000845018478
-7.49281212e-05
-0.000835596422
5.5115359e-05
-0.00079542171
0.000183151138
-0.000725403248
0.000300238404
-0.000628224252
0.000396741344
-0.000509033992
0.000462610543
-0.000376190313
0.000488162208
-0.000241800247
0.000465444706
-0.000121720606
0.000390071456
-3.46585255e-05
0.000263311417
9.49317051e-05
-2.85514371e-05
-6.86629742e-05
-9.93050772e-05
-0.00019085761
-0.000197420061
-0.000283636468
-0.000309267886
-0.000340652079
-0.00042312122
-0.000361162462
-0.000529389047
-0.000347686469
-0.000620561507
-0.000304715172
-0.000690996732
-0.000237804217
-0.000736663187
-0.000153010786
-0.000754927529
-5.66637593e-05
-0.000744450493
4.46383571e-05
-0.000705227706
0.000143928398
-0.000638786816
0.000233797562
-0.000548520072
0.00030647463
-0.00044008666
0.000354177149
-0.000321761302
0.000369836861
-0.000204549886
0.000348233287
-0.000101879108
0.000287400698
-2.8714187e-05
0.00019014653
6.62175051e-05
-2.38661403e-05
-4.47968466e-05
-8.36098761e-05
-0.000131113875
-0.000167492783
-0.000199753584
-0.000264395488
-0.000243749357
-0.000364283808
-0.000261274118
-0.000458515206
-0.000253455064
-0.000539977418
-0.000223252964
-0.000603099419
-0.000174682219
-0.000643797298
-0.000112312901
-0.000659418114
-4.10429252e-05
-0.000648730796
3.39510694e-05
-0.00061199209
0.000107189734
-0.000551090208
0.000172895725
-0.000469738412
0.000225122867
-0.000373655789
0.000258094545
-0.000270637474
0.000266818548
-0.000170397347
0.000247993155
-8.40910455e-05
0.000201094428
-2.35066135e-05
0.000129562128
4.27108797e-05
-1.92389689e-05
-2.55578922e-05
-6.8093826e-05
-8.22590244e-05
-0.0001377569
-0.000130090506
-0.000219450427
-0.000162055811
-0.000304782142
-0.00017594239
-0.000386145183
-0.000172092018
-0.000457013301
-0.000152384849
-0.000512114221
-0.000119581308
-0.000547516116
-7.69110172e-05
-0.00056067607
-2.78829813e-05
-0.000550491635
2.37666336e-05
-0.000517377688
7.40757965e-05
-0.000463365549
0.000118883606
-0.000392194661
0.000153951998
-0.00030933982
0.000175239714
-0.000221897162
0.000179375886
-0.000138252873
0.00016434887
-6.75011403e-05
0.000130342749
-1.86739912e-05
8.07350165e-05
2.40369234e-05
-1.44141376e-05
-1.11437632e-05
-5.21996717e-05
-4.44735095e-05
-0.000107468138
-7.48220095e-05
-0.000173633864
-9.58900619e-05
-0.000243864352
-0.000105711901
-0.000311632123
-0.000104324256
-0.000371142736
-9.28742484e-05
-0.000417613567
-7.31104878e-05
-0.000447439417
-4.70851767e-05
-0.000458295419
-1.7026986e-05
-0.000449217362
1.46885768e-05
-0.000420679588
4.55380327e-05
-0.000374663677
7.28677167e-05
-0.000314688826
9.39771724e-05
-0.000245751419
0.000106302322
-0.00017410859
0.000107733048
-0.000106847073
9.70873561e-05
-5.12218074e-05
7.47175377e-05
-1.38426651e-05
4.3355906e-05
1.01942924e-05
-9.14296626e-06
-2.00079079e-06
-3.54557749e-05
-1.81607379e-05
-7.59460879e-05
-3.43316631e-05
-0.00012599781
-4.58383073e-05
-0.000180242295
-5.14674016e-05
-0.000233306371
-5.12601781e-05
-0.000280318327
-4.58622917e-05
-0.000317217639
-3.6211168e-05
-0.000340931578
-2.33712238e-05
-0.00034948182
-8.47672291e-06
-0.000342063983
7.27076429e-06
-0.000319117526
2.25916029e-05
-0.000282379077
3.61293008e-05
-0.000234890457
4.64885851e-05
-0.000180914212
5.23260909e-05
-0.000125696473
5.25152853e-05
-7.50172875e-05
4.64081542e-05
-3.44971517e-05
3.41974262e-05
-8.6685745e-06
1.75273565e-05
1.52569018e-06
-3.41717201e-06
1.41640387e-06
-1.79311253e-05
-3.6468264e-06
-4.31286542e-05
-9.13413962e-06
-7.59387735e-05
-1.30281847e-05
-0.000112448076
-1.49580979e-05
-0.000148683026
-1.50252351e-05
-0.000181053698
-1.34916319e-05
-0.000206588513
-1.06763645e-05
-0.000223048984
-6.91075687e-06
-0.000228994343
-2.53135752e-06
-0.000223834765
2.11120101e-06
-0.000207884321
6.6411751e-06
-0.000182407667
1.06526682e-05
-0.000149635074
1.37160194e-05
-0.000112709498
1.54005377e-05
-7.55144783e-05
1.53202656e-05
-4.23201491e-05
1.32138322e-05
-1.71912758e-05
9.06856669e-06
-3.09136323e-06
3.42746992e-06
-1.56567141e-06
1.41641885e-06
-2.23038856e-06
-1.13645195e-05
-2.43927108e-05
-3.93508272e-05
-5.43760875e-05
-6.78677444e-05
-7.85441262e-05
-8.54548898e-05
-8.79862471e-05
-8.58750456e-05
-7.92338693e-05
-6.8581182e-05
-5.4865118e-05
-3.94645453e-05
-2.41442934e-05
-1.09304563e-05
-1.86182846e-06
1.56566277e-06
)
;

boundaryField
{
    walls
    {
        type            calculated;
        value           uniform 0;
    }
    mov_wall
    {
        type            calculated;
        value           uniform 0;
    }
    empty
    {
        type            empty;
        value           nonuniform 0();
    }
}


// ************************************************************************* //
