/*--------------------------------*- C++ -*----------------------------------*\
| =========                 |                                                 |
| \\      /  F ield         | OpenFOAM: The Open Source CFD Toolbox           |
|  \\    /   O peration     | Version:  5.x                                   |
|   \\  /    A nd           | Web:      www.OpenFOAM.org                      |
|    \\/     M anipulation  |                                                 |
\*---------------------------------------------------------------------------*/
FoamFile
{
    version     2.0;
    format      ascii;
    class       volVectorField;
    location    "1.1";
    object      U;
}
// * * * * * * * * * * * * * * * * * * * * * * * * * * * * * * * * * * * * * //

dimensions      [0 1 -1 0 0 0 0];

internalField   nonuniform List<vector> 
400
(
(0.291701457 0.14964684 0)
(0.388193113 0.128009322 0)
(0.557617133 0.0757298192 0)
(0.674773208 0.0432991112 0)
(0.743733725 0.0251516909 0)
(0.787018552 0.0148722853 0)
(0.815383363 0.00892366592 0)
(0.833840421 0.00530443966 0)
(0.845252567 0.00289643781 0)
(0.85122962 0.00108429886 2.66532436e-34)
(0.852521633 -0.00050097319 -2.66532436e-34)
(0.849242428 -0.0021568139 0)
(0.840874293 -0.00421173028 0)
(0.826031413 -0.00721477115 0)
(0.801956936 -0.0122300658 0)
(0.763494705 -0.0213831092 0)
(0.6994626 -0.0388333562 0)
(0.584546091 -0.0722694632 0)
(0.407899468 -0.128434877 0)
(0.300689331 -0.152948712 0)
(0.00120610921 0.287438622 0)
(0.0133187943 0.29386923 0)
(0.140021702 0.209886296 0)
(0.264912284 0.142953544 0)
(0.364069636 0.0967604635 0)
(0.439957158 0.0653971103 0)
(0.496324346 0.0439358978 0)
(0.536428027 0.0286694047 0)
(0.562977502 0.017059989 0)
(0.577822039 0.00741664758 0)
(0.581893459 -0.00149414138 0)
(0.575213107 -0.0107790772 0)
(0.556835864 -0.0217066819 0)
(0.524679233 -0.0361055512 0)
(0.475331235 -0.0569265432 0)
(0.404188184 -0.0889407089 0)
(0.305597353 -0.139118075 0)
(0.174450155 -0.215249694 0)
(0.034090701 -0.310786618 0)
(0.0108674414 -0.305907303 0)
(-0.0321481526 0.241776384 0)
(-0.063447377 0.333524026 0)
(-0.0219918951 0.299444978 0)
(0.050486828 0.239964182 0)
(0.127214571 0.182914596 0)
(0.196560115 0.135343596 0)
(0.253835481 0.0973505135 0)
(0.29769389 0.0668080083 0)
(0.328225089 0.0413234439 0)
(0.345841903 0.0187621634 -2.35803818e-33)
(0.350742835 -0.00279526596 2.35803818e-33)
(0.342678122 -0.0252502294 0)
(0.320868832 -0.0507601213 0)
(0.284080103 -0.0820073394 0)
(0.231042976 -0.122382901 0)
(0.161703106 -0.175560385 0)
(0.0796926153 -0.243118749 0)
(-0.00341570326 -0.317909206 0)
(-0.0578822232 -0.366316871 0)
(-0.0313940146 -0.270676534 0)
(-0.0261253299 0.182351723 0)
(-0.0666509823 0.316824816 0)
(-0.0736244252 0.330786843 0)
(-0.0482909959 0.295191903 0)
(-0.0059171925 0.244064829 0)
(0.0407792441 0.192237779 0)
(0.08412853 0.144918008 0)
(0.119937241 0.102865492 0)
(0.146046912 0.0650627637 0)
(0.161359672 0.0298540319 2.35554887e-33)
(0.165245578 -0.00467012396 -2.35554887e-33)
(0.157255941 -0.0405911813 0)
(0.137091421 -0.0801790097 0)
(0.104857088 -0.125822787 0)
(0.0617423537 -0.179599221 0)
(0.0113487851 -0.241850667 0)
(-0.0382024435 -0.307597807 0)
(-0.0721453856 -0.359441909 0)
(-0.0712004821 -0.355493912 0)
(-0.0287274125 -0.209146358 0)
(-0.0176371495 0.14073833 0)
(-0.0549587902 0.281718605 0)
(-0.0829712688 0.324298442 0)
(-0.0882681448 0.312150477 0)
(-0.0754036561 0.274161675 0)
(-0.0530043352 0.226494867 0)
(-0.0279741085 0.177046281 0)
(-0.00511323722 0.128941947 0)
(0.0124399455 0.0827811233 0)
(0.0227475368 0.0378849484 -2.94558004e-34)
(0.0247017574 -0.00706397764 2.94558004e-34)
(0.0178351958 -0.0536822243 0)
(0.00235927258 -0.103616387 0)
(-0.0205425524 -0.158132844 0)
(-0.0481396178 -0.217266186 0)
(-0.0753368568 -0.278076487 0)
(-0.0938099339 -0.331441486 0)
(-0.0923279029 -0.357188515 0)
(-0.0635455286 -0.318737508 0)
(-0.0207377841 -0.162024451 0)
(-0.0116629533 0.111538424 0)
(-0.0431989175 0.243600004 0)
(-0.0784003256 0.29959564 0)
(-0.100780893 0.304664688 0)
(-0.108603219 0.280047634 0)
(-0.106098419 0.239996754 0)
(-0.09799859 0.192944133 0)
(-0.0883211894 0.14328284 0)
(-0.0801080132 0.0928587275 0)
(-0.0754213092 0.0420168224 0)
(-0.075437876 -0.00970553724 0)
(-0.0804946618 -0.0630916619 0)
(-0.0900074218 -0.118784681 0)
(-0.102248695 -0.176677699 0)
(-0.114042082 -0.234942439 0)
(-0.120545296 -0.288484606 0)
(-0.115409024 -0.326744191 0)
(-0.0923649269 -0.331283684 0)
(-0.0522225405 -0.274927597 0)
(-0.0142905767 -0.127188412 0)
(-0.00804034655 0.0898891428 0)
(-0.0343499912 0.207654468 0)
(-0.0704783471 0.267401379 0)
(-0.101146992 0.283087324 0)
(-0.121778157 0.269293263 0)
(-0.13340917 0.237354521 0)
(-0.138552081 0.194981839 0)
(-0.139921287 0.146902773 0)
(-0.139873257 0.0956934462 0)
(-0.140122368 0.0425311497 0)
(-0.141630515 -0.0121907998 0)
(-0.144542457 -0.0683402196 0)
(-0.148096632 -0.12551521 0)
(-0.150515659 -0.182395698 0)
(-0.148967708 -0.235874648 0)
(-0.139786168 -0.279939999 0)
(-0.119159972 -0.304480886 0)
(-0.0849524847 -0.294609656 0)
(-0.0422330887 -0.231918701 0)
(-0.0100111366 -0.100621438 0)
(-0.00590528841 0.0730556603 0)
(-0.0280883609 0.175187491 0)
(-0.0625518202 0.23304892 0)
(-0.0963452589 0.254155946 0)
(-0.124000372 0.248129306 0)
(-0.144612778 0.223458745 0)
(-0.158950524 0.186615127 0)
(-0.168438432 0.142080482 0)
(-0.17456574 0.0927241823 0)
(-0.178495814 0.040286429 0)
(-0.180852668 -0.0141351058 0)
(-0.181601938 -0.0696084138 0)
(-0.179979838 -0.124864163 0)
(-0.174486537 -0.177722173 0)
(-0.163031743 -0.224430936 0)
(-0.143374322 -0.258992583 0)
(-0.113945845 -0.272718049 0)
(-0.0753718405 -0.254497587 0)
(-0.0343386277 -0.192656188 0)
(-0.00728798994 -0.0798908207 0)
(-0.00459793981 0.0593978966 0)
(-0.023568934 0.146232652 0)
(-0.0554025715 0.199207413 0)
(-0.0894195891 0.22215406 0)
(-0.120192103 0.22123478 0)
(-0.145786464 0.202566137 0)
(-0.165779225 0.171301832 0)
(-0.180548946 0.131395872 0)
(-0.190776764 0.0857082513 0)
(-0.197062882 0.0362850293 2.9772663e-34)
(-0.199690797 -0.015287231 -2.9772663e-34)
(-0.198500006 -0.0674925399 0)
(-0.192844037 -0.1184676 0)
(-0.181653971 -0.165557791 0)
(-0.163673665 -0.204881306 0)
(-0.137949005 -0.231009142 0)
(-0.104559687 -0.236978874 0)
(-0.0656923752 -0.214954057 0)
(-0.0281834636 -0.157958916 0)
(-0.00551199568 -0.0633582824 0)
(-0.00373516591 0.0479607373 0)
(-0.0201312373 0.120508702 0)
(-0.049038613 0.167195485 0)
(-0.0816764632 0.189712391 0)
(-0.113039957 0.191877124 0)
(-0.140741797 0.17796926 4.68001608e-33)
(-0.163626481 0.151953711 0)
(-0.181320031 0.117164391 0)
(-0.193859231 0.076268475 -4.74082987e-33)
(-0.201369916 0.0314081464 2.27025289e-36)
(-0.203856675 -0.0155599669 4.98284392e-36)
(-0.201094327 -0.0627751113 0)
(-0.192613957 -0.108060088 0)
(-0.177801233 -0.148615657 0)
(-0.156148325 -0.180776554 0)
(-0.12769242 -0.19993276 0)
(-0.0935692631 -0.200773772 0)
(-0.0566773163 -0.178018564 0)
(-0.0233137015 -0.127791801 0)
(-0.00429525685 -0.049932854 0)
(-0.00311413273 0.0382018194 0)
(-0.0173576112 0.097718228 0)
(-0.0433026526 0.137647793 0)
(-0.0736900795 0.158404412 0)
(-0.104061036 0.162229758 0)
(-0.13191064 0.152033847 -4.68001608e-33)
(-0.155685701 0.130788476 0)
(-0.174522832 0.101217614 0)
(-0.187999153 0.0656976514 4.74082987e-33)
(-0.195889193 0.0263111042 1.49113081e-33)
(-0.198000502 -0.0150048727 -1.49838391e-33)
(-0.194094371 -0.056260568 0)
(-0.183892613 -0.0952025293 0)
(-0.16718289 -0.129128706 0)
(-0.144043374 -0.154786319 0)
(-0.115187712 -0.168435205 0)
(-0.0823349481 -0.166175541 0)
(-0.0485663757 -0.144602418 0)
(-0.0193861898 -0.101811871 0)
(-0.00341875241 -0.0388977139 0)
(-0.00263030621 0.0298044055 0)
(-0.0150026262 0.0776142289 0)
(-0.0380466406 0.110852539 0)
(-0.0657280416 0.129148945 0)
(-0.0941476876 0.13368511 0)
(-0.120870095 0.126369869 0)
(-0.144171178 0.109378916 0)
(-0.162904837 0.0848825952 0)
(-0.176352887 0.0549236131 0)
(-0.184057236 0.021417584 2.99752108e-34)
(-0.185704634 -0.0137654499 -2.99752108e-34)
(-0.181076682 -0.048678174 0)
(-0.170068722 -0.0811684118 0)
(-0.152784638 -0.108786465 0)
(-0.129714385 -0.128775989 0)
(-0.101978814 -0.138207414 0)
(-0.0715462435 -0.134308362 0)
(-0.0413834027 -0.114996945 0)
(-0.0161634595 -0.0795871463 0)
(-0.00276032156 -0.0297620109 0)
(-0.0022288886 0.0225722876 0)
(-0.012922191 0.0600011915 0)
(-0.0331576534 0.0869179691 0)
(-0.0579146517 0.102460311 0)
(-0.0838294708 0.107097582 0)
(-0.108636102 0.102016898 0)
(-0.130586298 0.0887715545 0)
(-0.148401182 0.0690503555 0)
(-0.161196589 0.0445529144 0)
(-0.168378936 0.0169601808 3.00144392e-34)
(-0.16957369 -0.0120299949 -3.00144392e-34)
(-0.164599786 -0.0406355717 0)
(-0.153493402 -0.0669242833 0)
(-0.136583704 -0.0887836646 0)
(-0.114619329 -0.103965154 0)
(-0.0889245455 -0.110241325 0)
(-0.0615013442 -0.105702122 0)
(-0.0350529655 -0.0891697521 0)
(-0.0134751168 -0.060687497 0)
(-0.00224828781 -0.0221723732 0)
(-0.0018781283 0.0163780725 0)
(-0.0110223968 0.0447277988 0)
(-0.0285400205 0.0658605732 0)
(-0.050284097 0.0786058178 0)
(-0.0733944098 0.0829624754 0)
(-0.0958249991 0.079607763 0)
(-0.115894338 0.0696182776 0)
(-0.132293302 0.0542747602 0)
(-0.144065658 0.034944016 0)
(-0.150554152 0.0130348881 0)
(-0.151364055 -0.00999472181 0)
(-0.146355797 -0.0326074731 0)
(-0.135668799 -0.0531607876 0)
(-0.119776123 -0.0699139726 0)
(-0.0995648493 -0.0810963514 0)
(-0.0764214388 -0.085061223 0)
(-0.0522541197 -0.0805358723 0)
(-0.0294418265 -0.0669394053 0)
(-0.0111847424 -0.044728743 0)
(-0.00183546512 -0.0158692908 0)
(-0.00155462181 0.0111422474 0)
(-0.00922630349 0.031687327 0)
(-0.0240919447 0.0476606038 0)
(-0.0427939415 0.0577118529 0)
(-0.0629465033 0.0615492223 0)
(-0.0827455867 0.0595048211 0)
(-0.100629822 0.0522992236 0)
(-0.115327108 0.0408739678 0)
(-0.125874209 0.0262845955 0)
(-0.131600247 0.00965292343 0)
(-0.132116231 -0.0078406076 0)
(-0.127320063 -0.0249476316 0)
(-0.117417955 -0.0403483394 0)
(-0.102960049 -0.0526757323 0)
(-0.0848836964 -0.0605877395 0)
(-0.0645463319 -0.0629030911 0)
(-0.0436951445 -0.0588045411 0)
(-0.0243733885 -0.0480835339 0)
(-0.00916731109 -0.0314002517 0)
(-0.00148478159 -0.0106691288 0)
(-0.00123525467 0.00682999264 0)
(-0.00745534488 0.0208259893 0)
(-0.0196918739 0.0323020511 0)
(-0.0353326204 0.0398394405 0)
(-0.0524405362 0.0430025044 0)
(-0.0694580443 0.0419113623 0)
(-0.0849743185 0.0370301805 0)
(-0.0977991925 0.0290230517 0)
(-0.107008586 0.0186619474 0)
(-0.111953552 0.00678345648 0)
(-0.112267055 -0.00572304733 0)
(-0.107876375 -0.0179151007 0)
(-0.0990213963 -0.0288024467 0)
(-0.0862755652 -0.0373742144 0)
(-0.0705626013 -0.0426620144 0)
(-0.0531536363 -0.0438497698 0)
(-0.0356044922 -0.0404327802 0)
(-0.0196375191 -0.0324076798 0)
(-0.00729681133 -0.0204854238 0)
(-0.00116132709 -0.00646061677 0)
(-0.000893979365 0.00345538902 0)
(-0.00562583445 0.0121473951 0)
(-0.0152048823 0.0197909967 0)
(-0.0277406598 0.0250264655 0)
(-0.0417177915 0.0274070434 0)
(-0.0558207721 0.026950055 0)
(-0.0688105542 0.0239432285 0)
(-0.0796157461 0.0188260747 0)
(-0.0873908236 0.0121177457 0)
(-0.0915390731 0.00438445674 0)
(-0.0917282198 -0.00376951163 0)
(-0.0879059459 -0.0117026354 0)
(-0.0803153347 -0.0187416889 0)
(-0.0695066069 -0.0242030478 0)
(-0.0563380926 -0.0274391183 0)
(-0.0419531433 -0.0279177494 0)
(-0.0277019978 -0.0253384973 0)
(-0.0150113815 -0.0197768542 0)
(-0.00544650512 -0.0118691736 0)
(-0.000829180851 -0.00320678601 0)
(-0.000504148375 0.00108313679 0)
(-0.00366515963 0.00570412506 0)
(-0.0105195023 0.0101564306 0)
(-0.0198599617 0.0133143558 0)
(-0.0305578834 0.0148412152 0)
(-0.0415387273 0.014734236 0)
(-0.051765142 0.0131627081 0)
(-0.0603304731 0.0103841422 0)
(-0.0665145036 0.00669787929 0)
(-0.0698081431 0.00242690983 0)
(-0.0699298261 -0.00208518094 0)
(-0.0668402404 -0.00647278607 0)
(-0.0607554568 -0.0103503234 0)
(-0.0521547628 -0.0133239427 0)
(-0.0417762755 -0.0150183161 0)
(-0.0305886795 -0.0151238878 0)
(-0.019715205 -0.0134695067 0)
(-0.010306047 -0.0101196972 0)
(-0.00350836694 -0.00552692383 0)
(-0.000454212538 -0.000942897026 0)
(-6.4300074e-05 -0.000174163382 0)
(-0.00158935531 0.00162715967 0)
(-0.00565927199 0.00357592285 0)
(-0.0116445831 0.00497813951 0)
(-0.0187652131 0.00567915324 0)
(-0.0262185287 0.00569578367 0)
(-0.0332350816 0.00511367277 0)
(-0.0391494364 0.00404681786 0)
(-0.0434361252 0.00261871695 0)
(-0.0457245659 0.000957574809 0)
(-0.0458093085 -0.000802063061 0)
(-0.0436605653 -0.00251640784 0)
(-0.03943487 -0.00403144227 0)
(-0.0334825859 -0.00518619859 0)
(-0.0263464678 -0.0058222889 0)
(-0.0187422536 -0.00580232478 0)
(-0.0115044827 -0.0050409962 0)
(-0.00548740543 -0.00355197134 0)
(-0.00147553495 -0.00154595333 0)
(-3.14260345e-05 0.000231193737 0)
(0.000259387859 -0.000253556598 0)
(0.000149388373 0.000101925372 0)
(-0.00116910837 0.000544296156 0)
(-0.00346015244 0.00085819158 0)
(-0.00633627523 0.00101558553 0)
(-0.0094072153 0.00103129489 0)
(-0.012321015 0.000930180039 0)
(-0.0147865192 0.000738333067 0)
(-0.0165794061 0.000480250316 0)
(-0.0175425396 0.000179257172 1.08300101e-33)
(-0.0175873429 -0.000140945306 -1.08300101e-33)
(-0.0166977359 -0.000454787228 0)
(-0.0149359882 -0.000733871834 0)
(-0.0124486848 -0.000946950694 0)
(-0.00947016436 -0.00106104977 0)
(-0.00631956224 -0.00104434833 0)
(-0.00338419082 -0.000872059462 0)
(-0.00108036571 -0.000537188792 0)
(0.00020332873 -8.28040667e-05 0)
(0.000272597612 0.000264780002 0)
)
;

boundaryField
{
    walls
    {
        type            fixedValue;
        value           uniform (0 0 0);
    }
    mov_wall
    {
        type            fixedValue;
        value           uniform (1 0 0);
    }
    empty
    {
        type            empty;
    }
}


// ************************************************************************* //
