/*--------------------------------*- C++ -*----------------------------------*\
| =========                 |                                                 |
| \\      /  F ield         | OpenFOAM: The Open Source CFD Toolbox           |
|  \\    /   O peration     | Version:  5.x                                   |
|   \\  /    A nd           | Web:      www.OpenFOAM.org                      |
|    \\/     M anipulation  |                                                 |
\*---------------------------------------------------------------------------*/
FoamFile
{
    version     2.0;
    format      ascii;
    class       volScalarField;
    location    "8.3";
    object      p;
}
// * * * * * * * * * * * * * * * * * * * * * * * * * * * * * * * * * * * * * //

dimensions      [0 2 -2 0 0 0 0];

internalField   nonuniform List<scalar> 
400
(
5.69854452e-07
2.45245958
3.49432319
3.89887934
4.1066473
4.22470681
4.29429147
4.34027831
4.37633877
4.41011089
4.44675985
4.49091476
4.5476544
4.62448945
4.73479765
4.90459616
5.18237983
5.68420117
6.84131571
9.41172471
1.88670531
2.86728941
3.4198836
3.74774386
3.96518082
4.1097473
4.20767436
4.27899232
4.33674485
4.38961315
4.44424535
4.5065719
4.58333349
4.68329776
4.81972624
5.01367903
5.29402231
5.69846906
6.33841554
7.42837121
2.98207775
3.26253019
3.5423311
3.77067956
3.94570566
4.07571575
4.17322566
4.25000333
4.31527564
4.37623591
4.43892505
4.50902158
4.59257511
4.69678272
4.83085009
5.00663812
5.23632167
5.52393927
5.86049075
6.19823749
3.52778414
3.58534275
3.72178541
3.86537675
3.98906406
4.0908323
4.17461021
4.24571399
4.30952692
4.37102314
4.43477454
4.50520432
4.58678844
4.68425458
4.80245117
4.94569264
5.11574936
5.30514793
5.47833696
5.55963892
3.84421705
3.82688041
3.88517981
3.96938294
4.05221973
4.12779093
4.19566852
4.25747773
4.31592286
4.37409224
4.435065
4.50185749
4.57733106
4.66400602
4.763504
4.87551099
4.99635899
5.11480179
5.19584589
5.18371579
4.04550102
4.00365869
4.02142598
4.06784977
4.12138231
4.17574085
4.22885468
4.28053759
4.33186005
4.38449163
4.4402709
4.50096795
4.56804865
4.64232626
4.72332628
4.80836632
4.89180669
4.96267786
4.99308052
4.94680787
4.1805856
4.13383071
4.13183863
4.15536841
4.18883337
4.22706653
4.26772681
4.30987158
4.35363716
4.39973118
4.44903823
4.50233675
4.56001875
4.62172159
4.68578525
4.74862589
4.80455969
4.8446656
4.84862447
4.79367987
4.27565836
4.23084227
4.21965982
4.22967407
4.24984553
4.27635448
4.30712212
4.34098247
4.37757822
4.41699877
4.45945126
4.50499613
4.55328509
4.60324897
4.65270475
4.69801104
4.73425847
4.75484663
4.74556031
4.69204197
4.34467384
4.30373074
4.28862867
4.29082718
4.30237589
4.32057133
4.34372973
4.37070149
4.40089266
4.43401513
4.46982796
4.50791751
4.5474833
4.58710877
4.62451305
4.65641292
4.67889331
4.68733292
4.67187904
4.6232163
4.39525882
4.35850405
4.3421568
4.33995773
4.34598864
4.35836077
4.37576055
4.3971446
4.42182486
4.44929815
4.47905025
4.51038647
4.54227386
4.57319217
4.60099989
4.62292568
4.63599525
4.63709192
4.61932436
4.5763773
4.43196302
4.39925709
4.38305388
4.37850999
4.38106521
4.38939542
4.40248675
4.41942386
4.4395015
4.4621082
4.48658165
4.51208619
4.5375074
4.56136835
4.58177565
4.59648069
4.60329391
4.60017299
4.58220525
4.54489338
4.4577759
4.42889509
4.41357971
4.40794426
4.40837894
4.41394657
4.42386343
4.4373378
4.45368751
4.47226049
4.49233024
4.51301308
4.53320589
4.55155083
4.5664325
4.57606988
4.57888502
4.57357399
4.55655459
4.52447738
4.47482691
4.44957275
4.43556067
4.42961991
4.4288524
4.43259303
4.44023479
4.45109775
4.46454223
4.47991512
4.49647672
4.5133497
4.52949043
4.54368789
4.55459129
4.56081023
4.56122664
4.55503532
4.53957261
4.51225878
4.48472994
4.46295871
4.45049241
4.44475079
4.44341605
4.44602826
4.45212189
4.46111676
4.47242214
4.48540264
4.49933022
4.5133584
4.52651915
4.5377456
4.54591745
4.54995859
4.54909305
4.54285643
4.52925477
4.50627127
4.48877354
4.47040213
4.4596201
4.45439284
4.45292672
4.4549363
4.46007818
4.46786132
4.47774113
4.48910217
4.50123195
4.51331611
4.52445543
4.53370555
4.54013404
4.54291233
4.54152251
4.53574803
4.52413396
4.5051351
4.48806083
4.47305649
4.46400881
4.45945464
4.45813057
4.45992355
4.46460481
4.47176234
4.48088656
4.49136993
4.50250187
4.5134827
4.52345764
4.53157045
4.53702997
4.53919895
4.5377618
4.53270725
4.52308303
4.50782065
4.48366791
4.47200994
4.46464038
4.46076223
4.45970138
4.46153657
4.46615301
4.47320558
4.48220031
4.49251363
4.50340911
4.51406955
4.52364685
4.53132853
4.53641521
4.53841199
4.53716983
4.53287774
4.52512593
4.51341566
4.47685503
4.46838738
4.462429
4.45901539
4.45816181
4.46016965
4.46503461
4.47245702
4.48192751
4.49276994
4.50418084
4.51527984
4.52517407
4.5330385
4.53820757
4.54027778
4.53923853
4.53549798
4.52928721
4.52085572
4.46928558
4.46319405
4.45767402
4.45396778
4.45292176
4.45508896
4.46054263
4.46896801
4.4797707
4.49214864
4.50515376
4.51775802
4.52893075
4.53773391
4.54343408
4.54563053
4.54440395
4.54041569
4.53469863
4.5286656
4.46344848
4.45752271
4.45037021
4.44492674
4.44290319
4.44509523
4.45156719
4.46187249
4.47521442
4.49055075
4.50667198
4.52227567
4.53605307
4.54679906
4.5535517
4.55576503
4.55351989
4.54774902
4.54035113
4.53446174
)
;

boundaryField
{
    walls
    {
        type            zeroGradient;
    }
    mov_wall
    {
        type            zeroGradient;
    }
    empty
    {
        type            empty;
    }
}


// ************************************************************************* //
