/*--------------------------------*- C++ -*----------------------------------*\
| =========                 |                                                 |
| \\      /  F ield         | OpenFOAM: The Open Source CFD Toolbox           |
|  \\    /   O peration     | Version:  5.x                                   |
|   \\  /    A nd           | Web:      www.OpenFOAM.org                      |
|    \\/     M anipulation  |                                                 |
\*---------------------------------------------------------------------------*/
FoamFile
{
    version     2.0;
    format      ascii;
    class       surfaceScalarField;
    location    "8.3";
    object      phi;
}
// * * * * * * * * * * * * * * * * * * * * * * * * * * * * * * * * * * * * * //

dimensions      [0 3 -1 0 0 0 0];

internalField   nonuniform List<scalar> 
760
(
0.00134817679
-0.00134817707
0.00245763986
-0.00110946307
0.00313513473
-0.000677494874
0.00355971575
-0.00042458102
0.00383225133
-0.00027253558
0.00400945217
-0.000177200836
0.00412521452
-0.000115762344
0.00419921709
-7.40025707e-05
0.00424243236
-4.32152795e-05
0.00426055359
-1.81212278e-05
0.00425562236
4.93123656e-06
0.00422675779
2.88645778e-05
0.00416938941
5.73683816e-05
0.00407358505
9.58043517e-05
0.00391995094
0.000153634106
0.0036720193
0.000247931645
0.00326316023
0.00040885907
0.00257264077
0.000690519465
0.00140850173
0.00116413904
0.00140850173
-5.46951816e-05
-0.00129348188
0.000412592741
-0.00157675098
0.00103002989
-0.00129493202
0.00157871393
-0.000973265068
0.00201483274
-0.000708654393
0.00234477729
-0.000507145388
0.00258511634
-0.000356101387
0.00275126943
-0.000240155659
0.00285456781
-0.000146513656
0.00290179533
-6.53487516e-05
0.00289536661
1.1359958e-05
0.00283293037
9.13008166e-05
0.00270712575
0.00018317301
0.00250436375
0.000298566351
0.00220410989
0.000453887967
0.00178090173
0.000671139803
0.001217568
0.000972192802
0.000552812562
0.0013552749
1.30664828e-05
0.00170388512
0.00142156821
-0.000271734618
-0.00102174727
-0.00022102654
-0.00162745906
7.13678588e-05
-0.00158732641
0.000446285703
-0.00134818291
0.000812489727
-0.00107485842
0.0011292993
-0.000823954964
0.00138207834
-0.000608880423
0.0015680079
-0.000426085215
0.00168837698
-0.000266882733
0.00174468455
-0.000121656323
0.00173678977
1.92547378e-05
0.00166213442
0.000165956161
0.00151571289
0.000329594548
0.00129125424
0.000523024997
0.000985011697
0.000760130516
0.000605009654
0.00105114184
0.000189850708
0.00138735175
-0.000160045077
0.00170517069
-0.000261640628
0.00180548067
0.00115992758
-0.000227941567
-0.000793805702
-0.000361197294
-0.00149420334
-0.000308328189
-0.00164019551
-0.000134821173
-0.00152168992
8.92094191e-05
-0.00129888901
0.000314971898
-0.00104971745
0.000513263021
-0.00080717155
0.000668300033
-0.000581122225
0.000771990341
-0.000370573036
0.000820036133
-0.000169702112
0.000809727665
2.95632028e-05
0.000739201031
0.000236482792
0.00060793567
0.000460859909
0.000419110876
0.000711849797
0.000184524333
0.000994717064
-6.71911719e-05
0.00130285735
-0.000280617544
0.00160077812
-0.000369418481
0.00179397163
-0.000246993633
0.00168305583
0.000912933951
-0.000168965209
-0.000624840491
-0.000352016175
-0.00131115237
-0.000431557671
-0.00156065402
-0.000408908963
-0.00154433862
-0.000319435156
-0.00138836281
-0.000200095158
-0.00116905744
-7.98100639e-05
-0.000927456648
2.15782618e-05
-0.000682510553
9.14287052e-05
-0.000440423475
0.000122135398
-0.000200408798
0.00010975721
4.1941392e-05
5.36457245e-05
0.000292594273
-4.27490056e-05
0.000557254635
-0.000169694034
0.000838794828
-0.000307652429
0.00113267546
-0.000423468623
0.00141867354
-0.000470024869
0.00164733436
-0.000397824825
0.00172177158
-0.000196431031
0.00148166203
0.000716502925
-0.00012419213
-0.000500648355
-0.000308335634
-0.00112700887
-0.000450494099
-0.00141849556
-0.000523204013
-0.00147162871
-0.000535391047
-0.00137617577
-0.000508160801
-0.00119628769
-0.000463156869
-0.000972460582
-0.000418060927
-0.000727606501
-0.000385619006
-0.000472865397
-0.000373912061
-0.000212115737
-0.000386727916
5.47572531e-05
-0.000423459487
0.000329325844
-0.000478356366
0.000612151508
-0.000539178272
0.000899616731
-0.000585818879
0.00117931608
-0.00059051233
0.001423367
-0.000523085126
0.00157990716
-0.000366699082
0.00156538553
-0.000150585989
0.00126554894
0.000565916939
-9.45729293e-05
-0.00040607542
-0.000264649738
-0.000956932067
-0.000430738383
-0.00125240692
-0.000556976942
-0.00134539015
-0.000636793214
-0.0012963595
-0.000678141751
-0.00115493914
-0.000693943906
-0.000956658424
-0.000696929224
-0.000724621188
-0.00069727405
-0.000472520578
-0.000701661754
-0.000207728032
-0.000712860704
6.59562124e-05
-0.000729336348
0.000345801494
-0.000744753795
0.000627568952
-0.000747580297
0.000902443226
-0.000721469901
0.00115320568
-0.000647843389
0.0013497405
-0.000512876916
0.00144494069
-0.000321206274
0.00137371489
-0.000116485701
0.00106082836
0.000449431235
-7.53437363e-05
-0.000330731682
-0.000228206809
-0.000804068988
-0.000398353654
-0.00108226007
-0.000550539522
-0.00119320429
-0.000670626453
-0.00117627257
-0.000757578338
-0.00106798725
-0.000816784797
-0.000897451956
-0.000855587427
-0.000685818557
-0.000880624287
-0.000447483726
-0.000896360322
-0.000191992003
-0.000904270084
7.38659796e-05
-0.000902360302
0.000343891723
-0.000884972194
0.000610180848
-0.000843104152
0.000860575178
-0.00076582019
0.00107592171
-0.00064366474
0.00122758505
-0.00047510394
0.0012763799
-0.000276309841
0.0011749208
-9.21328566e-05
0.000876651378
0.000357298373
-6.2288313e-05
-0.000268443373
-0.000198541318
-0.000667815973
-0.000362893644
-0.000917907742
-0.000523850717
-0.00103224722
-0.000664415225
-0.00103570807
-0.000778128921
-0.000954273554
-0.000864812168
-0.0008107687
-0.000927165459
-0.000623465257
-0.000968399668
-0.000406249519
-0.000990721206
-0.000169670475
-0.000994436369
7.75811369e-05
-0.000977525737
0.000326981099
-0.000935694993
0.000568350115
-0.000863101227
0.000787981415
-0.000754123152
0.000966943628
-0.000606626309
0.0010800882
-0.000426950412
0.001096704
-0.000236038288
0.000984008681
-7.43490161e-05
0.000714962112
0.000282949354
-5.27689776e-05
-0.000215674404
-0.000173812792
-0.000546772152
-0.000327557399
-0.000764163127
-0.000486865971
-0.000872938645
-0.000634380181
-0.000888193864
-0.000760757857
-0.000827895887
-0.000862116663
-0.000709409891
-0.000937654753
-0.000547927155
-0.000987783213
-0.000356121051
-0.00101282395
-0.000144629744
-0.00101222276
7.69799357e-05
-0.000984240703
0.000298999038
-0.000926163065
0.000510272487
-0.000835158807
0.000696977168
-0.000709976081
0.000841760903
-0.000553597326
0.000923709433
-0.000376676982
0.000919783649
-0.000200960051
0.000808291751
-6.08626254e-05
0.000574864692
0.000222086732
-4.52979318e-05
-0.000170376478
-0.000152453979
-0.000439616105
-0.000293299615
-0.000623317484
-0.000444763098
-0.000721475154
-0.000590345834
-0.000742611128
-0.000719473352
-0.000698768377
-0.00082604635
-0.000602836902
-0.000906878213
-0.000467095286
-0.000960347571
-0.00030265168
-0.000985403138
-0.00011957417
-0.000980963149
7.25399391e-05
-0.000945732112
0.000263767989
-0.000878480036
0.000443020409
-0.00077885506
0.000597352202
-0.000648784046
0.0007116899
-0.000494403542
0.00076932893
-0.000328204152
0.000753584253
-0.00017067837
0.000650765964
-5.02806605e-05
0.000454466982
0.000171806077
-3.90621777e-05
-0.000131314299
-0.000133403803
-0.000345274488
-0.000260349975
-0.000496371311
-0.00040038897
-0.00058143615
-0.000538431187
-0.000604568902
-0.000663692774
-0.000573506793
-0.000768938046
-0.00049759164
-0.000849523085
-0.000386510253
-0.000902500939
-0.000249673819
-0.000925934091
-9.61410037e-05
-0.000918488865
6.50947179e-05
-0.000879356188
0.000224635304
-0.000808535336
0.000372199547
-0.000707505276
0.000496322141
-0.000580261693
0.000584446326
-0.000434588333
0.000623655579
-0.000283248287
0.000602244208
-0.000144573363
0.000512091035
-4.17551899e-05
0.000351648804
0.00013005089
-3.36094003e-05
-9.77048899e-05
-0.000115973502
-0.000262910396
-0.000228685891
-0.000383658928
-0.000355331149
-0.00045479089
-0.000482448489
-0.000477451551
-0.000599656638
-0.000456298636
-0.000699324723
-0.00039792356
-0.000776050479
-0.000309784509
-0.000826127634
-0.000199596669
-0.000847124139
-7.51444895e-05
-0.000837646082
5.56166747e-05
-0.000797332194
0.000184321419
-0.000727102523
0.000301969867
-0.000629656434
0.000398876042
-0.000510163477
0.00046495337
-0.000377005142
0.000490497252
-0.000242314862
0.000467553935
-0.000121978231
0.000391754404
-3.4733217e-05
0.000264403786
9.53176722e-05
-2.86574856e-05
-6.90473933e-05
-9.96602228e-05
-0.000191907662
-0.000198117007
-0.000285202152
-0.000310357567
-0.000342550335
-0.00042461607
-0.000363193044
-0.000531265887
-0.000349648807
-0.000622765442
-0.000306423998
-0.000693446622
-0.000239103335
-0.000739258812
-0.000153784491
-0.00075755804
-5.68452647e-05
-0.000747003452
4.50620963e-05
-0.000707597931
0.000144915911
-0.000640884389
0.000235256327
-0.000550277059
0.000308268704
-0.000441462349
0.000356138652
-0.000322745861
0.000371780764
-0.000205166585
0.000349974666
-0.000102185439
0.000288773264
-2.8802415e-05
0.000191020764
6.65152536e-05
-2.39812103e-05
-4.5066178e-05
-8.39974324e-05
-0.000131891433
-0.000168257092
-0.000200942494
-0.00026559549
-0.000245211945
-0.000365935598
-0.000262852941
-0.000460594501
-0.000254989899
-0.000542423529
-0.000224594958
-0.000605821307
-0.000175705552
-0.000646681721
-0.000112924084
-0.000662339383
-4.11876148e-05
-0.000651561336
3.42840474e-05
-0.000614612944
0.000107967529
-0.000553400631
0.000174044025
-0.000471663887
0.000226531962
-0.000375153999
0.000259628758
-0.000271701954
0.000268328712
-0.00017105886
0.000249331573
-8.44170692e-05
0.000202131478
-2.35998631e-05
0.000130203562
4.29153886e-05
-1.93492322e-05
-2.57169501e-05
-6.84700346e-05
-8.27706201e-05
-0.000138506748
-0.000130905776
-0.00022063807
-0.000163080626
-0.000306428412
-0.000177062607
-0.000388228761
-0.000173189554
-0.000459474178
-0.000153349534
-0.000514859803
-0.000120319915
-0.000550429781
-7.73541012e-05
-0.000563627556
-2.79898469e-05
-0.000553348426
2.40049076e-05
-0.000520016436
7.46355369e-05
-0.000465682615
0.000119710213
-0.000394114909
0.000154964265
-0.000310822979
0.00017633683
-0.000222941261
0.000180446989
-0.000138894622
0.00016528493
-6.78135191e-05
0.000131050376
-1.87621128e-05
8.115216e-05
2.4153277e-05
-1.45055383e-05
-1.12114214e-05
-5.25211129e-05
-4.47550381e-05
-0.000108122812
-7.53040694e-05
-0.000174687789
-9.65156443e-05
-0.000245343235
-0.000106407164
-0.000313520818
-0.00010501198
-0.000373387906
-9.34824492e-05
-0.000420129428
-7.35783854e-05
-0.00045011607
-4.73674493e-05
-0.000461009075
-1.70968382e-05
-0.000451841628
1.4837455e-05
-0.000423096906
4.58908072e-05
-0.000376775973
7.33892786e-05
-0.000316426454
9.46147514e-05
-0.000247079547
0.000106989931
-0.000175030349
0.000108397793
-0.000107403059
9.76576371e-05
-5.14858465e-05
7.51331611e-05
-1.39146233e-05
4.3580937e-05
1.02386561e-05
-9.20280494e-06
-2.00862395e-06
-3.5684744e-05
-1.82730975e-05
-7.64355315e-05
-3.45532781e-05
-0.000126811023
-4.61401459e-05
-0.000181408064
-5.18101193e-05
-0.000234817144
-5.16029038e-05
-0.000282132229
-4.61673719e-05
-0.000319263544
-3.64470724e-05
-0.000343116514
-2.35144734e-05
-0.000351700041
-8.51330153e-06
-0.000344207011
7.34442811e-06
-0.000321084427
2.2768218e-05
-0.00028408616
3.63910058e-05
-0.000236279537
4.68081275e-05
-0.000181958575
5.26689738e-05
-0.000126403745
5.28429671e-05
-7.54285386e-05
4.66824322e-05
-3.46816268e-05
3.43862481e-05
-8.71390967e-06
1.76132182e-05
1.52474764e-06
-3.43752479e-06
1.42890004e-06
-1.80438779e-05
-3.66674472e-06
-4.34060417e-05
-9.19111424e-06
-7.64336714e-05
-1.31125111e-05
-0.000113187157
-1.5056626e-05
-0.000149665111
-1.51249459e-05
-0.000182251543
-1.35809448e-05
-0.000207952848
-1.07457752e-05
-0.000224514097
-6.95322545e-06
-0.000230484761
-2.54263104e-06
-0.000225272643
2.13231807e-06
-0.000209197078
6.69265495e-06
-0.000183535355
1.07292789e-05
-0.000150536811
1.38095785e-05
-0.000113368295
1.55004574e-05
-7.59397597e-05
1.54144357e-05
-4.25472208e-05
1.32898972e-05
-1.7276736e-05
9.1157647e-06
-3.10385775e-06
3.4403392e-06
-1.57911032e-06
1.42890475e-06
-2.23784109e-06
-1.1428961e-05
-2.45414774e-05
-3.95981028e-05
-5.47230422e-05
-6.83039808e-05
-7.90497561e-05
-8.60029871e-05
-8.85456229e-05
-8.64133041e-05
-7.9720644e-05
-6.89913608e-05
-5.51817819e-05
-3.9681327e-05
-2.42668933e-05
-1.09769961e-05
-1.86122997e-06
1.57911034e-06
)
;

boundaryField
{
    walls
    {
        type            calculated;
        value           uniform 0;
    }
    mov_wall
    {
        type            calculated;
        value           uniform 0;
    }
    empty
    {
        type            empty;
        value           nonuniform 0();
    }
}


// ************************************************************************* //
