/*--------------------------------*- C++ -*----------------------------------*\
| =========                 |                                                 |
| \\      /  F ield         | OpenFOAM: The Open Source CFD Toolbox           |
|  \\    /   O peration     | Version:  5.x                                   |
|   \\  /    A nd           | Web:      www.OpenFOAM.org                      |
|    \\/     M anipulation  |                                                 |
\*---------------------------------------------------------------------------*/
FoamFile
{
    version     2.0;
    format      ascii;
    class       volVectorField;
    location    "8.3";
    object      U;
}
// * * * * * * * * * * * * * * * * * * * * * * * * * * * * * * * * * * * * * //

dimensions      [0 1 -1 0 0 0 0];

internalField   nonuniform List<vector> 
400
(
(0.29169842 0.149643821 0)
(0.388187164 0.128007695 0)
(0.557616068 0.0757318271 0)
(0.674785701 0.0433044386 0)
(0.743766594 0.0251591049 0)
(0.787075022 0.0148802971 0)
(0.815462958 0.00893092145 0)
(0.833939561 0.00530992817 0)
(0.845365463 0.00289956166 0)
(0.851349264 0.00108485297 2.66526759e-34)
(0.852640748 -0.000502853132 -2.66526759e-34)
(0.849354292 -0.00216072058 0)
(0.840973371 -0.00421710575 0)
(0.826113774 -0.00722098576 0)
(0.802020426 -0.012236501 0)
(0.763538945 -0.0213892102 0)
(0.699488891 -0.0388386154 0)
(0.584557335 -0.0722732747 0)
(0.407900535 -0.128436308 0)
(0.300688068 -0.152947536 0)
(0.00120418072 0.287432405 0)
(0.0133209576 0.293872124 0)
(0.140044442 0.209904854 0)
(0.264971588 0.142986163 0)
(0.36417774 0.0968019848 0)
(0.440120064 0.0654411218 0)
(0.496541038 0.0439762516 0)
(0.536691067 0.0287011564 0)
(0.563274466 0.0170798543 0)
(0.578137343 0.00742308672 0)
(0.582210286 -0.00150101248 0)
(0.575515252 -0.0107977551 0)
(0.557109248 -0.0217346526 0)
(0.524912995 -0.0361396918 0)
(0.475518408 -0.056963497 0)
(0.404326004 -0.0889771521 0)
(0.305687293 -0.139150756 0)
(0.17449779 -0.215275202 0)
(0.0341065839 -0.310801155 0)
(0.0108691561 -0.305909063 0)
(-0.0321467638 0.241773921 0)
(-0.0634303671 0.333547158 0)
(-0.0219362043 0.299502489 0)
(0.0505996263 0.240051665 0)
(0.127397383 0.183020807 0)
(0.19681861 0.135454524 0)
(0.254167103 0.0974523423 0)
(0.2980883 0.0668891704 0)
(0.328665676 0.0413758236 0)
(0.346307826 0.0187814604 -2.35796979e-33)
(0.351211314 -0.0028094918 2.35796979e-33)
(0.343126749 -0.0252950466 0)
(0.321277579 -0.0508299476 0)
(0.2844329 -0.0820948309 0)
(0.231328818 -0.122479774 0)
(0.161916762 -0.17565804 0)
(0.0798350198 -0.243208457 0)
(-0.00333734276 -0.317981961 0)
(-0.0578531344 -0.366363502 0)
(-0.0313893206 -0.270690675 0)
(-0.0261204154 0.182361574 0)
(-0.0666192785 0.316884133 0)
(-0.0735377835 0.330901738 0)
(-0.0481307203 0.295352909 0)
(-0.0056721747 0.244253506 0)
(0.0411124768 0.192431741 0)
(0.0845451082 0.145095039 0)
(0.12042433 0.103006629 0)
(0.146585245 0.0651543625 0)
(0.161925479 0.0298884062 2.3554652e-33)
(0.165812819 -0.00469432259 -2.3554652e-33)
(0.157798802 -0.040669619 0)
(0.137586498 -0.0803027386 0)
(0.10528521 -0.12597958 0)
(0.0620900266 -0.179774808 0)
(0.0116092693 -0.242029717 0)
(-0.0380283784 -0.307764354 0)
(-0.0720490946 -0.359579369 0)
(-0.0711639184 -0.355585637 0)
(-0.0287210567 -0.209178581 0)
(-0.0176296828 0.140767915 0)
(-0.0549165454 0.281827202 0)
(-0.0828629962 0.324484359 0)
(-0.088076226 0.312396799 0)
(-0.0751196906 0.274441981 0)
(-0.0526276258 0.226778429 0)
(-0.0275118485 0.177302818 0)
(-0.00458009305 0.129145425 0)
(0.0130234876 0.0829123605 0)
(0.0233567948 0.0379330311 -2.94545481e-34)
(0.0253097466 -0.00710139536 2.94545481e-34)
(0.0184152075 -0.0537995224 0)
(0.00288698417 -0.103801261 0)
(-0.0200872027 -0.158367938 0)
(-0.0477707946 -0.217530723 0)
(-0.0750614581 -0.278347554 0)
(-0.0936267077 -0.331694802 0)
(-0.0922270555 -0.357398868 0)
(-0.0635074677 -0.31887989 0)
(-0.0207312599 -0.162076725 0)
(-0.0116542792 0.111592251 0)
(-0.0431521992 0.243765267 0)
(-0.0782839967 0.299859402 0)
(-0.100579262 0.305000829 0)
(-0.108310591 0.280421265 0)
(-0.105716506 0.240369183 0)
(-0.097536172 0.193277769 0)
(-0.0877934474 0.143545371 0)
(-0.0795351924 0.0930260742 0)
(-0.0748272194 0.0420752312 0)
(-0.0748481339 -0.0097592584 0)
(-0.0799345781 -0.0632506191 0)
(-0.0895000217 -0.119033274 0)
(-0.101812876 -0.176993444 0)
(-0.113690951 -0.235297921 0)
(-0.120284782 -0.288849073 0)
(-0.115237023 -0.327084783 0)
(-0.0922711129 -0.331566551 0)
(-0.0521876272 -0.275119691 0)
(-0.0142847857 -0.127260099 0)
(-0.00803185578 0.0899680191 0)
(-0.0343052817 0.207876697 0)
(-0.0703686586 0.267741357 0)
(-0.100959317 0.283509146 0)
(-0.121509111 0.26975378 0)
(-0.133061965 0.237807847 0)
(-0.138135836 0.195384125 0)
(-0.139450241 0.147216492 0)
(-0.139365665 0.095890682 0)
(-0.139599233 0.0425957577 0)
(-0.141114115 -0.0122625682 0)
(-0.144054664 -0.0685401664 0)
(-0.147657207 -0.125824595 0)
(-0.1501406 -0.182787206 0)
(-0.148667742 -0.236314556 0)
(-0.139565529 -0.280390168 0)
(-0.119015754 -0.304900547 0)
(-0.0848747398 -0.294957285 0)
(-0.042204645 -0.232154476 0)
(-0.0100065905 -0.100709815 0)
(-0.00589819027 0.0731569041 0)
(-0.0280514392 0.175459928 0)
(-0.0624620755 0.23345497 0)
(-0.0961931097 0.254650691 0)
(-0.12378429 0.248662374 0)
(-0.144336449 0.223978321 0)
(-0.158622039 0.187072458 0)
(-0.168069545 0.142434107 0)
(-0.174171008 0.0929433392 0)
(-0.178091651 0.0403533006 0)
(-0.180456262 -0.0142245252 0)
(-0.181230008 -0.0698446782 0)
(-0.179647303 -0.125225754 0)
(-0.174205195 -0.178177561 0)
(-0.162809069 -0.224940954 0)
(-0.143212558 -0.259512836 0)
(-0.113841639 -0.273201304 0)
(-0.0753166179 -0.254896364 0)
(-0.0343188968 -0.192925777 0)
(-0.00728498467 -0.0799917707 0)
(-0.00459312334 0.0595160144 0)
(-0.0235441696 0.146542618 0)
(-0.0553429901 0.199662156 0)
(-0.0893196712 0.222701634 0)
(-0.120051817 0.221819415 0)
(-0.145609092 0.203131829 0)
(-0.165570652 0.171796549 0)
(-0.180317099 0.131775629 0)
(-0.190531073 0.0859405098 0)
(-0.196813732 0.036351008 2.97711424e-34)
(-0.1994489 -0.0153915458 -2.97711424e-34)
(-0.198275633 -0.0677566443 0)
(-0.192646155 -0.118867798 0)
(-0.18148935 -0.166059308 0)
(-0.163546087 -0.20544087 0)
(-0.137858729 -0.231577792 0)
(-0.104503396 -0.237504908 0)
(-0.065663727 -0.215386226 0)
(-0.0281737977 -0.158249843 0)
(-0.00551068984 -0.0634668203 0)
(-0.00373314404 0.0480883401 0)
(-0.020121235 0.120839397 0)
(-0.0490153882 0.167676442 0)
(-0.0816389776 0.1902875 0)
(-0.112989447 0.19248765 0)
(-0.14068056 0.17855713 4.67987933e-33)
(-0.163557393 0.152465448 0)
(-0.181246282 0.117554995 0)
(-0.193784173 0.076504742 -4.74063716e-33)
(-0.201296969 0.0314709947 2.26591726e-36)
(-0.203789195 -0.0156743963 4.98648578e-36)
(-0.201035368 -0.0630555972 0)
(-0.192565932 -0.108481585 0)
(-0.177765513 -0.149141429 0)
(-0.156124906 -0.181360927 0)
(-0.127679782 -0.200524262 0)
(-0.0935645704 -0.201318537 0)
(-0.0566770452 -0.178463973 0)
(-0.0233146666 -0.128090141 0)
(-0.00429570485 -0.0500435343 0)
(-0.00311504119 0.038330634 0)
(-0.0173631173 0.0980508506 0)
(-0.0433176202 0.138129965 0)
(-0.0737180747 0.158979199 0)
(-0.104104451 0.162838224 0)
(-0.131970532 0.152618179 -4.67987933e-33)
(-0.155761614 0.131295701 0)
(-0.174612861 0.101603274 0)
(-0.188100218 0.0659289913 4.74063716e-33)
(-0.195997418 0.0263693613 1.49106818e-33)
(-0.198111611 -0.0151233192 -1.49832058e-33)
(-0.19420401 -0.0565442455 0)
(-0.18399656 -0.0956260406 0)
(-0.167277173 -0.129654845 0)
(-0.144124393 -0.155368917 0)
(-0.115252463 -0.169022498 0)
(-0.0823814079 -0.16671389 0)
(-0.0485941039 -0.145040226 0)
(-0.0193975966 -0.102103348 0)
(-0.00342090967 -0.0390050015 0)
(-0.00263393561 0.0299262658 0)
(-0.015022624 0.0779301288 0)
(-0.0380974224 0.11131111 0)
(-0.0658175681 0.129695793 0)
(-0.0942794736 0.134263878 0)
(-0.121044026 0.126925343 0)
(-0.144383608 0.109860568 0)
(-0.163148984 0.0852480435 0)
(-0.176619508 0.0551416352 0)
(-0.184335474 0.0214703137 2.997426e-34)
(-0.185982936 -0.0138813648 -2.99742599e-34)
(-0.181343674 -0.0489515416 0)
(-0.170313963 -0.081574558 0)
(-0.152999252 -0.109289272 0)
(-0.129891605 -0.129330739 0)
(-0.102114501 -0.138764248 0)
(-0.0716393805 -0.13481614 0)
(-0.041436595 -0.115407289 0)
(-0.0161843496 -0.0798582226 0)
(-0.00276403346 -0.0298606593 0)
(-0.00223473569 0.0226800249 0)
(-0.012954126 0.0602838582 0)
(-0.0332381489 0.0873308364 0)
(-0.0580555291 0.1029545 0)
(-0.0840353811 0.107621821 0)
(-0.108906084 0.102520709 0)
(-0.13091408 0.0892086499 0)
(-0.148775832 0.069381865 0)
(-0.16160355 0.0447501616 0)
(-0.168801289 0.017006731 3.00137185e-34)
(-0.169993545 -0.0121372154 -3.00137185e-34)
(-0.164999671 -0.040886181 0)
(-0.153857534 -0.0672953775 0)
(-0.13689908 -0.0892417085 0)
(-0.114876636 -0.104468705 0)
(-0.0891189081 -0.110744421 0)
(-0.061632844 -0.106158118 0)
(-0.0351269749 -0.0895353374 0)
(-0.0135037427 -0.0609264425 0)
(-0.00225327248 -0.022257827 0)
(-0.00188545571 0.0164662555 0)
(-0.0110624838 0.0449645394 0)
(-0.0286411427 0.0662105063 0)
(-0.0504611293 0.0790278187 0)
(-0.0736531644 0.0834123305 0)
(-0.0961641797 0.0800414889 0)
(-0.116305917 0.0699953592 0)
(-0.13276334 0.054561088 0)
(-0.144575601 0.0351143614 0)
(-0.151082435 0.0130747321 0)
(-0.151887893 -0.0100881562 0)
(-0.146853003 -0.0328250793 0)
(-0.136119503 -0.053482355 0)
(-0.120164254 -0.0703098564 0)
(-0.0998793393 -0.0815299518 0)
(-0.0766571209 -0.0854921398 0)
(-0.0524122112 -0.0809235409 0)
(-0.0295300338 -0.067246952 0)
(-0.0112185726 -0.0449266644 0)
(-0.00184129731 -0.0159381048 0)
(-0.00156251797 0.0112077482 0)
(-0.00926988034 0.0318705363 0)
(-0.0242025201 0.0479368757 0)
(-0.0429884456 0.0580490717 0)
(-0.0632319156 0.0619115004 0)
(-0.0831208709 0.0598559178 0)
(-0.101086248 0.0526055544 0)
(-0.115849131 0.0411071737 0)
(-0.126440927 0.0264236338 0)
(-0.13218724 0.0096856067 0)
(-0.132697634 -0.00791671669 0)
(-0.127870718 -0.0251250514 0)
(-0.117915457 -0.040610274 0)
(-0.103386532 -0.0529974527 0)
(-0.085227252 -0.0609387003 0)
(-0.0648019883 -0.0632496914 0)
(-0.0438652633 -0.0591133872 0)
(-0.0244675012 -0.0483249913 0)
(-0.00920309284 -0.0315520072 0)
(-0.00149088362 -0.0107193779 0)
(-0.00124269214 0.00687236669 0)
(-0.00749726463 0.0209539383 0)
(-0.0197996772 0.0325014307 0)
(-0.0355241958 0.0400873005 0)
(-0.0527239647 0.0432717631 0)
(-0.0698331065 0.0421741828 0)
(-0.0854326592 0.0372606181 0)
(-0.0983251708 0.0291991484 0)
(-0.107580785 0.0187673605 0)
(-0.112546721 0.00680864489 0)
(-0.112854336 -0.0057801114 0)
(-0.108431631 -0.0180487586 0)
(-0.0995214493 -0.0289997741 0)
(-0.0867021665 -0.0376160644 0)
(-0.0709039767 -0.0429246739 0)
(-0.0534054928 -0.0441071881 0)
(-0.0357703085 -0.0406592892 0)
(-0.0197281045 -0.0325810804 0)
(-0.00733072849 -0.0205903319 0)
(-0.00116697596 -0.00649226825 0)
(-0.000899883021 0.00347704256 0)
(-0.00566093252 0.0122244281 0)
(-0.0152978478 0.0199179409 0)
(-0.0279091946 0.0251886545 0)
(-0.041970837 0.0275859305 0)
(-0.0561592821 0.0271262704 0)
(-0.0692274829 0.0240986726 0)
(-0.0800968188 0.0189454316 0)
(-0.0879159921 0.012189593 0)
(-0.0920844189 0.00440206601 0)
(-0.0922681503 -0.00380767674 0)
(-0.0884155137 -0.0117927659 0)
(-0.0807724919 -0.0188748771 0)
(-0.0698942048 -0.0243659741 0)
(-0.0566454533 -0.0276151925 0)
(-0.0421770496 -0.0280887044 0)
(-0.0278468987 -0.0254864179 0)
(-0.015088733 -0.0198866112 0)
(-0.00547449472 -0.011931357 0)
(-0.000833547423 -0.00322197489 0)
(-0.000507508146 0.00108920807 0)
(-0.00368889283 0.00574013964 0)
(-0.0105872262 0.0102223806 0)
(-0.0199879399 0.0134022145 0)
(-0.0307552958 0.0149400964 0)
(-0.0418076564 0.0148327196 0)
(-0.0521004761 0.0132501841 0)
(-0.0607205948 0.0104516789 0)
(-0.066942584 0.00673881572 0)
(-0.0702538289 0.0024372833 0)
(-0.0703711869 -0.00210635109 0)
(-0.0672558399 -0.00652338702 0)
(-0.0611263915 -0.010425254 0)
(-0.0524664977 -0.0134154708 0)
(-0.0420201072 -0.0151167124 0)
(-0.0307626613 -0.015218351 0)
(-0.0198243279 -0.013549405 0)
(-0.0103615209 -0.0101761657 0)
(-0.00352670152 -0.00555507446 0)
(-0.000456470461 -0.00094596622 0)
(-6.44912417e-05 -0.000176240645 0)
(-0.00159898916 0.00163661705 0)
(-0.00569518883 0.00359860136 0)
(-0.0117199322 0.0050106787 0)
(-0.0188880502 0.00571684652 0)
(-0.0263913887 0.00573382932 0)
(-0.0334549881 0.00514772227 0)
(-0.0394085021 0.0040732682 0)
(-0.0437225495 0.00263489145 0)
(-0.0460238851 0.000961861466 0)
(-0.0461058236 -0.000810104713 0)
(-0.0439388709 -0.00253598918 0)
(-0.039681383 -0.00406056215 0)
(-0.0336869563 -0.00522175572 0)
(-0.0265027367 -0.00586030544 0)
(-0.0188496254 -0.00583829655 0)
(-0.0115675423 -0.0050703943 0)
(-0.00551559548 -0.0035709535 0)
(-0.00148203456 -0.00155258668 0)
(-3.10932181e-05 0.000233977766 0)
(0.00026139576 -0.000255577669 0)
(0.000151440372 0.000102073164 0)
(-0.0011749533 0.00054741532 0)
(-0.00348063271 0.000863515936 0)
(-0.00637558411 0.00102207788 0)
(-0.0094668731 0.00103797715 0)
(-0.0124000356 0.000936218547 0)
(-0.0148817767 0.000743062007 0)
(-0.0166861007 0.000483180375 0)
(-0.0176547265 0.000180087933 1.08300129e-33)
(-0.0176985211 -0.000142308482 -1.08300129e-33)
(-0.016801486 -0.000458218582 0)
(-0.0150266286 -0.000739019139 0)
(-0.0125219002 -0.000953244517 0)
(-0.00952354885 -0.00106773216 0)
(-0.00635302389 -0.00105052582 0)
(-0.00340014956 -0.000876787975 0)
(-0.00108361502 -0.000539616013 0)
(0.000206111124 -8.25143489e-05 0)
(0.000274563815 0.000266745643 0)
)
;

boundaryField
{
    walls
    {
        type            fixedValue;
        value           uniform (0 0 0);
    }
    mov_wall
    {
        type            fixedValue;
        value           uniform (1 0 0);
    }
    empty
    {
        type            empty;
    }
}


// ************************************************************************* //
