/*--------------------------------*- C++ -*----------------------------------*\
| =========                 |                                                 |
| \\      /  F ield         | OpenFOAM: The Open Source CFD Toolbox           |
|  \\    /   O peration     | Version:  5.x                                   |
|   \\  /    A nd           | Web:      www.OpenFOAM.org                      |
|    \\/     M anipulation  |                                                 |
\*---------------------------------------------------------------------------*/
FoamFile
{
    version     2.0;
    format      ascii;
    class       volScalarField;
    location    "7.4";
    object      p;
}
// * * * * * * * * * * * * * * * * * * * * * * * * * * * * * * * * * * * * * //

dimensions      [0 2 -2 0 0 0 0];

internalField   nonuniform List<scalar> 
400
(
8.31786878e-07
2.45245997
3.49432361
3.89887976
4.1066477
4.22470719
4.29429185
4.34027872
4.37633921
4.41011131
4.44676024
4.49091514
4.54765481
4.62448989
4.73479808
4.90459655
5.1823802
5.68420158
6.84131617
9.4117252
1.88670568
2.86728979
3.419884
3.74774429
3.96518125
4.1097477
4.20767474
4.2789927
4.33674527
4.38961359
4.44424577
4.50657228
4.58333387
4.68329817
4.81972669
5.01367945
5.29402268
5.69846942
6.33841594
7.42837166
2.98207816
3.26253057
3.54233148
3.77067997
3.9457061
4.07571618
4.17322605
4.2500037
4.31527603
4.37623635
4.43892549
4.50902198
4.59257548
4.69678311
4.83085053
5.00663858
5.23632209
5.52393963
5.86049112
6.1982379
3.52778456
3.58534315
3.72178578
3.86537714
3.98906448
4.09083275
4.17461063
4.24571437
4.30952728
4.37102355
4.434775
4.50520475
4.58678882
4.68425494
4.80245157
4.9456931
5.11574981
5.30514833
5.47833732
5.55963929
3.84421748
3.82688083
3.88518019
3.96938331
4.05222012
4.12779137
4.19566897
4.25747813
4.31592322
4.37409261
4.43506544
4.50185795
4.57733148
4.66400637
4.76350436
4.87551141
4.99635945
5.11480224
5.19584629
5.18371615
4.04550144
4.00365913
4.02142639
4.06785014
4.12138267
4.17574126
4.22885514
4.28053804
4.33186043
4.38449197
4.44027129
4.50096841
4.56804912
4.64232665
4.72332662
4.80836668
4.89180712
4.96267832
4.99308096
4.94680825
4.18058599
4.13383115
4.13183908
4.15536881
4.18883372
4.2270669
4.26772725
4.30987206
4.35363759
4.39973153
4.44903857
4.50233717
4.56001923
4.62172205
4.68578562
4.74862622
4.80456006
4.84466604
4.84862492
4.7936803
4.27565872
4.23084269
4.21966028
4.22967451
4.24984591
4.27635482
4.30712249
4.34098293
4.3775787
4.41699918
4.45945158
4.50499647
4.55328553
4.60324947
4.6527052
4.69801141
4.73425881
4.75484701
4.74556074
4.69204243
4.3446742
4.30373111
4.2886291
4.29082766
4.30237633
4.32057169
4.34373006
4.37070189
4.40089315
4.43401561
4.46982835
4.50791782
4.54748365
4.58710923
4.62451355
4.65641337
4.67889367
4.68733326
4.67187942
4.62321673
4.39525921
4.3585044
4.34215718
4.33995818
4.34598913
4.35836119
4.37576088
4.39714492
4.42182528
4.44929866
4.47905073
4.51038683
4.54227417
4.57319253
4.60100036
4.62292617
4.63599569
4.6370923
4.61932472
4.57637769
4.43196347
4.39925745
4.38305422
4.37851038
4.38106569
4.38939591
4.40248715
4.41942417
4.43950183
4.46210865
4.48658217
4.51208665
4.53750775
4.56136866
4.58177602
4.59648114
4.60329439
4.60017342
4.58220563
4.54489375
4.45777638
4.42889551
4.41358005
4.40794459
4.40837935
4.41394708
4.42386392
4.43733817
4.45368781
4.47226083
4.49233071
4.5130136
4.53320634
4.55155118
4.56643281
4.57607025
4.57888547
4.57357446
4.55655502
4.52447777
4.47482737
4.44957322
4.43556107
4.42962023
4.42885273
4.43259347
4.44023531
4.45109823
4.46454259
4.47991541
4.49647708
4.51335017
4.52949094
4.54368834
4.55459164
4.56081056
4.56122702
4.55503576
4.53957306
4.5122592
4.48473034
4.46295919
4.45049289
4.44475117
4.44341636
4.44602859
4.45212234
4.46111728
4.47242261
4.48540298
4.49933052
4.51335876
4.52651962
4.5377461
4.54591788
4.54995896
4.54909339
4.54285681
4.52925519
4.50627171
4.48877387
4.47040256
4.4596206
4.45439331
4.45292708
4.4549366
4.46007853
4.46786178
4.47774165
4.48910262
4.50123229
4.51331642
4.5244558
4.53370601
4.54013453
4.54291277
4.54152289
4.53574839
4.52413435
4.50513553
4.48806115
4.47305685
4.46400927
4.45945515
4.45813103
4.45992391
4.46460511
4.4717627
4.48088702
4.49137044
4.50250231
4.51348305
4.52345797
4.53157083
4.53703042
4.53919942
4.53776223
4.53270764
4.52308341
4.50782105
4.48366828
4.47201026
4.46464075
4.46076269
4.45970188
4.46153702
4.46615336
4.4732059
4.48220068
4.49251409
4.5034096
4.51406998
4.52364721
4.53132887
4.5364156
4.53841243
4.53717028
4.53287816
4.52512633
4.51341605
4.47685548
4.46838773
4.46242932
4.45901577
4.45816227
4.46017015
4.46503505
4.47245737
4.48192784
4.49277032
4.5041813
4.51528031
4.5251745
4.53303887
4.53820794
4.54027817
4.53923895
4.53549841
4.52928763
4.52085612
4.46928609
4.46319447
4.45767437
4.45396811
4.45292214
4.45508941
4.4605431
4.46896844
4.47977107
4.492149
4.50515415
4.51775846
4.5289312
4.53773433
4.54343447
4.54563091
4.54440434
4.54041611
4.53469904
4.528666
4.46344902
4.45752321
4.45037064
4.4449271
4.44290353
4.44509561
4.45156763
4.46187296
4.47521484
4.49055112
4.50667234
4.52227606
4.53605349
4.54679951
4.55355213
4.55576543
4.55352028
4.54774942
4.54035154
4.53446215
)
;

boundaryField
{
    walls
    {
        type            zeroGradient;
    }
    mov_wall
    {
        type            zeroGradient;
    }
    empty
    {
        type            empty;
    }
}


// ************************************************************************* //
