/*--------------------------------*- C++ -*----------------------------------*\
| =========                 |                                                 |
| \\      /  F ield         | OpenFOAM: The Open Source CFD Toolbox           |
|  \\    /   O peration     | Version:  5.x                                   |
|   \\  /    A nd           | Web:      www.OpenFOAM.org                      |
|    \\/     M anipulation  |                                                 |
\*---------------------------------------------------------------------------*/
FoamFile
{
    version     2.0;
    format      ascii;
    class       surfaceScalarField;
    location    "7.4";
    object      phi;
}
// * * * * * * * * * * * * * * * * * * * * * * * * * * * * * * * * * * * * * //

dimensions      [0 3 -1 0 0 0 0];

internalField   nonuniform List<scalar> 
760
(
0.00134817673
-0.00134817713
0.00245763983
-0.00110946309
0.00313513472
-0.000677494889
0.00355971575
-0.000424581035
0.00383225133
-0.000272535591
0.00400945216
-0.000177200837
0.00412521451
-0.000115762336
0.00419921709
-7.40025635e-05
0.00424243237
-4.32152823e-05
0.0042605536
-1.81212378e-05
0.00425562235
4.93123229e-06
0.00422675777
2.88645848e-05
0.0041693894
5.73683921e-05
0.00407358506
9.58043518e-05
0.00391995095
0.000153634095
0.00367201929
0.000247931635
0.00326316022
0.000408859077
0.00257264075
0.000690519485
0.00140850173
0.00116413906
0.00140850174
-5.46952157e-05
-0.00129348192
0.000412592702
-0.00157675101
0.00103002986
-0.00129493203
0.00157871392
-0.000973265084
0.00201483274
-0.00070865441
0.00234477728
-0.000507145398
0.00258511632
-0.000356101385
0.00275126942
-0.000240155651
0.00285456781
-0.000146513654
0.00290179534
-6.53487602e-05
0.00289536661
1.1359948e-05
0.00283293036
9.13008173e-05
0.00270712573
0.000183173021
0.00250436375
0.000298566359
0.0022041099
0.000453887961
0.00178090174
0.000671139789
0.00121756799
0.000972192793
0.000552812545
0.00135527491
1.30664658e-05
0.00170388513
0.00142156822
-0.00027173463
-0.00102174729
-0.000221026568
-0.00162745908
7.13678303e-05
-0.00158732642
0.000446285686
-0.00134818292
0.000812489722
-0.00107485844
0.0011292993
-0.000823954981
0.00138207832
-0.000608880431
0.00156800787
-0.00042608521
0.00168837697
-0.000266882726
0.00174468456
-0.000121656326
0.00173678978
1.92547256e-05
0.00166213442
0.000165956153
0.00151571287
0.000329594554
0.00129125423
0.000523025011
0.000985011701
0.000760130521
0.000605009671
0.00105114183
0.000189850717
0.00138735173
-0.000160045087
0.00170517068
-0.000261640647
0.00180548068
0.00115992759
-0.000227941566
-0.000793805716
-0.000361197309
-0.00149420336
-0.000308328215
-0.00164019552
-0.000134821196
-0.00152168993
8.92094109e-05
-0.00129888902
0.000314971899
-0.00104971746
0.000513263015
-0.000807171567
0.000668300011
-0.000581122229
0.000771990317
-0.000370573027
0.000820036126
-0.000169702106
0.000809727677
2.95631945e-05
0.000739201038
0.000236482776
0.000607935658
0.000460859903
0.000419110853
0.000711849807
0.000184524322
0.000994717078
-6.71911613e-05
0.00130285735
-0.000280617528
0.0016007781
-0.000369418478
0.00179397161
-0.000246993646
0.00168305583
0.00091293396
-0.000168965202
-0.000624840498
-0.000352016177
-0.00131115239
-0.000431557688
-0.00156065403
-0.000408908989
-0.00154433863
-0.000319435172
-0.00138836281
-0.000200095157
-0.00116905745
-7.98100588e-05
-0.000927456669
2.15782514e-05
-0.000682510569
9.14286784e-05
-0.000440423473
0.000122135377
-0.000200408785
0.000109757213
4.19413952e-05
5.36457407e-05
0.000292594259
-4.27490024e-05
0.000557254618
-0.000169694054
0.000838794826
-0.000307652452
0.00113267548
-0.000423468626
0.00141867356
-0.000470024855
0.00164733436
-0.000397824811
0.00172177156
-0.000196431031
0.00148166202
0.000716502925
-0.000124192126
-0.000500648354
-0.000308335626
-0.00112700889
-0.000450494102
-0.00141849558
-0.000523204034
-0.00147162872
-0.000535391072
-0.00137617577
-0.00050816081
-0.00119628768
-0.00046315686
-0.000972460596
-0.000418060921
-0.000727606525
-0.000385619023
-0.000472865409
-0.000373912091
-0.000212115728
-0.00038672793
5.47572683e-05
-0.000423459475
0.000329325842
-0.000478356348
0.000612151488
-0.000539178275
0.000899616713
-0.000585818902
0.00117931608
-0.000590512349
0.00142336702
-0.000523085123
0.00157990717
-0.000366699065
0.00156538553
-0.000150585976
0.00126554892
0.000565916929
-9.45729343e-05
-0.000406075414
-0.000264649729
-0.000956932074
-0.000430738373
-0.00125240694
-0.000556976949
-0.00134539017
-0.000636793239
-0.0012963595
-0.000678141774
-0.00115493913
-0.000693943905
-0.000956658422
-0.000696929208
-0.000724621207
-0.000697274046
-0.000472520604
-0.000701661778
-0.000207728038
-0.000712860734
6.59562283e-05
-0.000729336355
0.00034580151
-0.000744753776
0.000627568945
-0.000747580281
0.000902443202
-0.000721469909
0.00115320566
-0.000647843413
0.0013497405
-0.00051287693
0.00144494071
-0.000321206268
0.0013737149
-0.000116485687
0.00106082836
0.000449431224
-7.53437499e-05
-0.000330731675
-0.00022820681
-0.000804068984
-0.00039835364
-0.00108226008
-0.000550539511
-0.00119320431
-0.000670626465
-0.00117627259
-0.000757578368
-0.00106798724
-0.000816784816
-0.00089745194
-0.000855587416
-0.000685818558
-0.000880624266
-0.00044748375
-0.000896360324
-0.000191992029
-0.000904270114
7.38659786e-05
-0.00090236033
0.000343891744
-0.000884972192
0.000610180863
-0.000843104129
0.000860575168
-0.000765820176
0.00107592168
-0.000643664751
0.00122758503
-0.00047510396
0.0012763799
-0.000276309851
0.00117492081
-9.2132853e-05
0.000876651386
0.000357298371
-6.22883273e-05
-0.000268443373
-0.000198541332
-0.000667815963
-0.00036289364
-0.000917907738
-0.000523850698
-0.00103224724
-0.000664415216
-0.00103570809
-0.00077812894
-0.000954273567
-0.0008648122
-0.000810768687
-0.00092716547
-0.000623465239
-0.000968399649
-0.000406249524
-0.000990721184
-0.000169670504
-0.000994436377
7.75811127e-05
-0.00097752577
0.000326981103
-0.000935695016
0.000568350139
-0.000863101219
0.000787981428
-0.000754123129
0.000966943616
-0.000606626299
0.00108008817
-0.000426950422
0.00109670398
-0.000236038306
0.000984008686
-7.43490263e-05
0.000714962125
0.000282949362
-5.27689817e-05
-0.000215674413
-0.000173812812
-0.000546772145
-0.000327557412
-0.000764163111
-0.000486865961
-0.000872938644
-0.000634380157
-0.000888193886
-0.000760757851
-0.000827895916
-0.000862116689
-0.000709409899
-0.000937654786
-0.000547927136
-0.000987783216
-0.000356121032
-0.00101282392
-0.000144629754
-0.00101222274
7.69799037e-05
-0.000984240716
0.000298999016
-0.000926163098
0.000510272495
-0.000835158825
0.000696977192
-0.00070997607
0.000841760915
-0.000553597304
0.000923709421
-0.000376676975
0.000919783627
-0.000200960061
0.000808291739
-6.08626395e-05
0.000574864696
0.000222086742
-4.52979202e-05
-0.000170376493
-0.000152453991
-0.000439616112
-0.00029329964
-0.000623317471
-0.000444763109
-0.000721475136
-0.000590345815
-0.000742611129
-0.000719473326
-0.000698768404
-0.00082604635
-0.00060283693
-0.000906878245
-0.000467095288
-0.000960347601
-0.000302651655
-0.000985403133
-0.000119574152
-0.00098096312
7.2539926e-05
-0.000945732096
0.000263767957
-0.000878480052
0.00044302039
-0.00077885509
0.000597352211
-0.00064878406
0.000711689923
-0.000494403531
0.000769328941
-0.000328204135
0.000753584243
-0.000170678364
0.000650765946
-5.02806655e-05
0.000454466973
0.000171806079
-3.9062157e-05
-0.000131314308
-0.000133403795
-0.000345274507
-0.000260349993
-0.000496371316
-0.000400388998
-0.000581436132
-0.000538431193
-0.000604568882
-0.000663692748
-0.000573506798
-0.000768938019
-0.000497591671
-0.000849523091
-0.000386510281
-0.000902500973
-0.000249673815
-0.000925934116
-9.6140977e-05
-0.000918488854
6.5094734e-05
-0.000879356159
0.000224635289
-0.000808535323
0.000372199516
-0.000707505292
0.000496322124
-0.000580261718
0.000584446335
-0.000434588343
0.000623655599
-0.000283248278
0.000602244218
-0.000144573349
0.000512091028
-4.17551821e-05
0.000351648792
0.000130050883
-3.36093862e-05
-9.77048845e-05
-0.000115973478
-0.000262910414
-0.000228685887
-0.00038365895
-0.000355331173
-0.000454790892
-0.000482448517
-0.000477451529
-0.000599656637
-0.000456298616
-0.000699324693
-0.000397923567
-0.000776050456
-0.000309784541
-0.000826127645
-0.000199596693
-0.000847124173
-7.51444825e-05
-0.000837646101
5.56167013e-05
-0.00079733218
0.000184321433
-0.000727102496
0.000301969853
-0.000629656424
0.000398876014
-0.000510163491
0.000464953355
-0.000377005162
0.000490497259
-0.000242314869
0.000467553951
-0.000121978223
0.000391754412
-3.47332055e-05
0.000264403782
9.5317664e-05
-2.86574908e-05
-6.90473767e-05
-9.96602015e-05
-0.000191907663
-0.000198116982
-0.000285202176
-0.000310357567
-0.000342550359
-0.000424616098
-0.000363193043
-0.000531265913
-0.000349648782
-0.000622765435
-0.000306423979
-0.000693446591
-0.000239103345
-0.000739258793
-0.000153784522
-0.000757558054
-5.68452857e-05
-0.000747003483
4.50621048e-05
-0.000707597946
0.000144915935
-0.000640884376
0.000235256339
-0.000550277037
0.000308268692
-0.000441462342
0.000356138629
-0.000322745872
0.000371780751
-0.0002051666
0.00034997467
-0.000102185444
0.000288773275
-2.88024108e-05
0.000191020769
6.65152517e-05
-2.39812324e-05
-4.50661635e-05
-8.3997432e-05
-0.000131891416
-0.000168257067
-0.0002009425
-0.000265595466
-0.000245211972
-0.000365935603
-0.000262852964
-0.000460594531
-0.000254989895
-0.000542423551
-0.000224594933
-0.000605821296
-0.000175705534
-0.000646681692
-0.000112924094
-0.000662339368
-4.11876432e-05
-0.000651561351
3.428403e-05
-0.000614612971
0.000107967537
-0.000553400642
0.000174044046
-0.000471663876
0.000226531972
-0.000375153982
0.000259628749
-0.000271701948
0.000268328695
-0.000171058868
0.000249331563
-8.44170801e-05
0.00020213148
-2.35998684e-05
0.000130203569
4.29153927e-05
-1.93492536e-05
-2.5716951e-05
-6.8470056e-05
-8.27705994e-05
-0.000138506743
-0.000130905759
-0.000220638043
-0.000163080632
-0.000306428391
-0.000177062634
-0.00038822877
-0.000173189574
-0.000459474206
-0.000153349529
-0.00051485982
-0.000120319892
-0.000550429769
-7.73540866e-05
-0.00056362753
-2.7989857e-05
-0.000553348415
2.40048836e-05
-0.000520016449
7.46355228e-05
-0.000465682637
0.000119710219
-0.000394114917
0.000154964281
-0.000310822971
0.000176336839
-0.000222941248
0.000180446984
-0.000138894619
0.000165284918
-6.78135251e-05
0.000131050369
-1.87621207e-05
8.11521609e-05
2.41532812e-05
-1.45055404e-05
-1.12114387e-05
-5.25211382e-05
-4.47550328e-05
-0.00010812283
-7.5304047e-05
-0.00017468778
-9.65156274e-05
-0.000245343209
-0.00010640717
-0.000313520801
-0.000105012003
-0.000373387916
-9.34824664e-05
-0.000420129453
-7.35783803e-05
-0.000450116082
-4.73674298e-05
-0.000461009063
-1.70968265e-05
-0.000451841608
1.48374468e-05
-0.000423096899
4.58907885e-05
-0.000376775984
7.33892676e-05
-0.000316426469
9.46147558e-05
-0.000247079553
0.000106989942
-0.000175030343
0.000108397799
-0.00010740305
9.76576341e-05
-5.14858445e-05
7.51331541e-05
-1.39146266e-05
4.35809329e-05
1.02386565e-05
-9.20278475e-06
-2.00864468e-06
-3.56847525e-05
-1.8273113e-05
-7.64355543e-05
-3.45532723e-05
-0.000126811037
-4.61401253e-05
-0.000181408054
-5.18101039e-05
-0.000234817121
-5.16029083e-05
-0.000282132217
-4.61673906e-05
-0.000319263555
-3.64470854e-05
-0.000343116533
-2.35144685e-05
-0.000351700049
-8.51328586e-06
-0.000344207002
7.34443727e-06
-0.000321084412
2.27682121e-05
-0.000284086155
3.63909921e-05
-0.000236279545
4.68081192e-05
-0.000181958586
5.26689763e-05
-0.000126403749
5.28429748e-05
-7.54285347e-05
4.6682437e-05
-3.46816219e-05
3.43862471e-05
-8.71390784e-06
1.76132149e-05
1.52474577e-06
-3.43749744e-06
1.42888712e-06
-1.8043865e-05
-3.66676918e-06
-4.34060491e-05
-9.19113058e-06
-7.64336902e-05
-1.31125092e-05
-0.000113187167
-1.50566119e-05
-0.000149665104
-1.51249355e-05
-0.000182251526
-1.35809483e-05
-0.00020795284
-1.07457877e-05
-0.000224514105
-6.95323343e-06
-0.000230484775
-2.54262705e-06
-0.000225272649
2.13232871e-06
-0.000209197071
6.69266108e-06
-0.000183535345
1.07292755e-05
-0.000150536807
1.38095702e-05
-0.000113368299
1.55004521e-05
-7.5939766e-05
1.54144367e-05
-4.25472229e-05
1.32899014e-05
-1.72767338e-05
9.11576748e-06
-3.10385486e-06
3.44033923e-06
-1.57911146e-06
1.42892004e-06
-2.23782148e-06
-1.14289493e-05
-2.45414816e-05
-3.95981163e-05
-5.47230503e-05
-6.83039758e-05
-7.90497443e-05
-8.6002981e-05
-8.85456277e-05
-8.64133134e-05
-7.97206485e-05
-6.89913575e-05
-5.51817758e-05
-3.96813242e-05
-2.42668951e-05
-1.09769993e-05
-1.86123136e-06
1.57911105e-06
)
;

boundaryField
{
    walls
    {
        type            calculated;
        value           uniform 0;
    }
    mov_wall
    {
        type            calculated;
        value           uniform 0;
    }
    empty
    {
        type            empty;
        value           nonuniform 0();
    }
}


// ************************************************************************* //
