/*--------------------------------*- C++ -*----------------------------------*\
| =========                 |                                                 |
| \\      /  F ield         | OpenFOAM: The Open Source CFD Toolbox           |
|  \\    /   O peration     | Version:  5.x                                   |
|   \\  /    A nd           | Web:      www.OpenFOAM.org                      |
|    \\/     M anipulation  |                                                 |
\*---------------------------------------------------------------------------*/
FoamFile
{
    version     2.0;
    format      ascii;
    class       volVectorField;
    location    "7.4";
    object      U;
}
// * * * * * * * * * * * * * * * * * * * * * * * * * * * * * * * * * * * * * //

dimensions      [0 1 -1 0 0 0 0];

internalField   nonuniform List<vector> 
400
(
(0.291698413 0.149643829 0)
(0.388187153 0.128007699 0)
(0.557616063 0.0757318291 0)
(0.6747857 0.0433044403 0)
(0.743766593 0.025159106 0)
(0.78707502 0.0148802971 0)
(0.815462956 0.00893092055 0)
(0.83393956 0.00530992748 0)
(0.845365464 0.00289956205 0)
(0.851349265 0.001084854 2.66526784e-34)
(0.852640748 -0.000502852736 -2.66526784e-34)
(0.84935429 -0.0021607214 0)
(0.84097337 -0.00421710683 0)
(0.826113775 -0.0072209857 0)
(0.802020428 -0.0122364997 0)
(0.763538946 -0.0213892093 0)
(0.699488889 -0.0388386161 0)
(0.584557332 -0.0722732768 0)
(0.407900533 -0.12843631 0)
(0.300688067 -0.152947537 0)
(0.00120417599 0.287432416 0)
(0.0133209489 0.29387213 0)
(0.140044435 0.209904858 0)
(0.264971584 0.142986166 0)
(0.364177738 0.0968019877 0)
(0.440120062 0.0654411228 0)
(0.496541035 0.0439762504 0)
(0.536691064 0.0287011549 0)
(0.563274465 0.0170798545 0)
(0.578137344 0.00742308866 0)
(0.582210287 -0.00150101109 0)
(0.57551525 -0.0107977561 0)
(0.557109245 -0.0217346548 0)
(0.524912993 -0.0361396925 0)
(0.47551841 -0.0569634951 0)
(0.404326006 -0.0889771496 0)
(0.305687294 -0.139150756 0)
(0.174497787 -0.215275205 0)
(0.0341065804 -0.310801159 0)
(0.0108691544 -0.305909064 0)
(-0.0321467655 0.241773927 0)
(-0.0634303717 0.333547163 0)
(-0.0219362103 0.299502492 0)
(0.0505996217 0.240051668 0)
(0.127397381 0.18302081 0)
(0.196818609 0.135454526 0)
(0.2541671 0.0974523428 0)
(0.298088296 0.0668891691 0)
(0.328665672 0.0413758227 0)
(0.346307826 0.0187814616 -2.35797002e-33)
(0.351211316 -0.00280948955 2.35797002e-33)
(0.343126749 -0.0252950459 0)
(0.321277576 -0.0508299493 0)
(0.284432896 -0.0820948331 0)
(0.231328817 -0.122479774 0)
(0.161916765 -0.175658038 0)
(0.0798350224 -0.243208455 0)
(-0.00333734296 -0.317981961 0)
(-0.0578531374 -0.366363504 0)
(-0.0313893226 -0.270690677 0)
(-0.0261204153 0.182361577 0)
(-0.06661928 0.316884136 0)
(-0.0735377879 0.330901741 0)
(-0.0481307254 0.295352911 0)
(-0.00567217777 0.244253509 0)
(0.0411124763 0.192431745 0)
(0.0845451077 0.145095042 0)
(0.120424327 0.103006629 0)
(0.14658524 0.0651543608 0)
(0.161925476 0.0298884059 2.35546543e-33)
(0.165812819 -0.00469432045 -2.35546543e-33)
(0.157798804 -0.0406696165 0)
(0.137586497 -0.0803027386 0)
(0.105285207 -0.125979583 0)
(0.0620900232 -0.17977481 0)
(0.0116092695 -0.242029716 0)
(-0.0380283756 -0.307764351 0)
(-0.0720490928 -0.359579367 0)
(-0.0711639196 -0.355585638 0)
(-0.0287210581 -0.209178583 0)
(-0.0176296819 0.140767917 0)
(-0.0549165446 0.281827206 0)
(-0.0828629982 0.324484361 0)
(-0.0880762306 0.3123968 0)
(-0.0751196949 0.274441982 0)
(-0.0526276273 0.226778432 0)
(-0.0275118477 0.177302822 0)
(-0.0045800936 0.129145426 0)
(0.0130234836 0.0829123593 0)
(0.0233567899 0.0379330291 -2.94545508e-34)
(0.0253097449 -0.00710139477 2.94545508e-34)
(0.0184152097 -0.0537995193 0)
(0.0028869862 -0.103801259 0)
(-0.0200872045 -0.158367939 0)
(-0.047770799 -0.217530726 0)
(-0.0750614607 -0.278347555 0)
(-0.0936267064 -0.331694801 0)
(-0.0922270526 -0.357398866 0)
(-0.0635074663 -0.318879889 0)
(-0.02073126 -0.162076726 0)
(-0.0116542785 0.111592252 0)
(-0.0431521976 0.24376527 0)
(-0.0782839962 0.299859406 0)
(-0.100579265 0.30500083 0)
(-0.108310596 0.280421265 0)
(-0.10571651 0.240369184 0)
(-0.0975361717 0.193277772 0)
(-0.0877934456 0.143545375 0)
(-0.0795351936 0.0930260751 0)
(-0.0748272244 0.0420752289 0)
(-0.0748481385 -0.00975926023 0)
(-0.0799345781 -0.0632506174 0)
(-0.0895000184 -0.11903327 0)
(-0.101812874 -0.176993442 0)
(-0.113690953 -0.235297923 0)
(-0.120284786 -0.288849076 0)
(-0.115237025 -0.327084784 0)
(-0.0922711109 -0.331566549 0)
(-0.0521876243 -0.275119688 0)
(-0.0142847845 -0.127260098 0)
(-0.00803185616 0.0899680185 0)
(-0.0343052812 0.2078767 0)
(-0.0703686567 0.267741361 0)
(-0.100959317 0.283509148 0)
(-0.121509114 0.26975378 0)
(-0.13306197 0.237807846 0)
(-0.138135838 0.195384126 0)
(-0.139450239 0.147216496 0)
(-0.139365663 0.0958906857 0)
(-0.139599235 0.0425957574 0)
(-0.14111412 -0.0122625715 0)
(-0.144054668 -0.0685401678 0)
(-0.147657206 -0.125824592 0)
(-0.150140597 -0.182787201 0)
(-0.148667741 -0.236314555 0)
(-0.139565532 -0.280390171 0)
(-0.119015758 -0.30490055 0)
(-0.0848747404 -0.294957286 0)
(-0.0422046427 -0.232154474 0)
(-0.010006589 -0.100709813 0)
(-0.00589819172 0.0731569028 0)
(-0.0280514407 0.175459928 0)
(-0.0624620741 0.233454973 0)
(-0.0961931072 0.254650696 0)
(-0.12378429 0.248662376 0)
(-0.144336453 0.223978319 0)
(-0.158622044 0.187072456 0)
(-0.168069546 0.142434109 0)
(-0.174171005 0.0929433443 0)
(-0.178091649 0.0403533038 0)
(-0.180456266 -0.0142245269 0)
(-0.181230014 -0.069844682 0)
(-0.179647305 -0.125225755 0)
(-0.174205192 -0.178177558 0)
(-0.162809065 -0.224940949 0)
(-0.143212558 -0.259512835 0)
(-0.113841642 -0.273201307 0)
(-0.075316621 -0.254896366 0)
(-0.0343188972 -0.192925778 0)
(-0.00728498413 -0.0799917693 0)
(-0.00459312505 0.0595160137 0)
(-0.0235441729 0.146542616 0)
(-0.0553429911 0.199662157 0)
(-0.0893196686 0.222701639 0)
(-0.120051814 0.221819419 0)
(-0.145609094 0.20313183 0)
(-0.165570658 0.171796546 0)
(-0.180317104 0.131775627 0)
(-0.190531072 0.085940513 0)
(-0.196813728 0.0363510136 2.97711453e-34)
(-0.199448899 -0.0153915433 -2.97711453e-34)
(-0.198275637 -0.067756647 0)
(-0.192646161 -0.118867802 0)
(-0.181489352 -0.166059308 0)
(-0.163546083 -0.205440866 0)
(-0.137858726 -0.231577788 0)
(-0.104503397 -0.237504907 0)
(-0.06566373 -0.215386228 0)
(-0.0281738004 -0.158249846 0)
(-0.00551069072 -0.0634668209 0)
(-0.00373314474 0.048088341 0)
(-0.0201212378 0.120839395 0)
(-0.0490153917 0.16767644 0)
(-0.0816389777 0.190287501 0)
(-0.112989443 0.192487655 0)
(-0.140680557 0.178557134 4.67987982e-33)
(-0.163557395 0.152465447 0)
(-0.181246288 0.117554991 0)
(-0.193784176 0.0765047407 -4.74063756e-33)
(-0.201296966 0.0314709988 2.26592091e-36)
(-0.20378919 -0.0156743906 4.98648721e-36)
(-0.201035367 -0.0630555955 0)
(-0.192565936 -0.108481588 0)
(-0.177765519 -0.149141433 0)
(-0.156124907 -0.181360927 0)
(-0.127679778 -0.200524258 0)
(-0.0935645674 -0.201318533 0)
(-0.0566770455 -0.178463972 0)
(-0.0233146691 -0.128090143 0)
(-0.00429570629 -0.0500435362 0)
(-0.0031150401 0.0383306364 0)
(-0.0173631174 0.0980508505 0)
(-0.043317624 0.138129962 0)
(-0.0737180783 0.158979197 0)
(-0.10410445 0.162838226 0)
(-0.131970528 0.152618185 -4.67987982e-33)
(-0.155761611 0.131295704 0)
(-0.174612865 0.101603272 0)
(-0.188100224 0.0659289868 4.74063756e-33)
(-0.19599742 0.0263693606 1.49106834e-33)
(-0.198111607 -0.0151233145 -1.49832075e-33)
(-0.194204006 -0.05654424 0)
(-0.18399656 -0.0956260396 0)
(-0.167277178 -0.129654849 0)
(-0.144124398 -0.15536892 0)
(-0.115252463 -0.169022498 0)
(-0.0823814049 -0.166713887 0)
(-0.0485941016 -0.145040223 0)
(-0.0193975967 -0.102103348 0)
(-0.00342091032 -0.0390050028 0)
(-0.0026339333 0.0299262682 0)
(-0.0150226208 0.0779301315 0)
(-0.0380974234 0.111311109 0)
(-0.0658175729 0.129695789 0)
(-0.0942794769 0.134263876 0)
(-0.121044024 0.126925346 0)
(-0.144383603 0.109860574 0)
(-0.163148982 0.0852480463 0)
(-0.176619512 0.0551416322 0)
(-0.18433548 0.0214703092 2.99742626e-34)
(-0.185982938 -0.013881365 -2.99742626e-34)
(-0.181343669 -0.0489515366 0)
(-0.170313958 -0.0815745529 0)
(-0.152999253 -0.109289272 0)
(-0.12989161 -0.129330742 0)
(-0.102114504 -0.138764251 0)
(-0.0716393804 -0.13481614 0)
(-0.0414365925 -0.115407286 0)
(-0.0161843474 -0.0798582203 0)
(-0.00276403282 -0.0298606587 0)
(-0.00223473391 0.0226800253 0)
(-0.0129541216 0.060283862 0)
(-0.033238146 0.0873308391 0)
(-0.0580555314 0.102954498 0)
(-0.0840353865 0.107621816 0)
(-0.108906086 0.102520707 0)
(-0.130914076 0.089208654 0)
(-0.148775827 0.0693818711 0)
(-0.161603549 0.0447501635 0)
(-0.168801294 0.0170067274 3.00137206e-34)
(-0.169993551 -0.0121372198 -3.00137206e-34)
(-0.164999672 -0.0408861808 0)
(-0.15385753 -0.0672953728 0)
(-0.136899077 -0.0892417039 0)
(-0.114876637 -0.104468704 0)
(-0.0891189117 -0.110744424 0)
(-0.0616328468 -0.106158121 0)
(-0.0351269747 -0.0895353375 0)
(-0.0135037406 -0.0609264407 0)
(-0.00225327132 -0.0222578254 0)
(-0.00188545599 0.0164662533 0)
(-0.0110624818 0.0449645414 0)
(-0.0286411379 0.0662105111 0)
(-0.0504611269 0.0790278212 0)
(-0.0736531676 0.083412328 0)
(-0.0961641854 0.0800414842 0)
(-0.116305919 0.0699953581 0)
(-0.132763336 0.0545610925 0)
(-0.144575596 0.0351143671 0)
(-0.151082435 0.0130747334 0)
(-0.151887897 -0.01008816 0)
(-0.146853008 -0.0328250833 0)
(-0.136119503 -0.0534823546 0)
(-0.12016425 -0.0703098522 0)
(-0.0998793363 -0.081529948 0)
(-0.0766571214 -0.0854921393 0)
(-0.052412214 -0.080923543 0)
(-0.0295300357 -0.067246954 0)
(-0.0112185725 -0.0449266645 0)
(-0.00184129677 -0.0159381038 0)
(-0.00156252023 0.011207745 0)
(-0.00926988257 0.0318705348 0)
(-0.0242025173 0.0479368788 0)
(-0.0429884404 0.0580490768 0)
(-0.0632319137 0.0619115026 0)
(-0.0831208747 0.0598559147 0)
(-0.101086254 0.0526055498 0)
(-0.115849132 0.0411071731 0)
(-0.126440923 0.0264236382 0)
(-0.132187235 0.00968561175 0)
(-0.132697634 -0.00791671593 0)
(-0.127870722 -0.0251250549 0)
(-0.117915461 -0.0406102774 0)
(-0.103386532 -0.0529974524 0)
(-0.085227249 -0.0609386969 0)
(-0.064801986 -0.0632496883 0)
(-0.0438652637 -0.0591133867 0)
(-0.0244675032 -0.0483249927 0)
(-0.00920309437 -0.0315520085 0)
(-0.00149088403 -0.0107193782 0)
(-0.00124269456 0.00687236523 0)
(-0.00749726932 0.0209539345 0)
(-0.0197996788 0.0325014295 0)
(-0.0355241922 0.0400873039 0)
(-0.0527239597 0.0432717681 0)
(-0.0698331053 0.0421741845 0)
(-0.0854326632 0.0372606149 0)
(-0.0983251754 0.0291991443 0)
(-0.107580785 0.0187673603 0)
(-0.112546717 0.00680864897 0)
(-0.112854332 -0.00578010715 0)
(-0.108431631 -0.0180487581 0)
(-0.0995214529 -0.028999777 0)
(-0.0867021694 -0.0376160671 0)
(-0.0709039764 -0.0429246738 0)
(-0.0534054905 -0.0441071856 0)
(-0.0357703068 -0.040659287 0)
(-0.0197281048 -0.03258108 0)
(-0.00733072991 -0.0205903327 0)
(-0.00116697672 -0.00649226912 0)
(-0.000899883529 0.00347704431 0)
(-0.00566093567 0.0122244254 0)
(-0.0152978522 0.0199179368 0)
(-0.0279091954 0.0251886535 0)
(-0.0419708332 0.0275859339 0)
(-0.0561592776 0.0271262749 0)
(-0.0692274823 0.0240986737 0)
(-0.0800968225 0.0189454286 0)
(-0.0879159958 0.0121895895 0)
(-0.0920844188 0.00440206595 0)
(-0.0922681469 -0.00380767333 0)
(-0.088415511 -0.0117927625 0)
(-0.0807724925 -0.0188748768 0)
(-0.0698942075 -0.0243659763 0)
(-0.0566454554 -0.0276151946 0)
(-0.0421770495 -0.0280887045 0)
(-0.0278468972 -0.0254864164 0)
(-0.015088732 -0.0198866098 0)
(-0.00547449495 -0.0119313566 0)
(-0.00083354781 -0.00322197537 0)
(-0.000507506258 0.00108921193 0)
(-0.0036888918 0.00574014063 0)
(-0.0105872295 0.0102223776 0)
(-0.0199879437 0.0134022106 0)
(-0.0307552962 0.0149400955 0)
(-0.041807653 0.0148327225 0)
(-0.0521004726 0.0132501878 0)
(-0.0607205948 0.0104516797 0)
(-0.0669425872 0.00673881313 0)
(-0.0702538317 0.00243728047 0)
(-0.0703711865 -0.00210635113 0)
(-0.0672558373 -0.00652338442 0)
(-0.0611263896 -0.0104252515 0)
(-0.0524664982 -0.0134154705 0)
(-0.0420201091 -0.015116714 0)
(-0.0307626627 -0.0152183525 0)
(-0.0198243278 -0.0135494051 0)
(-0.01036152 -0.0101761649 0)
(-0.00352670091 -0.00555507368 0)
(-0.000456470343 -0.000945966068 0)
(-6.44884696e-05 -0.000176237038 0)
(-0.00159898501 0.0016366212 0)
(-0.00569518833 0.00359860237 0)
(-0.011719935 0.00501067619 0)
(-0.0188880532 0.00571684334 0)
(-0.0263913889 0.00573382877 0)
(-0.0334549855 0.00514772475 0)
(-0.0394084996 0.00407327096 0)
(-0.0437225496 0.00263489168 0)
(-0.0460238874 0.000961859222 0)
(-0.0461058255 -0.000810106888 0)
(-0.0439388707 -0.00253598915 0)
(-0.0396813813 -0.00406056023 0)
(-0.033686955 -0.00522175391 0)
(-0.0265027369 -0.00586030519 0)
(-0.0188496265 -0.00583829757 0)
(-0.0115675431 -0.00507039531 0)
(-0.00551559543 -0.0035709537 0)
(-0.00148203406 -0.00155258629 0)
(-3.10929549e-05 0.000233978104 0)
(0.000261397422 -0.000255576265 0)
(0.000151444096 0.000102075676 0)
(-0.00117495016 0.000547416901 0)
(-0.00348063205 0.000863515583 0)
(-0.00637558596 0.00102207633 0)
(-0.00946687523 0.00103797613 0)
(-0.0124000358 0.000936219068 0)
(-0.014881775 0.000743063401 0)
(-0.016686099 0.000483181137 0)
(-0.0176547265 0.000180087354 1.08300138e-33)
(-0.0176985226 -0.000142309685 -1.08300138e-33)
(-0.0168014874 -0.000458219173 0)
(-0.0150266286 -0.000739018659 0)
(-0.0125218992 -0.000953243575 0)
(-0.00952354799 -0.00106773164 0)
(-0.00635302383 -0.00105052601 0)
(-0.00340015007 -0.000876788478 0)
(-0.00108361544 -0.000539616314 0)
(0.000206111097 -8.25143162e-05 0)
(0.000274563895 0.000266745784 0)
)
;

boundaryField
{
    walls
    {
        type            fixedValue;
        value           uniform (0 0 0);
    }
    mov_wall
    {
        type            fixedValue;
        value           uniform (1 0 0);
    }
    empty
    {
        type            empty;
    }
}


// ************************************************************************* //
