/*--------------------------------*- C++ -*----------------------------------*\
| =========                 |                                                 |
| \\      /  F ield         | OpenFOAM: The Open Source CFD Toolbox           |
|  \\    /   O peration     | Version:  5.x                                   |
|   \\  /    A nd           | Web:      www.OpenFOAM.org                      |
|    \\/     M anipulation  |                                                 |
\*---------------------------------------------------------------------------*/
FoamFile
{
    version     2.0;
    format      ascii;
    class       volScalarField;
    location    "5.5";
    object      p;
}
// * * * * * * * * * * * * * * * * * * * * * * * * * * * * * * * * * * * * * //

dimensions      [0 2 -2 0 0 0 0];

internalField   nonuniform List<scalar> 
400
(
1.85491682e-06
2.45246147
3.49432517
3.89888132
4.10664928
4.22470877
4.29429345
4.34028031
4.37634079
4.41011289
4.44676182
4.49091673
4.5476564
4.62449147
4.73479965
4.90459812
5.18238178
5.68420317
6.84131776
9.41172678
1.88670714
2.86729133
3.41988556
3.74774585
3.96518281
4.10974927
4.20767632
4.27899429
4.33674685
4.38961517
4.44424734
4.50657386
4.58333546
4.68329976
4.81972827
5.01368103
5.29402426
5.698471
6.33841753
7.42837324
2.98207971
3.26253212
3.54233305
3.77068155
3.94570767
4.07571775
4.17322762
4.25000528
4.31527762
4.37623793
4.43892707
4.50902355
4.59257706
4.6967847
4.83085212
5.00664015
5.23632366
5.52394121
5.8604927
6.19823949
3.52778613
3.58534471
3.72178735
3.86537872
3.98906606
4.09083432
4.1746122
4.24571594
4.30952887
4.37102514
4.43477657
4.50520632
4.58679039
4.68425653
4.80245316
4.94569468
5.11575138
5.3051499
5.4783389
5.55964088
3.84421906
3.8268824
3.88518176
3.96938489
4.05222171
4.12779295
4.19567054
4.2574797
4.3159248
4.3740942
4.43506703
4.50185952
4.57733304
4.66400795
4.76350595
4.875513
4.99636103
5.11480381
5.19584786
5.18371773
4.04550303
4.0036607
4.02142796
4.06785171
4.12138426
4.17574285
4.22885672
4.2805396
4.331862
4.38449356
4.44027289
4.50097
4.56805069
4.64232822
4.7233282
4.80836828
4.89180871
4.9626799
4.99308253
4.94680983
4.18058758
4.13383273
4.13184065
4.15537038
4.1888353
4.22706849
4.26772884
4.30987363
4.35363915
4.3997331
4.44904017
4.50233876
4.56002081
4.62172362
4.68578719
4.74862781
4.80456165
4.84466762
4.8486265
4.79368187
4.27566032
4.23084428
4.21966185
4.22967608
4.24984748
4.27635641
4.30712409
4.34098452
4.37758027
4.41700074
4.45945317
4.50499808
4.55328712
4.60325104
4.65270677
4.69801298
4.7342604
4.75484861
4.74556233
4.692044
4.34467579
4.30373271
4.28863069
4.29082923
4.30237789
4.32057326
4.34373166
4.37070349
4.40089473
4.43401717
4.46982991
4.50791941
4.54748525
4.58711082
4.62451512
4.65641493
4.67889525
4.68733485
4.67188101
4.62321832
4.39526078
4.35850599
4.34215878
4.33995977
4.3459907
4.35836275
4.37576246
4.39714653
4.42182688
4.44930024
4.47905228
4.5103884
4.54227576
4.57319414
4.60100195
4.62292774
4.63599725
4.63709388
4.61932631
4.57637928
4.43196504
4.39925903
4.38305582
4.37851199
4.38106728
4.38939747
4.40248871
4.41942575
4.43950343
4.46211024
4.48658373
4.51208821
4.53750932
4.56137026
4.58177762
4.59648273
4.60329596
4.60017499
4.58220721
4.54489533
4.45777795
4.42889708
4.41358164
4.40794619
4.40838095
4.41394866
4.42386547
4.43733974
4.4536894
4.47226244
4.4923323
4.51301517
4.5332079
4.55155276
4.56643441
4.57607185
4.57888705
4.57357603
4.55655659
4.52447935
4.47482896
4.44957479
4.43556263
4.42962181
4.42885433
4.43259507
4.44023688
4.45109979
4.46454416
4.47991701
4.49647869
4.51335176
4.52949251
4.5436899
4.55459322
4.56081216
4.56122862
4.55503734
4.53957464
4.51226077
4.48473194
4.46296077
4.45049445
4.44475274
4.44341795
4.4460302
4.45212394
4.46111885
4.47242416
4.48540455
4.49933212
4.51336037
4.52652121
4.53774766
4.54591945
4.54996054
4.54909498
4.54285841
4.52925678
4.50627328
4.48877547
4.47040415
4.45962218
4.45439487
4.45292865
4.45493819
4.46008014
4.46786337
4.47774322
4.48910418
4.50123386
4.51331802
4.5244574
4.5337076
4.54013609
4.54291433
4.54152447
4.53574998
4.52413594
4.50513711
4.48806274
4.47305845
4.46401086
4.45945672
4.4581326
4.45992548
4.46460671
4.47176431
4.48088861
4.491372
4.50250387
4.51348463
4.52345957
4.53157243
4.53703201
4.53920099
4.5377638
4.53270922
4.52308499
4.50782263
4.48366986
4.47201185
4.46464235
4.46076428
4.45970345
4.46153858
4.46615494
4.47320749
4.48220229
4.49251568
4.50341116
4.51407155
4.52364879
4.53133046
4.53641719
4.53841401
4.53717185
4.53287974
4.52512791
4.51341764
4.47685705
4.46838931
4.46243091
4.45901737
4.45816386
4.46017172
4.46503661
4.47245895
4.48192944
4.49277192
4.50418288
4.51528188
4.52517607
4.53304045
4.53820953
4.54027976
4.53924054
4.53549999
4.52928921
4.5208577
4.46928767
4.46319604
4.45767595
4.4539697
4.45292374
4.45509099
4.46054467
4.46897001
4.47977265
4.49215059
4.50515574
4.51776005
4.52893277
4.5377359
4.54343605
4.54563249
4.54440593
4.54041769
4.53470063
4.52866759
4.4634506
4.45752478
4.45037221
4.44492869
4.44290512
4.44509721
4.45156922
4.46187453
4.47521641
4.4905527
4.50667393
4.52227765
4.53605508
4.54680108
4.5535537
4.55576701
4.55352186
4.54775101
4.54035312
4.53446373
)
;

boundaryField
{
    walls
    {
        type            zeroGradient;
    }
    mov_wall
    {
        type            zeroGradient;
    }
    empty
    {
        type            empty;
    }
}


// ************************************************************************* //
