/*--------------------------------*- C++ -*----------------------------------*\
| =========                 |                                                 |
| \\      /  F ield         | OpenFOAM: The Open Source CFD Toolbox           |
|  \\    /   O peration     | Version:  5.x                                   |
|   \\  /    A nd           | Web:      www.OpenFOAM.org                      |
|    \\/     M anipulation  |                                                 |
\*---------------------------------------------------------------------------*/
FoamFile
{
    version     2.0;
    format      ascii;
    class       surfaceScalarField;
    location    "5.5";
    object      phi;
}
// * * * * * * * * * * * * * * * * * * * * * * * * * * * * * * * * * * * * * //

dimensions      [0 3 -1 0 0 0 0];

internalField   nonuniform List<scalar> 
760
(
0.0013481765
-0.00134817738
0.00245763971
-0.00110946321
0.00313513465
-0.000677494936
0.0035597157
-0.000424581055
0.0038322513
-0.0002725356
0.00400945215
-0.000177200846
0.0041252145
-0.000115762347
0.00419921708
-7.40025712e-05
0.00424243236
-4.32152811e-05
0.00426055358
-1.8121231e-05
0.00425562235
4.9312349e-06
0.00422675778
2.8864579e-05
0.0041693894
5.73683843e-05
0.00407358505
9.58043521e-05
0.00391995094
0.000153634104
0.00367201929
0.000247931643
0.00326316023
0.000408859072
0.00257264077
0.00069051947
0.00140850173
0.00116413904
0.00140850173
-5.46953443e-05
-0.00129348204
0.000412592578
-0.00157675113
0.00103002976
-0.00129493211
0.00157871384
-0.000973265131
0.00201483268
-0.000708654434
0.00234477724
-0.000507145413
0.0025851163
-0.000356101402
0.0027512694
-0.000240155667
0.00285456779
-0.000146513661
0.00290179531
-6.53487558e-05
0.00289536659
1.13599546e-05
0.00283293035
9.13008153e-05
0.00270712573
0.000183173011
0.00250436374
0.000298566352
0.00220410988
0.000453887967
0.00178090172
0.000671139802
0.00121756799
0.000972192801
0.000552812557
0.0013552749
1.30664764e-05
0.00170388512
0.00142156821
-0.000271734689
-0.00102174735
-0.000221026647
-0.00162745917
7.13677514e-05
-0.00158732651
0.000446285609
-0.00134818298
0.00081248965
-0.00107485847
0.00112929924
-0.000823955002
0.00138207828
-0.00060888045
0.00156800785
-0.000426085232
0.00168837694
-0.000266882744
0.00174468452
-0.000121656331
0.00173678975
1.92547313e-05
0.0016621344
0.000165956156
0.00151571287
0.000329594546
0.00129125423
0.000523024998
0.000985011686
0.000760130517
0.000605009649
0.00105114184
0.000189850705
0.00138735174
-0.000160045081
0.00170517069
-0.000261640634
0.00180548067
0.00115992758
-0.0002279416
-0.000793805747
-0.000361197358
-0.00149420342
-0.000308328267
-0.00164019559
-0.000134821253
-0.00152168999
8.92093462e-05
-0.00129888907
0.000314971836
-0.00104971749
0.000513262967
-0.000807171584
0.000668299984
-0.000581122249
0.000771990297
-0.000370573052
0.000820036097
-0.000169702123
0.000809727639
2.95631936e-05
0.000739201009
0.000236482783
0.00060793565
0.000460859903
0.000419110856
0.000711849794
0.000184524317
0.000994717063
-6.71911802e-05
0.00130285735
-0.000280617547
0.00160077811
-0.000369418483
0.00179397162
-0.000246993637
0.00168305583
0.000912933953
-0.000168965225
-0.000624840516
-0.000352016212
-0.00131115243
-0.000431557724
-0.00156065408
-0.000408909025
-0.00154433869
-0.000319435218
-0.00138836286
-0.000200095215
-0.00116905749
-7.98101134e-05
-0.000927456685
2.15782165e-05
-0.000682510583
9.14286617e-05
-0.000440423496
0.000122135359
-0.000200408812
0.000109757179
4.19413814e-05
5.3645702e-05
0.000292594262
-4.27490243e-05
0.000557254625
-0.000169694053
0.000838794821
-0.000307652447
0.00113267546
-0.000423468635
0.00141867354
-0.000470024874
0.00164733436
-0.000397824826
0.00172177157
-0.000196431032
0.00148166203
0.000716502924
-0.000124192141
-0.000500648369
-0.000308335655
-0.00112700892
-0.000450494132
-0.00141849561
-0.000523204057
-0.00147162876
-0.000535391097
-0.00137617582
-0.000508160851
-0.00119628773
-0.000463156913
-0.000972460618
-0.000418060966
-0.000727606533
-0.000385619044
-0.000472865423
-0.000373912099
-0.000212115755
-0.000386727949
5.47572413e-05
-0.000423459511
0.000329325833
-0.000478356383
0.000612151497
-0.000539178287
0.000899616719
-0.000585818895
0.00117931607
-0.000590512344
0.001423367
-0.000523085133
0.00157990715
-0.000366699083
0.00156538553
-0.000150585987
0.00126554893
0.000565916935
-9.45729376e-05
-0.000406075429
-0.000264649751
-0.000956932095
-0.000430738403
-0.00125240696
-0.000556976972
-0.0013453902
-0.000636793251
-0.00129635954
-0.000678141793
-0.00115493918
-0.000693943945
-0.000956658456
-0.000696929258
-0.000724621218
-0.00069727408
-0.000472520606
-0.000701661785
-0.000207728054
-0.000712860736
6.59561976e-05
-0.000729336375
0.000345801484
-0.000744753813
0.000627568941
-0.000747580309
0.000902443213
-0.000721469913
0.00115320567
-0.000647843402
0.00134974049
-0.000512876926
0.00144494069
-0.000321206277
0.00137371489
-0.000116485699
0.00106082836
0.000449431232
-7.53437424e-05
-0.000330731689
-0.000228206819
-0.000804069007
-0.000398353667
-0.0010822601
-0.00055053954
-0.00119320433
-0.000670626478
-0.00117627261
-0.000757578371
-0.00106798728
-0.000816784833
-0.000897451983
-0.000855587457
-0.000685818583
-0.000880624311
-0.000447483752
-0.000896360345
-0.000191992028
-0.000904270111
7.38659599e-05
-0.000902360329
0.00034389171
-0.000884972214
0.000610180839
-0.000843104163
0.000860575167
-0.000765820197
0.0010759217
-0.000643664748
0.00122758503
-0.000475103949
0.00127637989
-0.000276309847
0.00117492079
-9.21328569e-05
0.000876651376
0.000357298372
-6.22883147e-05
-0.000268443381
-0.000198541325
-0.000667815988
-0.000362893655
-0.000917907763
-0.000523850729
-0.00103224725
-0.00066441524
-0.0010357081
-0.000778128943
-0.000954273586
-0.000864812196
-0.000810768726
-0.000927165488
-0.000623465278
-0.00096839969
-0.00040624954
-0.000990721223
-0.000169670499
-0.000994436386
7.75811138e-05
-0.000977525759
0.000326981081
-0.000935695014
0.000568350104
-0.000863101241
0.000787981407
-0.000754123159
0.000966943618
-0.000606626313
0.00108008818
-0.000426950417
0.00109670399
-0.000236038294
0.000984008674
-7.43490199e-05
0.00071496211
0.000282949356
-5.27689741e-05
-0.000215674412
-0.000173812796
-0.000546772164
-0.000327557409
-0.000764163142
-0.000486865982
-0.000872938666
-0.00063438019
-0.000888193891
-0.000760757868
-0.000827895916
-0.000862116682
-0.000709409919
-0.000937654778
-0.000547927175
-0.000987783235
-0.000356121067
-0.00101282396
-0.000144629762
-0.00101222277
7.69799141e-05
-0.000984240715
0.000298999017
-0.000926163083
0.000510272471
-0.000835158823
0.000696977159
-0.00070997609
0.000841760896
-0.000553597329
0.000923709424
-0.000376676984
0.000919783638
-0.000200960054
0.000808291741
-6.08626299e-05
0.000574864687
0.000222086732
-4.52979252e-05
-0.000170376484
-0.000152453979
-0.000439616117
-0.000293299622
-0.000623317497
-0.000444763109
-0.000721475169
-0.000590345842
-0.000742611146
-0.000719473358
-0.000698768401
-0.000826046358
-0.000602836928
-0.00090687823
-0.000467095309
-0.000960347592
-0.000302651696
-0.000985403155
-0.000119574183
-0.000980963158
7.25399238e-05
-0.000945732118
0.00026376797
-0.000878480046
0.00044302039
-0.000778855074
0.000597352188
-0.000648784058
0.000711689892
-0.000494403548
0.000769328924
-0.000328204153
0.000753584245
-0.000170678371
0.000650765955
-5.02806622e-05
0.000454466976
0.000171806075
-3.90621729e-05
-0.000131314301
-0.000133403799
-0.000345274498
-0.000260349977
-0.000496371325
-0.000400388979
-0.000581436163
-0.000538431197
-0.000604568915
-0.000663692779
-0.000573506809
-0.000768938048
-0.000497591662
-0.000849523091
-0.000386510277
-0.000902500953
-0.000249673838
-0.000925934108
-9.61410159e-05
-0.000918488877
6.50947083e-05
-0.000879356193
0.00022463529
-0.00080853534
0.000372199529
-0.000707505283
0.000496322123
-0.000580261703
0.000584446314
-0.000434588341
0.000623655572
-0.000283248291
0.000602244203
-0.000144573363
0.000512091029
-4.17551882e-05
0.000351648798
0.000130050886
-3.36094014e-05
-9.77048875e-05
-0.000115973497
-0.000262910403
-0.000228685888
-0.000383658941
-0.000355331152
-0.000454790904
-0.000482448498
-0.000477451562
-0.000599656646
-0.000456298646
-0.000699324725
-0.000397923573
-0.000776050479
-0.000309784528
-0.000826127639
-0.000199596689
-0.000847124151
-7.51445054e-05
-0.000837646096
5.56166653e-05
-0.000797332202
0.000184321411
-0.000727102525
0.000301969856
-0.000629656435
0.000398876027
-0.000510163483
0.000464953355
-0.00037700515
0.000490497242
-0.000242314868
0.00046755393
-0.000121978232
0.000391754401
-3.47332146e-05
0.000264403783
9.53176688e-05
-2.86574923e-05
-6.904739e-05
-9.96602203e-05
-0.000191907664
-0.000198117
-0.000285202162
-0.000310357563
-0.000342550349
-0.000424616074
-0.000363193057
-0.000531265896
-0.000349648816
-0.000622765448
-0.000306424005
-0.000693446622
-0.000239103346
-0.00073925881
-0.000153784507
-0.000757558044
-5.68452826e-05
-0.000747003462
4.50620831e-05
-0.000707597942
0.000144915903
-0.000640884395
0.000235256322
-0.00055027706
0.000308268695
-0.00044146235
0.00035613864
-0.000322745865
0.000371780752
-0.000205166591
0.000349974658
-0.000102185443
0.00028877326
-2.88024149e-05
0.000191020762
6.65152525e-05
-2.39812175e-05
-4.50661778e-05
-8.39974336e-05
-0.000131891433
-0.000168257087
-0.000200942499
-0.000265595483
-0.000245211956
-0.000365935595
-0.000262852954
-0.000460594504
-0.00025498991
-0.000542423536
-0.000224594964
-0.000605821311
-0.000175705556
-0.000646681719
-0.000112924092
-0.00066233938
-4.11876286e-05
-0.000651561339
3.42840326e-05
-0.000614612952
0.000107967518
-0.000553400639
0.000174044019
-0.000471663891
0.000226531958
-0.000375154
0.000259628752
-0.000271701955
0.000268328703
-0.000171058863
0.000249331564
-8.44170728e-05
0.000202131473
-2.35998655e-05
0.00013020356
4.2915389e-05
-1.93492338e-05
-2.57169546e-05
-6.84700376e-05
-8.277062e-05
-0.000138506747
-0.000130905776
-0.000220638065
-0.00016308063
-0.000306428405
-0.000177062617
-0.000388228758
-0.000173189566
-0.000459474182
-0.000153349544
-0.000514859809
-0.000120319919
-0.000550429783
-7.73541038e-05
-0.000563627554
-2.79898529e-05
-0.000553348424
2.40048968e-05
-0.000520016438
7.46355252e-05
-0.000465682622
0.000119710205
-0.000394114916
0.000154964261
-0.000310822983
0.000176336827
-0.000222941261
0.000180446985
-0.000138894623
0.000165284924
-6.78135211e-05
0.00013105037
-1.87621155e-05
8.11521569e-05
2.4153277e-05
-1.4505532e-05
-1.12114283e-05
-5.25211142e-05
-4.47550406e-05
-0.000108122814
-7.5304069e-05
-0.000174687787
-9.65156439e-05
-0.000245343229
-0.000106407168
-0.000313520811
-0.000105011988
-0.000373387904
-9.3482459e-05
-0.000420129432
-7.35783923e-05
-0.000450116075
-4.73674518e-05
-0.000461009076
-1.70968393e-05
-0.000451841626
1.48374512e-05
-0.000423096905
4.58907996e-05
-0.000376775975
7.33892702e-05
-0.000316426459
9.46147455e-05
-0.000247079552
0.000106989928
-0.000175030352
0.000108397791
-0.000107403059
9.76576343e-05
-5.14858471e-05
7.51331575e-05
-1.39146245e-05
4.3580934e-05
1.0238655e-05
-9.20279424e-06
-2.00862907e-06
-3.56847418e-05
-1.82731022e-05
-7.64355328e-05
-3.45532808e-05
-0.000126811024
-4.61401456e-05
-0.000181408062
-5.18101177e-05
-0.000234817138
-5.16029046e-05
-0.000282132223
-4.61673768e-05
-0.000319263543
-3.64470792e-05
-0.000343116517
-2.35144783e-05
-0.000351700045
-8.51330278e-06
-0.000344207013
7.34442836e-06
-0.000321084425
2.27682164e-05
-0.000284086159
3.63910015e-05
-0.000236279539
4.68081222e-05
-0.000181958579
5.266897e-05
-0.000126403749
5.28429653e-05
-7.54285404e-05
4.66824314e-05
-3.46816272e-05
3.4386247e-05
-8.71390943e-06
1.76132168e-05
1.52474644e-06
-3.43751493e-06
1.42889861e-06
-1.80438734e-05
-3.66675236e-06
-4.34060397e-05
-9.19112234e-06
-7.64336723e-05
-1.31125155e-05
-0.000113187158
-1.50566247e-05
-0.000149665111
-1.51249416e-05
-0.000182251539
-1.35809427e-05
-0.000207952843
-1.0745778e-05
-0.000224514096
-6.95323094e-06
-0.000230484763
-2.54263453e-06
-0.000225272646
2.13231877e-06
-0.000209197079
6.69265769e-06
-0.000183535355
1.072928e-05
-0.00015053681
1.38095765e-05
-0.000113368296
1.5500454e-05
-7.59397623e-05
1.54144333e-05
-4.25472231e-05
1.32898967e-05
-1.72767369e-05
9.1157652e-06
-3.10385712e-06
3.44033961e-06
-1.57911043e-06
1.42890773e-06
-2.23783527e-06
-1.14289552e-05
-2.45414751e-05
-3.95981049e-05
-5.47230456e-05
-6.83039814e-05
-7.90497529e-05
-8.60029833e-05
-8.8545622e-05
-8.64133064e-05
-7.97206469e-05
-6.89913619e-05
-5.51817811e-05
-3.96813261e-05
-2.42668937e-05
-1.09769974e-05
-1.8612311e-06
1.57911043e-06
)
;

boundaryField
{
    walls
    {
        type            calculated;
        value           uniform 0;
    }
    mov_wall
    {
        type            calculated;
        value           uniform 0;
    }
    empty
    {
        type            empty;
        value           nonuniform 0();
    }
}


// ************************************************************************* //
