/*--------------------------------*- C++ -*----------------------------------*\
| =========                 |                                                 |
| \\      /  F ield         | OpenFOAM: The Open Source CFD Toolbox           |
|  \\    /   O peration     | Version:  5.x                                   |
|   \\  /    A nd           | Web:      www.OpenFOAM.org                      |
|    \\/     M anipulation  |                                                 |
\*---------------------------------------------------------------------------*/
FoamFile
{
    version     2.0;
    format      ascii;
    class       volVectorField;
    location    "5.5";
    object      U;
}
// * * * * * * * * * * * * * * * * * * * * * * * * * * * * * * * * * * * * * //

dimensions      [0 1 -1 0 0 0 0];

internalField   nonuniform List<vector> 
400
(
(0.291698386 0.149643858 0)
(0.38818711 0.128007715 0)
(0.557616043 0.0757318354 0)
(0.674785689 0.0433044426 0)
(0.743766587 0.025159107 0)
(0.787075017 0.014880298 0)
(0.815462954 0.00893092171 0)
(0.833939558 0.0053099282 0)
(0.845365461 0.00289956176 0)
(0.851349263 0.00108485316 2.66526878e-34)
(0.852640746 -0.000502853029 -2.66526878e-34)
(0.84935429 -0.00216072071 0)
(0.84097337 -0.00421710598 0)
(0.826113774 -0.00722098581 0)
(0.802020426 -0.0122365008 0)
(0.763538945 -0.0213892101 0)
(0.69948889 -0.0388386156 0)
(0.584557335 -0.0722732752 0)
(0.407900534 -0.128436308 0)
(0.300688068 -0.152947536 0)
(0.00120415864 0.287432458 0)
(0.0133209186 0.293872158 0)
(0.140044413 0.209904872 0)
(0.264971566 0.142986173 0)
(0.364177724 0.096801991 0)
(0.440120052 0.0654411253 0)
(0.496541029 0.0439762533 0)
(0.53669106 0.0287011573 0)
(0.563274461 0.0170798549 0)
(0.578137338 0.00742308729 0)
(0.582210283 -0.00150101208 0)
(0.575515249 -0.0107977552 0)
(0.557109245 -0.021734653 0)
(0.524912993 -0.036139692 0)
(0.475518407 -0.0569634969 0)
(0.404326003 -0.0889771518 0)
(0.305687293 -0.139150756 0)
(0.174497789 -0.215275203 0)
(0.0341065831 -0.310801156 0)
(0.0108691558 -0.305909063 0)
(-0.0321467728 0.241773946 0)
(-0.0634303872 0.333547185 0)
(-0.0219362265 0.299502509 0)
(0.050599606 0.240051679 0)
(0.127397366 0.183020817 0)
(0.196818596 0.13545453 0)
(0.254167091 0.0974523465 0)
(0.298088291 0.0668891729 0)
(0.328665668 0.0413758251 0)
(0.34630782 0.0187814615 -2.35797087e-33)
(0.351211309 -0.00280949089 2.35797087e-33)
(0.343126744 -0.0252950461 0)
(0.321277575 -0.0508299475 0)
(0.284432896 -0.0820948312 0)
(0.231328816 -0.122479775 0)
(0.161916761 -0.17565804 0)
(0.0798350189 -0.243208457 0)
(-0.00333734349 -0.317981961 0)
(-0.0578531351 -0.366363502 0)
(-0.031389321 -0.270690675 0)
(-0.0261204192 0.182361585 0)
(-0.066619289 0.316884151 0)
(-0.0735377984 0.330901756 0)
(-0.0481307365 0.295352924 0)
(-0.00567219014 0.244253517 0)
(0.0411124632 0.19243175 0)
(0.0845450965 0.145095046 0)
(0.12042432 0.103006633 0)
(0.146585236 0.0651543652 0)
(0.161925471 0.029888408 2.35546628e-33)
(0.165812812 -0.00469432104 -2.35546628e-33)
(0.157798797 -0.0406696177 0)
(0.137586493 -0.0803027378 0)
(0.105285206 -0.12597958 0)
(0.0620900232 -0.179774808 0)
(0.011609267 -0.242029716 0)
(-0.0380283796 -0.307764354 0)
(-0.0720490953 -0.359579369 0)
(-0.071163919 -0.355585637 0)
(-0.0287210571 -0.209178581 0)
(-0.0176296845 0.140767921 0)
(-0.0549165508 0.281827215 0)
(-0.0828630055 0.324484374 0)
(-0.0880762378 0.312396812 0)
(-0.0751197032 0.274441992 0)
(-0.0526276378 0.226778438 0)
(-0.0275118592 0.177302826 0)
(-0.00458010266 0.12914543 0)
(0.0130234786 0.0829123643 0)
(0.0233567866 0.0379330336 -2.94545615e-34)
(0.0253097397 -0.00710139334 2.94545615e-34)
(0.0184152021 -0.0537995205 0)
(0.00288697993 -0.103801259 0)
(-0.0200872065 -0.158367937 0)
(-0.0477707982 -0.217530723 0)
(-0.0750614609 -0.278347554 0)
(-0.0936267093 -0.331694802 0)
(-0.0922270561 -0.357398868 0)
(-0.0635074679 -0.31887989 0)
(-0.02073126 -0.162076725 0)
(-0.01165428 0.111592255 0)
(-0.0431522021 0.243765276 0)
(-0.0782840023 0.299859414 0)
(-0.10057927 0.305000841 0)
(-0.108310601 0.280421275 0)
(-0.105716516 0.240369192 0)
(-0.0975361814 0.193277776 0)
(-0.0877934558 0.143545377 0)
(-0.0795352002 0.0930260789 0)
(-0.074827227 0.0420752344 0)
(-0.0748481409 -0.00975925606 0)
(-0.0799345838 -0.063250617 0)
(-0.0895000259 -0.119033272 0)
(-0.101812879 -0.176993442 0)
(-0.113690954 -0.23529792 0)
(-0.120284785 -0.288849072 0)
(-0.115237025 -0.327084782 0)
(-0.0922711138 -0.33156655 0)
(-0.0521876272 -0.27511969 0)
(-0.0142847856 -0.127260098 0)
(-0.00803185635 0.0899680213 0)
(-0.0343052836 0.207876704 0)
(-0.0703686621 0.267741366 0)
(-0.100959322 0.283509155 0)
(-0.121509117 0.269753789 0)
(-0.133061973 0.237807855 0)
(-0.138135844 0.195384132 0)
(-0.139450248 0.147216498 0)
(-0.139365672 0.0958906873 0)
(-0.139599239 0.0425957618 0)
(-0.141114121 -0.0122625655 0)
(-0.14405467 -0.0685401642 0)
(-0.147657212 -0.125824592 0)
(-0.150140603 -0.182787203 0)
(-0.148667744 -0.236314554 0)
(-0.139565531 -0.280390167 0)
(-0.119015756 -0.304900546 0)
(-0.084874741 -0.294957285 0)
(-0.0422046451 -0.232154476 0)
(-0.0100065903 -0.100709815 0)
(-0.00589819064 0.0731569056 0)
(-0.0280514404 0.175459933 0)
(-0.0624620778 0.233454977 0)
(-0.0961931131 0.2546507 0)
(-0.123784295 0.248662382 0)
(-0.144336455 0.223978328 0)
(-0.158622045 0.187072464 0)
(-0.168069552 0.142434112 0)
(-0.174171014 0.0929433446 0)
(-0.178091656 0.0403533053 0)
(-0.180456267 -0.0142245217 0)
(-0.181230013 -0.0698446758 0)
(-0.179647307 -0.125225752 0)
(-0.174205198 -0.178177559 0)
(-0.162809071 -0.224940951 0)
(-0.14321256 -0.259512834 0)
(-0.113841641 -0.273201303 0)
(-0.0753166193 -0.254896363 0)
(-0.0343188973 -0.192925777 0)
(-0.00728498469 -0.0799917702 0)
(-0.00459312344 0.0595160159 0)
(-0.0235441704 0.146542621 0)
(-0.0553429918 0.199662161 0)
(-0.0893196735 0.222701641 0)
(-0.12005182 0.221819422 0)
(-0.145609096 0.203131835 0)
(-0.165570657 0.171796554 0)
(-0.180317105 0.131775634 0)
(-0.190531078 0.0859405146 0)
(-0.196813736 0.0363510128 2.97711557e-34)
(-0.199448904 -0.0153915415 -2.97711557e-34)
(-0.198275637 -0.0677566412 0)
(-0.192646159 -0.118867796 0)
(-0.181489354 -0.166059306 0)
(-0.163546089 -0.205440868 0)
(-0.13785873 -0.23157779 0)
(-0.104503397 -0.237504906 0)
(-0.0656637281 -0.215386225 0)
(-0.0281737985 -0.158249843 0)
(-0.00551069009 -0.0634668203 0)
(-0.00373314382 0.0480883416 0)
(-0.0201212352 0.1208394 0)
(-0.0490153895 0.167676445 0)
(-0.0816389795 0.190287504 0)
(-0.112989449 0.192487656 0)
(-0.140680562 0.178557136 4.67988149e-33)
(-0.163557396 0.152465453 0)
(-0.181246286 0.117554999 0)
(-0.193784178 0.0765047458 -4.74063928e-33)
(-0.201296973 0.0314709988 2.26591525e-36)
(-0.203789197 -0.0156743919 4.98648643e-36)
(-0.20103537 -0.0630555933 0)
(-0.192565934 -0.108481582 0)
(-0.177765517 -0.149141427 0)
(-0.156124909 -0.181360925 0)
(-0.127679783 -0.20052426 0)
(-0.0935645709 -0.201318535 0)
(-0.0566770457 -0.178463971 0)
(-0.0233146672 -0.128090141 0)
(-0.00429570516 -0.0500435345 0)
(-0.00311504078 0.0383306353 0)
(-0.0173631169 0.0980508529 0)
(-0.0433176209 0.138129968 0)
(-0.0737180763 0.158979203 0)
(-0.104104452 0.162838228 0)
(-0.131970534 0.152618184 -4.67988149e-33)
(-0.155761616 0.131295706 0)
(-0.174612864 0.101603278 0)
(-0.188100221 0.0659289946 4.74063928e-33)
(-0.195997422 0.0263693644 1.49106887e-33)
(-0.198111613 -0.0151233156 -1.49832127e-33)
(-0.194204012 -0.0565442415 0)
(-0.183996561 -0.0956260371 0)
(-0.167277175 -0.129654843 0)
(-0.144124396 -0.155368915 0)
(-0.115252465 -0.169022496 0)
(-0.0823814086 -0.166713888 0)
(-0.0485941041 -0.145040224 0)
(-0.0193975967 -0.102103347 0)
(-0.0034209098 -0.0390050014 0)
(-0.00263393529 0.0299262665 0)
(-0.0150226234 0.077930131 0)
(-0.0380974222 0.111311112 0)
(-0.065817569 0.129695795 0)
(-0.0942794752 0.134263881 0)
(-0.121044028 0.126925347 0)
(-0.144383609 0.109860573 0)
(-0.163148985 0.085248048 0)
(-0.17661951 0.0551416387 0)
(-0.184335477 0.0214703163 2.99742734e-34)
(-0.185982939 -0.0138813622 -2.99742734e-34)
(-0.181343675 -0.0489515383 0)
(-0.170313964 -0.0815745544 0)
(-0.152999253 -0.109289269 0)
(-0.129891607 -0.129330737 0)
(-0.102114503 -0.138764246 0)
(-0.0716393816 -0.134816139 0)
(-0.0414365953 -0.115407287 0)
(-0.0161843495 -0.0798582213 0)
(-0.00276403337 -0.0298606587 0)
(-0.00223473572 0.0226800248 0)
(-0.0129541256 0.0602838599 0)
(-0.0332381481 0.087330839 0)
(-0.0580555291 0.102954503 0)
(-0.0840353821 0.107621823 0)
(-0.108906085 0.102520712 0)
(-0.130914081 0.0892086534 0)
(-0.148775833 0.0693818691 0)
(-0.16160355 0.0447501655 0)
(-0.168801291 0.0170067339 3.00137313e-34)
(-0.169993548 -0.0121372134 -3.00137314e-34)
(-0.164999674 -0.0408861788 0)
(-0.153857535 -0.0672953747 0)
(-0.136899081 -0.0892417053 0)
(-0.114876637 -0.104468702 0)
(-0.0891189093 -0.110744419 0)
(-0.0616328453 -0.106158117 0)
(-0.0351269756 -0.0895353364 0)
(-0.0135037427 -0.0609264415 0)
(-0.00225327233 -0.0222578263 0)
(-0.00188545609 0.016466255 0)
(-0.0110624839 0.0449645403 0)
(-0.0286411419 0.0662105085 0)
(-0.0504611284 0.0790278214 0)
(-0.0736531644 0.0834123328 0)
(-0.0961641807 0.0800414908 0)
(-0.116305918 0.0699953613 0)
(-0.132763341 0.054561091 0)
(-0.144575601 0.035114365 0)
(-0.151082436 0.0130747354 0)
(-0.151887894 -0.0100881539 0)
(-0.146853005 -0.0328250777 0)
(-0.136119505 -0.0534823532 0)
(-0.120164255 -0.070309854 0)
(-0.0998793396 -0.0815299492 0)
(-0.0766571215 -0.0854921376 0)
(-0.0524122121 -0.0809235396 0)
(-0.0295300346 -0.0672469512 0)
(-0.011218573 -0.0449266638 0)
(-0.00184129731 -0.0159381044 0)
(-0.00156251838 0.0112077479 0)
(-0.00926988082 0.0318705366 0)
(-0.0242025197 0.047936877 0)
(-0.0429884445 0.058049074 0)
(-0.0632319146 0.061911503 0)
(-0.0831208709 0.0598559197 0)
(-0.101086249 0.0526055558 0)
(-0.115849132 0.0411071754 0)
(-0.126440927 0.0264236363 0)
(-0.132187239 0.00968560974 0)
(-0.132697634 -0.00791671398 0)
(-0.127870719 -0.0251250496 0)
(-0.117915459 -0.0406102727 0)
(-0.103386533 -0.0529974513 0)
(-0.0852272526 -0.0609386984 0)
(-0.0648019885 -0.0632496894 0)
(-0.0438652637 -0.0591133856 0)
(-0.0244675018 -0.0483249903 0)
(-0.00920309335 -0.0315520067 0)
(-0.00149088378 -0.0107193778 0)
(-0.00124269221 0.00687236718 0)
(-0.00749726492 0.0209539384 0)
(-0.0197996773 0.0325014312 0)
(-0.0355241952 0.0400873019 0)
(-0.0527239636 0.0432717653 0)
(-0.0698331056 0.0421741851 0)
(-0.0854326592 0.0372606196 0)
(-0.0983251716 0.0291991494 0)
(-0.107580785 0.0187673617 0)
(-0.112546721 0.00680864685 0)
(-0.112854335 -0.00578010895 0)
(-0.108431631 -0.0180487564 0)
(-0.0995214501 -0.0289997727 0)
(-0.0867021677 -0.0376160634 0)
(-0.0709039776 -0.0429246729 0)
(-0.0534054932 -0.0441071867 0)
(-0.0357703087 -0.0406592878 0)
(-0.0197281048 -0.0325810794 0)
(-0.00733072887 -0.0205903314 0)
(-0.00116697614 -0.00649226828 0)
(-0.000899882604 0.0034770437 0)
(-0.00566093219 0.0122244284 0)
(-0.015297848 0.019917941 0)
(-0.0279091946 0.025188655 0)
(-0.0419708363 0.0275859318 0)
(-0.0561592809 0.0271262723 0)
(-0.069227482 0.0240986744 0)
(-0.0800968188 0.0189454327 0)
(-0.0879159928 0.0121895936 0)
(-0.0920844195 0.00440206681 0)
(-0.0922681504 -0.00380767529 0)
(-0.0884155135 -0.011792764 0)
(-0.080772492 -0.0188748755 0)
(-0.0698942054 -0.024365973 0)
(-0.0566454543 -0.0276151918 0)
(-0.0421770504 -0.0280887037 0)
(-0.0278468991 -0.025486417 0)
(-0.0150887332 -0.0198866103 0)
(-0.00547449487 -0.0119313564 0)
(-0.000833547506 -0.00322197479 0)
(-0.000507507477 0.00108920916 0)
(-0.00368889193 0.00574014031 0)
(-0.010587226 0.0102223808 0)
(-0.01998794 0.0134022145 0)
(-0.0307552958 0.0149400966 0)
(-0.0418076557 0.0148327204 0)
(-0.0521004751 0.0132501855 0)
(-0.0607205941 0.0104516802 0)
(-0.0669425841 0.00673881645 0)
(-0.0702538295 0.0024372836 0)
(-0.0703711874 -0.00210635067 0)
(-0.06725584 -0.00652338612 0)
(-0.0611263914 -0.0104252528 0)
(-0.0524664979 -0.0134154698 0)
(-0.0420201077 -0.0151167118 0)
(-0.030762662 -0.0152183506 0)
(-0.0198243284 -0.0135494046 0)
(-0.0103615211 -0.0101761652 0)
(-0.00352670157 -0.00555507402 0)
(-0.000456470454 -0.000945966019 0)
(-6.44907223e-05 -0.000176240069 0)
(-0.00159898821 0.00163661792 0)
(-0.0056951882 0.00359860214 0)
(-0.011719932 0.00501067898 0)
(-0.0188880503 0.00571684631 0)
(-0.0263913888 0.00573382914 0)
(-0.0334549877 0.00514772262 0)
(-0.0394085014 0.00407326904 0)
(-0.043722549 0.00263489228 0)
(-0.0460238851 0.000961861831 0)
(-0.0461058241 -0.00081010475 0)
(-0.0439388713 -0.00253598918 0)
(-0.0396813831 -0.0040605618 0)
(-0.0336869562 -0.00522175509 0)
(-0.0265027368 -0.00586030486 0)
(-0.0188496258 -0.00583829622 0)
(-0.0115675428 -0.00507039417 0)
(-0.00551559581 -0.0035709534 0)
(-0.00148203464 -0.00155258654 0)
(-3.10931961e-05 0.000233977886 0)
(0.000261395991 -0.000255577559 0)
(0.000151441129 0.000102073593 0)
(-0.00117495224 0.000547415832 0)
(-0.00348063187 0.000863516225 0)
(-0.00637558402 0.0010220778 0)
(-0.0094668736 0.00103797688 0)
(-0.012400036 0.000936218425 0)
(-0.0148817765 0.000743062212 0)
(-0.0166861001 0.000483180748 0)
(-0.017654726 0.000180088166 1.08300176e-33)
(-0.0176985212 -0.000142308521 -1.08300176e-33)
(-0.0168014865 -0.000458218746 0)
(-0.015026629 -0.000739019191 0)
(-0.0125219002 -0.000953244371 0)
(-0.00952354871 -0.00106773193 0)
(-0.00635302383 -0.00105052566 0)
(-0.00340014972 -0.00087678794 0)
(-0.00108361525 -0.000539616036 0)
(0.000206111017 -8.25143581e-05 0)
(0.000274563812 0.000266745658 0)
)
;

boundaryField
{
    walls
    {
        type            fixedValue;
        value           uniform (0 0 0);
    }
    mov_wall
    {
        type            fixedValue;
        value           uniform (1 0 0);
    }
    empty
    {
        type            empty;
    }
}


// ************************************************************************* //
