/*--------------------------------*- C++ -*----------------------------------*\
| =========                 |                                                 |
| \\      /  F ield         | OpenFOAM: The Open Source CFD Toolbox           |
|  \\    /   O peration     | Version:  5.x                                   |
|   \\  /    A nd           | Web:      www.OpenFOAM.org                      |
|    \\/     M anipulation  |                                                 |
\*---------------------------------------------------------------------------*/
FoamFile
{
    version     2.0;
    format      ascii;
    class       volScalarField;
    location    "4.7";
    object      p;
}
// * * * * * * * * * * * * * * * * * * * * * * * * * * * * * * * * * * * * * //

dimensions      [0 2 -2 0 0 0 0];

internalField   nonuniform List<scalar> 
400
(
2.61263865e-06
2.45246256
3.49432631
3.89888249
4.10665048
4.22470998
4.29429462
4.34028144
4.37634192
4.41011407
4.44676304
4.49091792
4.54765753
4.62449259
4.73480083
4.90459936
5.18238301
5.6842043
6.8413188
9.4117278
1.88670823
2.86729248
3.41988669
3.74774698
3.96518397
4.10975048
4.20767753
4.27899546
4.33674797
4.38961631
4.44424854
4.50657509
4.58333664
4.68330087
4.81972938
5.01368222
5.29402553
5.69847225
6.33841869
7.42837431
2.98208087
3.2625333
3.5423342
3.77068267
3.94570879
4.07571892
4.17322884
4.25000649
4.31527876
4.37623904
4.43892822
4.50902478
4.5925783
4.69678585
4.8308532
5.00664126
5.23632487
5.52394248
5.86049393
6.19824061
3.52778727
3.5853459
3.72178855
3.86537987
3.98906717
4.09083545
4.17461339
4.24571718
4.30953006
4.37102625
4.43477767
4.5052075
4.58679166
4.68425775
4.80245428
4.94569575
5.11575251
5.30515113
5.47834016
5.55964207
3.84422018
3.82688357
3.88518298
3.96938609
4.05222284
4.12779404
4.19567169
4.25748093
4.31592604
4.37409536
4.4350681
4.50186063
4.57733427
4.66400923
4.76350715
4.87551409
4.9963621
5.11480496
5.1958491
5.18371898
4.04550415
4.00366184
4.02142916
4.06785295
4.12138545
4.17574395
4.22885781
4.28054078
4.33186326
4.3844948
4.44027401
4.50097105
4.56805182
4.64232949
4.72332949
4.80836946
4.89180978
4.96268098
4.9930837
4.94681107
4.18058874
4.13383384
4.1318418
4.15537161
4.18883655
4.22706966
4.26772991
4.30987472
4.35364037
4.3997344
4.44904138
4.50233984
4.56002186
4.62172478
4.68578848
4.74862908
4.80456281
4.8446687
4.84862761
4.79368305
4.27566152
4.2308454
4.21966295
4.22967725
4.24984874
4.27635766
4.30712522
4.34098556
4.37758138
4.41700201
4.45945447
4.50499926
4.55328816
4.60325209
4.65270796
4.69801428
4.73426166
4.75484976
4.74556343
4.69204512
4.34467703
4.30373388
4.28863178
4.29083032
4.30237909
4.32057455
4.3437329
4.37070458
4.40089576
4.43401831
4.46983121
4.50792071
4.5474864
4.58711185
4.62451618
4.65641613
4.67889653
4.6873361
4.67188217
4.62321942
4.39526203
4.35850722
4.34215992
4.33996083
4.34599179
4.35836399
4.37576378
4.39714774
4.42182793
4.44930126
4.47905346
4.51038972
4.54227706
4.57319527
4.60100297
4.62292882
4.63599846
4.63709514
4.61932754
4.57638044
4.43196622
4.3992603
4.38305705
4.3785131
4.38106831
4.38939859
4.40248999
4.41942708
4.43950462
4.46211126
4.48658477
4.51208941
4.53751065
4.56137154
4.58177875
4.59648377
4.60329705
4.60017619
4.58220845
4.54489655
4.45777905
4.4288983
4.41358293
4.40794742
4.40838203
4.41394967
4.42386662
4.43734105
4.45369072
4.47226359
4.49233331
4.51301622
4.53320912
4.55155408
4.56643567
4.57607298
4.57888812
4.57357714
4.55655778
4.52448058
4.47483002
4.44957592
4.4355639
4.42962313
4.42885554
4.43259611
4.4402379
4.45110096
4.46454549
4.47991831
4.49647982
4.51335277
4.52949357
4.54369112
4.55459452
4.5608134
4.56122976
4.55503844
4.53957576
4.51226196
4.48473305
4.46296183
4.4504956
4.44475403
4.44341927
4.44603138
4.45212497
4.46111988
4.47242536
4.48540589
4.4993334
4.51336149
4.52652224
4.53774875
4.54592066
4.54996181
4.54909622
4.54285956
4.5292579
4.50627443
4.48877669
4.47040523
4.45962322
4.45439603
4.45292996
4.45493951
4.4600813
4.46786439
4.47774427
4.48910539
4.50123519
4.51331929
4.52445853
4.53370865
4.54013719
4.54291554
4.54152572
4.5357512
4.5241371
4.50513824
4.48806404
4.47305963
4.46401191
4.45945776
4.45813377
4.45992679
4.464608
4.47176545
4.48088964
4.49137308
4.50250509
4.51348593
4.52346082
4.53157356
4.53703308
4.5392021
4.53776499
4.53271044
4.52308619
4.50782379
4.48367114
4.47201314
4.46464351
4.46076532
4.45970451
4.46153977
4.46615624
4.47320877
4.48220342
4.49251673
4.50341226
4.51407276
4.52365006
4.53133169
4.53641834
4.53841512
4.53717299
4.53288092
4.52512911
4.51341883
4.47685821
4.46839061
4.46243219
4.45901852
4.45816491
4.46017279
4.46503781
4.47246023
4.48193069
4.49277306
4.50418395
4.51528299
4.52517727
4.5330417
4.53821074
4.54028091
4.53924167
4.53550114
4.52929039
4.52085889
4.46928871
4.46319725
4.45767724
4.45397097
4.4529249
4.45509207
4.46054578
4.46897121
4.4797739
4.49215181
4.50515689
4.51776115
4.52893391
4.53773709
4.54343727
4.54563369
4.5444071
4.54041884
4.53470179
4.52866876
4.46345157
4.45752584
4.45037339
4.44492995
4.44290636
4.44509836
4.45157032
4.46187565
4.47521761
4.49055394
4.50667514
4.52227881
4.5360562
4.54680222
4.55355488
4.55576821
4.55352305
4.54775218
4.54035429
4.5344649
)
;

boundaryField
{
    walls
    {
        type            zeroGradient;
    }
    mov_wall
    {
        type            zeroGradient;
    }
    empty
    {
        type            empty;
    }
}


// ************************************************************************* //
