/*--------------------------------*- C++ -*----------------------------------*\
| =========                 |                                                 |
| \\      /  F ield         | OpenFOAM: The Open Source CFD Toolbox           |
|  \\    /   O peration     | Version:  5.x                                   |
|   \\  /    A nd           | Web:      www.OpenFOAM.org                      |
|    \\/     M anipulation  |                                                 |
\*---------------------------------------------------------------------------*/
FoamFile
{
    version     2.0;
    format      ascii;
    class       surfaceScalarField;
    location    "4.7";
    object      phi;
}
// * * * * * * * * * * * * * * * * * * * * * * * * * * * * * * * * * * * * * //

dimensions      [0 3 -1 0 0 0 0];

internalField   nonuniform List<scalar> 
760
(
0.00134817632
-0.00134817757
0.00245763963
-0.0011094633
0.0031351346
-0.000677494972
0.00355971567
-0.000424581071
0.00383225128
-0.000272535608
0.00400945214
-0.000177200853
0.0041252145
-0.000115762354
0.00419921707
-7.40025751e-05
0.00424243235
-4.32152793e-05
0.00426055358
-1.81212268e-05
0.00425562235
4.93123516e-06
0.00422675778
2.88645744e-05
0.0041693894
5.73683803e-05
0.00407358504
9.58043546e-05
0.00391995093
0.000153634111
0.0036720193
0.000247931646
0.00326316023
0.000408859067
0.00257264077
0.00069051946
0.00140850173
0.00116413903
0.00140850173
-5.46954413e-05
-0.00129348213
0.000412592485
-0.00157675122
0.00103002969
-0.00129493217
0.00157871378
-0.000973265167
0.00201483263
-0.000708654455
0.00234477721
-0.000507145427
0.00258511628
-0.000356101412
0.00275126938
-0.000240155675
0.00285456777
-0.000146513665
0.0029017953
-6.53487555e-05
0.00289536658
1.13599558e-05
0.00283293035
9.1300814e-05
0.00270712573
0.000183173008
0.00250436373
0.00029856635
0.00220410987
0.000453887969
0.00178090172
0.000671139807
0.00121756799
0.000972192805
0.000552812561
0.0013552749
1.30664857e-05
0.00170388512
0.00142156821
-0.000271734735
-0.00102174739
-0.000221026708
-0.00162745924
7.13676914e-05
-0.00158732657
0.000446285553
-0.00134818303
0.0008124896
-0.0010748585
0.0011292992
-0.000823955022
0.00138207825
-0.000608880464
0.00156800783
-0.000426085244
0.00168837692
-0.000266882753
0.0017446845
-0.000121656335
0.00173678973
1.92547313e-05
0.00166213439
0.000165956156
0.00151571286
0.000329594543
0.00129125422
0.000523024993
0.000985011677
0.000760130514
0.000605009638
0.00105114184
0.000189850698
0.00138735175
-0.000160045081
0.00170517069
-0.000261640626
0.00180548067
0.00115992758
-0.000227941624
-0.00079380577
-0.000361197396
-0.00149420346
-0.00030832831
-0.00164019564
-0.000134821297
-0.00152169004
8.92093017e-05
-0.0012988891
0.000314971793
-0.00104971751
0.000513262932
-0.0008071716
0.000668299959
-0.000581122263
0.000771990277
-0.000370573065
0.000820036075
-0.000169702132
0.000809727615
2.95631902e-05
0.00073920099
0.000236482783
0.00060793564
0.000460859902
0.000419110853
0.000711849789
0.000184524312
0.000994717057
-6.71911904e-05
0.00130285734
-0.000280617557
0.00160077811
-0.000369418487
0.00179397163
-0.000246993631
0.00168305583
0.000912933948
-0.000168965238
-0.000624840531
-0.000352016237
-0.00131115246
-0.000431557754
-0.00156065412
-0.000408909056
-0.00154433873
-0.000319435252
-0.0013883629
-0.000200095252
-0.00116905751
-7.98101504e-05
-0.000927456702
2.15781878e-05
-0.000682510596
9.14286425e-05
-0.000440423511
0.000122135342
-0.000200408826
0.000109757158
4.19413723e-05
5.36456784e-05
0.00029259426
-4.27490409e-05
0.000557254626
-0.000169694059
0.000838794818
-0.000307652448
0.00113267545
-0.00042346864
0.00141867353
-0.000470024883
0.00164733435
-0.000397824833
0.00172177158
-0.000196431031
0.00148166203
0.000716502922
-0.000124192146
-0.000500648381
-0.000308335672
-0.00112700894
-0.000450494155
-0.00141849564
-0.00052320408
-0.00147162879
-0.00053539112
-0.00137617585
-0.000508160879
-0.00119628775
-0.000463156947
-0.000972460636
-0.000418060998
-0.000727606545
-0.000385619066
-0.000472865434
-0.000373912112
-0.00021211577
-0.000386727964
5.47572265e-05
-0.000423459533
0.000329325825
-0.000478356405
0.000612151496
-0.000539178299
0.00089961672
-0.000585818897
0.00117931606
-0.000590512344
0.00142336699
-0.000523085138
0.00157990715
-0.000366699091
0.00156538553
-0.000150585991
0.00126554893
0.000565916939
-9.45729349e-05
-0.000406075439
-0.000264649761
-0.000956932112
-0.000430738422
-0.00125240698
-0.000556976992
-0.00134539022
-0.000636793268
-0.00129635957
-0.00067814181
-0.0011549392
-0.00069394397
-0.000956658478
-0.000696929288
-0.00072462123
-0.000697274106
-0.000472520614
-0.000701661799
-0.000207728065
-0.000712860744
6.59561815e-05
-0.000729336388
0.000345801469
-0.000744753833
0.000627568934
-0.000747580327
0.000902443213
-0.00072146992
0.00115320567
-0.0006478434
0.00134974048
-0.000512876925
0.00144494068
-0.000321206282
0.00137371488
-0.000116485707
0.00106082836
0.000449431237
-7.53437357e-05
-0.000330731697
-0.000228206822
-0.000804069023
-0.000398353681
-0.00108226012
-0.000550539559
-0.00119320434
-0.000670626494
-0.00117627262
-0.000757578381
-0.00106798731
-0.000816784845
-0.000897452008
-0.00085558748
-0.0006858186
-0.000880624338
-0.00044748376
-0.000896360364
-0.000191992034
-0.000904270118
7.38659489e-05
-0.000902360332
0.000343891693
-0.000884972225
0.000610180824
-0.000843104181
0.000860575161
-0.000765820211
0.0010759217
-0.000643664751
0.00122758503
-0.000475103945
0.00127637988
-0.000276309846
0.00117492078
-9.2132862e-05
0.00087665137
0.000357298373
-6.22883102e-05
-0.000268443383
-0.000198541323
-0.000667816001
-0.000362893662
-0.000917907779
-0.000523850745
-0.00103224726
-0.000664415258
-0.00103570811
-0.000778128953
-0.000954273601
-0.000864812201
-0.000810768748
-0.000927165498
-0.000623465301
-0.000968399712
-0.000406249553
-0.000990721247
-0.000169670503
-0.000994436399
7.75811103e-05
-0.00097752576
0.00032698107
-0.000935695015
0.000568350087
-0.000863101251
0.000787981392
-0.000754123174
0.000966943612
-0.000606626323
0.00108008818
-0.000426950417
0.00109670399
-0.000236038291
0.000984008668
-7.43490181e-05
0.000714962102
0.000282949351
-5.2768977e-05
-0.000215674408
-0.000173812792
-0.000546772173
-0.000327557407
-0.000764163158
-0.00048686599
-0.000872938681
-0.000634380207
-0.0008881939
-0.000760757883
-0.000827895923
-0.000862116686
-0.000709409932
-0.000937654778
-0.000547927196
-0.000987783244
-0.000356121087
-0.00101282398
-0.000144629772
-0.00101222279
7.69799126e-05
-0.000984240723
0.000298999014
-0.00092616308
0.00051027246
-0.000835158823
0.000696977141
-0.000709976098
0.000841760882
-0.00055359734
0.000923709419
-0.00037667699
0.000919783639
-0.000200960053
0.000808291741
-6.08626237e-05
0.000574864683
0.000222086726
-4.52979354e-05
-0.000170376479
-0.000152453979
-0.000439616119
-0.000293299616
-0.000623317509
-0.000444763107
-0.000721475186
-0.000590345852
-0.000742611159
-0.000719473375
-0.000698768407
-0.000826046369
-0.000602836932
-0.000906878229
-0.000467095321
-0.000960347589
-0.000302651716
-0.000985403163
-0.000119574202
-0.000980963177
7.25399155e-05
-0.000945732134
0.00026376797
-0.000878480049
0.000443020388
-0.00077885507
0.000597352177
-0.000648784057
0.000711689876
-0.000494403555
0.000769328911
-0.000328204162
0.000753584241
-0.000170678374
0.000650765956
-5.02806582e-05
0.000454466976
0.000171806072
-3.90621837e-05
-0.0001313143
-0.000133403804
-0.000345274496
-0.000260349973
-0.00049637133
-0.000400388971
-0.000581436177
-0.000538431196
-0.000604568932
-0.000663692791
-0.00057350682
-0.000768938064
-0.000497591664
-0.000849523098
-0.000386510279
-0.000902500948
-0.000249673849
-0.000925934104
-9.61410354e-05
-0.000918488884
6.50946909e-05
-0.000879356209
0.000224635284
-0.000808535351
0.00037219953
-0.000707505284
0.000496322122
-0.000580261698
0.000584446304
-0.00043458834
0.000623655558
-0.000283248296
0.000602244193
-0.000144573369
0.000512091026
-4.17551903e-05
0.000351648799
0.000130050888
-3.36094039e-05
-9.77048937e-05
-0.000115973504
-0.000262910401
-0.000228685891
-0.000383658939
-0.000355331146
-0.000454790909
-0.000482448489
-0.000477451577
-0.000599656646
-0.000456298662
-0.000699324738
-0.000397923581
-0.000776050493
-0.000309784528
-0.000826127642
-0.00019959669
-0.000847124144
-7.51445156e-05
-0.000837646091
5.56166471e-05
-0.000797332209
0.000184321396
-0.000727102538
0.000301969851
-0.000629656444
0.000398876028
-0.000510163482
0.000464953354
-0.000377005146
0.000490497234
-0.000242314867
0.000467553919
-0.000121978236
0.000391754393
-3.47332204e-05
0.000264403781
9.53176718e-05
-2.86574831e-05
-6.90473999e-05
-9.96602242e-05
-0.000191907668
-0.000198117008
-0.000285202159
-0.000310357565
-0.000342550347
-0.000424616065
-0.000363193063
-0.000531265886
-0.00034964883
-0.000622765448
-0.000306424021
-0.000693446634
-0.000239103352
-0.000739258822
-0.000153784505
-0.000757558044
-5.6845282e-05
-0.000747003454
4.5062074e-05
-0.000707597938
0.000144915887
-0.000640884401
0.000235256308
-0.000550277071
0.000308268691
-0.000441462356
0.000356138641
-0.000322745864
0.000371780751
-0.000205166587
0.000349974653
-0.000102185442
0.000288773252
-2.88024188e-05
0.000191020757
6.65152528e-05
-2.39812027e-05
-4.50661841e-05
-8.399743e-05
-0.000131891441
-0.000168257094
-0.000200942502
-0.000265595491
-0.000245211952
-0.000365935595
-0.000262852951
-0.000460594495
-0.000254989915
-0.000542423527
-0.000224594978
-0.000605821312
-0.00017570557
-0.000646681731
-0.000112924097
-0.000662339389
-4.11876256e-05
-0.000651561337
3.42840338e-05
-0.000614612945
0.000107967511
-0.000553400636
0.000174044006
-0.000471663896
0.000226531947
-0.000375154008
0.000259628748
-0.000271701959
0.000268328704
-0.000171058862
0.000249331564
-8.44170705e-05
0.000202131469
-2.35998648e-05
0.000130203556
4.29153864e-05
-1.93492249e-05
-2.57169522e-05
-6.84700283e-05
-8.27706283e-05
-0.000138506746
-0.000130905785
-0.000220638072
-0.000163080633
-0.000306428412
-0.000177062613
-0.000388228757
-0.000173189562
-0.000459474171
-0.000153349548
-0.000514859801
-0.000120319931
-0.000550429786
-7.73541155e-05
-0.000563627563
-2.79898564e-05
-0.00055334843
2.40049e-05
-0.000520016436
7.46355268e-05
-0.000465682616
0.000119710199
-0.000394114914
0.00015496425
-0.000310822987
0.000176336819
-0.000222941267
0.000180446982
-0.000138894626
0.000165284924
-6.78135202e-05
0.00013105037
-1.87621124e-05
8.1152155e-05
2.41532742e-05
-1.45055364e-05
-1.12114189e-05
-5.25211057e-05
-4.47550429e-05
-0.000108122805
-7.53040782e-05
-0.000174687786
-9.65156531e-05
-0.000245343236
-0.00010640717
-0.000313520817
-0.000105011983
-0.000373387901
-9.3482455e-05
-0.000420129423
-7.35783955e-05
-0.000450116068
-4.73674617e-05
-0.000461009079
-1.70968484e-05
-0.000451841634
1.48374487e-05
-0.00042309691
4.58908025e-05
-0.000376775974
7.33892719e-05
-0.000316426455
9.4614742e-05
-0.000247079551
0.000106989921
-0.000175030355
0.000108397785
-0.000107403063
9.76576321e-05
-5.14858488e-05
7.51331578e-05
-1.39146225e-05
4.35809342e-05
1.02386542e-05
-9.20280893e-06
-2.00861986e-06
-3.56847394e-05
-1.82730976e-05
-7.64355236e-05
-3.45532824e-05
-0.000126811016
-4.61401532e-05
-0.000181408062
-5.18101261e-05
-0.000234817144
-5.16029074e-05
-0.000282132228
-4.61673732e-05
-0.00031926354
-3.6447075e-05
-0.000343116509
-2.35144795e-05
-0.000351700041
-8.51330957e-06
-0.000344207015
7.34442154e-06
-0.000321084431
2.27682144e-05
-0.000284086162
3.63910037e-05
-0.000236279538
4.68081242e-05
-0.000181958577
5.26689686e-05
-0.000126403748
5.28429613e-05
-7.54285427e-05
4.66824278e-05
-3.46816297e-05
3.43862456e-05
-8.71390989e-06
1.7613217e-05
1.5247472e-06
-3.43753091e-06
1.42890204e-06
-1.80438771e-05
-3.66673957e-06
-4.34060368e-05
-9.19111113e-06
-7.64336646e-05
-1.31125127e-05
-0.000113187152
-1.50566313e-05
-0.00014966511
-1.51249504e-05
-0.000182251544
-1.35809453e-05
-0.000207952847
-1.07457728e-05
-0.000224514094
-6.95322456e-06
-0.000230484758
-2.5426341e-06
-0.000225272643
2.13231285e-06
-0.000209197081
6.6926513e-06
-0.000183535359
1.07292785e-05
-0.000150536813
1.38095798e-05
-0.000113368296
1.55004576e-05
-7.59397611e-05
1.54144339e-05
-4.25472231e-05
1.32898944e-05
-1.72767383e-05
9.11576274e-06
-3.10385876e-06
3.44033873e-06
-1.57910974e-06
1.42890213e-06
-2.23784441e-06
-1.14289617e-05
-2.4541474e-05
-3.95980977e-05
-5.47230394e-05
-6.83039819e-05
-7.90497586e-05
-8.60029876e-05
-8.85456206e-05
-8.64133014e-05
-7.97206438e-05
-6.8991363e-05
-5.51817847e-05
-3.96813285e-05
-2.42668936e-05
-1.09769962e-05
-1.86123059e-06
1.57910977e-06
)
;

boundaryField
{
    walls
    {
        type            calculated;
        value           uniform 0;
    }
    mov_wall
    {
        type            calculated;
        value           uniform 0;
    }
    empty
    {
        type            empty;
        value           nonuniform 0();
    }
}


// ************************************************************************* //
