/*--------------------------------*- C++ -*----------------------------------*\
| =========                 |                                                 |
| \\      /  F ield         | OpenFOAM: The Open Source CFD Toolbox           |
|  \\    /   O peration     | Version:  5.x                                   |
|   \\  /    A nd           | Web:      www.OpenFOAM.org                      |
|    \\/     M anipulation  |                                                 |
\*---------------------------------------------------------------------------*/
FoamFile
{
    version     2.0;
    format      ascii;
    class       volVectorField;
    location    "4.7";
    object      U;
}
// * * * * * * * * * * * * * * * * * * * * * * * * * * * * * * * * * * * * * //

dimensions      [0 1 -1 0 0 0 0];

internalField   nonuniform List<vector> 
400
(
(0.291698365 0.149643881 0)
(0.388187078 0.128007727 0)
(0.557616028 0.0757318401 0)
(0.674785682 0.0433044447 0)
(0.743766582 0.0251591079 0)
(0.787075014 0.0148802987 0)
(0.815462953 0.00893092225 0)
(0.833939557 0.00530992845 0)
(0.845365459 0.0028995616 0)
(0.851349261 0.00108485286 2.66526951e-34)
(0.852640746 -0.000502853054 -2.66526951e-34)
(0.849354291 -0.00216072038 0)
(0.84097337 -0.00421710571 0)
(0.826113772 -0.00722098601 0)
(0.802020424 -0.0122365013 0)
(0.763538944 -0.0213892104 0)
(0.699488891 -0.0388386152 0)
(0.584557335 -0.0722732744 0)
(0.407900535 -0.128436307 0)
(0.300688067 -0.152947536 0)
(0.00120414567 0.28743249 0)
(0.0133208959 0.293872178 0)
(0.140044396 0.209904883 0)
(0.264971554 0.142986179 0)
(0.364177715 0.0968019942 0)
(0.440120045 0.0654411273 0)
(0.496541024 0.0439762549 0)
(0.536691056 0.0287011583 0)
(0.563274457 0.0170798551 0)
(0.578137335 0.00742308696 0)
(0.58221028 -0.00150101224 0)
(0.575515247 -0.0107977547 0)
(0.557109245 -0.0217346524 0)
(0.524912991 -0.036139692 0)
(0.475518405 -0.0569634976 0)
(0.404326001 -0.0889771525 0)
(0.305687292 -0.139150756 0)
(0.174497789 -0.215275202 0)
(0.0341065838 -0.310801155 0)
(0.0108691562 -0.305909063 0)
(-0.0321467783 0.24177396 0)
(-0.0634303991 0.3335472 0)
(-0.021936239 0.299502522 0)
(0.0505995943 0.240051688 0)
(0.127397355 0.183020822 0)
(0.196818587 0.135454534 0)
(0.254167084 0.097452349 0)
(0.298088285 0.0668891749 0)
(0.328665663 0.0413758264 0)
(0.346307815 0.0187814619 -2.35797147e-33)
(0.351211305 -0.00280949097 2.35797147e-33)
(0.343126742 -0.025295046 0)
(0.321277573 -0.0508299469 0)
(0.284432895 -0.0820948305 0)
(0.231328814 -0.122479774 0)
(0.161916759 -0.17565804 0)
(0.0798350173 -0.243208457 0)
(-0.00333734415 -0.317981962 0)
(-0.0578531346 -0.366363502 0)
(-0.0313893205 -0.270690675 0)
(-0.0261204218 0.182361592 0)
(-0.0666192956 0.316884162 0)
(-0.0735378068 0.330901767 0)
(-0.0481307455 0.295352933 0)
(-0.00567219914 0.244253524 0)
(0.0411124545 0.192431754 0)
(0.0845450888 0.145095049 0)
(0.120424314 0.103006636 0)
(0.146585231 0.0651543674 0)
(0.161925467 0.0298884094 2.35546687e-33)
(0.165812808 -0.00469432064 -2.35546687e-33)
(0.157798793 -0.0406696177 0)
(0.137586491 -0.0803027374 0)
(0.105285205 -0.125979579 0)
(0.0620900221 -0.179774807 0)
(0.0116092654 -0.242029716 0)
(-0.0380283814 -0.307764354 0)
(-0.0720490965 -0.359579369 0)
(-0.0711639189 -0.355585637 0)
(-0.0287210566 -0.20917858 0)
(-0.0176296857 0.140767925 0)
(-0.0549165546 0.281827223 0)
(-0.0828630112 0.324484382 0)
(-0.0880762443 0.312396821 0)
(-0.07511971 0.274441999 0)
(-0.0526276451 0.226778443 0)
(-0.0275118666 0.177302829 0)
(-0.00458010908 0.129145433 0)
(0.0130234738 0.0829123671 0)
(0.0233567828 0.0379330359 -2.94545689e-34)
(0.0253097357 -0.00710139206 2.94545689e-34)
(0.0184151978 -0.0537995202 0)
(0.00288697616 -0.103801259 0)
(-0.0200872087 -0.158367936 0)
(-0.0477707992 -0.217530721 0)
(-0.0750614617 -0.278347553 0)
(-0.0936267107 -0.331694801 0)
(-0.0922270575 -0.357398868 0)
(-0.0635074684 -0.31887989 0)
(-0.0207312599 -0.162076724 0)
(-0.0116542805 0.111592258 0)
(-0.0431522043 0.243765281 0)
(-0.0782840063 0.299859421 0)
(-0.100579275 0.305000848 0)
(-0.108310606 0.280421282 0)
(-0.105716522 0.240369197 0)
(-0.0975361875 0.19327778 0)
(-0.0877934621 0.143545379 0)
(-0.0795352054 0.0930260816 0)
(-0.0748272306 0.0420752373 0)
(-0.0748481439 -0.00975925373 0)
(-0.0799345874 -0.0632506159 0)
(-0.08950003 -0.119033272 0)
(-0.101812883 -0.176993442 0)
(-0.113690955 -0.235297919 0)
(-0.120284785 -0.288849071 0)
(-0.115237026 -0.327084781 0)
(-0.0922711149 -0.33156655 0)
(-0.0521876282 -0.27511969 0)
(-0.0142847859 -0.127260098 0)
(-0.00803185623 0.0899680236 0)
(-0.0343052844 0.207876708 0)
(-0.0703686649 0.267741371 0)
(-0.100959326 0.283509161 0)
(-0.121509121 0.269753795 0)
(-0.133061976 0.23780786 0)
(-0.138135849 0.195384136 0)
(-0.139450253 0.1472165 0)
(-0.139365677 0.0958906894 0)
(-0.139599243 0.0425957644 0)
(-0.141114123 -0.0122625625 0)
(-0.144054672 -0.0685401619 0)
(-0.147657215 -0.125824591 0)
(-0.150140607 -0.182787203 0)
(-0.148667746 -0.236314554 0)
(-0.139565532 -0.280390166 0)
(-0.119015756 -0.304900544 0)
(-0.0848747414 -0.294957284 0)
(-0.0422046461 -0.232154476 0)
(-0.0100065909 -0.100709815 0)
(-0.00589819023 0.0731569074 0)
(-0.0280514404 0.175459936 0)
(-0.0624620795 0.23345498 0)
(-0.0961931162 0.254650704 0)
(-0.123784298 0.248662387 0)
(-0.144336457 0.223978333 0)
(-0.158622048 0.187072468 0)
(-0.168069555 0.142434115 0)
(-0.174171018 0.0929433464 0)
(-0.17809166 0.0403533071 0)
(-0.18045627 -0.0142245191 0)
(-0.181230015 -0.0698446728 0)
(-0.179647309 -0.12522575 0)
(-0.174205201 -0.178177558 0)
(-0.162809074 -0.224940951 0)
(-0.143212561 -0.259512834 0)
(-0.113841641 -0.273201301 0)
(-0.075316619 -0.254896361 0)
(-0.0343188976 -0.192925776 0)
(-0.00728498503 -0.0799917708 0)
(-0.00459312314 0.0595160168 0)
(-0.0235441699 0.146542624 0)
(-0.0553429923 0.199662165 0)
(-0.0893196756 0.222701644 0)
(-0.120051823 0.221819425 0)
(-0.145609099 0.203131839 0)
(-0.165570659 0.171796559 0)
(-0.180317107 0.131775638 0)
(-0.190531081 0.0859405168 0)
(-0.196813741 0.036351014 2.97711639e-34)
(-0.199448908 -0.01539154 -2.97711639e-34)
(-0.198275639 -0.0677566385 0)
(-0.192646159 -0.118867793 0)
(-0.181489355 -0.166059304 0)
(-0.163546091 -0.205440867 0)
(-0.137858733 -0.23157779 0)
(-0.104503398 -0.237504905 0)
(-0.0656637278 -0.215386224 0)
(-0.028173798 -0.158249842 0)
(-0.00551068999 -0.06346682 0)
(-0.00373314397 0.0480883414 0)
(-0.020121235 0.120839402 0)
(-0.0490153891 0.167676448 0)
(-0.0816389802 0.190287507 0)
(-0.112989451 0.192487658 0)
(-0.140680565 0.178557139 4.67988275e-33)
(-0.163557398 0.152465456 0)
(-0.181246287 0.117555003 0)
(-0.193784179 0.0765047491 -4.74064047e-33)
(-0.201296976 0.0314710005 2.26593636e-36)
(-0.203789201 -0.0156743912 4.98648764e-36)
(-0.201035373 -0.0630555919 0)
(-0.192565935 -0.108481579 0)
(-0.177765517 -0.149141424 0)
(-0.15612491 -0.181360923 0)
(-0.127679785 -0.200524259 0)
(-0.0935645726 -0.201318534 0)
(-0.0566770462 -0.178463971 0)
(-0.0233146667 -0.12809014 0)
(-0.00429570477 -0.0500435335 0)
(-0.00311504138 0.0383306345 0)
(-0.0173631174 0.0980508541 0)
(-0.0433176203 0.138129971 0)
(-0.0737180758 0.158979206 0)
(-0.104104453 0.16283823 0)
(-0.131970536 0.152618186 -4.67988275e-33)
(-0.155761618 0.131295708 0)
(-0.174612865 0.101603282 0)
(-0.188100221 0.0659289985 4.74064047e-33)
(-0.195997422 0.0263693673 1.49106921e-33)
(-0.198111616 -0.0151233144 -1.49832163e-33)
(-0.194204015 -0.0565442411 0)
(-0.183996563 -0.0956260357 0)
(-0.167277175 -0.12965484 0)
(-0.144124395 -0.155368912 0)
(-0.115252466 -0.169022495 0)
(-0.08238141 -0.166713888 0)
(-0.0485941053 -0.145040224 0)
(-0.0193975968 -0.102103347 0)
(-0.00342090955 -0.0390050004 0)
(-0.00263393594 0.029926266 0)
(-0.0150226244 0.0779301311 0)
(-0.0380974223 0.111311114 0)
(-0.0658175681 0.129695798 0)
(-0.0942794746 0.134263884 0)
(-0.121044029 0.126925349 0)
(-0.144383612 0.109860574 0)
(-0.163148987 0.0852480495 0)
(-0.17661951 0.0551416417 0)
(-0.184335477 0.02147032 2.99742806e-34)
(-0.18598294 -0.0138813597 -2.99742806e-34)
(-0.181343678 -0.0489515375 0)
(-0.170313966 -0.0815745541 0)
(-0.152999254 -0.109289268 0)
(-0.129891607 -0.129330735 0)
(-0.102114502 -0.138764244 0)
(-0.0716393821 -0.134816137 0)
(-0.0414365963 -0.115407287 0)
(-0.0161843502 -0.0798582213 0)
(-0.00276403351 -0.0298606585 0)
(-0.00223473587 0.0226800254 0)
(-0.0129541263 0.0602838597 0)
(-0.033238149 0.0873308394 0)
(-0.0580555289 0.102954504 0)
(-0.0840353809 0.107621826 0)
(-0.108906085 0.102520714 0)
(-0.130914082 0.0892086545 0)
(-0.148775835 0.0693818695 0)
(-0.161603552 0.0447501667 0)
(-0.16880129 0.0170067367 3.00137395e-34)
(-0.169993547 -0.01213721 -3.00137395e-34)
(-0.164999674 -0.0408861767 0)
(-0.153857537 -0.0672953741 0)
(-0.136899083 -0.0892417051 0)
(-0.114876638 -0.104468701 0)
(-0.089118909 -0.110744417 0)
(-0.0616328449 -0.106158115 0)
(-0.0351269759 -0.0895353353 0)
(-0.0135037434 -0.0609264414 0)
(-0.00225327272 -0.0222578267 0)
(-0.0018854555 0.0164662566 0)
(-0.0110624836 0.0449645406 0)
(-0.0286411429 0.0662105082 0)
(-0.0504611292 0.0790278218 0)
(-0.0736531639 0.0834123348 0)
(-0.0961641792 0.0800414937 0)
(-0.116305918 0.0699953636 0)
(-0.132763342 0.0545610917 0)
(-0.144575603 0.0351143651 0)
(-0.151082437 0.0130747364 0)
(-0.151887893 -0.0100881513 0)
(-0.146853004 -0.0328250748 0)
(-0.136119505 -0.0534823514 0)
(-0.120164256 -0.0703098535 0)
(-0.0998793411 -0.081529949 0)
(-0.076657122 -0.0854921367 0)
(-0.0524122118 -0.080923538 0)
(-0.0295300343 -0.0672469498 0)
(-0.0112185732 -0.0449266632 0)
(-0.00184129757 -0.0159381047 0)
(-0.00156251743 0.0112077494 0)
(-0.00926987952 0.0318705378 0)
(-0.0242025199 0.0479368772 0)
(-0.0429884457 0.0580490736 0)
(-0.0632319153 0.0619115033 0)
(-0.0831208701 0.0598559217 0)
(-0.101086248 0.0526055586 0)
(-0.115849131 0.0411071773 0)
(-0.126440928 0.0264236366 0)
(-0.132187241 0.00968560959 0)
(-0.132697635 -0.00791671313 0)
(-0.127870718 -0.0251250474 0)
(-0.117915458 -0.0406102702 0)
(-0.103386533 -0.0529974498 0)
(-0.0852272537 -0.060938698 0)
(-0.0648019897 -0.0632496892 0)
(-0.0438652641 -0.059113385 0)
(-0.0244675016 -0.0483249892 0)
(-0.0092030931 -0.0315520059 0)
(-0.00149088374 -0.0107193776 0)
(-0.00124269163 0.00687236747 0)
(-0.00749726349 0.0209539399 0)
(-0.0197996763 0.0325014323 0)
(-0.0355241955 0.0400873019 0)
(-0.0527239647 0.0432717648 0)
(-0.0698331061 0.0421741853 0)
(-0.0854326583 0.0372606214 0)
(-0.09832517 0.0291991519 0)
(-0.107580785 0.0187673633 0)
(-0.112546722 0.00680864703 0)
(-0.112854337 -0.00578010919 0)
(-0.108431631 -0.0180487558 0)
(-0.0995214495 -0.0289997709 0)
(-0.0867021671 -0.0376160614 0)
(-0.0709039778 -0.0429246717 0)
(-0.0534054941 -0.0441071864 0)
(-0.0357703095 -0.0406592877 0)
(-0.019728105 -0.032581079 0)
(-0.00733072861 -0.0205903307 0)
(-0.00116697595 -0.00649226776 0)
(-0.000899882875 0.00347704249 0)
(-0.00566093168 0.0122244294 0)
(-0.0152978464 0.0199179426 0)
(-0.0279091936 0.0251886561 0)
(-0.0419708367 0.0275859318 0)
(-0.056159282 0.0271262717 0)
(-0.0692274823 0.0240986745 0)
(-0.0800968179 0.0189454342 0)
(-0.0879159914 0.0121895956 0)
(-0.0920844191 0.00440206801 0)
(-0.0922681512 -0.00380767525 0)
(-0.0884155146 -0.0117927643 0)
(-0.0807724924 -0.0188748751 0)
(-0.069894205 -0.0243659717 0)
(-0.0566454538 -0.0276151904 0)
(-0.0421770506 -0.0280887029 0)
(-0.0278468997 -0.0254864168 0)
(-0.0150887338 -0.0198866103 0)
(-0.00547449494 -0.0119313562 0)
(-0.000833547404 -0.00322197441 0)
(-0.000507508372 0.0010892075 0)
(-0.00368889261 0.00574014013 0)
(-0.010587225 0.0102223818 0)
(-0.0199879385 0.013402216 0)
(-0.030755295 0.0149400976 0)
(-0.0418076561 0.0148327203 0)
(-0.052100476 0.0132501848 0)
(-0.0607205943 0.0104516802 0)
(-0.0669425833 0.00673881748 0)
(-0.0702538284 0.00243728504 0)
(-0.0703711871 -0.00210634981 0)
(-0.0672558407 -0.00652338614 0)
(-0.0611263923 -0.0104252531 0)
(-0.0524664982 -0.0134154695 0)
(-0.0420201075 -0.015116711 0)
(-0.0307626618 -0.0152183497 0)
(-0.0198243286 -0.013549404 0)
(-0.0103615216 -0.0101761651 0)
(-0.00352670186 -0.00555507403 0)
(-0.000456470503 -0.00094596596 0)
(-6.44915235e-05 -0.000176241141 0)
(-0.00159898935 0.00163661679 0)
(-0.00569518825 0.00359860159 0)
(-0.0117199311 0.00501067952 0)
(-0.0188880491 0.00571684755 0)
(-0.0263913881 0.00573383001 0)
(-0.033454988 0.00514772247 0)
(-0.0394085021 0.00407326831 0)
(-0.0437225492 0.00263489198 0)
(-0.0460238846 0.000961862444 0)
(-0.0461058233 -0.000810103719 0)
(-0.0439388711 -0.00253598856 0)
(-0.0396813836 -0.00406056189 0)
(-0.0336869569 -0.00522175546 0)
(-0.0265027371 -0.00586030493 0)
(-0.0188496257 -0.00583829586 0)
(-0.0115675427 -0.00507039368 0)
(-0.00551559592 -0.00357095312 0)
(-0.00148203486 -0.00155258652 0)
(-3.10932917e-05 0.000233977769 0)
(0.000261395578 -0.000255577821 0)
(0.000151439925 0.000102072893 0)
(-0.00117495361 0.000547415136 0)
(-0.00348063247 0.000863516066 0)
(-0.0063755833 0.00102207827 0)
(-0.0094668723 0.00103797748 0)
(-0.0124000354 0.000936218594 0)
(-0.0148817771 0.000743061859 0)
(-0.0166861011 0.000483180326 0)
(-0.0176547264 0.000180088153 1.08300206e-33)
(-0.0176985207 -0.000142308114 -1.08300206e-33)
(-0.0168014857 -0.000458218321 0)
(-0.0150266287 -0.000739019099 0)
(-0.0125219007 -0.000953244584 0)
(-0.0095235493 -0.00106773215 0)
(-0.00635302409 -0.00105052567 0)
(-0.00340014962 -0.000876787777 0)
(-0.00108361509 -0.000539615883 0)
(0.000206111039 -8.2514327e-05 0)
(0.000274563788 0.000266745585 0)
)
;

boundaryField
{
    walls
    {
        type            fixedValue;
        value           uniform (0 0 0);
    }
    mov_wall
    {
        type            fixedValue;
        value           uniform (1 0 0);
    }
    empty
    {
        type            empty;
    }
}


// ************************************************************************* //
