/*--------------------------------*- C++ -*----------------------------------*\
| =========                 |                                                 |
| \\      /  F ield         | OpenFOAM: The Open Source CFD Toolbox           |
|  \\    /   O peration     | Version:  5.x                                   |
|   \\  /    A nd           | Web:      www.OpenFOAM.org                      |
|    \\/     M anipulation  |                                                 |
\*---------------------------------------------------------------------------*/
FoamFile
{
    version     2.0;
    format      ascii;
    class       volScalarField;
    location    "8.9";
    object      p;
}
// * * * * * * * * * * * * * * * * * * * * * * * * * * * * * * * * * * * * * //

dimensions      [0 2 -2 0 0 0 0];

internalField   nonuniform List<scalar> 
400
(
4.40573285e-07
2.4524594
3.49432302
3.89887918
4.10664711
4.22470657
4.29429122
4.3402781
4.37633862
4.41011074
4.44675965
4.49091451
4.54765418
4.62448929
4.7347975
4.90459595
5.18237958
5.68420096
6.84131557
9.4117246
1.88670512
2.86728919
3.4198834
3.7477437
3.96518067
4.10974712
4.20767412
4.27899207
4.33674465
4.38961301
4.4442452
4.50657168
4.58333324
4.68329755
4.81972609
5.01367888
5.29402209
5.6984688
6.33841532
7.42837106
2.98207758
3.26252997
3.54233086
3.77067936
3.94570551
4.07571561
4.17322546
4.25000307
4.31527539
4.37623574
4.43892492
4.5090214
4.59257486
4.69678247
4.83084992
5.00663799
5.23632151
5.52393903
5.86049049
6.19823728
3.52778398
3.58534256
3.72178517
3.86537651
3.98906387
4.09083218
4.17461006
4.24571377
4.30952664
4.37102292
4.43477441
4.50520419
4.58678823
4.68425431
4.80245093
4.9456925
5.11574924
5.30514774
5.47833671
5.55963866
3.84421689
3.82688026
3.8851796
3.96938268
4.05221949
4.12779077
4.19566841
4.25747756
4.3159226
4.37409196
4.43506482
4.50185738
4.57733091
4.66400576
4.76350371
4.87551078
4.99635887
5.11480167
5.1958457
5.18371553
4.04550082
4.00365856
4.02142583
4.06784953
4.12138203
4.17574062
4.22885456
4.28053749
4.33185984
4.38449133
4.44027064
4.50096781
4.56804857
4.64232608
4.72332599
4.80836603
4.8918065
4.96267774
4.99308039
4.94680766
4.18058535
4.13383055
4.13183852
4.15536824
4.18883309
4.22706624
4.26772662
4.3098715
4.35363704
4.39973092
4.44903791
4.50233652
4.56001866
4.62172151
4.68578504
4.74862558
4.80455941
4.84466542
4.84862434
4.79367973
4.27565809
4.23084206
4.2196597
4.22967396
4.24984533
4.27635418
4.30712183
4.34098232
4.37757816
4.41699863
4.45945096
4.5049958
4.5532849
4.60324891
4.65270466
4.69801082
4.73425816
4.75484636
4.74556013
4.69204185
4.34467359
4.30373047
4.28862848
4.29082709
4.30237578
4.32057109
4.3437294
4.37070123
4.40089257
4.43401508
4.46982778
4.50791717
4.54748297
4.58710861
4.624513
4.65641282
4.67889308
4.68733262
4.67187878
4.62321612
4.39525864
4.35850376
4.34215652
4.33995757
4.34598858
4.35836065
4.37576027
4.39714425
4.42182463
4.4492981
4.4790502
4.51038625
4.54227351
4.57319186
4.60099974
4.62292562
4.63599514
4.63709171
4.61932409
4.57637705
4.43196292
4.39925685
4.38305356
4.37850973
4.3810651
4.38939538
4.40248659
4.41942353
4.43950114
4.46210801
4.48658162
4.51208613
4.53750716
4.56136799
4.58177535
4.59648053
4.60329383
4.60017286
4.58220504
4.54489312
4.45777581
4.42889495
4.41357944
4.40794392
4.4083787
4.4139465
4.42386339
4.43733761
4.45368715
4.47226014
4.49233008
4.51301307
4.53320581
4.55155058
4.56643215
4.57606959
4.57888486
4.57357389
4.55655445
4.52447717
4.47482677
4.44957267
4.43556051
4.4296196
4.42885205
4.43259282
4.44023475
4.45109771
4.46454201
4.47991474
4.49647639
4.51334956
4.52949041
4.5436878
4.55459104
4.56080991
4.56122637
4.55503515
4.53957248
4.51225862
4.48472969
4.46295861
4.45049235
4.4447506
4.44341571
4.44602791
4.45212171
4.46111674
4.47242208
4.48540239
4.49932985
4.51335809
4.52651902
4.53774555
4.54591734
4.54995836
4.54909275
4.54285617
4.52925458
4.50627113
4.48877321
4.47040193
4.45962004
4.45439277
4.45292651
4.45493595
4.46007785
4.46786116
4.47774111
4.48910209
4.50123169
4.51331576
4.52445513
4.53370541
4.54013397
4.54291221
4.54152229
4.53574776
4.52413373
4.50513492
4.48806052
4.47305619
4.46400865
4.45945459
4.4581305
4.45992332
4.46460445
4.47176203
4.48088641
4.4913699
4.50250177
4.51348245
4.52345731
4.53157017
4.53702982
4.53919885
4.53776166
4.53270704
4.52308279
4.50782043
4.4836677
4.47200962
4.4646401
4.46076208
4.45970133
4.46153647
4.46615277
4.47320524
4.48220002
4.49251349
4.50340905
4.51406943
4.5236466
4.53132822
4.53641496
4.53841182
4.5371697
4.53287758
4.52512572
4.51341544
4.47685492
4.46838712
4.46242867
4.45901512
4.45816167
4.46016959
4.46503449
4.47245677
4.48192719
4.49276967
4.50418069
4.51527975
4.52517393
4.53303827
4.5382073
4.54027754
4.53923835
4.53549782
4.52928704
4.52085551
4.46928554
4.46319389
4.45767375
4.45396747
4.4529215
4.4550888
4.46054254
4.46896788
4.47977046
4.49214836
4.50515351
4.51775786
4.52893063
4.53773375
4.54343387
4.54563029
4.54440373
4.5404155
4.53469845
4.52866541
4.46344845
4.45752265
4.45037007
4.4449265
4.44290289
4.44509497
4.45156703
4.46187239
4.47521427
4.49055052
4.50667171
4.52227543
4.53605289
4.54679892
4.55355154
4.55576483
4.55351966
4.54774881
4.54035093
4.53446155
)
;

boundaryField
{
    walls
    {
        type            zeroGradient;
    }
    mov_wall
    {
        type            zeroGradient;
    }
    empty
    {
        type            empty;
    }
}


// ************************************************************************* //
