/*--------------------------------*- C++ -*----------------------------------*\
| =========                 |                                                 |
| \\      /  F ield         | OpenFOAM: The Open Source CFD Toolbox           |
|  \\    /   O peration     | Version:  5.x                                   |
|   \\  /    A nd           | Web:      www.OpenFOAM.org                      |
|    \\/     M anipulation  |                                                 |
\*---------------------------------------------------------------------------*/
FoamFile
{
    version     2.0;
    format      ascii;
    class       surfaceScalarField;
    location    "8.9";
    object      phi;
}
// * * * * * * * * * * * * * * * * * * * * * * * * * * * * * * * * * * * * * //

dimensions      [0 3 -1 0 0 0 0];

internalField   nonuniform List<scalar> 
760
(
0.00134817682
-0.00134817703
0.00245763987
-0.00110946305
0.00313513474
-0.000677494865
0.00355971576
-0.000424581018
0.00383225134
-0.000272535582
0.00400945217
-0.000177200839
0.00412521452
-0.000115762342
0.00419921709
-7.40025655e-05
0.00424243237
-4.32152763e-05
0.0042605536
-1.81212304e-05
0.00425562236
4.9312324e-06
0.00422675778
2.88645765e-05
0.0041693894
5.73683851e-05
0.00407358505
9.58043546e-05
0.00391995094
0.000153634104
0.0036720193
0.00024793164
0.00326316023
0.00040885907
0.00257264076
0.00069051947
0.00140850173
0.00116413904
0.00140850173
-5.46951617e-05
-0.00129348187
0.000412592755
-0.00157675097
0.0010300299
-0.001294932
0.00157871394
-0.00097326506
0.00201483275
-0.00070865439
0.0023447773
-0.000507145388
0.00258511634
-0.000356101387
0.00275126943
-0.000240155657
0.00285456781
-0.000146513653
0.00290179534
-6.53487505e-05
0.00289536661
1.13599563e-05
0.00283293037
9.13008148e-05
0.00270712574
0.000183173011
0.00250436375
0.000298566353
0.00220410989
0.000453887968
0.00178090173
0.000671139801
0.001217568
0.000972192799
0.000552812559
0.0013552749
1.30664747e-05
0.00170388512
0.00142156821
-0.000271734607
-0.00102174726
-0.000221026529
-0.00162745905
7.13678669e-05
-0.0015873264
0.000446285709
-0.0013481829
0.000812489735
-0.00107485841
0.00112929931
-0.000823954962
0.00138207834
-0.000608880423
0.0015680079
-0.000426085214
0.00168837698
-0.00026688273
0.00174468455
-0.000121656321
0.00173678977
1.92547378e-05
0.00166213443
0.000165956159
0.00151571289
0.000329594547
0.00129125424
0.000523025
0.000985011696
0.000760130519
0.000605009659
0.00105114184
0.000189850714
0.00138735174
-0.000160045077
0.00170517069
-0.000261640634
0.00180548067
0.00115992759
-0.000227941562
-0.000793805697
-0.000361197284
-0.00149420333
-0.000308328181
-0.00164019551
-0.000134821169
-0.00152168991
8.92094232e-05
-0.001298889
0.000314971906
-0.00104971744
0.000513263031
-0.000807171549
0.000668300039
-0.000581122225
0.000771990341
-0.000370573034
0.000820036131
-0.000169702108
0.000809727669
2.95632053e-05
0.000739201039
0.00023648279
0.000607935675
0.000460859906
0.000419110874
0.000711849797
0.000184524328
0.000994717067
-6.71911716e-05
0.00130285735
-0.000280617539
0.00160077812
-0.000369418477
0.00179397162
-0.000246993634
0.00168305583
0.000912933952
-0.000168965209
-0.000624840485
-0.000352016168
-0.00131115237
-0.000431557663
-0.00156065401
-0.000408908958
-0.00154433862
-0.000319435155
-0.0013883628
-0.000200095154
-0.00116905744
-7.98100549e-05
-0.000927456645
2.15782719e-05
-0.000682510554
9.1428709e-05
-0.000440423476
0.000122135395
-0.000200408794
0.000109757209
4.19413973e-05
5.36457305e-05
0.000292594275
-4.27489968e-05
0.000557254632
-0.000169694031
0.000838794825
-0.000307652433
0.00113267547
-0.000423468627
0.00141867355
-0.000470024868
0.00164733436
-0.00039782482
0.00172177158
-0.000196431028
0.00148166203
0.000716502921
-0.000124192136
-0.000500648349
-0.000308335631
-0.00112700887
-0.00045049409
-0.00141849555
-0.000523204006
-0.00147162871
-0.000535391046
-0.00137617577
-0.000508160802
-0.00119628768
-0.000463156865
-0.000972460576
-0.000418060917
-0.000727606501
-0.000385618998
-0.0004728654
-0.000373912061
-0.000212115736
-0.00038672792
5.47572587e-05
-0.000423459487
0.00032932585
-0.000478356358
0.000612151509
-0.000539178263
0.000899616726
-0.000585818878
0.00117931607
-0.000590512336
0.001423367
-0.000523085129
0.00157990716
-0.000366699079
0.00156538553
-0.000150585982
0.00126554894
0.000565916934
-9.45729364e-05
-0.000406075417
-0.000264649739
-0.000956932061
-0.000430738377
-0.00125240691
-0.000556976934
-0.00134539015
-0.000636793209
-0.0012963595
-0.000678141753
-0.00115493913
-0.000693943908
-0.000956658415
-0.000696929219
-0.000724621183
-0.000697274038
-0.00047252058
-0.000701661747
-0.000207728035
-0.000712860707
6.59562139e-05
-0.000729336354
0.000345801501
-0.000744753793
0.000627568958
-0.000747580288
0.000902443225
-0.000721469894
0.00115320567
-0.00064784339
0.00134974049
-0.000512876921
0.00144494069
-0.000321206276
0.0013737149
-0.000116485697
0.00106082836
0.000449431233
-7.5343739e-05
-0.000330731684
-0.000228206813
-0.000804068982
-0.000398353653
-0.00108226007
-0.000550539514
-0.00119320429
-0.000670626444
-0.00117627257
-0.000757578336
-0.00106798725
-0.000816784803
-0.000897451948
-0.000855587429
-0.000685818548
-0.000880624279
-0.000447483723
-0.00089636031
-0.000191992007
-0.00090427008
7.38659749e-05
-0.000902360308
0.000343891725
-0.0008849722
0.000610180857
-0.000843104149
0.000860575185
-0.000765820181
0.00107592171
-0.000643664735
0.00122758504
-0.000475103942
0.00127637989
-0.000276309846
0.0011749208
-9.21328591e-05
0.000876651383
0.000357298377
-6.22883079e-05
-0.000268443378
-0.000198541322
-0.000667815971
-0.000362893649
-0.000917907734
-0.000523850715
-0.00103224721
-0.000664415216
-0.00103570807
-0.000778128913
-0.000954273558
-0.00086481217
-0.000810768698
-0.000927165467
-0.000623465248
-0.000968399669
-0.000406249509
-0.000990721196
-0.000169670474
-0.000994436357
7.75811306e-05
-0.000977525736
0.000326981093
-0.000935695001
0.000568350119
-0.000863101232
0.000787981424
-0.000754123148
0.000966943635
-0.000606626301
0.00108008819
-0.000426950408
0.00109670399
-0.000236038292
0.000984008678
-7.4349023e-05
0.000714962114
0.00028294936
-5.27689666e-05
-0.000215674409
-0.000173812792
-0.000546772153
-0.000327557405
-0.000764163122
-0.000486865976
-0.000872938637
-0.000634380177
-0.00088819386
-0.000760757845
-0.00082789589
-0.000862116657
-0.000709409896
-0.000937654759
-0.000547927153
-0.000987783222
-0.000356121041
-0.00101282395
-0.000144629735
-0.00101222275
7.69799356e-05
-0.000984240692
0.00029899903
-0.000926163067
0.000510272482
-0.000835158815
0.000696977172
-0.000709976085
0.000841760913
-0.000553597321
0.00092370944
-0.000376676976
0.000919783648
-0.000200960049
0.000808291746
-6.08626299e-05
0.00057486469
0.000222086734
-4.52979219e-05
-0.000170376478
-0.000152453974
-0.000439616109
-0.000293299618
-0.000623317484
-0.000444763106
-0.000721475147
-0.000590345838
-0.000742611119
-0.000719473345
-0.000698768375
-0.000826046337
-0.000602836907
-0.00090687821
-0.000467095292
-0.00096034758
-0.000302651677
-0.000985403147
-0.000119574159
-0.000980963146
7.25399484e-05
-0.0009457321
0.000263767988
-0.000878480028
0.000443020401
-0.000778855063
0.000597352196
-0.000648784055
0.000711689904
-0.000494403545
0.000769328939
-0.000328204148
0.000753584259
-0.000170678365
0.000650765963
-5.02806583e-05
0.000454466978
0.000171806074
-3.90621766e-05
-0.000131314293
-0.000133403796
-0.000345274491
-0.000260349971
-0.000496371316
-0.000400388975
-0.000581436149
-0.000538431197
-0.000604568894
-0.000663692776
-0.000573506784
-0.000768938036
-0.000497591639
-0.000849523073
-0.000386510261
-0.000902500938
-0.000249673825
-0.000925934101
-9.61409999e-05
-0.000918488873
6.50947297e-05
-0.000879356184
0.000224635312
-0.000808535325
0.000372199545
-0.00070750527
0.000496322133
-0.000580261696
0.000584446321
-0.00043458834
0.000623655582
-0.00028324829
0.000602244216
-0.00014457336
0.00051209104
-4.17551834e-05
0.000351648803
0.000130050886
-3.360941e-05
-9.77048814e-05
-0.000115973498
-0.000262910394
-0.000228685883
-0.000383658933
-0.000355331146
-0.000454790895
-0.000482448496
-0.00047745155
-0.000599656648
-0.000456298627
-0.000699324723
-0.000397923551
-0.000776050468
-0.000309784509
-0.000826127624
-0.000199596677
-0.00084712414
-7.51444959e-05
-0.000837646093
5.56166788e-05
-0.0007973322
0.00018432143
-0.000727102518
0.000301969875
-0.000629656424
0.00039887604
-0.000510163473
0.000464953363
-0.000377005145
0.000490497248
-0.000242314867
0.000467553938
-0.000121978232
0.00039175441
-3.47332126e-05
0.000264403789
9.53176708e-05
-2.86575e-05
-6.90473884e-05
-9.96602253e-05
-0.000191907656
-0.000198117
-0.000285202151
-0.000310357558
-0.000342550341
-0.000424616069
-0.00036319305
-0.000531265896
-0.000349648805
-0.000622765451
-0.000306423988
-0.000693446621
-0.000239103326
-0.000739258801
-0.000153784492
-0.000757558031
-5.68452735e-05
-0.000747003455
4.50620901e-05
-0.000707597941
0.000144915914
-0.000640884394
0.000235256338
-0.000550277055
0.000308268711
-0.000441462341
0.000356138651
-0.000322745857
0.000371780758
-0.000205166588
0.000349974663
-0.000102185443
0.000288773265
-2.88024164e-05
0.000191020767
6.65152562e-05
-2.39812192e-05
-4.50661807e-05
-8.39974398e-05
-0.000131891428
-0.000168257092
-0.000200942488
-0.000265595482
-0.000245211945
-0.00036593559
-0.000262852947
-0.000460594501
-0.000254989905
-0.000542423539
-0.000224594955
-0.000605821315
-0.000175705541
-0.000646681718
-0.000112924075
-0.000662339372
-4.1187616e-05
-0.000651561329
3.42840391e-05
-0.000614612948
0.000107967523
-0.000553400639
0.000174044028
-0.000471663891
0.000226531971
-0.000375153996
0.000259628764
-0.000271701948
0.000268328712
-0.000171058858
0.000249331569
-8.44170715e-05
0.000202131476
-2.35998677e-05
0.000130203563
4.29153919e-05
-1.93492292e-05
-2.57169583e-05
-6.84700416e-05
-8.27706185e-05
-0.000138506755
-0.000130905769
-0.00022063807
-0.00016308062
-0.000306428404
-0.000177062608
-0.000388228754
-0.000173189561
-0.00045947418
-0.00015334954
-0.000514859813
-0.000120319912
-0.000550429788
-7.73540918e-05
-0.000563627553
-2.79898393e-05
-0.000553348417
2.40049066e-05
-0.00052001643
7.46355298e-05
-0.000465682618
0.000119710208
-0.000394114916
0.000154964267
-0.000310822982
0.000176336837
-0.000222941258
0.000180446994
-0.000138894618
0.00016528493
-6.78135179e-05
0.000131050373
-1.87621159e-05
8.11521583e-05
2.41532779e-05
-1.45055254e-05
-1.1211429e-05
-5.2521115e-05
-4.47550406e-05
-0.000108122819
-7.53040667e-05
-0.000174687795
-9.65156375e-05
-0.000245343234
-0.000106407159
-0.00031352081
-0.00010501198
-0.0003733879
-9.34824562e-05
-0.000420129431
-7.35783912e-05
-0.000450116078
-4.73674476e-05
-0.00046100908
-1.70968304e-05
-0.000451841625
1.48374613e-05
-0.000423096899
4.58908066e-05
-0.000376775969
7.3389273e-05
-0.000316426456
9.46147472e-05
-0.000247079552
0.000106989932
-0.000175030351
0.000108397797
-0.000107403057
9.76576404e-05
-5.14858439e-05
7.51331614e-05
-1.39146227e-05
4.35809355e-05
1.02386547e-05
-9.20279035e-06
-2.00862641e-06
-3.56847415e-05
-1.82731016e-05
-7.64355346e-05
-3.45532812e-05
-0.00012681103
-4.61401443e-05
-0.000181408069
-5.18101128e-05
-0.000234817141
-5.16028977e-05
-0.000282132221
-4.61673717e-05
-0.00031926354
-3.64470781e-05
-0.000343116517
-2.35144788e-05
-0.000351700048
-8.51330106e-06
-0.000344207015
7.34443382e-06
-0.000321084424
2.27682231e-05
-0.000284086154
3.6391006e-05
-0.000236279534
4.68081238e-05
-0.000181958577
5.26689705e-05
-0.000126403748
5.2842967e-05
-7.54285396e-05
4.66824346e-05
-3.46816254e-05
3.43862502e-05
-8.71390742e-06
1.76132186e-05
1.52474633e-06
-3.43751482e-06
1.42890155e-06
-1.80438742e-05
-3.66675202e-06
-4.34060396e-05
-9.1911248e-06
-7.64336737e-05
-1.31125193e-05
-0.000113187163
-1.50566261e-05
-0.000149665116
-1.51249381e-05
-0.000182251542
-1.35809366e-05
-0.000207952842
-1.07457744e-05
-0.000224514093
-6.95323229e-06
-0.000230484763
-2.54263823e-06
-0.000225272648
2.13231757e-06
-0.000209197081
6.69266084e-06
-0.000183535353
1.0729285e-05
-0.000150536807
1.38095796e-05
-0.000113368293
1.55004538e-05
-7.59397606e-05
1.54144317e-05
-4.25472225e-05
1.3289896e-05
-1.72767364e-05
9.11576604e-06
-3.10385627e-06
3.44034101e-06
-1.57910996e-06
1.42890508e-06
-2.23783681e-06
-1.14289537e-05
-2.45414723e-05
-3.95981048e-05
-5.47230495e-05
-6.83039861e-05
-7.90497543e-05
-8.60029806e-05
-8.85456185e-05
-8.64133055e-05
-7.97206489e-05
-6.8991364e-05
-5.5181781e-05
-3.9681324e-05
-2.42668914e-05
-1.09769964e-05
-1.86123133e-06
1.57910995e-06
)
;

boundaryField
{
    walls
    {
        type            calculated;
        value           uniform 0;
    }
    mov_wall
    {
        type            calculated;
        value           uniform 0;
    }
    empty
    {
        type            empty;
        value           nonuniform 0();
    }
}


// ************************************************************************* //
