/*--------------------------------*- C++ -*----------------------------------*\
| =========                 |                                                 |
| \\      /  F ield         | OpenFOAM: The Open Source CFD Toolbox           |
|  \\    /   O peration     | Version:  5.x                                   |
|   \\  /    A nd           | Web:      www.OpenFOAM.org                      |
|    \\/     M anipulation  |                                                 |
\*---------------------------------------------------------------------------*/
FoamFile
{
    version     2.0;
    format      ascii;
    class       volVectorField;
    location    "8.9";
    object      U;
}
// * * * * * * * * * * * * * * * * * * * * * * * * * * * * * * * * * * * * * //

dimensions      [0 1 -1 0 0 0 0];

internalField   nonuniform List<vector> 
400
(
(0.291698424 0.149643817 0)
(0.388187169 0.128007693 0)
(0.55761607 0.0757318261 0)
(0.674785703 0.0433044383 0)
(0.743766596 0.025159105 0)
(0.787075022 0.0148802973 0)
(0.815462958 0.00893092129 0)
(0.83393956 0.0053099278 0)
(0.845365463 0.00289956146 0)
(0.851349265 0.00108485317 2.66526748e-34)
(0.852640748 -0.000502852764 -2.66526748e-34)
(0.849354292 -0.00216072051 0)
(0.840973371 -0.00421710603 0)
(0.826113774 -0.00722098597 0)
(0.802020427 -0.0122365008 0)
(0.763538946 -0.0213892099 0)
(0.69948889 -0.0388386154 0)
(0.584557335 -0.0722732751 0)
(0.407900534 -0.128436308 0)
(0.300688068 -0.152947536 0)
(0.001204183 0.2874324 0)
(0.0133209614 0.29387212 0)
(0.140044444 0.209904852 0)
(0.264971589 0.142986162 0)
(0.364177742 0.0968019846 0)
(0.440120065 0.0654411219 0)
(0.496541039 0.0439762514 0)
(0.536691067 0.0287011558 0)
(0.563274466 0.0170798538 0)
(0.578137343 0.00742308682 0)
(0.582210287 -0.00150101195 0)
(0.575515252 -0.0107977549 0)
(0.557109248 -0.021734653 0)
(0.524912995 -0.0361396922 0)
(0.475518408 -0.0569634969 0)
(0.404326004 -0.0889771515 0)
(0.305687294 -0.139150756 0)
(0.174497789 -0.215275203 0)
(0.0341065832 -0.310801156 0)
(0.0108691557 -0.305909063 0)
(-0.0321467627 0.241773919 0)
(-0.0634303648 0.333547156 0)
(-0.0219362023 0.299502487 0)
(0.0505996278 0.240051663 0)
(0.127397385 0.183020806 0)
(0.196818612 0.135454523 0)
(0.254167104 0.0974523422 0)
(0.298088301 0.0668891701 0)
(0.328665676 0.041375823 0)
(0.346307826 0.01878146 -2.35796971e-33)
(0.351211315 -0.00280949166 2.35796971e-33)
(0.34312675 -0.0252950463 0)
(0.321277579 -0.0508299475 0)
(0.2844329 -0.0820948313 0)
(0.231328818 -0.122479775 0)
(0.161916763 -0.17565804 0)
(0.0798350206 -0.243208456 0)
(-0.00333734232 -0.317981961 0)
(-0.0578531347 -0.366363502 0)
(-0.031389321 -0.270690676 0)
(-0.0261204149 0.182361573 0)
(-0.0666192771 0.316884131 0)
(-0.0735377818 0.330901737 0)
(-0.048130719 0.295352907 0)
(-0.00567217371 0.244253504 0)
(0.0411124781 0.192431741 0)
(0.0845451099 0.145095039 0)
(0.120424332 0.103006629 0)
(0.146585245 0.065154362 0)
(0.161925479 0.0298884055 2.35546511e-33)
(0.165812819 -0.00469432283 -2.35546511e-33)
(0.157798803 -0.0406696187 0)
(0.137586499 -0.0803027382 0)
(0.105285211 -0.12597958 0)
(0.0620900261 -0.179774808 0)
(0.011609269 -0.242029717 0)
(-0.0380283779 -0.307764354 0)
(-0.0720490939 -0.359579369 0)
(-0.0711639183 -0.355585637 0)
(-0.0287210569 -0.209178581 0)
(-0.0176296828 0.140767914 0)
(-0.0549165447 0.281827201 0)
(-0.0828629947 0.324484358 0)
(-0.0880762248 0.312396797 0)
(-0.0751196899 0.274441979 0)
(-0.0526276252 0.226778427 0)
(-0.0275118472 0.177302818 0)
(-0.00458009133 0.129145425 0)
(0.0130234888 0.0829123603 0)
(0.023356795 0.0379330303 -2.94545466e-34)
(0.0253097465 -0.00710139608 2.94545466e-34)
(0.0184152081 -0.0537995224 0)
(0.00288698546 -0.10380126 0)
(-0.0200872017 -0.158367937 0)
(-0.0477707947 -0.217530723 0)
(-0.0750614587 -0.278347555 0)
(-0.0936267078 -0.331694803 0)
(-0.0922270549 -0.357398868 0)
(-0.063507467 -0.31887989 0)
(-0.0207312597 -0.162076725 0)
(-0.0116542795 0.11159225 0)
(-0.0431521992 0.243765266 0)
(-0.0782839956 0.299859402 0)
(-0.100579261 0.305000828 0)
(-0.10831059 0.280421264 0)
(-0.105716506 0.240369182 0)
(-0.0975361715 0.193277768 0)
(-0.087793446 0.143545371 0)
(-0.0795351907 0.0930260743 0)
(-0.0748272186 0.0420752307 0)
(-0.0748481341 -0.00975925939 0)
(-0.0799345783 -0.0632506199 0)
(-0.0895000209 -0.119033274 0)
(-0.101812875 -0.176993443 0)
(-0.11369095 -0.235297921 0)
(-0.120284782 -0.288849074 0)
(-0.115237024 -0.327084783 0)
(-0.092271113 -0.331566551 0)
(-0.0521876265 -0.27511969 0)
(-0.0142847852 -0.127260098 0)
(-0.00803185619 0.0899680184 0)
(-0.0343052822 0.207876696 0)
(-0.0703686582 0.267741356 0)
(-0.100959316 0.283509145 0)
(-0.121509109 0.269753779 0)
(-0.133061964 0.237807846 0)
(-0.138135836 0.195384124 0)
(-0.13945024 0.147216491 0)
(-0.139365663 0.0958906823 0)
(-0.139599231 0.042595758 0)
(-0.141114114 -0.0122625689 0)
(-0.144054665 -0.0685401676 0)
(-0.147657208 -0.125824595 0)
(-0.150140599 -0.182787205 0)
(-0.14866774 -0.236314556 0)
(-0.139565528 -0.280390168 0)
(-0.119015754 -0.304900547 0)
(-0.0848747404 -0.294957286 0)
(-0.0422046449 -0.232154477 0)
(-0.0100065902 -0.100709815 0)
(-0.00589819043 0.073156904 0)
(-0.0280514397 0.175459927 0)
(-0.0624620757 0.233454969 0)
(-0.096193109 0.254650691 0)
(-0.123784289 0.248662374 0)
(-0.144336448 0.22397832 0)
(-0.158622039 0.187072456 0)
(-0.168069546 0.142434105 0)
(-0.174171007 0.092943339 0)
(-0.178091649 0.0403533013 0)
(-0.180456261 -0.014224525 0)
(-0.181230008 -0.0698446791 0)
(-0.179647304 -0.125225756 0)
(-0.174205195 -0.178177562 0)
(-0.162809068 -0.224940953 0)
(-0.143212557 -0.259512836 0)
(-0.113841639 -0.273201304 0)
(-0.0753166185 -0.254896364 0)
(-0.0343188974 -0.192925778 0)
(-0.00728498481 -0.0799917708 0)
(-0.00459312305 0.0595160151 0)
(-0.0235441697 0.146542617 0)
(-0.0553429908 0.199662155 0)
(-0.0893196713 0.222701634 0)
(-0.120051816 0.221819415 0)
(-0.145609091 0.203131829 0)
(-0.165570651 0.171796548 0)
(-0.1803171 0.131775627 0)
(-0.190531073 0.0859405087 0)
(-0.196813731 0.0363510082 2.97711417e-34)
(-0.199448899 -0.0153915449 -2.97711416e-34)
(-0.198275632 -0.0677566441 0)
(-0.192646155 -0.1188678 0)
(-0.181489352 -0.166059309 0)
(-0.163546087 -0.205440871 0)
(-0.137858728 -0.231577792 0)
(-0.104503395 -0.237504907 0)
(-0.0656637269 -0.215386226 0)
(-0.0281737984 -0.158249844 0)
(-0.00551069028 -0.0634668212 0)
(-0.00373314341 0.048088341 0)
(-0.0201212344 0.120839397 0)
(-0.0490153887 0.16767644 0)
(-0.0816389784 0.190287498 0)
(-0.112989447 0.192487649 0)
(-0.140680558 0.178557131 4.67987924e-33)
(-0.163557391 0.152465448 0)
(-0.181246282 0.117554994 0)
(-0.193784174 0.0765047402 -4.74063685e-33)
(-0.20129697 0.0314709937 2.26593613e-36)
(-0.203789194 -0.0156743958 4.98648943e-36)
(-0.201035366 -0.0630555961 0)
(-0.192565931 -0.108481585 0)
(-0.177765514 -0.14914143 0)
(-0.156124907 -0.181360929 0)
(-0.127679782 -0.200524262 0)
(-0.0935645694 -0.201318536 0)
(-0.0566770444 -0.178463972 0)
(-0.0233146667 -0.128090141 0)
(-0.00429570516 -0.0500435352 0)
(-0.00311504061 0.0383306345 0)
(-0.0173631163 0.0980508511 0)
(-0.0433176201 0.138129964 0)
(-0.0737180756 0.158979198 0)
(-0.104104452 0.162838222 0)
(-0.131970532 0.152618179 -4.67987924e-33)
(-0.155761612 0.131295701 0)
(-0.17461286 0.101603274 0)
(-0.188100218 0.06592899 4.74063685e-33)
(-0.195997419 0.0263693594 1.49106814e-33)
(-0.198111611 -0.0151233201 -1.49832057e-33)
(-0.194204009 -0.0565442448 0)
(-0.183996558 -0.0956260394 0)
(-0.167277172 -0.129654845 0)
(-0.144124394 -0.155368918 0)
(-0.115252464 -0.169022499 0)
(-0.0823814078 -0.166713891 0)
(-0.0485941031 -0.145040225 0)
(-0.0193975959 -0.102103348 0)
(-0.00342090954 -0.0390050015 0)
(-0.00263393554 0.0299262652 0)
(-0.0150226233 0.0779301295 0)
(-0.0380974215 0.11131111 0)
(-0.0658175681 0.129695792 0)
(-0.0942794747 0.134263876 0)
(-0.121044027 0.126925342 0)
(-0.144383608 0.109860568 0)
(-0.163148982 0.0852480446 0)
(-0.176619506 0.0551416354 0)
(-0.184335475 0.0214703124 2.99742582e-34)
(-0.185982938 -0.0138813667 -2.99742583e-34)
(-0.181343674 -0.0489515423 0)
(-0.170313961 -0.0815745572 0)
(-0.15299925 -0.109289271 0)
(-0.129891605 -0.129330739 0)
(-0.102114502 -0.138764249 0)
(-0.0716393813 -0.134816141 0)
(-0.0414365949 -0.115407289 0)
(-0.0161843488 -0.0798582221 0)
(-0.00276403305 -0.0298606585 0)
(-0.00223473627 0.0226800235 0)
(-0.0129541262 0.0602838583 0)
(-0.0332381478 0.0873308372 0)
(-0.0580555282 0.1029545 0)
(-0.0840353814 0.10762182 0)
(-0.108906085 0.102520707 0)
(-0.13091408 0.089208649 0)
(-0.148775832 0.0693818656 0)
(-0.161603548 0.0447501628 0)
(-0.168801288 0.0170067312 3.00137161e-34)
(-0.169993546 -0.0121372168 -3.00137161e-34)
(-0.164999673 -0.0408861828 0)
(-0.153857535 -0.0672953781 0)
(-0.136899079 -0.0892417077 0)
(-0.114876635 -0.104468704 0)
(-0.0891189079 -0.110744421 0)
(-0.0616328447 -0.106158119 0)
(-0.0351269755 -0.0895353383 0)
(-0.0135037425 -0.0609264426 0)
(-0.0022532722 -0.0222578264 0)
(-0.00188545658 0.0164662542 0)
(-0.0110624849 0.0449645387 0)
(-0.0286411423 0.0662105066 0)
(-0.0504611281 0.0790278196 0)
(-0.0736531636 0.0834123308 0)
(-0.0961641803 0.0800414878 0)
(-0.116305919 0.0699953575 0)
(-0.132763341 0.0545610872 0)
(-0.1445756 0.0351143622 0)
(-0.151082434 0.0130747334 0)
(-0.151887892 -0.0100881561 0)
(-0.146853004 -0.0328250807 0)
(-0.136119504 -0.0534823566 0)
(-0.120164254 -0.0703098569 0)
(-0.0998793382 -0.0815299512 0)
(-0.0766571199 -0.085492139 0)
(-0.0524122111 -0.0809235409 0)
(-0.0295300343 -0.0672469527 0)
(-0.0112185731 -0.044926665 0)
(-0.0018412974 -0.0159381049 0)
(-0.0015625185 0.011207748 0)
(-0.00926988151 0.0318705353 0)
(-0.0242025207 0.0479368751 0)
(-0.042988445 0.0580490721 0)
(-0.0632319143 0.0619115015 0)
(-0.0831208702 0.0598559181 0)
(-0.101086249 0.0526055532 0)
(-0.115849132 0.041107172 0)
(-0.126440928 0.0264236331 0)
(-0.132187239 0.00968560753 0)
(-0.132697632 -0.00791671549 0)
(-0.127870717 -0.0251250513 0)
(-0.117915458 -0.0406102751 0)
(-0.103386533 -0.0529974541 0)
(-0.0852272521 -0.0609387007 0)
(-0.0648019874 -0.0632496909 0)
(-0.0438652626 -0.0591133866 0)
(-0.0244675011 -0.0483249912 0)
(-0.00920309333 -0.0315520076 0)
(-0.00149088391 -0.0107193785 0)
(-0.00124269194 0.00687236782 0)
(-0.00749726503 0.0209539377 0)
(-0.0197996783 0.0325014296 0)
(-0.0355241963 0.0400872999 0)
(-0.0527239641 0.0432717637 0)
(-0.0698331052 0.042174184 0)
(-0.0854326587 0.0372606184 0)
(-0.0983251717 0.0291991473 0)
(-0.107580786 0.018767359 0)
(-0.112546722 0.00680864432 0)
(-0.112854335 -0.00578011063 0)
(-0.10843163 -0.0180487575 0)
(-0.099521449 -0.0289997739 0)
(-0.0867021673 -0.0376160653 0)
(-0.0709039774 -0.042924675 0)
(-0.0534054928 -0.0441071884 0)
(-0.0357703079 -0.0406592889 0)
(-0.019728104 -0.03258108 0)
(-0.00733072855 -0.0205903319 0)
(-0.00116697614 -0.00649226868 0)
(-0.000899882241 0.0034770441 0)
(-0.00566093192 0.0122244282 0)
(-0.0152978486 0.0199179401 0)
(-0.0279091957 0.0251886534 0)
(-0.0419708374 0.0275859301 0)
(-0.0561592813 0.0271262711 0)
(-0.0692274816 0.0240986737 0)
(-0.0800968184 0.0189454319 0)
(-0.087915993 0.0121895921 0)
(-0.0920844201 0.00440206466 0)
(-0.0922681506 -0.00380767721 0)
(-0.0884155129 -0.0117927652 0)
(-0.080772491 -0.0188748762 0)
(-0.0698942046 -0.0243659739 0)
(-0.0566454539 -0.0276151931 0)
(-0.0421770502 -0.0280887052 0)
(-0.0278468987 -0.0254864182 0)
(-0.0150887326 -0.019886611 0)
(-0.00547449444 -0.0119313567 0)
(-0.000833547377 -0.00322197487 0)
(-0.000507507312 0.00108920897 0)
(-0.00368889177 0.00574014019 0)
(-0.0105872262 0.0102223806 0)
(-0.0199879407 0.0134022137 0)
(-0.0307552969 0.0149400953 0)
(-0.0418076567 0.0148327191 0)
(-0.0521004753 0.0132501847 0)
(-0.0607205938 0.0104516799 0)
(-0.0669425838 0.00673881602 0)
(-0.0702538297 0.00243728256 0)
(-0.0703711878 -0.00210635213 0)
(-0.0672558401 -0.0065233874 0)
(-0.0611263909 -0.0104252535 0)
(-0.052466497 -0.0134154702 0)
(-0.042020107 -0.0151167123 0)
(-0.0307626617 -0.0152183514 0)
(-0.0198243282 -0.0135494055 0)
(-0.0103615209 -0.0101761659 0)
(-0.00352670127 -0.00555507434 0)
(-0.000456470323 -0.000945965991 0)
(-6.44908107e-05 -0.000176240568 0)
(-0.00159898841 0.00163661777 0)
(-0.00569518836 0.00359860227 0)
(-0.0117199321 0.00501067908 0)
(-0.0188880508 0.00571684594 0)
(-0.0263913896 0.00573382825 0)
(-0.0334549884 0.00514772172 0)
(-0.0394085015 0.00407326866 0)
(-0.0437225486 0.00263489238 0)
(-0.0460238848 0.000961861885 0)
(-0.0461058241 -0.000810105196 0)
(-0.0439388716 -0.00253599002 0)
(-0.0396813832 -0.00406056256 0)
(-0.0336869559 -0.00522175546 0)
(-0.0265027362 -0.00586030493 0)
(-0.0188496253 -0.00583829632 0)
(-0.0115675425 -0.00507039446 0)
(-0.00551559567 -0.00357095378 0)
(-0.00148203454 -0.00155258679 0)
(-3.10931574e-05 0.000233977881 0)
(0.000261395762 -0.000255577813 0)
(0.000151440739 0.000102073527 0)
(-0.00117495228 0.000547415953 0)
(-0.00348063148 0.000863516453 0)
(-0.00637558371 0.00102207789 0)
(-0.00946687391 0.00103797664 0)
(-0.0124000368 0.000936218011 0)
(-0.0148817772 0.000743061957 0)
(-0.0166861 0.000483180823 0)
(-0.0176547255 0.000180088394 1.08300123e-33)
(-0.0176985208 -0.000142308456 -1.08300123e-33)
(-0.0168014866 -0.000458218965 0)
(-0.0150266294 -0.000739019525 0)
(-0.0125219004 -0.000953244576 0)
(-0.00952354852 -0.00106773193 0)
(-0.00635302341 -0.00105052558 0)
(-0.00340014938 -0.000876787923 0)
(-0.00108361514 -0.000539616108 0)
(0.000206110968 -8.25144409e-05 0)
(0.000274563759 0.000266745647 0)
)
;

boundaryField
{
    walls
    {
        type            fixedValue;
        value           uniform (0 0 0);
    }
    mov_wall
    {
        type            fixedValue;
        value           uniform (1 0 0);
    }
    empty
    {
        type            empty;
    }
}


// ************************************************************************* //
