/*--------------------------------*- C++ -*----------------------------------*\
| =========                 |                                                 |
| \\      /  F ield         | OpenFOAM: The Open Source CFD Toolbox           |
|  \\    /   O peration     | Version:  5.x                                   |
|   \\  /    A nd           | Web:      www.OpenFOAM.org                      |
|    \\/     M anipulation  |                                                 |
\*---------------------------------------------------------------------------*/
FoamFile
{
    version     2.0;
    format      ascii;
    class       volScalarField;
    location    "0.9";
    object      p;
}
// * * * * * * * * * * * * * * * * * * * * * * * * * * * * * * * * * * * * * //

dimensions      [0 2 -2 0 0 0 0];

internalField   nonuniform List<scalar> 
400
(
-5.74494114e-07
2.45233503
3.49401385
3.89840257
4.10608365
4.2241598
4.29385802
4.34003064
4.37631523
4.41031462
4.44716257
4.49146471
4.54828564
4.62513278
4.73538994
4.90508756
5.18273827
5.68441467
6.84139217
9.41168622
1.8868069
2.86727011
3.41971419
3.7474518
3.96483559
4.10943231
4.20746269
4.27893292
4.33685709
4.38988782
4.4446493
4.50705516
4.58383943
4.68377158
4.82012317
5.01397028
5.29419828
5.6985378
6.33838326
7.42821757
2.98238568
3.2626813
3.5423307
3.77056487
3.94554281
4.07558164
4.17318472
4.25009451
4.3155084
4.37659301
4.43936842
4.50950128
4.59303861
4.69718417
4.83115763
5.00683814
5.23641859
5.52394806
5.86040332
6.19799481
3.52832958
3.58569345
3.72197504
3.8654513
3.98908536
4.09087191
4.17472884
4.24594711
4.30987918
4.37147504
4.43528605
4.50572613
4.58727187
4.68466102
4.80275819
4.94589621
5.11585828
5.30517251
5.4782499
5.55936988
3.84496524
3.82740409
3.88554398
3.96963966
4.05242295
4.12800357
4.19594515
4.25785163
4.31639118
4.37464082
4.43565425
4.50244114
4.57786518
4.6644592
4.76385978
4.87576884
4.99652705
5.11488233
5.19580241
5.18347234
4.04636717
4.00429323
4.0219135
4.06824603
4.12173324
4.17609864
4.22926476
4.28102656
4.33242918
4.38512258
4.4409287
4.50161161
4.56864042
4.64283929
4.72374773
4.80869554
4.89204807
4.96282854
4.99310512
4.94663956
4.18146532
4.1344974
4.13238087
4.15584136
4.18927581
4.22752004
4.26822701
4.31043853
4.35427105
4.40041409
4.44973935
4.50302042
4.56065262
4.62228276
4.68626257
4.74901763
4.80486759
4.8448861
4.84873085
4.79362334
4.27644984
4.23146293
4.22018755
4.23015777
4.25031726
4.27684618
4.30766008
4.34158028
4.37823358
4.41769471
4.46016045
4.50568769
4.55393137
4.6038305
4.65321191
4.69844214
4.73461539
4.75512902
4.74575408
4.69211951
4.34529373
4.30424044
4.28908383
4.2912649
4.30282118
4.3210476
4.34425498
4.37128333
4.40152623
4.434684
4.47050774
4.50858135
4.54810773
4.58767772
4.62501922
4.65685659
4.67927913
4.68766608
4.67215922
4.62343722
4.39565201
4.35885884
4.34249939
4.34030921
4.34636632
4.35878037
4.37623289
4.39767215
4.42240043
4.44990573
4.47966793
4.51099107
4.5428458
4.57371896
4.60147762
4.62335821
4.63639171
4.63746376
4.61968434
4.57673917
4.43210726
4.39943763
4.38326494
4.37875463
4.38135246
4.38973388
4.40288108
4.41987229
4.4399949
4.46263095
4.4871142
4.5126089
4.5380046
4.5618315
4.58220483
4.59688424
4.60368594
4.60057078
4.58263299
4.54538275
4.45768166
4.42890658
4.41366106
4.40808086
4.40857147
4.41419694
4.424171
4.43769733
4.45408838
4.47268757
4.49276628
4.51344197
4.53361606
4.55193795
4.56680091
4.57643238
4.57926025
4.57398393
4.55703259
4.52507024
4.47453353
4.44944194
4.43553214
4.42966401
4.42896205
4.43276399
4.44046172
4.45137255
4.46485317
4.48024768
4.49681589
4.51368288
4.52981027
4.54399438
4.55489294
4.56112376
4.56157415
4.5554419
4.54007805
4.51292121
4.48429892
4.46272886
4.4503875
4.44473053
4.443467
4.44614066
4.45228616
4.46132221
4.47265615
4.48565137
4.49958081
4.51360165
4.52675184
4.537972
4.54615001
4.55021719
4.549402
4.5432422
4.52976032
4.50696102
4.48828003
4.47012649
4.4594806
4.45434429
4.45295116
4.45501928
4.46020604
4.46802068
4.47791836
4.48928401
4.50140754
4.51347947
4.52460727
4.53385432
4.54029587
4.54310969
4.5417809
4.53609367
4.52460918
4.50580413
4.48758346
4.47279073
4.46387907
4.45941703
4.45816455
4.46001065
4.46472722
4.47190345
4.48103104
4.49150466
4.50261775
4.51357677
4.52353452
4.53164275
4.53711756
4.53932677
4.53795603
4.53299266
4.52349712
4.50841969
4.48327697
4.47180364
4.46456078
4.46077268
4.45978033
4.46166174
4.46630191
4.47335733
4.48233677
4.49262093
4.50347943
4.51410287
4.5236519
4.53132252
4.53642225
4.53846
4.53728592
4.53308461
4.52545224
4.51390137
4.47659886
4.46827535
4.46243069
4.45910572
4.45831849
4.4603657
4.46524138
4.47264765
4.48207944
4.4928672
4.50421619
4.5152562
4.5251049
4.53294669
4.53812295
4.54023281
4.53926269
4.53561249
4.52950914
4.52120109
4.46917696
4.46319255
4.45778491
4.45417731
4.45320292
4.455405
4.46085376
4.46923697
4.47996693
4.4922517
4.5051559
4.51766555
4.52876385
4.53752461
4.54322255
4.54545925
4.54431019
4.54042314
4.53481313
4.52887111
4.46344564
4.45762548
4.45061858
4.44530863
4.44337696
4.44560394
4.45205046
4.46227492
4.47549172
4.49067431
4.50663209
4.52208301
4.53573823
4.54640965
4.55314692
4.55540746
4.5532649
4.54763155
4.54037403
4.53457571
)
;

boundaryField
{
    walls
    {
        type            zeroGradient;
    }
    mov_wall
    {
        type            zeroGradient;
    }
    empty
    {
        type            empty;
    }
}


// ************************************************************************* //
