/*--------------------------------*- C++ -*----------------------------------*\
| =========                 |                                                 |
| \\      /  F ield         | OpenFOAM: The Open Source CFD Toolbox           |
|  \\    /   O peration     | Version:  5.x                                   |
|   \\  /    A nd           | Web:      www.OpenFOAM.org                      |
|    \\/     M anipulation  |                                                 |
\*---------------------------------------------------------------------------*/
FoamFile
{
    version     2.0;
    format      ascii;
    class       surfaceScalarField;
    location    "0.9";
    object      phi;
}
// * * * * * * * * * * * * * * * * * * * * * * * * * * * * * * * * * * * * * //

dimensions      [0 3 -1 0 0 0 0];

internalField   nonuniform List<scalar> 
760
(
0.00134824127
-0.00134824099
0.00245769685
-0.00110945551
0.00313505829
-0.000677361468
0.00355939412
-0.000424335828
0.00383161527
-0.000272221218
0.00400848359
-0.000176868293
0.00412394273
-0.000115459173
0.00419770876
-7.37660024e-05
0.00424077812
-4.30693616e-05
0.00425885474
-1.80766347e-05
0.00425397823
4.87650535e-06
0.00422525582
2.87224144e-05
0.00416809711
5.71587031e-05
0.00407254602
9.55510835e-05
0.00391918346
0.000153362565
0.00367151706
0.000247666414
0.00326289327
0.000408623782
0.00257255333
0.000690339952
0.00140850897
0.0011640444
0.00140850903
-5.46923308e-05
-0.00129354873
0.000412420909
-0.00157656875
0.00102945312
-0.00129439358
0.00157753053
-0.000972413142
0.00201291454
-0.000707605271
0.00234209017
-0.000506043923
0.00258172015
-0.000355089162
0.00274730408
-0.00023934993
0.0028502305
-0.000145995813
0.0028973147
-6.51608554e-05
0.00289097664
1.12146123e-05
0.0028288458
9.08533288e-05
0.00270352429
0.000182480262
0.00250137285
0.000297702561
0.00220179956
0.000452935893
0.00177928164
0.000670184392
0.00121658602
0.000971319461
0.000552353239
0.00135457276
1.29493113e-05
0.00170344836
0.00142145836
-0.000271849544
-0.00102169911
-0.000221535943
-0.00162688241
7.01854772e-05
-0.00158611501
0.000444206909
-0.00134643462
0.000809382692
-0.00107278102
0.00112514234
-0.000821803518
0.00137696168
-0.000606908545
0.0015621203
-0.000424508562
0.00168198099
-0.000265856512
0.0017380871
-0.000121266953
0.00173030958
1.89921866e-05
0.00165607185
0.00016509107
0.00151032412
0.000328227949
0.00128673212
0.000521294537
0.000981472367
0.000758195682
0.000602484207
0.00104917262
0.000188278886
0.00138552484
-0.000160818342
0.00170367002
-0.000261863106
0.00180449313
0.00115959526
-0.000228168149
-0.000793530955
-0.000362025184
-0.00149302549
-0.0003100535
-0.00163808665
-0.000137654198
-0.00151883393
8.51623823e-05
-0.00129559765
0.00030971973
-0.00104636091
0.000506928352
-0.000804117182
0.000661107187
-0.000578687344
0.000764238367
-0.000368987662
0.000812074725
-0.000169103306
0.000801920914
2.91459984e-05
0.000731895893
0.000235116096
0.000601432961
0.000458690894
0.000413642299
0.000709085231
0.000180233653
0.000991604376
-7.02617213e-05
0.00129966804
-0.000282535509
0.00159779863
-0.000370366007
0.00179150053
-0.000247263
0.00168139012
0.000912332266
-0.000169275042
-0.000624255827
-0.000353064786
-0.00130923576
-0.000433642543
-0.00155750893
-0.000412212707
-0.00154026379
-0.000324027027
-0.00138378336
-0.000205932157
-0.00116445581
-8.67430586e-05
-0.000923306278
1.37900041e-05
-0.00067922036
8.31051214e-05
-0.000438302806
0.00011363459
-0.000199632815
0.00010145284
4.13277475e-05
4.58954747e-05
0.000290673478
-4.96324315e-05
0.000554218817
-0.000175469746
0.000834922581
-0.000312171284
0.00112830596
-0.000426689877
0.00141418664
-0.000472027202
0.00164313594
-0.00039880801
0.00171828131
-0.00019671013
0.00147929223
0.000715622136
-0.000124535103
-0.000499720756
-0.000309463972
-0.00112430697
-0.000452685864
-0.00141428711
-0.000526607677
-0.00146634201
-0.000540040841
-0.00137035019
-0.000513987154
-0.0011905095
-0.000469996614
-0.000967296827
-0.000425670271
-0.000723546671
-0.000393696087
-0.000470277015
-0.000382114395
-0.000211214529
-0.000394702389
5.39157609e-05
-0.000430869657
0.00032684077
-0.000484909706
0.000608258867
-0.000544650495
0.000894663375
-0.000590075814
0.00117373129
-0.000593525996
0.00141763683
-0.000524942604
0.00157455253
-0.00036760146
0.00156094015
-0.00015083796
0.00126252873
0.000564784186
-9.48986855e-05
-0.000404822089
-0.000265708034
-0.00095349764
-0.000432768076
-0.0012472271
-0.000560089939
-0.00133902017
-0.000640996838
-0.0012894433
-0.000683354461
-0.00114815188
-0.00070000806
-0.000950643238
-0.000703624312
-0.000719930419
-0.000704332781
-0.000469568594
-0.000708787921
-0.000206759415
-0.000719751073
6.48789335e-05
-0.000735704064
0.000342793782
-0.00075035171
0.00062290651
-0.000752223019
0.000896534679
-0.000725052852
0.00114656112
-0.000650356235
0.00134294021
-0.00051440876
0.00143860506
-0.000321940639
0.00136847205
-0.000116686877
0.00105727497
0.000448097349
-7.5609038e-05
-0.00032921311
-0.000229062743
-0.000800043974
-0.000399981137
-0.00107630874
-0.000553012444
-0.00118598891
-0.000673934746
-0.00116852102
-0.000761644594
-0.00106044207
-0.00082147678
-0.000890811063
-0.000860729221
-0.00068067798
-0.000886008136
-0.000444289708
-0.000901759765
-0.000191007795
-0.000909455809
7.25749935e-05
-0.000907117727
0.000340455701
-0.000889119578
0.000604908348
-0.000846510001
0.000853925106
-0.000768417876
0.001068469
-0.000645461463
0.00121998381
-0.00047618159
0.00126932521
-0.000276816624
0.00116910711
-9.22680882e-05
0.000872726426
0.000355829308
-6.24617316e-05
-0.00026675139
-0.000199096443
-0.000663409276
-0.000363938268
-0.00091146693
-0.000525419526
-0.00102450768
-0.000666488762
-0.0010274518
-0.000780647537
-0.000946283315
-0.000867685773
-0.000803772815
-0.00093028102
-0.000618082732
-0.000971628014
-0.000402942736
-0.000993924386
-0.000168711427
-0.000997476869
7.61274801e-05
-0.000980277297
0.000323256108
-0.000938054282
0.00056268531
-0.000864999213
0.000780870042
-0.000755534085
0.000959003882
-0.000607571619
0.00107202136
-0.000427495606
0.00108924921
-0.000236282472
0.000977893981
-7.44098102e-05
0.000710853765
0.000281419524
-5.28330123e-05
-0.000213918391
-0.000174010809
-0.000542231495
-0.000327914674
-0.000757563077
-0.000487377372
-0.000865045011
-0.000635022197
-0.000879806971
-0.000761497554
-0.000819807966
-0.000862917035
-0.00070235332
-0.000938477421
-0.000542522359
-0.000988589498
-0.000352830687
-0.00101357579
-0.000143725141
-0.00101288472
7.54364022e-05
-0.000984783349
0.000295154703
-0.000926567417
0.000504469352
-0.00083542093
0.000689723562
-0.000710110036
0.00083369299
-0.000553634236
0.000915545574
-0.000376658936
0.000912273915
-0.000200928875
0.00080216392
-6.08462129e-05
0.000570771122
0.000220573325
-4.52491176e-05
-0.000168669293
-0.000152282542
-0.000435198092
-0.000292946061
-0.000616899579
-0.00044418301
-0.000713808066
-0.000589514107
-0.000734475871
-0.000718387264
-0.000690934811
-0.000824725851
-0.000596014727
-0.000905363366
-0.000461884868
-0.000958693637
-0.000299500446
-0.000983674741
-0.000118744047
-0.000979228814
7.09904592e-05
-0.000944059902
0.000259985758
-0.000876934467
0.000437343907
-0.000777494805
0.000590283921
-0.000647659095
0.000703857288
-0.000493550199
0.000761436703
-0.000327637141
0.000746360854
-0.000170380061
0.000644906877
-5.01896555e-05
0.000450580755
0.000170383683
-3.89098516e-05
-0.000129759434
-0.000132891633
-0.00034121632
-0.000259338873
-0.000490452345
-0.000398797401
-0.000574349538
-0.000536232379
-0.000597040888
-0.000660912439
-0.000566254755
-0.000765649916
-0.000491277256
-0.000845841336
-0.00038169348
-0.000898569556
-0.000246772245
-0.000921914468
-9.53991341e-05
-0.000914547036
6.36230127e-05
-0.000875650862
0.000221089559
-0.00080520748
0.000366900533
-0.000704669317
0.000489745786
-0.000577997596
0.000577185569
-0.000432933557
0.000616372697
-0.000282189298
0.000595616593
-0.000144036394
0.000506754032
-4.15975766e-05
0.000348141985
0.000128786131
-3.33736309e-05
-9.63857658e-05
-0.000115184319
-0.00025940565
-0.000227136618
-0.000378500033
-0.000352907047
-0.000448579114
-0.00047911916
-0.000470828772
-0.000595470031
-0.000449903894
-0.000694399042
-0.00039234826
-0.000770562476
-0.000305530076
-0.000820297004
-0.000197037722
-0.000841195222
-7.45009033e-05
-0.000831868443
5.4296218e-05
-0.000791941673
0.000181162763
-0.000722304142
0.000297263013
-0.000625609891
0.000393051543
-0.00050697108
0.000458546732
-0.000374701881
0.000484103496
-0.000240860438
0.000461775125
-0.000121250398
0.000387144007
-3.45223737e-05
0.000261413936
9.42637385e-05
-2.83665859e-05
-6.80191381e-05
-9.86847447e-05
-0.000189087518
-0.000196200157
-0.000280984621
-0.000307356898
-0.000337422391
-0.000420494453
-0.000357691234
-0.000526084149
-0.000344314215
-0.000616672364
-0.000301760064
-0.00068666439
-0.000235538069
-0.000732063587
-0.000151638517
-0.000750256868
-5.63076129e-05
-0.000739909284
4.39486043e-05
-0.000701004798
0.00014225824
-0.00063504469
0.000231302918
-0.000545382397
0.000303389255
-0.000437628377
0.00035079271
-0.000320001585
0.000366476723
-0.000203447939
0.000345221484
-0.000101332216
0.000285028315
-2.85569844e-05
0.00018863873
6.57067537e-05
-2.36691245e-05
-4.43500016e-05
-8.29443878e-05
-0.000129812294
-0.000166177089
-0.000197751952
-0.000262325117
-0.00024127439
-0.000361427572
-0.000258588804
-0.000454911602
-0.000250830195
-0.000535728542
-0.000220943136
-0.000598361092
-0.000172905528
-0.000638765363
-0.000111234235
-0.000654311756
-4.07612162e-05
-0.000643774104
3.34109291e-05
-0.000607395388
0.000105879519
-0.00054703275
0.000170940337
-0.000466353818
0.000222710349
-0.000371020851
0.00025545976
-0.000268765218
0.000264221126
-0.000169234411
0.000245690687
-8.35186585e-05
0.000199312551
-2.33433271e-05
0.00012846345
4.23634021e-05
-1.90528873e-05
-2.5297118e-05
-6.74564581e-05
-8.14087672e-05
-0.000136482758
-0.000128725695
-0.000217427046
-0.000160330126
-0.000301970303
-0.000174045558
-0.000382577665
-0.000170222842
-0.000452789719
-0.000150731105
-0.000507391209
-0.000118304057
-0.000542493121
-7.61323191e-05
-0.00055557775
-2.76765916e-05
-0.000545548178
2.33813304e-05
-0.000512804703
7.31360228e-05
-0.000459345294
0.000117480954
-0.000388860261
0.000152225303
-0.000306763502
0.000173362973
-0.000220083799
0.000177541406
-0.0001371392
0.00016274606
-6.69600518e-05
0.000129133369
-1.85218594e-05
8.00253193e-05
2.38415343e-05
-1.42618987e-05
-1.1035221e-05
-5.16613355e-05
-4.40093599e-05
-0.000106367662
-7.40193971e-05
-0.000171856594
-9.48412157e-05
-0.000241363113
-0.000104539035
-0.000308428971
-0.000103156989
-0.000367325163
-9.1834948e-05
-0.000413325362
-7.23038975e-05
-0.000442866947
-4.65907499e-05
-0.00045365043
-1.68931097e-05
-0.000444717596
1.44485097e-05
-0.000416528807
4.49472699e-05
-0.000371032848
7.19850553e-05
-0.000311700218
9.28926819e-05
-0.000243466898
0.00010512966
-0.000172523836
0.000106598362
-0.000105892404
9.61146493e-05
-5.07695838e-05
7.40106279e-05
-1.37200148e-05
4.29757721e-05
1.01214875e-05
-9.04480786e-06
-1.99041336e-06
-3.50766056e-05
-1.79775604e-05
-7.51312691e-05
-3.39647568e-05
-0.000124638284
-4.53342255e-05
-0.000178286294
-5.08910427e-05
-0.000230763309
-5.06800109e-05
-0.000277256102
-4.53422236e-05
-0.000313754614
-3.58054421e-05
-0.000337224438
-2.31209249e-05
-0.00034571041
-8.40711809e-06
-0.000338414135
7.15221869e-06
-0.000315763181
2.2296274e-05
-0.000279465239
3.56870864e-05
-0.000232518608
4.5946001e-05
-0.000179131434
5.17425222e-05
-0.000124490334
5.19573087e-05
-7.43174504e-05
4.5941741e-05
-3.41845227e-05
3.38777189e-05
-8.59246566e-06
1.73837849e-05
1.52909346e-06
-3.38507779e-06
1.39466569e-06
-1.77474196e-05
-3.61518339e-06
-4.26717192e-05
-9.04046035e-06
-7.51180852e-05
-1.28878983e-05
-0.000111216344
-1.47928514e-05
-0.000147039623
-1.48567956e-05
-0.000179042253
-1.33396155e-05
-0.00020429055
-1.05571109e-05
-0.000220574813
-6.83660448e-06
-0.000226471895
-2.51000262e-06
-0.000221396967
2.07728427e-06
-0.000205655842
6.5551415e-06
-0.000180491989
1.05233062e-05
-0.000148103238
1.35572797e-05
-0.000111591338
1.52306038e-05
-7.47941654e-05
1.5160069e-05
-4.19371352e-05
1.30847544e-05
-1.7048531e-05
8.98910474e-06
-3.0713311e-06
3.40660786e-06
-1.54213813e-06
1.39467117e-06
-2.22052794e-06
-1.12610251e-05
-2.41489721e-05
-3.89418537e-05
-5.37986594e-05
-6.71382932e-05
-7.76954326e-05
-8.45320746e-05
-8.7042115e-05
-8.49648356e-05
-7.84096884e-05
-6.78863851e-05
-5.43291263e-05
-3.90984581e-05
-2.39383551e-05
-1.08535184e-05
-1.8644183e-06
1.54214354e-06
)
;

boundaryField
{
    walls
    {
        type            calculated;
        value           uniform 0;
    }
    mov_wall
    {
        type            calculated;
        value           uniform 0;
    }
    empty
    {
        type            empty;
        value           nonuniform 0();
    }
}


// ************************************************************************* //
