/*--------------------------------*- C++ -*----------------------------------*\
| =========                 |                                                 |
| \\      /  F ield         | OpenFOAM: The Open Source CFD Toolbox           |
|  \\    /   O peration     | Version:  5.x                                   |
|   \\  /    A nd           | Web:      www.OpenFOAM.org                      |
|    \\/     M anipulation  |                                                 |
\*---------------------------------------------------------------------------*/
FoamFile
{
    version     2.0;
    format      ascii;
    class       volVectorField;
    location    "0.9";
    object      U;
}
// * * * * * * * * * * * * * * * * * * * * * * * * * * * * * * * * * * * * * //

dimensions      [0 1 -1 0 0 0 0];

internalField   nonuniform List<vector> 
400
(
(0.291707071 0.149652076 0)
(0.388203764 0.128011982 0)
(0.557618489 0.0757259856 0)
(0.674749582 0.0432892934 0)
(0.743672891 0.0251381077 0)
(0.786914643 0.014857625 0)
(0.815237171 0.00891037123 0)
(0.83365837 0.00529433619 0)
(0.845045125 0.00289062203 0)
(0.851009515 0.00108317194 2.66545009e-34)
(0.852302161 -0.000497628476 -2.66545009e-34)
(0.84903596 -0.00214971374 0)
(0.840691087 -0.00420187972 0)
(0.825878827 -0.0072033208 0)
(0.801839077 -0.0122181593 0)
(0.763412395 -0.0213717819 0)
(0.699413526 -0.0388235617 0)
(0.584524956 -0.0722623346 0)
(0.407897306 -0.128432155 0)
(0.300691614 -0.152950846 0)
(0.00120959377 0.287449439 0)
(0.0133144741 0.293863213 0)
(0.139979495 0.209851959 0)
(0.264803313 0.142893782 0)
(0.363871771 0.0966845891 0)
(0.439659419 0.06531667 0)
(0.495928392 0.0438619883 0)
(0.535947147 0.0286109954 0)
(0.562434091 0.0170231088 0)
(0.577244337 0.00740422748 0)
(0.581312125 -0.00148216968 0)
(0.574657862 -0.0107453263 0)
(0.556332692 -0.0216556534 0)
(0.524248326 -0.0360429229 0)
(0.474985687 -0.0568584868 0)
(0.403933364 -0.0888733883 0)
(0.305430778 -0.139057547 0)
(0.174361731 -0.215202318 0)
(0.0340610839 -0.310759481 0)
(0.0108641888 -0.305903874 0)
(-0.0321507949 0.241780092 0)
(-0.0634785975 0.33348088 0)
(-0.0220933302 0.299339583 0)
(0.0502819414 0.239804577 0)
(0.126882868 0.182721006 0)
(0.196091119 0.135141216 0)
(0.253233459 0.0971642725 0)
(0.296977188 0.0666589047 0)
(0.327423475 0.0412263476 0)
(0.344992974 0.0187252166 -2.3581839e-33)
(0.349887952 -0.00277091577 2.3581839e-33)
(0.341858204 -0.0251696056 0)
(0.320120668 -0.0506331736 0)
(0.283433408 -0.0818473747 0)
(0.230518289 -0.122205096 0)
(0.161310404 -0.175380624 0)
(0.0794305194 -0.242953223 0)
(-0.00356015107 -0.317774648 0)
(-0.0579359678 -0.366230361 0)
(-0.0314027265 -0.270650092 0)
(-0.0261342874 0.182332978 0)
(-0.0667082408 0.316716157 0)
(-0.0737803467 0.330577801 0)
(-0.04857911 0.294899527 0)
(-0.00635761137 0.243722133 0)
(0.0401798858 0.191884913 0)
(0.0833784711 0.144594991 0)
(0.119059095 0.102606724 0)
(0.145074906 0.0648931939 0)
(0.160336358 0.0297882212 2.3557229e-33)
(0.164217975 -0.00462912336 -2.3557229e-33)
(0.156270908 -0.0404506928 0)
(0.136191692 -0.0799549085 0)
(0.1040779 -0.125537151 0)
(0.0611087306 -0.179278112 0)
(0.0108734658 -0.241522289 0)
(-0.0385204562 -0.307291663 0)
(-0.0723215308 -0.359188712 0)
(-0.0712674778 -0.355324555 0)
(-0.02873909 -0.209086597 0)
(-0.0176505313 0.140684102 0)
(-0.055034096 0.281521757 0)
(-0.0831638528 0.323962455 0)
(-0.0886093335 0.311705499 0)
(-0.0759086457 0.273654756 0)
(-0.0536748824 0.225980896 0)
(-0.028798031 0.176579642 0)
(-0.00606488379 0.12856979 0)
(0.0113965354 0.0825386262 0)
(0.0216560778 0.0377926499 -2.94583526e-34)
(0.0236106343 -0.00700092185 2.94583526e-34)
(0.016792497 -0.0534731606 0)
(0.00140905344 -0.103283022 0)
(-0.0213636978 -0.157706389 0)
(-0.048805611 -0.216784433 0)
(-0.0758347355 -0.277581432 0)
(-0.0941415323 -0.330977826 0)
(-0.0925105977 -0.356802763 0)
(-0.0636145611 -0.318475889 0)
(-0.0207496411 -0.161928087 0)
(-0.0116782624 0.111441191 0)
(-0.0432810663 0.243302997 0)
(-0.0786045406 0.29912215 0)
(-0.101134738 0.304060894 0)
(-0.109116973 0.279375295 0)
(-0.106769604 0.239324676 0)
(-0.098812403 0.19233959 0)
(-0.0892514811 0.142804205 0)
(-0.0811196322 0.0925501967 0)
(-0.0764725335 0.041904183 0)
(-0.076483367 -0.00961529129 0)
(-0.081489347 -0.0628098389 0)
(-0.0909100307 -0.118338638 0)
(-0.103025105 -0.176107695 0)
(-0.114668392 -0.234298133 0)
(-0.121010433 -0.287822112 0)
(-0.115716362 -0.326123748 0)
(-0.0925326473 -0.330767486 0)
(-0.0522849863 -0.274576457 0)
(-0.014300943 -0.127057036 0)
(-0.0080550736 0.0897481563 0)
(-0.0344273174 0.207258235 0)
(-0.0706677826 0.266795198 0)
(-0.101470996 0.282334205 0)
(-0.122242801 0.26846913 0)
(-0.134009337 0.236540559 0)
(-0.139272542 0.19425622 0)
(-0.140737919 0.14633308 0)
(-0.140754854 0.0953307477 0)
(-0.141032698 0.0424057792 0)
(-0.142530798 -0.0120705634 0)
(-0.145394343 -0.0679876997 0)
(-0.14886523 -0.12496309 0)
(-0.151172506 -0.181692648 0)
(-0.14949353 -0.235081475 0)
(-0.140173138 -0.279125983 0)
(-0.119412938 -0.303720421 0)
(-0.0850887949 -0.293978689 0)
(-0.0422829077 -0.231490141 0)
(-0.0100190837 -0.100460479 0)
(-0.0059173185 0.0728763665 0)
(-0.0281507679 0.174705469 0)
(-0.0627032638 0.232329923 0)
(-0.0966018277 0.253278236 0)
(-0.124364731 0.247180968 0)
(-0.145078955 0.222530959 0)
(-0.15950521 0.18579441 0)
(-0.169062145 0.141441228 0)
(-0.175234183 0.0923224843 0)
(-0.179181349 0.0401557658 0)
(-0.181526102 -0.0139857511 0)
(-0.182234665 -0.0691942852 0)
(-0.180546146 -0.124222577 0)
(-0.174965946 -0.176909033 0)
(-0.163411172 -0.223516518 0)
(-0.143649755 -0.258057139 0)
(-0.114122984 -0.271847346 0)
(-0.0754654463 -0.253778028 0)
(-0.0343719128 -0.192169174 0)
(-0.00729301004 -0.0797081979 0)
(-0.00460578019 0.0591905605 0)
(-0.0236090987 0.14568842 0)
(-0.0554989241 0.198407834 0)
(-0.0895808161 0.221189004 0)
(-0.120418094 0.220201148 0)
(-0.146071875 0.20156192 0)
(-0.166114641 0.170418906 0)
(-0.180921744 0.130712827 0)
(-0.191171911 0.0852842151 0)
(-0.197463721 0.03615524 2.97756518e-34)
(-0.200080025 -0.0151136059 -2.97756518e-34)
(-0.198860917 -0.0670323636 0)
(-0.193161969 -0.117761745 0)
(-0.181917825 -0.16466759 0)
(-0.1638773 -0.203884004 0)
(-0.138092173 -0.229992792 0)
(-0.104648106 -0.236036869 0)
(-0.0657367381 -0.214179149 0)
(-0.0281980778 -0.157436828 0)
(-0.00551385621 -0.0631633579 0)
(-0.00373802979 0.047738678 0)
(-0.0201451542 0.119932499 0)
(-0.0490703487 0.166355795 0)
(-0.0817266897 0.188705582 0)
(-0.113106198 0.190804594 0)
(-0.140820298 0.17693203 4.68028488e-33)
(-0.163712991 0.151045714 0)
(-0.181410201 0.116465657 0)
(-0.193948751 0.0758390971 -4.74120904e-33)
(-0.201454532 0.0312838345 2.27861269e-36)
(-0.203932289 -0.0153702465 4.97645219e-36)
(-0.201157284 -0.0622893014 0)
(-0.192661527 -0.107321169 0)
(-0.17783221 -0.14768808 0)
(-0.156163568 -0.179741423 0)
(-0.127695045 -0.19888215 0)
(-0.0935642214 -0.199804451 0)
(-0.0566702591 -0.177225205 0)
(-0.0233090449 -0.127260163 0)
(-0.00429393577 -0.0497356229 0)
(-0.00311191446 0.0379795632 0)
(-0.0173446259 0.0971430672 0)
(-0.0432681025 0.136811931 0)
(-0.0736265549 0.157404911 0)
(-0.103963913 0.161167715 0)
(-0.131778131 0.151009244 -4.68028488e-33)
(-0.155519165 0.129893864 0)
(-0.174326629 0.100531668 0)
(-0.187780087 0.0652793822 4.74120904e-33)
(-0.195655725 0.0261954956 1.49125464e-33)
(-0.197761946 -0.0148093054 -1.49850971e-33)
(-0.1938602 -0.0557721103 0)
(-0.18367194 -0.0944645546 0)
(-0.166984116 -0.128206161 0)
(-0.14387388 -0.15376075 0)
(-0.115053374 -0.167398697 0)
(-0.0822393701 -0.165223908 0)
(-0.0485097816 -0.143827929 0)
(-0.0193630779 -0.101296246 0)
(-0.00341441752 -0.0387080858 0)
(-0.00262349544 0.0295959338 0)
(-0.0149651265 0.0770720952 0)
(-0.0379514135 0.110063144 0)
(-0.0655601149 0.128204323 0)
(-0.0939003805 0.132681321 0)
(-0.120543436 0.125401858 0)
(-0.143771774 0.108534497 0)
(-0.162445217 0.0842363871 0)
(-0.175850277 0.0545315897 0)
(-0.18353201 0.0213129019 2.99771459e-34)
(-0.18517863 -0.0135748786 -2.99771459e-34)
(-0.180571548 -0.0482101365 0)
(-0.169604425 -0.0804648593 0)
(-0.152378203 -0.107910137 0)
(-0.129378812 -0.127805457 0)
(-0.101722034 -0.137230894 0)
(-0.0713701583 -0.133416674 0)
(-0.0412829577 -0.11427606 0)
(-0.016124065 -0.0791111732 0)
(-0.00275333551 -0.0295891184 0)
(-0.00221845401 0.0223895412 0)
(-0.0128650862 0.059519685 0)
(-0.0330134801 0.0862120948 0)
(-0.0576619388 0.101612139 0)
(-0.0834595077 0.106193963 0)
(-0.108150157 0.10114416 0)
(-0.129995191 0.0880097288 0)
(-0.147724219 0.0684675379 0)
(-0.160459778 0.0442002528 0)
(-0.167612768 0.0168680109 3.00159645e-34)
(-0.168810655 -0.0118544665 -3.00159645e-34)
(-0.163871849 -0.0402087997 0)
(-0.152829628 -0.0662850534 0)
(-0.136008185 -0.0879899661 0)
(-0.114149439 -0.103089444 0)
(-0.0885694916 -0.109364494 0)
(-0.0612611499 -0.104906535 0)
(-0.0349178514 -0.0885318923 0)
(-0.0134229149 -0.0602710533 0)
(-0.00223922084 -0.0220238868 0)
(-0.00186539516 0.0162297801 0)
(-0.01095249 0.0443274521 0)
(-0.028363255 0.0652662256 0)
(-0.0499740022 0.0778859818 0)
(-0.0729402577 0.0821915946 0)
(-0.0952284447 0.0788606696 0)
(-0.11516889 0.0689646878 0)
(-0.131463018 0.0537741469 0)
(-0.143162955 0.0346411543 0)
(-0.149617048 0.0129564233 0)
(-0.150433041 -0.00984238286 0)
(-0.145470574 -0.032238728 0)
(-0.134865168 -0.0526097412 0)
(-0.119083241 -0.0692316783 0)
(-0.0990029665 -0.0803465094 0)
(-0.0760001871 -0.0843145821 0)
(-0.0519715709 -0.0798636722 0)
(-0.0292842802 -0.0664063592 0)
(-0.0111244182 -0.0443863144 0)
(-0.00182510597 -0.015750765 0)
(-0.00154115843 0.0110330952 0)
(-0.00915163354 0.0313797171 0)
(-0.0239018959 0.0471943029 0)
(-0.0424588219 0.057139933 0)
(-0.0624536162 0.0609317635 0)
(-0.0820960039 0.0589031877 0)
(-0.0998379719 0.0517709534 0)
(-0.114419397 0.0404682965 0)
(-0.124886607 0.0260386994 0)
(-0.130575172 0.00958904162 0)
(-0.131098957 -0.00771698014 0)
(-0.126354932 -0.0246482969 0)
(-0.116544716 -0.0399015568 0)
(-0.102210622 -0.0521239392 0)
(-0.0842795475 -0.0599838877 0)
(-0.0640966266 -0.0623057594 0)
(-0.0433959753 -0.0582720813 0)
(-0.0242080451 -0.0476676517 0)
(-0.0091045923 -0.031139564 0)
(-0.0014741417 -0.0105833778 0)
(-0.00122277205 0.00676012108 0)
(-0.00738451537 0.0206127037 0)
(-0.0195090324 0.0319675271 0)
(-0.0350067495 0.0394212791 0)
(-0.0519571381 0.0425458057 0)
(-0.0688167289 0.0414630597 0)
(-0.0841886696 0.0366345531 0)
(-0.0968954578 0.0287180805 0)
(-0.106023206 0.0184763929 0)
(-0.110929902 0.00673463978 0)
(-0.111251628 -0.00563067104 0)
(-0.106914726 -0.0176904375 0)
(-0.0981541716 -0.0284671907 0)
(-0.085534984 -0.0369611299 0)
(-0.0699696326 -0.0422120721 0)
(-0.052716127 -0.0434082138 0)
(-0.0353165975 -0.0400442652 0)
(-0.0194804644 -0.0321107306 0)
(-0.00723818628 -0.0203064607 0)
(-0.00115162948 -0.00640717053 0)
(-0.000884225415 0.00342023947 0)
(-0.00556726647 0.0120199732 0)
(-0.0150489678 0.0195792134 0)
(-0.0274569876 0.0247541281 0)
(-0.0412905249 0.0271048932 0)
(-0.0552475318 0.0266506357 0)
(-0.0681025946 0.0236773335 0)
(-0.0787967832 0.0186201171 0)
(-0.0864946737 0.0119917647 0)
(-0.0906064841 0.00435061692 0)
(-0.0908031338 -0.00370791869 0)
(-0.0870314811 -0.0115515876 0)
(-0.0795298274 -0.018516112 0)
(-0.0688400628 -0.0239256869 0)
(-0.0558093473 -0.0271385646 0)
(-0.041568046 -0.027625636 0)
(-0.027453015 -0.0250858814 0)
(-0.0148787369 -0.0195898674 0)
(-0.00539871079 -0.011763842 0)
(-0.000821801442 -0.00318154065 0)
(-0.000498730986 0.00107375091 0)
(-0.00362608974 0.00564513339 0)
(-0.010407115 0.0100470317 0)
(-0.0196465241 0.0131674522 0)
(-0.0302273158 0.0146747797 0)
(-0.041086825 0.0145674074 0)
(-0.0511998885 0.0130134983 0)
(-0.0596710056 0.010267923 0)
(-0.0657890233 0.00662631159 0)
(-0.0690511204 0.00240713763 0)
(-0.0691787026 -0.00205110195 0)
(-0.0661318556 -0.00638815796 0)
(-0.0601224859 -0.0102236841 0)
(-0.0516224791 -0.013168483 0)
(-0.0413599232 -0.0148507818 0)
(-0.0302917956 -0.0149629456 0)
(-0.0195292984 -0.0133335351 0)
(-0.0102118474 -0.0100239537 0)
(-0.00347746516 -0.00547965159 0)
(-0.000450500316 -0.000938158599 0)
(-6.41606038e-05 -0.000170353822 0)
(-0.00157392671 0.00161197791 0)
(-0.00560045572 0.00353856694 0)
(-0.0115200813 0.00492396219 0)
(-0.0185610378 0.00561590238 0)
(-0.0259298818 0.00563149147 0)
(-0.0328664643 0.00505571092 0)
(-0.0387137425 0.00400138112 0)
(-0.0429530394 0.00259048989 0)
(-0.0452184969 0.000949465072 0)
(-0.0453069713 -0.000789146166 0)
(-0.0431883504 -0.00248368995 0)
(-0.0390161754 -0.00398227561 0)
(-0.0331353416 -0.00512587386 0)
(-0.0260810695 -0.00575764728 0)
(-0.0185601729 -0.00574114546 0)
(-0.0113978825 -0.00499109902 0)
(-0.00544007723 -0.00351995788 0)
(-0.00146488579 -0.0015350382 0)
(-3.21179029e-05 0.000226212605 0)
(0.00025596676 -0.000250118401 0)
(0.000145626979 0.000101821416 0)
(-0.00116004771 0.000539232733 0)
(-0.00342688108 0.000849380717 0)
(-0.00627155038 0.00100473089 0)
(-0.00930822887 0.00102002955 0)
(-0.0121891846 0.00091991534 0)
(-0.0146269221 0.00073021491 0)
(-0.0164000285 0.000475138459 0)
(-0.0173533993 0.000177696445 1.08301136e-33)
(-0.0173994883 -0.000138762604 -1.08301136e-33)
(-0.0165221506 -0.000449055032 0)
(-0.014782454 -0.000725182078 0)
(-0.0123246806 -0.000936273913 0)
(-0.00937987949 -0.00104968727 0)
(-0.00626317445 -0.00103384584 0)
(-0.00335754173 -0.000864052797 0)
(-0.0010752351 -0.000533140182 0)
(0.000198373367 -8.33893262e-05 0)
(0.000269197951 0.000261382564 0)
)
;

boundaryField
{
    walls
    {
        type            fixedValue;
        value           uniform (0 0 0);
    }
    mov_wall
    {
        type            fixedValue;
        value           uniform (1 0 0);
    }
    empty
    {
        type            empty;
    }
}


// ************************************************************************* //
