/*--------------------------------*- C++ -*----------------------------------*\
| =========                 |                                                 |
| \\      /  F ield         | OpenFOAM: The Open Source CFD Toolbox           |
|  \\    /   O peration     | Version:  5.x                                   |
|   \\  /    A nd           | Web:      www.OpenFOAM.org                      |
|    \\/     M anipulation  |                                                 |
\*---------------------------------------------------------------------------*/
FoamFile
{
    version     2.0;
    format      ascii;
    class       volScalarField;
    location    "3.7";
    object      p;
}
// * * * * * * * * * * * * * * * * * * * * * * * * * * * * * * * * * * * * * //

dimensions      [0 2 -2 0 0 0 0];

internalField   nonuniform List<scalar> 
400
(
4.07470318e-06
2.4524647
3.49432857
3.89888478
4.10665276
4.22471222
4.29429683
4.34028368
4.37634422
4.41011638
4.44676531
4.49092015
4.54765977
4.62449488
4.73480313
4.90460161
5.18238522
5.68420656
6.84132115
9.41173018
1.88671032
2.86729465
3.41988889
3.74774923
3.96518627
4.10975276
4.20767976
4.27899766
4.33675023
4.38961861
4.44425085
4.50657734
4.58333886
4.68330314
4.81973169
5.01368452
5.29402775
5.69847444
6.33842094
7.42837664
2.98208312
3.26253552
3.54233638
3.77068488
3.94571107
4.07572123
4.17323112
4.25000871
4.31528097
4.37624131
4.43893054
4.50902707
4.59258051
4.69678807
4.83085549
5.0066436
5.23632715
5.52394469
5.86049613
6.19824288
3.52778956
3.58534817
3.72179076
3.86538206
3.9890694
4.09083775
4.17461571
4.24571943
4.30953226
4.37102848
4.43477998
4.50520983
4.5867939
4.68425995
4.80245652
4.94569808
5.11575485
5.3051534
5.47834236
5.55964428
3.84422246
3.82688589
3.88518525
3.96938829
4.05222503
4.12779631
4.19567402
4.25748324
4.31592826
4.37409755
4.43507037
4.50186298
4.57733658
4.66401144
4.76350933
4.87551635
4.99636445
5.11480729
5.19585135
5.18372117
4.04550639
4.00366415
4.02143148
4.0678552
4.12138763
4.17574616
4.22886011
4.28054313
4.33186554
4.38449698
4.44027621
4.50097336
4.56805418
4.64233177
4.72333166
4.80837164
4.89181207
4.96268333
4.99308602
4.94681332
4.18059094
4.13383612
4.13184414
4.15537393
4.18883878
4.22707183
4.26773214
4.30987707
4.35364272
4.39973663
4.44904354
4.50234207
4.56002421
4.62172715
4.68579074
4.74863124
4.804565
4.84467099
4.84862994
4.79368536
4.27566373
4.23084761
4.21966525
4.22967961
4.24985105
4.27635985
4.30712739
4.34098783
4.37758376
4.41700434
4.45945667
4.50500141
4.55329043
4.60325447
4.65271032
4.69801651
4.73426382
4.75485196
4.74556571
4.69204744
4.34467929
4.30373607
4.288634
4.29083265
4.30238147
4.32057683
4.34373506
4.37070676
4.40089808
4.43402071
4.46983351
4.50792287
4.54748856
4.58711414
4.62451857
4.65641848
4.67889877
4.68733828
4.67188438
4.62322171
4.39526435
4.35850944
4.34216209
4.33996307
4.34599416
4.35836636
4.37576602
4.39714988
4.42183013
4.44930362
4.47905586
4.51039199
4.54227919
4.57319743
4.60100527
4.6229312
4.6360008
4.63709738
4.61932974
4.57638266
4.43196858
4.39926259
4.38305923
4.37851526
4.38107058
4.38940097
4.40249234
4.41942928
4.43950674
4.4621135
4.48658715
4.5120918
4.5375129
4.56137367
4.58178092
4.59648608
4.60329942
4.60017851
4.5822107
4.54489876
4.45778138
4.42890065
4.4135852
4.40794957
4.4083842
4.41395198
4.42386902
4.43734338
4.45369289
4.47226572
4.49233557
4.51301862
4.53321149
4.55155631
4.56643782
4.57607517
4.57889041
4.57357948
4.55656009
4.52448283
4.47483227
4.44957827
4.43556625
4.42962537
4.42885768
4.4325983
4.44024023
4.45110336
4.46454779
4.47992046
4.49648196
4.51335505
4.52949597
4.54369348
4.55459676
4.56081557
4.56123196
4.55504072
4.53957808
4.51226426
4.48473522
4.46296411
4.45049797
4.44475638
4.44342148
4.44603351
4.45212718
4.46112224
4.47242775
4.48540816
4.49933555
4.51336365
4.52652453
4.53775113
4.54592301
4.54996406
4.54909841
4.54286178
4.52926018
4.50627673
4.48877886
4.47040742
4.45962552
4.45439841
4.4529323
4.4549417
4.46008344
4.46786663
4.47774664
4.48910777
4.50123744
4.51332144
4.52446071
4.53371094
4.54013956
4.54291786
4.54152797
4.53575341
4.52413934
4.50514052
4.48806629
4.4730618
4.46401411
4.45946008
4.45813615
4.45992911
4.46461019
4.47176761
4.4808919
4.49137544
4.50250745
4.51348818
4.52346298
4.53157576
4.53703537
4.53920444
4.5377673
4.5327127
4.52308843
4.50782604
4.48367346
4.47201537
4.46464568
4.46076754
4.45970683
4.46154214
4.46615853
4.47321095
4.4822056
4.492519
4.50341461
4.5140751
4.52365231
4.53133388
4.53642055
4.53841739
4.5371753
4.53288321
4.52513137
4.51342107
4.47686056
4.46839291
4.46243441
4.45902071
4.45816715
4.46017512
4.46504016
4.47246251
4.48193288
4.49277525
4.50418623
4.51528533
4.52517959
4.53304395
4.53821295
4.54028314
4.53924394
4.53550343
4.52929267
4.52086115
4.46929102
4.46319957
4.45767953
4.45397319
4.4529271
4.45509433
4.4605481
4.46897353
4.47977616
4.49215402
4.50515911
4.51776342
4.52893622
4.53773939
4.54343952
4.54563592
4.54440934
4.54042111
4.53470407
4.52867103
4.46345383
4.45752815
4.45037571
4.44493223
4.44290859
4.44510058
4.45157258
4.46187796
4.47521992
4.4905562
4.50667736
4.52228103
4.53605847
4.54680452
4.55355717
4.55577047
4.5535253
4.54775443
4.54035655
4.53446717
)
;

boundaryField
{
    walls
    {
        type            zeroGradient;
    }
    mov_wall
    {
        type            zeroGradient;
    }
    empty
    {
        type            empty;
    }
}


// ************************************************************************* //
