/*--------------------------------*- C++ -*----------------------------------*\
| =========                 |                                                 |
| \\      /  F ield         | OpenFOAM: The Open Source CFD Toolbox           |
|  \\    /   O peration     | Version:  5.x                                   |
|   \\  /    A nd           | Web:      www.OpenFOAM.org                      |
|    \\/     M anipulation  |                                                 |
\*---------------------------------------------------------------------------*/
FoamFile
{
    version     2.0;
    format      ascii;
    class       surfaceScalarField;
    location    "3.7";
    object      phi;
}
// * * * * * * * * * * * * * * * * * * * * * * * * * * * * * * * * * * * * * //

dimensions      [0 3 -1 0 0 0 0];

internalField   nonuniform List<scalar> 
760
(
0.00134817599
-0.00134817793
0.00245763946
-0.00110946346
0.0031351345
-0.000677495039
0.00355971561
-0.000424581106
0.00383225125
-0.000272535629
0.00400945211
-0.000177200866
0.00412521447
-0.000115762359
0.00419921704
-7.40025728e-05
0.00424243233
-4.32152763e-05
0.00426055357
-1.81212286e-05
0.00425562234
4.93123102e-06
0.00422675776
2.88645724e-05
0.00416938938
5.73683827e-05
0.00407358503
9.58043562e-05
0.00391995093
0.000153634107
0.00367201929
0.000247931641
0.00326316022
0.000408859067
0.00257264076
0.000690519466
0.00140850173
0.00116413904
0.00140850173
-5.46956239e-05
-0.0012934823
0.000412592299
-0.00157675139
0.00103002954
-0.00129493228
0.00157871367
-0.000973265231
0.00201483255
-0.000708654493
0.00234477714
-0.00050714545
0.00258511621
-0.000356101426
0.00275126932
-0.000240155681
0.00285456771
-0.000146513666
0.00290179525
-6.53487567e-05
0.00289536654
1.13599516e-05
0.00283293031
9.13008086e-05
0.00270712569
0.000183173004
0.0025043637
0.000298566348
0.00220410986
0.000453887966
0.00178090171
0.000671139799
0.00121756798
0.000972192797
0.000552812551
0.0013552749
1.3066474e-05
0.00170388512
0.00142156821
-0.000271734816
-0.00102174748
-0.000221026829
-0.00162745936
7.1367563e-05
-0.00158732667
0.000446285431
-0.0013481831
0.000812489492
-0.00107485855
0.0011292991
-0.000823955051
0.00138207817
-0.000608880484
0.00156800775
-0.000426085256
0.00168837684
-0.000266882759
0.00174468443
-0.000121656339
0.00173678967
1.92547243e-05
0.00166213434
0.000165956145
0.00151571281
0.000329594532
0.00129125418
0.000523024984
0.000985011643
0.000760130506
0.000605009619
0.00105114183
0.000189850689
0.00138735174
-0.000160045089
0.00170517068
-0.000261640635
0.00180548067
0.00115992758
-0.000227941664
-0.000793805815
-0.00036119747
-0.00149420355
-0.000308328406
-0.00164019573
-0.000134821405
-0.0015216901
8.92091914e-05
-0.00129888914
0.000314971689
-0.00104971754
0.000513262837
-0.00080717162
0.000668299866
-0.000581122279
0.000771990184
-0.000370573076
0.000820035985
-0.00016970214
0.000809727537
2.95631801e-05
0.000739200927
0.000236482767
0.000607935584
0.000460859881
0.0004191108
0.000711849769
0.000184524267
0.00099471704
-6.71912189e-05
0.00130285733
-0.00028061757
0.0016007781
-0.000369418492
0.00179397161
-0.000246993636
0.00168305581
0.000912933946
-0.000168965264
-0.000624840553
-0.000352016284
-0.00131115251
-0.000431557822
-0.00156065418
-0.000408909142
-0.00154433878
-0.000319435352
-0.00138836293
-0.000200095356
-0.00116905753
-7.98102482e-05
-0.000927456717
2.15780955e-05
-0.000682510612
9.1428549e-05
-0.000440423526
0.000122135246
-0.000200408839
0.00010975707
4.19413587e-05
5.36456075e-05
0.00029259424
-4.27490973e-05
0.000557254596
-0.00016969411
0.000838794785
-0.000307652495
0.00113267542
-0.000423468675
0.00141867351
-0.000470024901
0.00164733433
-0.000397824838
0.00172177155
-0.000196431031
0.00148166201
0.000716502914
-0.000124192165
-0.000500648392
-0.000308335705
-0.00112700896
-0.000450494203
-0.00141849567
-0.000523204145
-0.00147162883
-0.000535391203
-0.00137617588
-0.000508160974
-0.00119628777
-0.000463157042
-0.000972460643
-0.000418061086
-0.000727606555
-0.000385619151
-0.000472865451
-0.0003739122
-0.000212115789
-0.000386728051
5.47572071e-05
-0.000423459608
0.000329325802
-0.000478356461
0.000612151462
-0.000539178343
0.000899616676
-0.000585818937
0.00117931602
-0.00059051238
0.00142336695
-0.000523085161
0.00157990712
-0.000366699098
0.0015653855
-0.000150585988
0.00126554891
0.000565916926
-9.45729469e-05
-0.000406075445
-0.000264649787
-0.000956932121
-0.00043073846
-0.00125240699
-0.000556977039
-0.00134539024
-0.00063679333
-0.00129635958
-0.000678141889
-0.00115493921
-0.000693944057
-0.000956658477
-0.00069692937
-0.000724621233
-0.000697274179
-0.000472520628
-0.000701661871
-0.000207728089
-0.00071286082
6.59561535e-05
-0.000729336461
0.00034580144
-0.000744753889
0.000627568899
-0.000747580365
0.000902443166
-0.000721469949
0.00115320561
-0.000647843428
0.00134974043
-0.000512876948
0.00144494063
-0.000321206292
0.00137371485
-0.000116485705
0.00106082834
0.000449431226
-7.53437383e-05
-0.000330731701
-0.000228206842
-0.000804069021
-0.000398353712
-0.00108226011
-0.000550539596
-0.00119320434
-0.000670626537
-0.00117627263
-0.000757578437
-0.00106798731
-0.000816784916
-0.000897452004
-0.000855587553
-0.000685818596
-0.000880624402
-0.000447483767
-0.000896360418
-0.000191992057
-0.000904270173
7.38659133e-05
-0.000902360393
0.000343891654
-0.000884972279
0.000610180784
-0.000843104217
0.000860575115
-0.000765820232
0.00107592164
-0.000643664767
0.00122758497
-0.000475103962
0.00127637983
-0.000276309858
0.00117492075
-9.2132866e-05
0.000876651348
0.000357298367
-6.2288304e-05
-0.000268443385
-0.000198541334
-0.000667815995
-0.000362893686
-0.000917907764
-0.000523850775
-0.00103224724
-0.000664415287
-0.0010357081
-0.000778128986
-0.000954273595
-0.000864812247
-0.000810768744
-0.000927165555
-0.000623465296
-0.000968399766
-0.000406249554
-0.000990721287
-0.00016967052
-0.000994436432
7.75810737e-05
-0.000977525798
0.000326981022
-0.000935695057
0.000568350038
-0.000863101285
0.000787981343
-0.000754123192
0.000966943559
-0.00060662633
0.00108008812
-0.000426950424
0.00109670393
-0.000236038299
0.000984008622
-7.43490259e-05
0.000714962076
0.000282949346
-5.27689676e-05
-0.000215674405
-0.000173812793
-0.000546772164
-0.000327557421
-0.00076416314
-0.000486866013
-0.000872938654
-0.000634380229
-0.000888193873
-0.000760757898
-0.000827895906
-0.000862116705
-0.000709409926
-0.00093765481
-0.000547927195
-0.000987783283
-0.000356121088
-0.00101282401
-0.000144629782
-0.00101222281
7.69798831e-05
-0.000984240736
0.000298998965
-0.0009261631
0.000510272402
-0.000835158848
0.000696977085
-0.000709976116
0.00084176083
-0.000553597346
0.000923709365
-0.00037667699
0.000919783584
-0.000200960054
0.000808291692
-6.08626289e-05
0.000574864652
0.000222086717
-4.52979308e-05
-0.000170376469
-0.000152453972
-0.000439616107
-0.000293299617
-0.000623317492
-0.000444763118
-0.000721475159
-0.000590345867
-0.000742611126
-0.000719473381
-0.000698768379
-0.000826046367
-0.000602836919
-0.000906878232
-0.000467095322
-0.000960347605
-0.000302651722
-0.000985403182
-0.000119574211
-0.000980963185
7.25398947e-05
-0.00094573213
0.000263767929
-0.000878480046
0.000443020329
-0.000778855076
0.000597352113
-0.000648784069
0.000711689818
-0.000494403562
0.000769328861
-0.000328204161
0.000753584194
-0.000170678371
0.000650765913
-5.0280657e-05
0.000454466945
0.000171806059
-3.9062188e-05
-0.000131314286
-0.000133403795
-0.000345274479
-0.000260349961
-0.000496371312
-0.000400388966
-0.000581436155
-0.000538431199
-0.000604568902
-0.000663692791
-0.000573506788
-0.000768938052
-0.000497591642
-0.000849523078
-0.000386510276
-0.000902500935
-0.00024967386
-0.000925934103
-9.61410515e-05
-0.000918488884
6.5094672e-05
-0.000879356199
0.000224635254
-0.000808535334
0.000372199482
-0.000707505271
0.000496322061
-0.000580261697
0.000584446242
-0.000434588345
0.000623655506
-0.000283248298
0.000602244151
-0.000144573366
0.000512090992
-4.17551849e-05
0.000351648773
0.000130050875
-3.36094136e-05
-9.77048818e-05
-0.000115973499
-0.000262910381
-0.000228685874
-0.000383658919
-0.000355331125
-0.000454790891
-0.000482448475
-0.000477451557
-0.000599656636
-0.000456298636
-0.000699324721
-0.000397923556
-0.000776050462
-0.000309784516
-0.000826127606
-0.000199596698
-0.000847124117
-7.51445372e-05
-0.000837646076
5.56166226e-05
-0.000797332195
0.00018432137
-0.000727102517
0.000301969815
-0.00062965642
0.000398875979
-0.000510163466
0.000464953297
-0.000377005141
0.000490497181
-0.000242314868
0.000467553877
-0.000121978236
0.000391754364
-3.47332166e-05
0.000264403762
9.5317663e-05
-2.86574892e-05
-6.90473963e-05
-9.96602229e-05
-0.00019190765
-0.000198116994
-0.000285202136
-0.000310357538
-0.000342550327
-0.000424616035
-0.000363193048
-0.000531265861
-0.000349648815
-0.000622765426
-0.000306424002
-0.000693446602
-0.000239103337
-0.000739258777
-0.000153784505
-0.000757557998
-5.68453001e-05
-0.000747003419
4.50620455e-05
-0.000707597914
0.000144915858
-0.000640884379
0.000235256279
-0.000550277046
0.000308268656
-0.000441462333
0.000356138597
-0.000322745849
0.000371780705
-0.000205166583
0.000349974612
-0.000102185443
0.000288773224
-2.88024196e-05
0.000191020742
6.65152487e-05
-2.39811986e-05
-4.50661881e-05
-8.39974278e-05
-0.000131891431
-0.000168257084
-0.000200942482
-0.000265595467
-0.000245211931
-0.000365935557
-0.000262852937
-0.000460594455
-0.000254989908
-0.000542423494
-0.00022459497
-0.000605821279
-0.000175705559
-0.000646681688
-0.000112924091
-0.000662339337
-4.11876337e-05
-0.000651561287
3.42840102e-05
-0.000614612908
0.00010796748
-0.000553400611
0.000174043977
-0.000471663874
0.00022653192
-0.000375153986
0.000259628718
-0.000271701941
0.000268328671
-0.000171058852
0.000249331531
-8.44170693e-05
0.000202131444
-2.3599868e-05
0.000130203542
4.29153841e-05
-1.93492127e-05
-2.57169573e-05
-6.84700209e-05
-8.27706268e-05
-0.000138506737
-0.000130905774
-0.000220638054
-0.000163080616
-0.000306428379
-0.000177062598
-0.000388228712
-0.000173189555
-0.000459474127
-0.000153349548
-0.000514859762
-0.00012031993
-0.000550429747
-7.7354112e-05
-0.000563627516
-2.79898569e-05
-0.000553348378
2.40048877e-05
-0.00052001639
7.46355029e-05
-0.000465682583
0.000119710171
-0.000394114892
0.000154964225
-0.000310822969
0.000176336798
-0.000222941252
0.000180446961
-0.000138894615
0.000165284903
-6.78135161e-05
0.000131050351
-1.87621141e-05
8.11521431e-05
2.41532714e-05
-1.45055247e-05
-1.12114193e-05
-5.25210938e-05
-4.47550449e-05
-0.000108122794
-7.53040772e-05
-0.000174687773
-9.65156453e-05
-0.000245343212
-0.000106407158
-0.000313520778
-0.000105011974
-0.000373387855
-9.34824544e-05
-0.000420129379
-7.35784001e-05
-0.00045011603
-4.7367465e-05
-0.00046100904
-1.7096849e-05
-0.000451841591
1.48374454e-05
-0.000423096865
4.58907908e-05
-0.000376775937
7.33892526e-05
-0.00031642643
9.46147211e-05
-0.000247079537
0.000106989904
-0.000175030345
0.000108397772
-0.000107403056
9.76576209e-05
-5.14858443e-05
7.51331475e-05
-1.39146215e-05
4.35809266e-05
1.02386511e-05
-9.20280445e-06
-2.00861552e-06
-3.56847286e-05
-1.82730977e-05
-7.64355095e-05
-3.45532851e-05
-0.000126811003
-4.61401543e-05
-0.000181408046
-5.18101219e-05
-0.000234817118
-5.16029001e-05
-0.000282132191
-4.61673691e-05
-0.000319263499
-3.64470777e-05
-0.000343116472
-2.3514486e-05
-0.000351700009
-8.51331422e-06
-0.000344206984
7.34442007e-06
-0.000321084398
2.27682122e-05
-0.000284086131
3.63909965e-05
-0.000236279514
4.68081124e-05
-0.000181958563
5.26689563e-05
-0.000126403742
5.28429522e-05
-7.54285395e-05
4.66824221e-05
-3.46816275e-05
3.43862418e-05
-8.71390796e-06
1.76132142e-05
1.52474557e-06
-3.43753321e-06
1.42890586e-06
-1.80438722e-05
-3.66673624e-06
-4.34060255e-05
-9.1911121e-06
-7.64336513e-05
-1.31125174e-05
-0.00011318714
-1.50566345e-05
-0.000149665097
-1.51249478e-05
-0.000182251523
-1.35809392e-05
-0.000207952819
-1.07457701e-05
-0.000224514064
-6.95322846e-06
-0.000230484733
-2.54264081e-06
-0.000225272623
2.13230955e-06
-0.000209197062
6.69265285e-06
-0.00018353534
1.07292808e-05
-0.000150536796
1.38095784e-05
-0.000113368285
1.55004523e-05
-7.59397566e-05
1.5414428e-05
-4.25472226e-05
1.32898911e-05
-1.72767386e-05
9.11576212e-06
-3.10385791e-06
3.44033946e-06
-1.57910918e-06
1.42889825e-06
-2.23784599e-06
-1.14289568e-05
-2.4541465e-05
-3.95980904e-05
-5.47230362e-05
-6.83039787e-05
-7.904975e-05
-8.60029736e-05
-8.85456068e-05
-8.64132924e-05
-7.97206392e-05
-6.89913593e-05
-5.51817796e-05
-3.96813234e-05
-2.42668909e-05
-1.09769965e-05
-1.86123225e-06
1.57910916e-06
)
;

boundaryField
{
    walls
    {
        type            calculated;
        value           uniform 0;
    }
    mov_wall
    {
        type            calculated;
        value           uniform 0;
    }
    empty
    {
        type            empty;
        value           nonuniform 0();
    }
}


// ************************************************************************* //
