/*--------------------------------*- C++ -*----------------------------------*\
| =========                 |                                                 |
| \\      /  F ield         | OpenFOAM: The Open Source CFD Toolbox           |
|  \\    /   O peration     | Version:  5.x                                   |
|   \\  /    A nd           | Web:      www.OpenFOAM.org                      |
|    \\/     M anipulation  |                                                 |
\*---------------------------------------------------------------------------*/
FoamFile
{
    version     2.0;
    format      ascii;
    class       volVectorField;
    location    "3.7";
    object      U;
}
// * * * * * * * * * * * * * * * * * * * * * * * * * * * * * * * * * * * * * //

dimensions      [0 1 -1 0 0 0 0];

internalField   nonuniform List<vector> 
400
(
(0.291698326 0.149643923 0)
(0.388187016 0.128007749 0)
(0.557615999 0.0757318493 0)
(0.674785668 0.043304449 0)
(0.743766574 0.0251591102 0)
(0.787075008 0.0148802999 0)
(0.815462947 0.00893092262 0)
(0.833939551 0.00530992827 0)
(0.845365455 0.00289956137 0)
(0.851349258 0.00108485297 2.66527088e-34)
(0.852640743 -0.00050285272 -2.66527088e-34)
(0.849354287 -0.00216072028 0)
(0.840973366 -0.00421710594 0)
(0.82611377 -0.00722098618 0)
(0.802020423 -0.0122365011 0)
(0.763538944 -0.02138921 0)
(0.699488889 -0.0388386152 0)
(0.584557334 -0.072273275 0)
(0.407900534 -0.128436308 0)
(0.300688067 -0.152947536 0)
(0.00120412068 0.28743255 0)
(0.0133208517 0.293872217 0)
(0.140044362 0.209904903 0)
(0.264971528 0.14298619 0)
(0.364177695 0.0968020005 0)
(0.440120029 0.0654411309 0)
(0.496541011 0.0439762566 0)
(0.536691044 0.0287011586 0)
(0.563274445 0.0170798549 0)
(0.578137325 0.00742308715 0)
(0.582210272 -0.00150101154 0)
(0.575515239 -0.0107977542 0)
(0.557109237 -0.0217346523 0)
(0.524912985 -0.0361396921 0)
(0.4755184 -0.0569634971 0)
(0.404325998 -0.0889771516 0)
(0.30568729 -0.139150755 0)
(0.174497787 -0.215275202 0)
(0.0341065824 -0.310801156 0)
(0.0108691556 -0.305909063 0)
(-0.0321467885 0.241773988 0)
(-0.063430422 0.33354723 0)
(-0.0219362649 0.299502544 0)
(0.0505995691 0.240051702 0)
(0.127397332 0.183020831 0)
(0.196818567 0.135454539 0)
(0.254167066 0.0974523524 0)
(0.298088268 0.0668891767 0)
(0.328665647 0.0413758271 0)
(0.3463078 0.0187814624 -2.3579727e-33)
(0.351211292 -0.00280948994 2.3579727e-33)
(0.34312673 -0.0252950445 0)
(0.321277563 -0.0508299456 0)
(0.284432886 -0.0820948296 0)
(0.231328807 -0.122479773 0)
(0.161916754 -0.175658039 0)
(0.0798350144 -0.243208456 0)
(-0.00333734587 -0.31798196 0)
(-0.0578531359 -0.366363501 0)
(-0.0313893211 -0.270690675 0)
(-0.0261204263 0.182361604 0)
(-0.0666193079 0.316884183 0)
(-0.0735378246 0.330901786 0)
(-0.0481307663 0.295352947 0)
(-0.00567222106 0.244253533 0)
(0.0411124332 0.19243176 0)
(0.0845450689 0.145095053 0)
(0.120424295 0.103006639 0)
(0.146585212 0.0651543691 0)
(0.161925449 0.0298884106 2.35546808e-33)
(0.165812791 -0.00469431894 -2.35546808e-33)
(0.157798779 -0.040669615 0)
(0.137586478 -0.0803027342 0)
(0.105285194 -0.125979576 0)
(0.0620900126 -0.179774805 0)
(0.0116092583 -0.242029714 0)
(-0.0380283856 -0.307764351 0)
(-0.0720490983 -0.359579367 0)
(-0.0711639198 -0.355585635 0)
(-0.028721057 -0.20917858 0)
(-0.0176296881 0.140767931 0)
(-0.0549165618 0.281827236 0)
(-0.082863023 0.324484397 0)
(-0.0880762601 0.312396832 0)
(-0.0751197288 0.274442007 0)
(-0.0526276655 0.226778448 0)
(-0.0275118868 0.177302833 0)
(-0.00458012834 0.129145436 0)
(0.013023455 0.0829123697 0)
(0.0233567639 0.0379330381 -2.94545838e-34)
(0.0253097176 -0.00710138963 2.94545838e-34)
(0.018415182 -0.0537995166 0)
(0.0028869632 -0.103801254 0)
(-0.0200872197 -0.158367931 0)
(-0.0477708089 -0.217530717 0)
(-0.0750614697 -0.278347549 0)
(-0.0936267159 -0.331694798 0)
(-0.0922270598 -0.357398864 0)
(-0.0635074688 -0.318879887 0)
(-0.0207312599 -0.162076723 0)
(-0.0116542819 0.111592261 0)
(-0.043152209 0.243765289 0)
(-0.0782840145 0.29985943 0)
(-0.100579287 0.305000856 0)
(-0.108310621 0.280421288 0)
(-0.105716539 0.240369201 0)
(-0.0975362066 0.193277782 0)
(-0.0877934807 0.143545382 0)
(-0.0795352231 0.0930260848 0)
(-0.0748272481 0.0420752406 0)
(-0.0748481615 -0.00975925032 0)
(-0.0799346036 -0.0632506115 0)
(-0.0895000432 -0.119033266 0)
(-0.101812893 -0.176993434 0)
(-0.113690964 -0.235297911 0)
(-0.120284792 -0.288849064 0)
(-0.115237031 -0.327084776 0)
(-0.0922711178 -0.331566546 0)
(-0.0521876287 -0.275119686 0)
(-0.0142847856 -0.127260096 0)
(-0.00803185706 0.0899680251 0)
(-0.0343052877 0.207876711 0)
(-0.0703686711 0.267741375 0)
(-0.100959335 0.283509166 0)
(-0.121509133 0.269753799 0)
(-0.133061991 0.237807862 0)
(-0.138135865 0.195384137 0)
(-0.13945027 0.147216502 0)
(-0.139365693 0.0958906925 0)
(-0.139599258 0.0425957687 0)
(-0.141114138 -0.0122625577 0)
(-0.144054687 -0.0685401565 0)
(-0.147657228 -0.125824584 0)
(-0.150140617 -0.182787194 0)
(-0.148667753 -0.236314544 0)
(-0.139565538 -0.280390156 0)
(-0.119015761 -0.304900537 0)
(-0.0848747445 -0.294957278 0)
(-0.042204647 -0.232154471 0)
(-0.0100065908 -0.100709813 0)
(-0.00589819042 0.0731569084 0)
(-0.0280514423 0.175459937 0)
(-0.0624620843 0.233454981 0)
(-0.096193123 0.254650705 0)
(-0.123784306 0.248662388 0)
(-0.144336468 0.223978333 0)
(-0.158622061 0.187072468 0)
(-0.16806957 0.142434115 0)
(-0.174171032 0.0929433485 0)
(-0.178091672 0.0403533118 0)
(-0.180456281 -0.0142245127 0)
(-0.181230026 -0.0698446658 0)
(-0.17964732 -0.125225742 0)
(-0.17420521 -0.178177549 0)
(-0.16280908 -0.22494094 0)
(-0.143212565 -0.259512822 0)
(-0.113841644 -0.273201292 0)
(-0.0753166216 -0.254896354 0)
(-0.034318899 -0.192925772 0)
(-0.00728498531 -0.079991769 0)
(-0.00459312275 0.0595160174 0)
(-0.0235441705 0.146542623 0)
(-0.0553429956 0.199662162 0)
(-0.0893196809 0.222701642 0)
(-0.120051829 0.221819424 0)
(-0.145609106 0.203131838 0)
(-0.165570667 0.171796558 0)
(-0.180317117 0.131775637 0)
(-0.190531092 0.0859405177 0)
(-0.19681375 0.036351018 2.97711796e-34)
(-0.199448915 -0.0153915329 -2.97711796e-34)
(-0.198275646 -0.0677566298 0)
(-0.192646167 -0.118867784 0)
(-0.181489362 -0.166059294 0)
(-0.163546097 -0.205440856 0)
(-0.137858735 -0.231577778 0)
(-0.1045034 -0.237504894 0)
(-0.0656637292 -0.215386215 0)
(-0.0281737993 -0.158249837 0)
(-0.00551069051 -0.0634668187 0)
(-0.00373314336 0.0480883412 0)
(-0.0201212344 0.1208394 0)
(-0.0490153905 0.167676445 0)
(-0.0816389837 0.190287503 0)
(-0.112989456 0.192487653 0)
(-0.140680569 0.178557136 4.6798853e-33)
(-0.163557402 0.152465455 0)
(-0.181246292 0.117555003 0)
(-0.193784186 0.0765047493 -4.74064279e-33)
(-0.201296982 0.0314710032 2.26595813e-36)
(-0.203789206 -0.0156743846 4.9864914e-36)
(-0.201035376 -0.0630555822 0)
(-0.192565939 -0.108481569 0)
(-0.177765521 -0.149141413 0)
(-0.156124914 -0.181360913 0)
(-0.127679787 -0.200524248 0)
(-0.0935645732 -0.201318523 0)
(-0.0566770464 -0.178463961 0)
(-0.0233146672 -0.128090134 0)
(-0.00429570512 -0.0500435321 0)
(-0.00311504105 0.0383306331 0)
(-0.0173631165 0.0980508518 0)
(-0.0433176198 0.138129967 0)
(-0.0737180768 0.1589792 0)
(-0.104104456 0.162838224 0)
(-0.131970538 0.152618181 -4.6798853e-33)
(-0.155761619 0.131295706 0)
(-0.174612865 0.101603281 0)
(-0.188100223 0.0659289992 4.74064279e-33)
(-0.195997425 0.0263693694 1.49106998e-33)
(-0.198111619 -0.0151233093 -1.49832243e-33)
(-0.194204016 -0.0565442321 0)
(-0.183996563 -0.0956260241 0)
(-0.167277176 -0.129654828 0)
(-0.144124397 -0.155368901 0)
(-0.115252467 -0.169022484 0)
(-0.0823814107 -0.166713878 0)
(-0.048594105 -0.145040215 0)
(-0.0193975964 -0.102103341 0)
(-0.00342090947 -0.0390049983 0)
(-0.00263393618 0.0299262635 0)
(-0.0150226238 0.0779301281 0)
(-0.0380974204 0.11131111 0)
(-0.0658175665 0.129695793 0)
(-0.0942794741 0.134263877 0)
(-0.121044029 0.126925343 0)
(-0.14438361 0.10986057 0)
(-0.163148984 0.0852480492 0)
(-0.176619507 0.0551416434 0)
(-0.184335475 0.0214703226 2.99742952e-34)
(-0.185982939 -0.0138813555 -2.99742952e-34)
(-0.181343677 -0.0489515302 0)
(-0.170313964 -0.0815745435 0)
(-0.152999252 -0.109289256 0)
(-0.129891605 -0.129330723 0)
(-0.102114502 -0.138764233 0)
(-0.0716393826 -0.134816128 0)
(-0.0414365963 -0.115407279 0)
(-0.0161843496 -0.0798582156 0)
(-0.00276403317 -0.0298606559 0)
(-0.00223473645 0.0226800228 0)
(-0.0129541264 0.0602838559 0)
(-0.0332381469 0.0873308354 0)
(-0.0580555253 0.1029545 0)
(-0.0840353774 0.107621821 0)
(-0.108906082 0.102520708 0)
(-0.130914079 0.0892086499 0)
(-0.14877583 0.069381868 0)
(-0.161603546 0.0447501685 0)
(-0.168801284 0.0170067404 3.00137538e-34)
(-0.169993543 -0.0121372055 -3.00137538e-34)
(-0.164999671 -0.0408861708 0)
(-0.153857534 -0.0672953656 0)
(-0.136899078 -0.0892416941 0)
(-0.114876634 -0.104468689 0)
(-0.0891189069 -0.110744407 0)
(-0.0616328444 -0.106158106 0)
(-0.035126976 -0.0895353288 0)
(-0.0135037432 -0.0609264368 0)
(-0.00225327249 -0.0222578245 0)
(-0.00188545585 0.0164662551 0)
(-0.0110624838 0.0449645368 0)
(-0.0286411412 0.0662105038 0)
(-0.0504611252 0.0790278179 0)
(-0.0736531583 0.0834123311 0)
(-0.0961641737 0.0800414895 0)
(-0.116305913 0.0699953592 0)
(-0.132763336 0.0545610891 0)
(-0.144575596 0.0351143658 0)
(-0.151082428 0.0130747402 0)
(-0.151887885 -0.0100881461 0)
(-0.146852998 -0.0328250691 0)
(-0.1361195 -0.0534823447 0)
(-0.120164252 -0.070309845 0)
(-0.0998793364 -0.081529939 0)
(-0.0766571183 -0.0854921268 0)
(-0.05241221 -0.0809235297 0)
(-0.029530034 -0.0672469439 0)
(-0.0112185734 -0.0449266596 0)
(-0.00184129765 -0.0159381033 0)
(-0.00156251712 0.0112077495 0)
(-0.00926987896 0.031870535 0)
(-0.0242025186 0.0479368729 0)
(-0.0429884423 0.0580490696 0)
(-0.0632319093 0.0619115004 0)
(-0.0831208625 0.0598559193 0)
(-0.10108624 0.0526055558 0)
(-0.115849124 0.0411071748 0)
(-0.126440921 0.0264236361 0)
(-0.132187232 0.00968561215 0)
(-0.132697625 -0.00791670806 0)
(-0.127870709 -0.0251250414 0)
(-0.117915451 -0.0406102643 0)
(-0.103386528 -0.0529974434 0)
(-0.0852272494 -0.0609386906 0)
(-0.0648019858 -0.0632496813 0)
(-0.0438652614 -0.0591133777 0)
(-0.0244675005 -0.0483249839 0)
(-0.00920309324 -0.0315520029 0)
(-0.00149088397 -0.010719377 0)
(-0.00124269078 0.00687236833 0)
(-0.00749726192 0.0209539387 0)
(-0.0197996746 0.0325014293 0)
(-0.0355241927 0.0400872982 0)
(-0.0527239596 0.0432717619 0)
(-0.0698330984 0.0421741838 0)
(-0.0854326494 0.0372606205 0)
(-0.0983251615 0.0291991507 0)
(-0.107580777 0.0187673625 0)
(-0.112546714 0.00680864797 0)
(-0.112854327 -0.00578010567 0)
(-0.108431622 -0.0180487505 0)
(-0.0995214415 -0.0289997652 0)
(-0.0867021614 -0.0376160562 0)
(-0.0709039738 -0.0429246665 0)
(-0.053405491 -0.0441071809 0)
(-0.0357703071 -0.0406592823 0)
(-0.0197281037 -0.0325810746 0)
(-0.00733072837 -0.0205903282 0)
(-0.00116697607 -0.00649226726 0)
(-0.00089988209 0.00347704299 0)
(-0.00566092977 0.0122244294 0)
(-0.0152978442 0.0199179415 0)
(-0.0279091909 0.0251886537 0)
(-0.0419708327 0.0275859291 0)
(-0.0561592757 0.0271262701 0)
(-0.069227474 0.0240986744 0)
(-0.0800968088 0.0189454345 0)
(-0.087915983 0.0121895957 0)
(-0.0920844112 0.00440206825 0)
(-0.092268143 -0.00380767363 0)
(-0.088415506 -0.0117927608 0)
(-0.0807724844 -0.0188748705 0)
(-0.0698941989 -0.0243659673 0)
(-0.0566454498 -0.0276151866 0)
(-0.0421770481 -0.0280886994 0)
(-0.0278468981 -0.0254864135 0)
(-0.0150887327 -0.0198866074 0)
(-0.0054744945 -0.0119313543 0)
(-0.000833547343 -0.00322197386 0)
(-0.00050750809 0.00108920719 0)
(-0.00368889132 0.00574014033 0)
(-0.0105872226 0.010222382 0)
(-0.0199879357 0.0134022154 0)
(-0.0307552918 0.0149400961 0)
(-0.0418076518 0.0148327189 0)
(-0.0521004697 0.0132501844 0)
(-0.0607205866 0.0104516809 0)
(-0.0669425753 0.00673881841 0)
(-0.0702538213 0.0024372856 0)
(-0.0703711806 -0.00210634926 0)
(-0.0672558342 -0.00652338472 0)
(-0.0611263859 -0.0104252505 0)
(-0.0524664927 -0.0134154665 0)
(-0.0420201037 -0.0151167082 0)
(-0.0307626598 -0.0152183475 0)
(-0.0198243277 -0.0135494024 0)
(-0.0103615211 -0.0101761637 0)
(-0.00352670159 -0.00555507303 0)
(-0.000456470404 -0.000945965533 0)
(-6.44916577e-05 -0.000176241779 0)
(-0.00159898905 0.00163661666 0)
(-0.00569518676 0.00359860197 0)
(-0.0117199287 0.00501068001 0)
(-0.0188880465 0.00571684744 0)
(-0.0263913854 0.00573382918 0)
(-0.0334549845 0.00514772169 0)
(-0.0394084973 0.00407326841 0)
(-0.0437225435 0.00263489288 0)
(-0.046023879 0.00096186336 0)
(-0.0461058186 -0.000810103332 0)
(-0.0439388671 -0.00253598843 0)
(-0.0396813798 -0.00406056134 0)
(-0.0336869534 -0.00522175424 0)
(-0.0265027344 -0.00586030341 0)
(-0.0188496241 -0.00583829461 0)
(-0.0115675422 -0.00507039292 0)
(-0.00551559596 -0.00357095273 0)
(-0.00148203492 -0.00155258631 0)
(-3.10932837e-05 0.000233977863 0)
(0.000261395272 -0.000255578109 0)
(0.000151439486 0.000102072734 0)
(-0.0011749533 0.000547415234 0)
(-0.00348063116 0.000863516422 0)
(-0.00637558167 0.00102207851 0)
(-0.00946687118 0.00103797731 0)
(-0.0124000347 0.000936218184 0)
(-0.0148817759 0.000743061688 0)
(-0.0166860989 0.000483180614 0)
(-0.0176547236 0.000180088621 1.0830026e-33)
(-0.0176985183 -0.000142307886 -1.0830026e-33)
(-0.0168014843 -0.000458218423 0)
(-0.0150266279 -0.000739019238 0)
(-0.0125218998 -0.000953244461 0)
(-0.00952354831 -0.00106773176 0)
(-0.00635302333 -0.00105052527 0)
(-0.00340014939 -0.000876787559 0)
(-0.00108361529 -0.000539615851 0)
(0.000206110809 -8.25143774e-05 0)
(0.000274563714 0.000266745539 0)
)
;

boundaryField
{
    walls
    {
        type            fixedValue;
        value           uniform (0 0 0);
    }
    mov_wall
    {
        type            fixedValue;
        value           uniform (1 0 0);
    }
    empty
    {
        type            empty;
    }
}


// ************************************************************************* //
