/*--------------------------------*- C++ -*----------------------------------*\
| =========                 |                                                 |
| \\      /  F ield         | OpenFOAM: The Open Source CFD Toolbox           |
|  \\    /   O peration     | Version:  5.x                                   |
|   \\  /    A nd           | Web:      www.OpenFOAM.org                      |
|    \\/     M anipulation  |                                                 |
\*---------------------------------------------------------------------------*/
FoamFile
{
    version     2.0;
    format      ascii;
    class       volScalarField;
    location    "2.4";
    object      p;
}
// * * * * * * * * * * * * * * * * * * * * * * * * * * * * * * * * * * * * * //

dimensions      [0 2 -2 0 0 0 0];

internalField   nonuniform List<scalar> 
400
(
7.60973521e-06
2.45246971
3.49433355
3.89888951
4.10665738
4.2247169
4.29430172
4.34028883
4.37634962
4.41012205
4.44677125
4.49092635
4.54766612
4.62450121
4.73480931
4.90460763
5.1823911
5.68421231
6.84132672
9.4117356
1.88671551
2.86729996
3.41989408
3.74775425
3.96519119
4.10975772
4.2076849
4.27900307
4.33675586
4.38962441
4.44425676
4.50658337
4.58334498
4.68330924
4.81973765
5.01369027
5.29403332
5.69847989
6.3384263
7.42838188
2.9820889
3.26254107
3.54234181
3.77069018
3.94571628
4.07572643
4.17323644
4.25001427
4.31528678
4.37624727
4.43893654
4.50903307
4.59258652
4.69679406
4.83086136
5.00664928
5.23633264
5.52395005
5.86050139
6.19824799
3.52779575
3.58535401
3.72179643
3.86538764
3.98907492
4.09084323
4.17462124
4.24572513
4.30953819
4.37103459
4.43478612
4.5052159
4.5867999
4.68426589
4.80246238
4.94570379
5.11576039
5.30515879
5.4783476
5.55964932
3.84422901
3.826892
3.88519114
3.96939409
4.05223082
4.12780208
4.19567979
4.2574891
4.31593429
4.37410377
4.43507665
4.50186918
4.57734264
4.6640174
4.76351522
4.87552214
4.9963701
5.11481278
5.19585664
5.18372621
4.04551316
4.00367049
4.02143754
4.06786115
4.12139359
4.17575217
4.22886614
4.28054916
4.33187166
4.38450325
4.44028259
4.5009797
4.56806036
4.64233779
4.72333759
4.80837751
4.89181784
4.96268895
4.99309141
4.94681842
4.18059774
4.13384257
4.13185032
4.15537996
4.1888448
4.22707796
4.26773836
4.30988328
4.35364893
4.39974291
4.44904993
4.50234849
4.56003051
4.62173326
4.68579671
4.74863715
4.80457085
4.84467673
4.84863548
4.79369061
4.27567037
4.23085404
4.21967149
4.22968568
4.24985706
4.27636596
4.30713366
4.34099418
4.37759006
4.41701061
4.45946299
4.50500781
4.5532968
4.60326069
4.65271635
4.69802243
4.73426969
4.75485778
4.7455714
4.6920529
4.34468563
4.30374233
4.2886402
4.29083875
4.30238745
4.32058284
4.34374123
4.37071311
4.40090445
4.434027
4.46983975
4.50792915
4.54749489
4.5871204
4.62452467
4.65642442
4.67890462
4.68734411
4.67189018
4.6232274
4.39527033
4.35851541
4.34216812
4.33996913
4.34600014
4.35837228
4.37577202
4.39715608
4.42183648
4.44930993
4.47906205
4.51039813
4.54228537
4.57320363
4.6010114
4.62293719
4.63600666
4.63710322
4.6193356
4.57638855
4.43197422
4.39926824
4.383065
4.37852117
4.38107654
4.38940687
4.4024982
4.41943526
4.43951292
4.46211977
4.48659334
4.51209785
4.53751889
4.5613797
4.58178698
4.59649208
4.60330533
4.60018438
4.58221662
4.54490479
4.45778675
4.42890605
4.41359068
4.40795524
4.40839005
4.41395787
4.42387483
4.43734917
4.45369882
4.47227181
4.4923417
4.51302463
4.53321737
4.55156216
4.56644372
4.57608112
4.57889636
4.57358541
4.55656608
4.52448897
4.47483741
4.44958354
4.43557154
4.42963078
4.42886332
4.43260412
4.44024606
4.4511091
4.46455351
4.4799263
4.49648793
4.51336102
4.52950181
4.54369921
4.55460249
4.56082138
4.56123786
4.55504668
4.53958414
4.51227051
4.48474014
4.46296932
4.45050323
4.44476165
4.4434269
4.44603917
4.45213298
4.46112801
4.47243341
4.4854138
4.49934128
4.51336947
4.52653032
4.53775682
4.54592864
4.54996973
4.5491042
4.54286771
4.52926626
4.50628305
4.48878358
4.4704126
4.45963085
4.45440372
4.45293762
4.45494718
4.46008912
4.4678724
4.47775233
4.48911335
4.50124299
4.51332705
4.52446637
4.53371658
4.54014514
4.54292345
4.54153365
4.53575925
4.52414538
4.50514684
4.48807091
4.4730669
4.46401951
4.45946554
4.45814157
4.45993452
4.46461573
4.4717733
4.48089762
4.49138105
4.50251293
4.51349362
4.52346846
4.53158128
4.5370409
4.53920997
4.53777289
4.53271842
4.52309436
4.50783226
4.48367819
4.47202042
4.46465107
4.46077312
4.45971244
4.46154768
4.46616405
4.47321654
4.48221126
4.49252463
4.50342011
4.51408046
4.52365762
4.53133923
4.53642595
4.53842284
4.53718081
4.53288883
4.52513716
4.51342712
4.47686558
4.46839804
4.46243978
4.45902633
4.45817292
4.46018088
4.46504582
4.47246811
4.48193847
4.49278084
4.50419172
4.51529067
4.52518481
4.53304913
4.53821817
4.54028845
4.53924934
4.53550893
4.52929831
4.52086698
4.46929639
4.46320494
4.45768501
4.45397888
4.45293299
4.45510029
4.460554
4.46897929
4.47978179
4.49215954
4.50516452
4.51776869
4.52894133
4.53774441
4.54344453
4.54564101
4.54441456
4.54042647
4.53470957
4.52867666
4.46345946
4.45753383
4.45038151
4.44493817
4.4429147
4.4451068
4.45157877
4.46188399
4.47522569
4.49056172
4.50668266
4.52228612
4.53606337
4.54680928
4.55356189
4.55577525
4.55353025
4.54775959
4.54036192
4.53447267
)
;

boundaryField
{
    walls
    {
        type            zeroGradient;
    }
    mov_wall
    {
        type            zeroGradient;
    }
    empty
    {
        type            empty;
    }
}


// ************************************************************************* //
