/*--------------------------------*- C++ -*----------------------------------*\
| =========                 |                                                 |
| \\      /  F ield         | OpenFOAM: The Open Source CFD Toolbox           |
|  \\    /   O peration     | Version:  5.x                                   |
|   \\  /    A nd           | Web:      www.OpenFOAM.org                      |
|    \\/     M anipulation  |                                                 |
\*---------------------------------------------------------------------------*/
FoamFile
{
    version     2.0;
    format      ascii;
    class       surfaceScalarField;
    location    "2.4";
    object      phi;
}
// * * * * * * * * * * * * * * * * * * * * * * * * * * * * * * * * * * * * * //

dimensions      [0 3 -1 0 0 0 0];

internalField   nonuniform List<scalar> 
760
(
0.00134817527
-0.00134817889
0.00245763913
-0.00110946386
0.00313513419
-0.000677495049
0.00355971507
-0.0004245809
0.00383225032
-0.000272535287
0.00400945077
-0.000177200462
0.00412521275
-0.000115761973
0.00419921504
-7.4002277e-05
0.00424243015
-4.32151132e-05
0.00426055133
-1.81211998e-05
0.00425562016
4.93115169e-06
0.00422675578
2.88644081e-05
0.0041693877
5.73681395e-05
0.00407358371
9.58040359e-05
0.00391994997
0.000153633738
0.00367201865
0.000247931284
0.00326315985
0.00040885879
0.00257264062
0.000690519305
0.00140850172
0.00116413899
0.00140850177
-5.46960691e-05
-0.00129348282
0.000412591628
-0.00157675154
0.00103002845
-0.00129493184
0.00157871188
-0.000973264295
0.00201482984
-0.000708653242
0.00234477345
-0.000507144084
0.00258511162
-0.000356100139
0.00275126402
-0.000240154649
0.00285456197
-0.000146513022
0.00290178936
-6.53485645e-05
0.00289536078
1.13597088e-05
0.00283292495
9.13002007e-05
0.00270712098
0.000183172112
0.00250435983
0.00029856524
0.00220410691
0.000453886717
0.00178089966
0.000671138522
0.00121756672
0.000972191639
0.000552811926
0.00135527401
1.3066284e-05
0.0017038846
0.00142156811
-0.000271735157
-0.00102174766
-0.000221027804
-0.00162745892
7.13657042e-05
-0.00158732533
0.000446282434
-0.00134818099
0.000812485183
-0.00107485597
0.00112929343
-0.000823952342
0.00138207125
-0.000608877977
0.00156799984
-0.000426083242
0.00168836832
-0.000266881463
0.00174467572
-0.000121655898
0.00173678115
1.92542945e-05
0.00166212638
0.00016595494
0.00151570574
0.000329592715
0.00129124826
0.000523022733
0.000985007059
0.000760127994
0.000605006395
0.00105113926
0.000189848693
0.00138734934
-0.000160046094
0.00170516873
-0.00026164096
0.00180547942
0.00115992719
-0.00022794203
-0.000793805596
-0.000361198753
-0.00149420222
-0.000308330932
-0.00164019316
-0.000134825403
-0.0015216865
8.920361e-05
-0.00129888494
0.000314964536
-0.00104971325
0.00051325426
-0.00080716772
0.000668290164
-0.000581119176
0.000771979783
-0.000370571075
0.000820025383
-0.000169701442
0.000809717216
2.95625218e-05
0.000739191307
0.000236480856
0.000607927021
0.000460856952
0.000419103595
0.000711846121
0.000184518639
0.000994712984
-6.71951989e-05
0.00130285318
-0.00028062002
0.00160077421
-0.000369419698
0.00179396838
-0.000246994001
0.00168305366
0.000912933193
-0.000168965687
-0.000624839861
-0.000352017786
-0.00131115014
-0.000431560785
-0.00156065018
-0.000408913776
-0.00154433351
-0.000319441705
-0.00138835698
-0.000200103346
-0.00116905157
-7.98196815e-05
-0.000927451372
2.15675272e-05
-0.000682506414
9.14172809e-05
-0.000440420859
0.000122123797
-0.000200407935
0.000109745969
4.19404226e-05
5.36353156e-05
0.000292591566
-4.27582165e-05
0.000557250469
-0.000169701774
0.000838789617
-0.000307658497
0.00113266968
-0.000423472927
0.00141866766
-0.000470027502
0.00164732887
-0.000397826086
0.001721767
-0.00019643138
0.00148165893
0.000716501781
-0.000124192621
-0.000500647194
-0.000308337278
-0.00112700547
-0.000450497285
-0.00141849018
-0.00052320893
-0.00147162188
-0.000535397701
-0.0013761682
-0.000508169045
-0.00119628017
-0.000463166447
-0.000972453918
-0.000418071512
-0.000727601345
-0.000385630207
-0.000472862207
-0.000373923405
-0.000212114763
-0.000386738883
5.47559433e-05
-0.000423469593
0.000329322361
-0.00047836524
0.000612146161
-0.000539185673
0.000899610014
-0.000585824663
0.00117930861
-0.00059051644
0.00142335943
-0.000523087638
0.00157990013
-0.000366700265
0.0015653797
-0.000150586289
0.00126554497
0.000565915446
-9.45733972e-05
-0.00040607377
-0.000264651266
-0.000956927563
-0.000430741319
-0.00125240012
-0.000556981451
-0.00134538177
-0.000636799296
-0.00129635038
-0.000678149251
-0.0011549302
-0.000693952552
-0.000956650551
-0.000696938691
-0.000724615153
-0.000697283989
-0.000472516922
-0.000701671781
-0.000207727026
-0.000712870384
6.59545302e-05
-0.00072934524
0.00034579728
-0.000744761539
0.000627562551
-0.000747586681
0.000902435184
-0.000721474842
0.00115319671
-0.00064784689
0.00134973142
-0.000512879064
0.00144493231
-0.000321207286
0.00137370799
-0.000116485948
0.00106082369
0.000449429469
-7.53441317e-05
-0.000330729637
-0.000228208073
-0.000804063583
-0.000398356046
-0.0010822521
-0.000550543161
-0.00119319465
-0.00067063134
-0.00117626223
-0.000757584353
-0.00106797721
-0.000816791703
-0.000897443165
-0.000855594924
-0.000685811852
-0.000880632079
-0.00044747972
-0.000896368124
-0.000191991011
-0.000904277597
7.3863941e-05
-0.000902367193
0.000343886874
-0.000884978158
0.000610173596
-0.000843108998
0.000860566112
-0.000765823872
0.0010759116
-0.000643667317
0.0012275748
-0.000475105522
0.00127637047
-0.000276310599
0.00117491309
-9.21330485e-05
0.000876646195
0.000357296428
-6.22885847e-05
-0.000268441066
-0.000198542189
-0.000667809962
-0.000362895264
-0.000917898975
-0.000523853135
-0.00103223673
-0.000664418434
-0.00103569694
-0.000778132855
-0.000954262837
-0.000864816677
-0.000810759364
-0.00092717032
-0.000623458154
-0.000968404649
-0.000406245301
-0.000990726117
-0.000169669507
-0.000994441052
7.75788272e-05
-0.00097753002
0.000326975779
-0.000935698681
0.00056834227
-0.00086310417
0.000787971689
-0.000754125314
0.000966932824
-0.000606627765
0.00108007726
-0.000426951288
0.00109669394
-0.000236038716
0.000984000487
-7.43491357e-05
0.000714956641
0.000282947323
-5.27690877e-05
-0.000215671985
-0.000173813175
-0.000546765892
-0.000327558096
-0.00076415403
-0.000486866958
-0.000872927807
-0.000634381425
-0.000888182427
-0.000760759338
-0.000827884944
-0.000862118343
-0.000709400417
-0.000937656539
-0.00054791997
-0.000987784976
-0.000356116792
-0.00101282559
-0.0001446288
-0.00101222424
7.69774986e-05
-0.00098424201
0.000298993489
-0.00092616416
0.000510264363
-0.000835159625
0.000696967178
-0.000709976594
0.000841749879
-0.000553597586
0.000923698312
-0.000376677093
0.000919773441
-0.000200960098
0.00080828345
-6.08626458e-05
0.000574859175
0.000222084701
-4.52978699e-05
-0.000170374098
-0.000152453828
-0.000439609964
-0.000293299323
-0.000623308558
-0.000444762585
-0.000721464509
-0.000590345037
-0.000742599899
-0.000719472274
-0.000698757667
-0.000826045049
-0.00060282768
-0.000906876751
-0.000467088332
-0.000960345972
-0.000302647573
-0.000985401414
-0.000119573274
-0.000980961357
7.25375315e-05
-0.000945730364
0.000263762505
-0.000878478443
0.000443012377
-0.00077885368
0.000597342365
-0.000648782891
0.000711679119
-0.000494402628
0.000769318125
-0.000328203518
0.00075357438
-0.000170678035
0.000650757961
-5.02805656e-05
0.000454461682
0.000171804138
-3.90619664e-05
-0.000131312096
-0.000133403137
-0.0003452688
-0.000260348722
-0.000496363024
-0.00040038702
-0.00058142623
-0.000538428467
-0.0006045584
-0.000663689292
-0.00057349676
-0.00076893392
-0.000497583022
-0.000849518507
-0.000386503796
-0.000902496107
-0.00024967004
-0.000925929168
-9.61402037e-05
-0.000918484009
6.509246e-05
-0.000879351591
0.000224630168
-0.000808531215
0.000372192
-0.000707501804
0.000496312892
-0.000580258953
0.000584436229
-0.000434586332
0.000623645531
-0.000283246989
0.000602235098
-0.000144572693
0.000512083701
-4.17549893e-05
0.000351643977
0.00013004914
-3.36090849e-05
-9.77029848e-05
-0.000115972414
-0.000262905429
-0.000228683812
-0.000383651657
-0.000355327952
-0.000454782148
-0.000482444121
-0.000477442243
-0.000599651123
-0.000456289693
-0.000699318205
-0.000397915856
-0.000776043228
-0.000309778753
-0.00082611999
-0.000199593338
-0.000847116431
-7.51438244e-05
-0.000837638595
5.56146402e-05
-0.000797325192
0.00018431685
-0.000727096274
0.000301963152
-0.00062965118
0.000398867794
-0.000510159371
0.000464944368
-0.000377002208
0.00049048834
-0.000242313015
0.000467545928
-0.000121977299
0.00039174803
-3.47329418e-05
0.000264399645
9.53161982e-05
-2.86571137e-05
-6.90458838e-05
-9.96588611e-05
-0.000191903606
-0.000198114339
-0.000285196154
-0.000310353445
-0.000342543084
-0.000424610468
-0.000363185282
-0.000531258868
-0.000349641296
-0.000622757173
-0.000306417479
-0.000693437402
-0.000239098444
-0.000739249056
-0.000153781674
-0.000757548208
-5.68447341e-05
-0.000746993964
4.50603414e-05
-0.000707589139
0.000144912044
-0.000640876592
0.000235250681
-0.000550270516
0.000308261775
-0.00044145724
0.000356131088
-0.000322742233
0.000371773295
-0.000205164335
0.000349968012
-0.000102184331
0.000288768043
-2.88021001e-05
0.000191017444
6.65141174e-05
-2.39808167e-05
-4.50651209e-05
-8.39959656e-05
-0.000131888396
-0.000168254149
-0.000200937899
-0.000265590879
-0.000245206338
-0.000365929301
-0.00026284691
-0.000460586623
-0.000254984033
-0.000542414276
-0.000224589823
-0.00060581099
-0.000175701658
-0.000646670769
-0.000112921821
-0.00066232831
-4.11871885e-05
-0.000651550661
3.42826353e-05
-0.000614603109
0.000107964446
-0.000553391976
0.000174039566
-0.000471656664
0.000226526524
-0.000375148372
0.000259622841
-0.000271697966
0.000268322888
-0.000171056402
0.000249326423
-8.44158763e-05
0.000202127505
-2.35995365e-05
0.000130201116
4.291461e-05
-1.93488418e-05
-2.5716341e-05
-6.84686224e-05
-8.2768609e-05
-0.000138503866
-0.000130902588
-0.000220633474
-0.000163076661
-0.000306422055
-0.000177058318
-0.000388220764
-0.000173185374
-0.00045946478
-0.00015334586
-0.000514849334
-0.000120317097
-0.000550418656
-7.73524302e-05
-0.000563616276
-2.79895044e-05
-0.000553337529
2.40038916e-05
-0.000520006417
7.46332873e-05
-0.000465673858
0.000119706971
-0.000394107665
0.000154960346
-0.000310817378
0.000176332601
-0.000222937313
0.000180442857
-0.000138892202
0.000165281314
-6.7812355e-05
0.000131047643
-1.8761801e-05
8.11505548e-05
2.41528326e-05
-1.45051831e-05
-1.12111841e-05
-5.25198958e-05
-4.47539434e-05
-0.000108120299
-7.53021714e-05
-0.000174683705
-9.65131928e-05
-0.000245337484
-0.000106404475
-0.000313513489
-0.000105009358
-0.00037337924
-9.34801526e-05
-0.000420119762
-7.35766194e-05
-0.000450105801
-4.73663814e-05
-0.000460998655
-1.70965907e-05
-0.000451831546
1.48368368e-05
-0.000423087638
4.58893833e-05
-0.00037676791
7.33872086e-05
-0.00031641985
9.46122601e-05
-0.000247074511
0.000106987272
-0.00017502685
0.00010839523
-0.000107400944
9.76554331e-05
-5.14848454e-05
7.51315473e-05
-1.39143607e-05
4.35800601e-05
1.02384834e-05
-9.2025369e-06
-2.0086204e-06
-3.56838482e-05
-1.82726887e-05
-7.64336409e-05
-3.45524192e-05
-0.000126807871
-4.61389535e-05
-0.00018140352
-5.18087699e-05
-0.000234811241
-5.16015811e-05
-0.000282125158
-4.61662257e-05
-0.000319255611
-3.64462037e-05
-0.000343108079
-2.35139476e-05
-0.000351691492
-8.51316748e-06
-0.000344198746
7.34413995e-06
-0.000321076837
2.27675183e-05
-0.000284079586
3.63899644e-05
-0.000236274212
4.68068657e-05
-0.000181954592
5.26676378e-05
-0.000126401053
5.28417035e-05
-7.54269702e-05
4.66813762e-05
-3.46809198e-05
3.43855149e-05
-8.71373854e-06
1.76128785e-05
1.52474814e-06
-3.43740241e-06
1.42883366e-06
-1.80434044e-05
-3.6667063e-06
-4.34049455e-05
-9.19092563e-06
-7.64317432e-05
-1.31121951e-05
-0.000113184275
-1.50562373e-05
-0.000149661265
-1.51245528e-05
-0.000182246842
-1.3580609e-05
-0.000207947506
-1.07455337e-05
-0.000224508392
-6.95308921e-06
-0.000230478985
-2.54259969e-06
-0.00022526708
2.13224165e-06
-0.000209191995
6.69246615e-06
-0.000183530986
1.0728986e-05
-0.000150533324
1.3809213e-05
-0.000113365762
1.55000687e-05
-7.59381357e-05
1.54140766e-05
-4.25463569e-05
1.32896125e-05
-1.72764088e-05
9.11558898e-06
-3.10380911e-06
3.4402908e-06
-1.57905779e-06
1.4288754e-06
-2.23778461e-06
-1.14286827e-05
-2.45408814e-05
-3.95971341e-05
-5.47216847e-05
-6.83022627e-05
-7.90477551e-05
-8.6000822e-05
-8.85434288e-05
-8.64112079e-05
-7.97187538e-05
-6.89897651e-05
-5.51805468e-05
-3.96804833e-05
-2.42664221e-05
-1.09768232e-05
-1.86123727e-06
1.57905711e-06
)
;

boundaryField
{
    walls
    {
        type            calculated;
        value           uniform 0;
    }
    mov_wall
    {
        type            calculated;
        value           uniform 0;
    }
    empty
    {
        type            empty;
        value           nonuniform 0();
    }
}


// ************************************************************************* //
