/*--------------------------------*- C++ -*----------------------------------*\
| =========                 |                                                 |
| \\      /  F ield         | OpenFOAM: The Open Source CFD Toolbox           |
|  \\    /   O peration     | Version:  5.x                                   |
|   \\  /    A nd           | Web:      www.OpenFOAM.org                      |
|    \\/     M anipulation  |                                                 |
\*---------------------------------------------------------------------------*/
FoamFile
{
    version     2.0;
    format      ascii;
    class       volVectorField;
    location    "2.4";
    object      U;
}
// * * * * * * * * * * * * * * * * * * * * * * * * * * * * * * * * * * * * * //

dimensions      [0 1 -1 0 0 0 0];

internalField   nonuniform List<vector> 
400
(
(0.291698242 0.149644036 0)
(0.388186891 0.128007808 0)
(0.557615936 0.0757318658 0)
(0.67478559 0.0433044426 0)
(0.743766431 0.0251590902 0)
(0.787074781 0.0148802733 0)
(0.815462638 0.00893089653 0)
(0.833939174 0.00530990894 0)
(0.845365031 0.00289955232 0)
(0.85134881 0.00108485367 2.66527438e-34)
(0.852640296 -0.000502845413 -2.66527438e-34)
(0.849353866 -0.00216070875 0)
(0.840972996 -0.00421708987 0)
(0.826113467 -0.00722096445 0)
(0.802020194 -0.0122364755 0)
(0.763538784 -0.021389186 0)
(0.69948879 -0.0388385989 0)
(0.584557286 -0.0722732686 0)
(0.407900525 -0.128436311 0)
(0.30068807 -0.152947544 0)
(0.00120406762 0.287432718 0)
(0.0133207366 0.293872299 0)
(0.140044198 0.209904885 0)
(0.264971252 0.142986102 0)
(0.364177252 0.0968018673 0)
(0.440119391 0.065440979 0)
(0.496540177 0.0439761117 0)
(0.536690043 0.0287010439 0)
(0.563273327 0.0170797867 0)
(0.578136148 0.00742307067 0)
(0.582209093 -0.0015009814 0)
(0.575514115 -0.0107976867 0)
(0.557108219 -0.0217345548 0)
(0.524912118 -0.0361395693 0)
(0.475517714 -0.0569633576 0)
(0.4043255 -0.0889770117 0)
(0.305686965 -0.139150635 0)
(0.174497609 -0.215275118 0)
(0.0341065146 -0.310801116 0)
(0.0108691439 -0.305909064 0)
(-0.0321468173 0.241774066 0)
(-0.0634305405 0.333547215 0)
(-0.0219365344 0.299502384 0)
(0.050599094 0.240051417 0)
(0.127396607 0.183020467 0)
(0.196817568 0.135454148 0)
(0.254165799 0.0974519871 0)
(0.298086772 0.0668888825 0)
(0.328663986 0.0413756394 0)
(0.346306057 0.0187814008 -2.3579759e-33)
(0.35120955 -0.0028094258 2.3579759e-33)
(0.343125065 -0.0252948713 0)
(0.321276045 -0.0508296874 0)
(0.284431575 -0.0820945099 0)
(0.231327751 -0.122479416 0)
(0.161915974 -0.175657673 0)
(0.0798345006 -0.243208119 0)
(-0.00333763034 -0.317981693 0)
(-0.0578532488 -0.366363337 0)
(-0.0313893433 -0.27069063 0)
(-0.026120452 0.182361602 0)
(-0.0666194521 0.316884015 0)
(-0.0735381901 0.330901407 0)
(-0.0481314103 0.295352388 0)
(-0.00567317644 0.244252864 0)
(0.0411111558 0.192431067 0)
(0.0845434851 0.145094417 0)
(0.12042245 0.103006129 0)
(0.14658318 0.0651540395 0)
(0.161923324 0.0298882947 2.35547136e-33)
(0.165810675 -0.00469421382 -2.35547136e-33)
(0.157796764 -0.0406693091 0)
(0.137584643 -0.0803022676 0)
(0.105283604 -0.125978997 0)
(0.0620887219 -0.179774159 0)
(0.0116082982 -0.242029053 0)
(-0.0380290185 -0.307763733 0)
(-0.0720494447 -0.359578857 0)
(-0.0711640536 -0.355585301 0)
(-0.0287210823 -0.209178467 0)
(-0.0176297164 0.140767841 0)
(-0.0549167292 0.281826871 0)
(-0.0828634535 0.324483745 0)
(-0.0880770133 0.312395949 0)
(-0.0751208279 0.274440993 0)
(-0.0526291065 0.226777421 0)
(-0.0275136418 0.177301906 0)
(-0.00458214603 0.129144703 0)
(0.0130212494 0.0829118991 0)
(0.023354467 0.0379328738 -2.94546256e-34)
(0.0253074374 -0.00710123379 2.94546256e-34)
(0.0184130204 -0.0537990613 0)
(0.00288500407 -0.103800552 0)
(-0.0200889112 -0.158367053 0)
(-0.0477721826 -0.217529741 0)
(-0.0750624943 -0.278346552 0)
(-0.0936273907 -0.331693864 0)
(-0.092227424 -0.357398087 0)
(-0.0635076029 -0.318879363 0)
(-0.0207312822 -0.162076534 0)
(-0.011654313 0.111592072 0)
(-0.0431523861 0.243764702 0)
(-0.0782844644 0.299858479 0)
(-0.100580069 0.304999631 0)
(-0.108311751 0.280419919 0)
(-0.105718005 0.240367837 0)
(-0.0975379679 0.193276568 0)
(-0.0877954818 0.143544434 0)
(-0.0795373929 0.0930254878 0)
(-0.0748294983 0.0420750432 0)
(-0.0748503895 -0.0097590327 0)
(-0.0799367071 -0.06325 0)
(-0.0895019367 -0.119032321 0)
(-0.101814515 -0.176992248 0)
(-0.113692275 -0.235296591 0)
(-0.120285769 -0.288847722 0)
(-0.115237675 -0.327083524 0)
(-0.0922714624 -0.331565504 0)
(-0.0521877502 -0.275118978 0)
(-0.0142848031 -0.127259833 0)
(-0.0080318888 0.0899677353 0)
(-0.0343054572 0.2078759 0)
(-0.0703690912 0.26774013 0)
(-0.100960059 0.283507614 0)
(-0.121510174 0.269752098 0)
(-0.133063332 0.237806188 0)
(-0.138137464 0.195382659 0)
(-0.139452069 0.147215363 0)
(-0.139367625 0.0958899907 0)
(-0.139601251 0.0425955562 0)
(-0.141116107 -0.0122622691 0)
(-0.144056541 -0.0685393928 0)
(-0.147658886 -0.125823412 0)
(-0.150142023 -0.182785719 0)
(-0.148668878 -0.2363129 0)
(-0.139566371 -0.28038849 0)
(-0.119016309 -0.304898993 0)
(-0.0848750385 -0.294956001 0)
(-0.0422047489 -0.232153604 0)
(-0.0100066041 -0.100709486 0)
(-0.00589821904 0.0731565298 0)
(-0.0280515862 0.175458926 0)
(-0.0624624304 0.233453477 0)
(-0.0961937108 0.254648871 0)
(-0.123785147 0.24866041 0)
(-0.144337548 0.223976404 0)
(-0.158623343 0.187070776 0)
(-0.168070999 0.142432821 0)
(-0.174172552 0.0929425658 0)
(-0.178093226 0.0403530987 0)
(-0.18045781 -0.0142241504 0)
(-0.181231464 -0.0698437644 0)
(-0.1796486 -0.125224377 0)
(-0.174206283 -0.178175834 0)
(-0.162809923 -0.224939027 0)
(-0.143213181 -0.259510884 0)
(-0.113842047 -0.273199505 0)
(-0.0753168388 -0.254894887 0)
(-0.0343189753 -0.192924781 0)
(-0.00728499552 -0.0799913954 0)
(-0.00459314356 0.0595155729 0)
(-0.0235442719 0.146541461 0)
(-0.0553432328 0.199660462 0)
(-0.0893200741 0.222699599 0)
(-0.120052383 0.221817246 0)
(-0.145609813 0.203129732 0)
(-0.165571505 0.171794717 0)
(-0.180318046 0.131774234 0)
(-0.190532067 0.08593968 0)
(-0.196814731 0.0363508111 2.97712215e-34)
(-0.19944987 -0.0153911056 -2.97712215e-34)
(-0.198276539 -0.0677556166 0)
(-0.19264696 -0.118866273 0)
(-0.181490018 -0.166057408 0)
(-0.163546597 -0.205438755 0)
(-0.137859087 -0.23157565 0)
(-0.104503623 -0.237502937 0)
(-0.0656638491 -0.215384618 0)
(-0.0281738431 -0.158248766 0)
(-0.0055106972 -0.0634664182 0)
(-0.00373315217 0.0480878605 0)
(-0.0201212797 0.120838153 0)
(-0.0490154948 0.167674632 0)
(-0.0816391468 0.190285341 0)
(-0.112989672 0.192485368 0)
(-0.140680835 0.178554941 4.67989161e-33)
(-0.163557713 0.152463547 0)
(-0.181246633 0.117553552 0)
(-0.193784532 0.0765038866 -4.74064949e-33)
(-0.201297313 0.0314708033 2.26594843e-36)
(-0.203789509 -0.0156739145 4.98647399e-36)
(-0.201035649 -0.0630544971 0)
(-0.192566174 -0.10847997 0)
(-0.177765706 -0.149139435 0)
(-0.156125038 -0.181358719 0)
(-0.127679856 -0.20052203 0)
(-0.0935646036 -0.201316486 0)
(-0.0566770577 -0.178462304 0)
(-0.0233146715 -0.12808903 0)
(-0.00429570633 -0.0500431236 0)
(-0.00311503624 0.0383301474 0)
(-0.0173630989 0.0980495935 0)
(-0.0433175792 0.138128139 0)
(-0.0737179968 0.158977025 0)
(-0.104104321 0.162835931 0)
(-0.131970344 0.152615991 -4.67989161e-33)
(-0.155761374 0.131293812 0)
(-0.174612583 0.101601846 0)
(-0.188099909 0.0659281471 4.74064949e-33)
(-0.195997082 0.026369177 1.49107208e-33)
(-0.198111255 -0.0151228273 -1.4983245e-33)
(-0.194203652 -0.056543128 0)
(-0.183996223 -0.0956244058 0)
(-0.167276874 -0.12965284 0)
(-0.144124138 -0.155366711 0)
(-0.115252254 -0.16902028 0)
(-0.0823812522 -0.166711859 0)
(-0.048594009 -0.145038576 0)
(-0.0193975586 -0.102102254 0)
(-0.00342090333 -0.0390046 0)
(-0.00263391986 0.0299258016 0)
(-0.0150225466 0.077928931 0)
(-0.0380972382 0.111309367 0)
(-0.0658172518 0.129693712 0)
(-0.0942790068 0.134261681 0)
(-0.121043402 0.126923247 0)
(-0.14438284 0.109858767 0)
(-0.163148105 0.0852466901 0)
(-0.176618557 0.0551408399 0)
(-0.184334489 0.0214701436 2.99743361e-34)
(-0.185981949 -0.0138808919 -2.99743361e-34)
(-0.181342719 -0.0489504666 0)
(-0.170313083 -0.0815729821 0)
(-0.152998487 -0.109287343 0)
(-0.129890982 -0.129328629 0)
(-0.102114027 -0.13876214 0)
(-0.0716390532 -0.134814222 0)
(-0.0414364052 -0.115405739 0)
(-0.0161842737 -0.0798571986 0)
(-0.0027640197 -0.0298602861 0)
(-0.00223471356 0.0226796095 0)
(-0.0129540029 0.0602827811 0)
(-0.0332378436 0.0873292642 0)
(-0.0580550064 0.102952615 0)
(-0.0840346244 0.10761982 0)
(-0.10890509 0.102518793 0)
(-0.130912865 0.0892070032 0)
(-0.148774441 0.0693806337 0)
(-0.161602044 0.0447494454 0)
(-0.168799738 0.0170065841 3.00137933e-34)
(-0.169992011 -0.0121367813 -3.00137933e-34)
(-0.164998208 -0.0408852003 0)
(-0.153856197 -0.0672939365 0)
(-0.136897922 -0.0892399411 0)
(-0.114875696 -0.104466776 0)
(-0.089118205 -0.110742507 0)
(-0.0616323716 -0.106156391 0)
(-0.0351267088 -0.0895339538 0)
(-0.0135036385 -0.060925537 0)
(-0.00225325383 -0.0222575013 0)
(-0.00188543128 0.0164659112 0)
(-0.0110623335 0.0449636299 0)
(-0.0286407544 0.0662091692 0)
(-0.0504604559 0.0790262071 0)
(-0.0736521911 0.08341061 0)
(-0.0961629105 0.0800398306 0)
(-0.116304375 0.0699939261 0)
(-0.132761573 0.054560016 0)
(-0.144573683 0.0351137431 0)
(-0.151080455 0.0130746125 0)
(-0.151885941 -0.0100877739 0)
(-0.146851157 -0.032824229 0)
(-0.13611783 -0.0534811087 0)
(-0.12016281 -0.0703083262 0)
(-0.0998781695 -0.081528282 0)
(-0.0766562489 -0.0854904895 0)
(-0.0524116315 -0.0809220644 0)
(-0.0295297134 -0.0672457847 0)
(-0.011218451 -0.0449259132 0)
(-0.00184127669 -0.015937842 0)
(-0.00156249327 0.0112074906 0)
(-0.00926972097 0.0318698247 0)
(-0.0242020963 0.0479358129 0)
(-0.0429876966 0.0580477812 0)
(-0.0632308234 0.0619101155 0)
(-0.0831194454 0.0598545739 0)
(-0.101084521 0.0526043831 0)
(-0.115847154 0.0411062909 0)
(-0.126438776 0.0264231238 0)
(-0.132185012 0.00968551127 0)
(-0.132695436 -0.00791639799 0)
(-0.127868646 -0.0251243531 0)
(-0.117913592 -0.0406092587 0)
(-0.103384933 -0.0529962102 0)
(-0.0852259625 -0.0609373459 0)
(-0.0648010292 -0.0632483566 0)
(-0.0438646284 -0.0591122028 0)
(-0.0244671538 -0.0483240696 0)
(-0.00920296412 -0.0315514296 0)
(-0.00149086301 -0.0107191863 0)
(-0.00124266767 0.00687220147 0)
(-0.00749711143 0.0209534364 0)
(-0.0197992663 0.0325006556 0)
(-0.0355234556 0.0400863463 0)
(-0.0527228684 0.0432707334 0)
(-0.0698316627 0.0421731796 0)
(-0.0854309051 0.0372597372 0)
(-0.098323164 0.0291984768 0)
(-0.107578601 0.0187669668 0)
(-0.112544455 0.00680856813 0)
(-0.112852093 -0.00577986824 0)
(-0.108429518 -0.0180482254 0)
(-0.0995195552 -0.0289990045 0)
(-0.0867005559 -0.0376151296 0)
(-0.0709026884 -0.0429236606 0)
(-0.0534045412 -0.0441061944 0)
(-0.0357696822 -0.0406584154 0)
(-0.0197277645 -0.0325804134 0)
(-0.00733060445 -0.0205899301 0)
(-0.00116695688 -0.00649214755 0)
(-0.000899860142 0.00347696168 0)
(-0.0056607996 0.0122241257 0)
(-0.0152974931 0.0199174422 0)
(-0.0279085439 0.0251880232 0)
(-0.0419698537 0.0275852426 0)
(-0.0561579665 0.0271255991 0)
(-0.0692258694 0.0240980823 0)
(-0.0800949666 0.0189449776 0)
(-0.087913976 0.0121893211 0)
(-0.0920823257 0.00440200694 0)
(-0.0922660762 -0.00380751517 0)
(-0.0884135579 -0.0117924022 0)
(-0.0807707431 -0.0188743517 0)
(-0.0698927287 -0.0243653407 0)
(-0.0566442868 -0.0276145126 0)
(-0.0421762003 -0.0280880446 0)
(-0.0278463482 -0.0254858457 0)
(-0.0150884392 -0.0198861859 0)
(-0.00547439 -0.0119311162 0)
(-0.000833532111 -0.00322191645 0)
(-0.00050749096 0.00108918994 0)
(-0.00368879578 0.00574000238 0)
(-0.0105869637 0.0102221216 0)
(-0.0199874449 0.0134018683 0)
(-0.030754528 0.0149397109 0)
(-0.0418066061 0.0148323425 0)
(-0.0520991671 0.0132498547 0)
(-0.0607190782 0.0104514263 0)
(-0.0669409281 0.00673866208 0)
(-0.0702521099 0.00243724557 0)
(-0.0703694851 -0.002106265 0)
(-0.0672542365 -0.0065231836 0)
(-0.0611249616 -0.0104249556 0)
(-0.0524653 -0.0134151113 0)
(-0.0420191749 -0.0151163307 0)
(-0.0307619986 -0.0152179866 0)
(-0.0198239124 -0.0135490962 0)
(-0.010361309 -0.0101759459 0)
(-0.00352663158 -0.00555496377 0)
(-0.000456462131 -0.000945953744 0)
(-6.44853137e-05 -0.000176227533 0)
(-0.00159894275 0.00163658809 0)
(-0.00569504386 0.00359851745 0)
(-0.0117196374 0.00501055142 0)
(-0.0188875715 0.00571669708 0)
(-0.0263907127 0.00573368128 0)
(-0.0334541254 0.00514759497 0)
(-0.0394074864 0.00407317331 0)
(-0.0437214313 0.00263483459 0)
(-0.0460227225 0.00096184634 0)
(-0.0461046756 -0.000810074664 0)
(-0.0439377937 -0.00253591349 0)
(-0.0396804282 -0.00406044717 0)
(-0.0336861653 -0.00522161518 0)
(-0.0265021342 -0.00586015717 0)
(-0.018849214 -0.00583815846 0)
(-0.011567302 -0.00507028224 0)
(-0.00551548814 -0.00357088056 0)
(-0.00148200958 -0.00155256033 0)
(-3.1094403e-05 0.000233967322 0)
(0.000261390159 -0.000255567739 0)
(0.000151437562 0.000102077276 0)
(-0.00117492491 0.000547407066 0)
(-0.00348054868 0.000863496534 0)
(-0.00637542895 0.00102205177 0)
(-0.00946663959 0.00103795028 0)
(-0.0123997251 0.000936196139 0)
(-0.0148814004 0.000743046627 0)
(-0.0166856789 0.000483171962 0)
(-0.0176542851 0.000180085725 1.0830039e-33)
(-0.0176980867 -0.000142304209 -1.0830039e-33)
(-0.0168010826 -0.000458206778 0)
(-0.0150262763 -0.000738999771 0)
(-0.012521615 -0.000953219815 0)
(-0.00952334087 -0.00106770609 0)
(-0.00635289437 -0.00105050256 0)
(-0.00340008895 -0.000876770832 0)
(-0.00108360366 -0.00053960745 0)
(0.000206099823 -8.25156553e-05 0)
(0.000274556131 0.000266737964 0)
)
;

boundaryField
{
    walls
    {
        type            fixedValue;
        value           uniform (0 0 0);
    }
    mov_wall
    {
        type            fixedValue;
        value           uniform (1 0 0);
    }
    empty
    {
        type            empty;
    }
}


// ************************************************************************* //
