/*--------------------------------*- C++ -*----------------------------------*\
| =========                 |                                                 |
| \\      /  F ield         | OpenFOAM: The Open Source CFD Toolbox           |
|  \\    /   O peration     | Version:  5.x                                   |
|   \\  /    A nd           | Web:      www.OpenFOAM.org                      |
|    \\/     M anipulation  |                                                 |
\*---------------------------------------------------------------------------*/
FoamFile
{
    version     2.0;
    format      ascii;
    class       volScalarField;
    location    "7.2";
    object      p;
}
// * * * * * * * * * * * * * * * * * * * * * * * * * * * * * * * * * * * * * //

dimensions      [0 2 -2 0 0 0 0];

internalField   nonuniform List<scalar> 
400
(
9.0442813e-07
2.45246007
3.49432371
3.89887988
4.10664786
4.22470734
4.29429195
4.34027878
4.37633929
4.41011145
4.44676041
4.49091527
4.54765487
4.62448994
4.7347982
4.90459673
5.18238036
5.68420165
6.84131616
9.41172516
1.8867058
2.8672899
3.41988408
3.74774437
3.96518137
4.10974786
4.20767489
4.27899279
4.33674532
4.38961368
4.44424593
4.50657245
4.58333399
4.68329822
4.81972674
5.01367959
5.29402289
5.6984696
6.33841604
7.42837167
2.98207829
3.26253071
3.54233158
3.77068003
3.94570617
4.07571632
4.17322623
4.25000384
4.31527609
4.37623639
4.4389256
4.50902217
4.59257565
4.69678319
4.83085055
5.00663864
5.23632224
5.52393984
5.86049128
6.19823796
3.52778467
3.58534331
3.72178592
3.86537722
3.98906453
4.09083283
4.1746108
4.24571456
4.3095274
4.37102359
4.43477504
4.50520489
4.58678903
4.6842551
4.80245162
4.94569311
5.11574989
5.30514851
5.47833752
5.55963941
3.84421755
3.82688098
3.88518037
3.96938344
4.05222018
4.1277914
4.19566908
4.25747833
4.3159234
4.37409269
4.43506545
4.50185801
4.57733166
4.66400659
4.76350449
4.87551143
4.99635947
5.11480234
5.19584647
5.18371633
4.04550149
4.00365923
4.02142656
4.06785033
4.12138278
4.17574128
4.22885518
4.28053818
4.33186065
4.38449214
4.44027133
4.50096841
4.56804922
4.64232688
4.72332683
4.80836678
4.89180713
4.96267836
4.99308108
4.94680844
4.18058606
4.1338312
4.1318392
4.15536901
4.18883391
4.22706698
4.26772724
4.30987211
4.35363778
4.39973177
4.44903871
4.50233716
4.56001923
4.62172219
4.68578587
4.74862642
4.80456014
4.84466605
4.84862498
4.79368044
4.27565885
4.23084273
4.21966032
4.22967466
4.24984614
4.276355
4.30712253
4.3409829
4.37757878
4.41699942
4.45945183
4.50499657
4.55328549
4.60324948
4.65270536
4.69801165
4.73425899
4.75484709
4.74556078
4.69204249
4.34467439
4.3037312
4.28862911
4.29082771
4.30237651
4.32057194
4.34373022
4.37070189
4.40089312
4.43401573
4.46982861
4.50791805
4.54748371
4.58710918
4.62451358
4.65641354
4.67889391
4.68733343
4.6718795
4.62321677
4.39525942
4.35850456
4.34215723
4.33995817
4.34598919
4.35836141
4.37576115
4.39714505
4.42182524
4.44929864
4.47905088
4.51038711
4.54227438
4.57319257
4.60100032
4.62292621
4.63599586
4.63709251
4.61932488
4.57637777
4.43196362
4.39925767
4.38305437
4.3785104
4.38106566
4.389396
4.4024874
4.41942443
4.43950191
4.46210858
4.48658216
4.51208684
4.53750804
4.56136886
4.58177605
4.59648112
4.60329444
4.60017358
4.58220582
4.54489389
4.45777643
4.4288957
4.4135803
4.40794473
4.40837933
4.41394704
4.42386404
4.43733846
4.45368806
4.47226088
4.49233064
4.51301362
4.53320654
4.55155145
4.56643299
4.5760703
4.57888547
4.57357452
4.55655517
4.52447794
4.47482736
4.44957331
4.4355613
4.42962048
4.42885284
4.43259342
4.44023527
4.45109839
4.46454289
4.47991564
4.49647711
4.51335011
4.52949097
4.54368853
4.55459189
4.56081073
4.56122708
4.55503578
4.53957314
4.51225934
4.48473035
4.46295919
4.45049301
4.44475143
4.44341661
4.44602867
4.45212228
4.46111727
4.47242278
4.48540327
4.49933072
4.51335879
4.52651958
4.53774614
4.54591807
4.54995918
4.54909355
4.54285689
4.52925525
4.5062718
4.48877401
4.47040255
4.45962059
4.45439344
4.45292736
4.45493684
4.46007859
4.46786172
4.47774166
4.48910281
4.50123256
4.51331661
4.52445583
4.533706
4.54013459
4.54291293
4.54152309
4.53574854
4.52413444
4.5051356
4.48806139
4.47305694
4.46400923
4.45945514
4.45813119
4.45992418
4.46460533
4.47176275
4.48088698
4.49137047
4.5025025
4.5134833
4.52345814
4.53157088
4.53703043
4.53919949
4.53776237
4.53270781
4.52308354
4.50782114
4.48366853
4.47201048
4.46464082
4.46076265
4.45970189
4.46153718
4.46615362
4.47320609
4.48220073
4.49251407
4.50340965
4.51407016
4.52364743
4.53132902
4.53641566
4.53841247
4.53717036
4.53287829
4.52512647
4.51341618
4.47685561
4.46838798
4.46242952
4.45901584
4.45816225
4.46017018
4.46503522
4.47245761
4.48192801
4.49277037
4.50418131
4.51528038
4.52517466
4.53303906
4.53820808
4.54027825
4.53923902
4.53549851
4.52928775
4.52085625
4.46928609
4.46319463
4.4576746
4.4539683
4.45292222
4.45508942
4.46054316
4.4689686
4.47977127
4.49214915
4.50515422
4.5177585
4.52893128
4.53773447
4.54343463
4.54563104
4.54440444
4.5404162
4.53469915
4.52866612
4.46344893
4.45752322
4.45037078
4.44492731
4.4429037
4.44509569
4.45156766
4.46187303
4.47521499
4.49055131
4.50667248
4.52227614
4.53605355
4.54679959
4.55355225
4.55576557
4.55352041
4.54774953
4.54035164
4.53446226
)
;

boundaryField
{
    walls
    {
        type            zeroGradient;
    }
    mov_wall
    {
        type            zeroGradient;
    }
    empty
    {
        type            empty;
    }
}


// ************************************************************************* //
