/*--------------------------------*- C++ -*----------------------------------*\
| =========                 |                                                 |
| \\      /  F ield         | OpenFOAM: The Open Source CFD Toolbox           |
|  \\    /   O peration     | Version:  5.x                                   |
|   \\  /    A nd           | Web:      www.OpenFOAM.org                      |
|    \\/     M anipulation  |                                                 |
\*---------------------------------------------------------------------------*/
FoamFile
{
    version     2.0;
    format      ascii;
    class       surfaceScalarField;
    location    "7.2";
    object      phi;
}
// * * * * * * * * * * * * * * * * * * * * * * * * * * * * * * * * * * * * * //

dimensions      [0 3 -1 0 0 0 0];

internalField   nonuniform List<scalar> 
760
(
0.00134817672
-0.00134817715
0.00245763982
-0.00110946311
0.00313513471
-0.000677494885
0.00355971573
-0.00042458102
0.00383225133
-0.000272535579
0.00400945218
-0.000177200842
0.00412521452
-0.000115762355
0.00419921708
-7.4002576e-05
0.00424243235
-4.32152739e-05
0.00426055359
-1.81212185e-05
0.00425562236
4.93123797e-06
0.00422675779
2.8864568e-05
0.0041693894
5.73683724e-05
0.00407358504
9.58043549e-05
0.00391995093
0.00015363412
0.0036720193
0.000247931652
0.00326316025
0.000408859062
0.00257264078
0.000690519444
0.00140850173
0.00116413902
0.00140850172
-5.46952196e-05
-0.00129348193
0.000412592704
-0.00157675103
0.00103002985
-0.00129493204
0.0015787139
-0.00097326508
0.00201483272
-0.000708654395
0.00234477728
-0.000507145389
0.00258511634
-0.000356101396
0.00275126943
-0.000240155671
0.0028545678
-0.00014651366
0.00290179531
-6.53487441e-05
0.0028953666
1.1359967e-05
0.00283293038
9.13008149e-05
0.00270712576
0.000183172999
0.00250436375
0.000298566343
0.00220410987
0.000453887974
0.00178090171
0.000671139819
0.001217568
0.000972192812
0.000552812578
0.0013552749
1.30664972e-05
0.00170388511
0.0014215682
-0.000271734638
-0.00102174729
-0.000221026559
-0.00162745909
7.13678384e-05
-0.00158732644
0.000446285675
-0.00134818293
0.000812489695
-0.00107485843
0.00112929928
-0.000823954964
0.00138207833
-0.000608880428
0.0015680079
-0.000426085228
0.00168837697
-0.000266882746
0.00174468453
-0.000121656324
0.00173678975
1.92547481e-05
0.00166213442
0.000165956168
0.0015157129
0.000329594541
0.00129125425
0.000523024983
0.000985011686
0.00076013051
0.000605009634
0.00105114185
0.000189850698
0.00138735176
-0.000160045069
0.0017051707
-0.00026164061
0.00180548067
0.00115992757
-0.000227941586
-0.000793805706
-0.000361197307
-0.00149420335
-0.000308328197
-0.00164019554
-0.000134821187
-0.00152168995
8.9209392e-05
-0.00129888903
0.000314971866
-0.00104971745
0.000513263003
-0.000807171548
0.000668300034
-0.000581122233
0.000771990345
-0.000370573053
0.000820036121
-0.000169702124
0.000809727639
2.95632076e-05
0.000739201013
0.000236482805
0.000607935676
0.000460859913
0.000419110892
0.000711849784
0.000184524336
0.000994717047
-6.71911886e-05
0.00130285734
-0.000280617563
0.00160077813
-0.000369418485
0.00179397164
-0.00024699362
0.00168305583
0.000912933941
-0.000168965228
-0.000624840493
-0.000352016192
-0.00131115238
-0.000431557677
-0.00156065403
-0.000408908963
-0.00154433865
-0.000319435168
-0.00138836284
-0.000200095187
-0.00116905745
-7.98100939e-05
-0.000927456643
2.15782528e-05
-0.000682510551
9.14287149e-05
-0.000440423489
0.000122135401
-0.000200408819
0.000109757191
4.19413837e-05
5.3645695e-05
0.000292594284
-4.27490171e-05
0.00055725465
-0.000169694021
0.000838794827
-0.000307652412
0.00113267545
-0.000423468625
0.00141867353
-0.000470024888
0.00164733436
-0.00039782484
0.00172177159
-0.00019643103
0.00148166204
0.000716502922
-0.000124192144
-0.000500648362
-0.000308335654
-0.00112700888
-0.00045049411
-0.00141849556
-0.00052320401
-0.00147162872
-0.000535391042
-0.0013761758
-0.000508160816
-0.00119628771
-0.000463156903
-0.000972460583
-0.000418060953
-0.000727606491
-0.000385619004
-0.000472865397
-0.000373912045
-0.000212115756
-0.000386727916
5.47572305e-05
-0.000423459514
0.000329325841
-0.000478356395
0.000612151526
-0.000539178275
0.000899616746
-0.00058581886
0.00117931607
-0.000590512316
0.00142336698
-0.000523085132
0.00157990714
-0.0003666991
0.00156538553
-0.000150585999
0.00126554895
0.000565916946
-9.4572928e-05
-0.000406075433
-0.000264649755
-0.000956932072
-0.000430738404
-0.00125240691
-0.000556976948
-0.00134539015
-0.000636793202
-0.00129635952
-0.000678141745
-0.00115493917
-0.000693943927
-0.00095665844
-0.000696929261
-0.000724621181
-0.000697274068
-0.000472520564
-0.00070166174
-0.000207728036
-0.000712860685
6.59561868e-05
-0.000729336356
0.000345801472
-0.000744753827
0.000627568954
-0.000747580322
0.000902443247
-0.000721469897
0.00115320569
-0.000647843368
0.00134974049
-0.000512876906
0.00144494067
-0.000321206283
0.00137371488
-0.000116485715
0.00106082836
0.000449431247
-7.53437193e-05
-0.000330731696
-0.000228206813
-0.000804069002
-0.000398353677
-0.00108226007
-0.000550539543
-0.00119320428
-0.00067062645
-0.00117627257
-0.000757578318
-0.00106798727
-0.000816784794
-0.000897451986
-0.000855587456
-0.000685818568
-0.000880624324
-0.000447483711
-0.00089636033
-0.000191991987
-0.000904270061
7.38659699e-05
-0.000902360284
0.000343891692
-0.000884972207
0.000610180827
-0.000843104185
0.000860575186
-0.000765820208
0.00107592173
-0.000643664731
0.00122758506
-0.00047510392
0.00127637988
-0.000276309834
0.00117492078
-9.21328639e-05
0.000876651368
0.000357298379
-6.22882904e-05
-0.000268443379
-0.000198541304
-0.000667815993
-0.000362893655
-0.000917907755
-0.000523850747
-0.00103224721
-0.000664415243
-0.00103570805
-0.000778128907
-0.000954273557
-0.000864812143
-0.000810768728
-0.000927165461
-0.000623465287
-0.000968399704
-0.000406249522
-0.00099072124
-0.000169670453
-0.000994436366
7.75811526e-05
-0.000977525709
0.000326981084
-0.000935694978
0.000568350082
-0.000863101244
0.000787981396
-0.000754123183
0.000966943638
-0.000606626323
0.00108008822
-0.000426950401
0.00109670401
-0.000236038272
0.000984008672
-7.43490107e-05
0.000714962096
0.000282949348
-5.27689664e-05
-0.000215674396
-0.00017381277
-0.000546772166
-0.000327557389
-0.000764163151
-0.000486865991
-0.000872938657
-0.000634380215
-0.000888193852
-0.000760757868
-0.000827895869
-0.000862116639
-0.000709409898
-0.000937654727
-0.000547927188
-0.000987783222
-0.000356121079
-0.00101282399
-0.00014462974
-0.00101222279
7.69799624e-05
-0.000984240692
0.000298999052
-0.000926163035
0.000510272469
-0.000835158795
0.000696977134
-0.000709976099
0.000841760887
-0.000553597351
0.000923709443
-0.000376676991
0.00091978367
-0.000200960041
0.000808291759
-6.08626131e-05
0.000574864685
0.00022208672
-4.52979433e-05
-0.000170376461
-0.000152453966
-0.000439616103
-0.00029329959
-0.000623317505
-0.000444763092
-0.000721475182
-0.000590345861
-0.000742611135
-0.000719473387
-0.000698768358
-0.000826046352
-0.000602836882
-0.000906878182
-0.000467095297
-0.000960347547
-0.000302651716
-0.000985403154
-0.000119574196
-0.00098096319
7.25399482e-05
-0.000945732134
0.000263768018
-0.000878480021
0.000443020422
-0.000778855032
0.000597352183
-0.000648784038
0.000711689869
-0.000494403558
0.000769328915
-0.000328204172
0.000753584261
-0.000170678376
0.00065076598
-5.02806531e-05
0.000454466989
0.000171806071
-3.90622065e-05
-0.000131314286
-0.000133403811
-0.00034527447
-0.000260349954
-0.000496371313
-0.000400388941
-0.000581436177
-0.000538431187
-0.000604568931
-0.000663692808
-0.000573506795
-0.000768938078
-0.000497591615
-0.000849523079
-0.000386510235
-0.000902500903
-0.000249673834
-0.000925934071
-9.61410413e-05
-0.000918488885
6.50946953e-05
-0.000879356226
0.000224635316
-0.000808535352
0.000372199575
-0.00070750526
0.000496322151
-0.000580261669
0.000584446309
-0.000434588327
0.000623655553
-0.0002832483
0.000602244195
-0.000144573379
0.00051209104
-4.17551938e-05
0.000351648815
0.000130050895
-3.36094252e-05
-9.77048932e-05
-0.000115973529
-0.000262910378
-0.000228685894
-0.000383658909
-0.000355331121
-0.000454790895
-0.00048244846
-0.000477451583
-0.000599656644
-0.000456298664
-0.000699324761
-0.000397923556
-0.000776050507
-0.000309784481
-0.000826127621
-0.000199596651
-0.000847124103
-7.51445072e-05
-0.000837646067
5.56166382e-05
-0.000797332215
0.000184321399
-0.000727102555
0.00030196988
-0.000629656445
0.000398876067
-0.000510163463
0.000464953379
-0.000377005123
0.000490497239
-0.000242314857
0.000467553914
-0.000121978241
0.000391754394
-3.47332272e-05
0.00026440379
9.53176802e-05
-2.86574857e-05
-6.90474134e-05
-9.9660247e-05
-0.000191907661
-0.000198117033
-0.000285202128
-0.000310357564
-0.000342550315
-0.000424616037
-0.000363193052
-0.000531265861
-0.00034964884
-0.000622765454
-0.000306424024
-0.00069344666
-0.000239103328
-0.000739258834
-0.000153784462
-0.000757558023
-5.68452499e-05
-0.000747003419
4.50620782e-05
-0.00070759792
0.000144915878
-0.000640884409
0.000235256311
-0.000550277086
0.000308268715
-0.000441462358
0.000356138673
-0.000322745849
0.000371780772
-0.000205166571
0.000349974657
-0.000102185436
0.000288773249
-2.88024215e-05
0.000191020757
6.6515257e-05
-2.39811839e-05
-4.50661994e-05
-8.39974331e-05
-0.000131891453
-0.00016825712
-0.00020094249
-0.000265595515
-0.000245211919
-0.00036593559
-0.000262852921
-0.000460594466
-0.000254989909
-0.000542423507
-0.000224594991
-0.000605821323
-0.000175705574
-0.000646681757
-0.000112924074
-0.000662339398
-4.11875874e-05
-0.000651561318
3.428406e-05
-0.000614612917
0.000107967512
-0.000553400623
0.000174043997
-0.000471663903
0.000226531948
-0.00037515402
0.000259628766
-0.00027170196
0.000268328728
-0.000171058851
0.00024933158
-8.44170592e-05
0.000202131473
-2.35998612e-05
0.000130203553
4.29153855e-05
-1.93492004e-05
-2.57169544e-05
-6.84700101e-05
-8.27706452e-05
-0.000138506754
-0.000130905796
-0.000220638101
-0.00016308062
-0.000306428434
-0.000177062581
-0.000388228749
-0.000173189535
-0.000459474145
-0.000153349546
-0.000514859786
-0.000120319945
-0.000550429798
-7.73541193e-05
-0.000563627586
-2.79898366e-05
-0.000553348437
2.40049315e-05
-0.00052001642
7.46355473e-05
-0.000465682594
0.0001197102
-0.000394114904
0.000154964243
-0.000310822992
0.000176336819
-0.000222941276
0.000180446994
-0.000138894626
0.000165284941
-6.78135131e-05
0.000131050381
-1.87621065e-05
8.1152157e-05
2.4153272e-05
-1.45055275e-05
-1.12114037e-05
-5.25210835e-05
-4.47550455e-05
-0.000108122792
-7.53040962e-05
-0.000174687798
-9.65156645e-05
-0.000245343265
-0.000106407159
-0.000313520835
-0.000105011955
-0.000373387892
-9.34824339e-05
-0.0004201294
-7.35783958e-05
-0.000450116058
-4.73674745e-05
-0.000461009091
-1.70968524e-05
-0.000451841652
1.48374639e-05
-0.000423096914
4.58908264e-05
-0.000376775961
7.33892872e-05
-0.000316426438
9.46147425e-05
-0.000247079544
0.000106989915
-0.000175030358
0.000108397784
-0.000107403068
9.76576397e-05
-5.14858487e-05
7.51331679e-05
-1.39146193e-05
4.358094e-05
1.02386541e-05
-9.20282305e-06
-2.0085982e-06
-3.56847337e-05
-1.82730802e-05
-7.64355047e-05
-3.45532862e-05
-0.000126811006
-4.61401712e-05
-0.000181408075
-5.18101377e-05
-0.000234817169
-5.16028985e-05
-0.00028213224
-4.61673509e-05
-0.000319263531
-3.64470595e-05
-0.000343116492
-2.35144822e-05
-0.000351700034
-8.51332205e-06
-0.000344207025
7.34441669e-06
-0.000321084444
2.27682247e-05
-0.000284086165
3.63910208e-05
-0.000236279528
4.68081352e-05
-0.000181958565
5.26689688e-05
-0.000126403743
5.28429566e-05
-7.54285443e-05
4.66824261e-05
-3.46816325e-05
3.4386249e-05
-8.71391017e-06
1.76132217e-05
1.5247488e-06
-3.43755498e-06
1.42891757e-06
-1.80438927e-05
-3.66671713e-06
-4.3406032e-05
-9.1910988e-06
-7.64336485e-05
-1.31125187e-05
-0.000113187145
-1.50566463e-05
-0.000149665121
-1.5124957e-05
-0.000182251562
-1.3580936e-05
-0.000207952855
-1.07457573e-05
-0.000224514086
-6.953218e-06
-0.000230484745
-2.54264116e-06
-0.000225272639
2.13230176e-06
-0.000209197087
6.69264838e-06
-0.000183535367
1.07292863e-05
-0.000150536814
1.38095905e-05
-0.000113368289
1.55004627e-05
-7.59397535e-05
1.54144318e-05
-4.25472198e-05
1.32898902e-05
-1.72767391e-05
9.11576098e-06
-3.10386012e-06
3.44034002e-06
-1.57910838e-06
1.42888494e-06
-2.23786401e-06
-1.14289713e-05
-2.4541468e-05
-3.95980856e-05
-5.47230355e-05
-6.83039905e-05
-7.90497705e-05
-8.6002991e-05
-8.85456138e-05
-8.64132925e-05
-7.97206412e-05
-6.89913674e-05
-5.51817898e-05
-3.96813293e-05
-2.42668902e-05
-1.09769925e-05
-1.86122945e-06
1.57910903e-06
)
;

boundaryField
{
    walls
    {
        type            calculated;
        value           uniform 0;
    }
    mov_wall
    {
        type            calculated;
        value           uniform 0;
    }
    empty
    {
        type            empty;
        value           nonuniform 0();
    }
}


// ************************************************************************* //
