/*--------------------------------*- C++ -*----------------------------------*\
| =========                 |                                                 |
| \\      /  F ield         | OpenFOAM: The Open Source CFD Toolbox           |
|  \\    /   O peration     | Version:  5.x                                   |
|   \\  /    A nd           | Web:      www.OpenFOAM.org                      |
|    \\/     M anipulation  |                                                 |
\*---------------------------------------------------------------------------*/
FoamFile
{
    version     2.0;
    format      ascii;
    class       volVectorField;
    location    "7.2";
    object      U;
}
// * * * * * * * * * * * * * * * * * * * * * * * * * * * * * * * * * * * * * //

dimensions      [0 1 -1 0 0 0 0];

internalField   nonuniform List<vector> 
400
(
(0.291698411 0.149643831 0)
(0.38818715 0.128007701 0)
(0.557616061 0.0757318289 0)
(0.674785697 0.0433044388 0)
(0.743766592 0.0251591048 0)
(0.787075022 0.0148802977 0)
(0.815462959 0.00893092249 0)
(0.83393956 0.00530992875 0)
(0.845365461 0.00289956117 0)
(0.851349262 0.00108485202 2.66526793e-34)
(0.852640748 -0.000502853316 -2.66526793e-34)
(0.849354293 -0.00216071966 0)
(0.840973372 -0.00421710481 0)
(0.826113773 -0.00722098603 0)
(0.802020424 -0.0122365023 0)
(0.763538944 -0.0213892111 0)
(0.699488893 -0.0388386146 0)
(0.584557338 -0.0722732726 0)
(0.407900536 -0.128436306 0)
(0.300688068 -0.152947535 0)
(0.00120417528 0.287432419 0)
(0.0133209484 0.293872133 0)
(0.140044435 0.209904859 0)
(0.264971581 0.142986164 0)
(0.364177734 0.0968019849 0)
(0.44012006 0.0654411225 0)
(0.496541037 0.0439762535 0)
(0.536691067 0.0287011582 0)
(0.563274465 0.0170798542 0)
(0.578137339 0.00742308498 0)
(0.582210284 -0.00150101359 0)
(0.575515252 -0.010797754 0)
(0.55710925 -0.0217346505 0)
(0.524912995 -0.0361396913 0)
(0.475518406 -0.056963499 0)
(0.404326 -0.0889771545 0)
(0.305687292 -0.139150756 0)
(0.174497792 -0.2152752 0)
(0.0341065872 -0.310801152 0)
(0.0108691577 -0.305909061 0)
(-0.0321467664 0.241773927 0)
(-0.0634303718 0.333547166 0)
(-0.0219362085 0.299502496 0)
(0.0505996215 0.240051669 0)
(0.127397377 0.183020808 0)
(0.196818605 0.135454524 0)
(0.2541671 0.0974523437 0)
(0.2980883 0.0668891729 0)
(0.328665676 0.0413758253 0)
(0.346307824 0.0187814597 -2.35797006e-33)
(0.35121131 -0.00280949377 2.35797006e-33)
(0.343126746 -0.0252950472 0)
(0.32127758 -0.0508299457 0)
(0.284432902 -0.0820948287 0)
(0.231328818 -0.122479774 0)
(0.161916759 -0.175658043 0)
(0.0798350166 -0.243208459 0)
(-0.00333734301 -0.317981962 0)
(-0.0578531316 -0.3663635 0)
(-0.0313893187 -0.270690673 0)
(-0.0261204174 0.182361576 0)
(-0.0666192821 0.316884137 0)
(-0.0735377858 0.330901745 0)
(-0.0481307225 0.295352914 0)
(-0.00567217873 0.244253508 0)
(0.0411124709 0.192431742 0)
(0.0845451031 0.14509504 0)
(0.120424329 0.103006631 0)
(0.146585245 0.0651543655 0)
(0.161925479 0.0298884074 2.35546545e-33)
(0.165812815 -0.00469432412 -2.35546545e-33)
(0.157798798 -0.040669621 0)
(0.137586496 -0.0803027382 0)
(0.105285213 -0.125979578 0)
(0.0620900287 -0.179774806 0)
(0.011609268 -0.242029717 0)
(-0.0380283821 -0.307764357 0)
(-0.0720490971 -0.359579371 0)
(-0.0711639175 -0.355585637 0)
(-0.0287210554 -0.209178578 0)
(-0.0176296847 0.140767915 0)
(-0.054916549 0.281827204 0)
(-0.0828629985 0.324484363 0)
(-0.0880762267 0.312396804 0)
(-0.0751196918 0.274441985 0)
(-0.0526276299 0.22677843 0)
(-0.0275118545 0.177302818 0)
(-0.00458009712 0.129145425 0)
(0.0130234875 0.0829123636 0)
(0.0233567963 0.0379330344 -2.94545511e-34)
(0.0253097451 -0.00710139498 2.94545511e-34)
(0.0184152026 -0.0537995249 0)
(0.0028869799 -0.103801263 0)
(-0.0200872026 -0.158367936 0)
(-0.0477707915 -0.21753072 0)
(-0.0750614565 -0.278347552 0)
(-0.0936267098 -0.331694803 0)
(-0.092227059 -0.357398871 0)
(-0.0635074691 -0.318879892 0)
(-0.0207312598 -0.162076724 0)
(-0.0116542803 0.111592252 0)
(-0.0431522023 0.243765267 0)
(-0.078284 0.299859404 0)
(-0.100579263 0.305000833 0)
(-0.10831059 0.28042127 0)
(-0.105716507 0.240369187 0)
(-0.0975361768 0.193277768 0)
(-0.0877934534 0.143545369 0)
(-0.079535195 0.0930260755 0)
(-0.0748272176 0.0420752353 0)
(-0.0748481322 -0.00975925522 0)
(-0.0799345807 -0.0632506199 0)
(-0.0895000274 -0.119033278 0)
(-0.101812879 -0.176993445 0)
(-0.113690949 -0.235297918 0)
(-0.120284778 -0.288849069 0)
(-0.115237022 -0.327084781 0)
(-0.0922711155 -0.331566553 0)
(-0.0521876303 -0.275119693 0)
(-0.0142847868 -0.127260099 0)
(-0.00803185546 0.0899680211 0)
(-0.034305283 0.207876698 0)
(-0.0703686625 0.267741357 0)
(-0.10095932 0.283509147 0)
(-0.12150911 0.269753785 0)
(-0.133061963 0.237807852 0)
(-0.138135837 0.195384127 0)
(-0.139450247 0.14721649 0)
(-0.139365671 0.0958906805 0)
(-0.139599233 0.0425957601 0)
(-0.141114111 -0.0122625633 0)
(-0.144054663 -0.0685401637 0)
(-0.147657211 -0.125824597 0)
(-0.150140606 -0.182787209 0)
(-0.148667744 -0.236314557 0)
(-0.139565526 -0.280390165 0)
(-0.119015751 -0.304900543 0)
(-0.0848747395 -0.294957284 0)
(-0.0422046474 -0.232154478 0)
(-0.010006592 -0.100709817 0)
(-0.00589818853 0.0731569068 0)
(-0.0280514376 0.17545993 0)
(-0.0624620781 0.233454969 0)
(-0.0961931144 0.254650691 0)
(-0.123784292 0.248662376 0)
(-0.144336447 0.223978326 0)
(-0.158622036 0.187072463 0)
(-0.168069548 0.142434107 0)
(-0.174171015 0.0929433362 0)
(-0.178091656 0.0403532993 0)
(-0.180456261 -0.0142245217 0)
(-0.181230004 -0.0698446727 0)
(-0.179647302 -0.125225752 0)
(-0.1742052 -0.178177564 0)
(-0.162809074 -0.224940957 0)
(-0.143212559 -0.259512837 0)
(-0.113841636 -0.273201301 0)
(-0.0753166151 -0.25489636 0)
(-0.0343188966 -0.192925777 0)
(-0.0072849853 -0.0799917724 0)
(-0.00459312124 0.0595160165 0)
(-0.023544166 0.146542621 0)
(-0.0553429897 0.199662158 0)
(-0.0893196752 0.222701633 0)
(-0.120051822 0.221819414 0)
(-0.145609093 0.203131831 0)
(-0.165570648 0.171796554 0)
(-0.180317097 0.131775633 0)
(-0.190531076 0.0859405087 0)
(-0.196813739 0.0363510041 2.97711466e-34)
(-0.199448904 -0.0153915465 -2.97711466e-34)
(-0.19827563 -0.0677566397 0)
(-0.19264615 -0.118867793 0)
(-0.18148935 -0.166059307 0)
(-0.163546092 -0.205440874 0)
(-0.137858734 -0.231577796 0)
(-0.104503397 -0.237504908 0)
(-0.0656637243 -0.215386223 0)
(-0.0281737953 -0.158249841 0)
(-0.00551068915 -0.0634668201 0)
(-0.00373314319 0.0480883399 0)
(-0.0201212318 0.1208394 0)
(-0.0490153848 0.167676445 0)
(-0.0816389783 0.1902875 0)
(-0.112989452 0.192487647 0)
(-0.140680565 0.178557129 4.67987998e-33)
(-0.163557392 0.152465451 0)
(-0.181246277 0.117555001 0)
(-0.193784171 0.0765047453 -4.74063759e-33)
(-0.201296974 0.0314709921 2.26595043e-36)
(-0.203789202 -0.0156744007 4.98648957e-36)
(-0.20103537 -0.0630555972 0)
(-0.192565927 -0.10848158 0)
(-0.177765509 -0.149141423 0)
(-0.156124907 -0.181360926 0)
(-0.127679786 -0.200524265 0)
(-0.093564574 -0.20131854 0)
(-0.0566770452 -0.178463973 0)
(-0.0233146642 -0.128090139 0)
(-0.00429570355 -0.0500435325 0)
(-0.00311504253 0.0383306315 0)
(-0.0173631174 0.0980508518 0)
(-0.0433176163 0.13812997 0)
(-0.0737180713 0.158979203 0)
(-0.104104453 0.162838223 0)
(-0.131970539 0.152618175 -4.67987998e-33)
(-0.155761618 0.131295699 0)
(-0.174612859 0.101603278 0)
(-0.188100212 0.0659289979 4.74063759e-33)
(-0.195997417 0.0263693637 1.49106832e-33)
(-0.198111617 -0.0151233228 -1.49832076e-33)
(-0.194204017 -0.05654425 0)
(-0.18399656 -0.0956260401 0)
(-0.167277168 -0.12965484 0)
(-0.144124389 -0.155368912 0)
(-0.115252464 -0.169022497 0)
(-0.0823814116 -0.166713893 0)
(-0.0485941067 -0.145040228 0)
(-0.0193975965 -0.102103348 0)
(-0.00342090901 -0.0390049998 0)
(-0.00263393844 0.0299262627 0)
(-0.0150226279 0.0779301268 0)
(-0.0380974213 0.111311112 0)
(-0.065817563 0.129695798 0)
(-0.0942794703 0.134263881 0)
(-0.121044029 0.126925341 0)
(-0.144383615 0.109860564 0)
(-0.163148987 0.0852480426 0)
(-0.176619503 0.0551416404 0)
(-0.184335468 0.0214703203 2.99742626e-34)
(-0.185982936 -0.0138813633 -2.99742626e-34)
(-0.18134368 -0.0489515457 0)
(-0.170313968 -0.0815745623 0)
(-0.152999252 -0.109289272 0)
(-0.129891601 -0.129330734 0)
(-0.102114498 -0.138764243 0)
(-0.0716393811 -0.13481614 0)
(-0.0414365979 -0.115407291 0)
(-0.0161843517 -0.0798582244 0)
(-0.00276403399 -0.0298606591 0)
(-0.00223473791 0.0226800239 0)
(-0.012954131 0.0602838546 0)
(-0.033238152 0.0873308346 0)
(-0.0580555267 0.102954503 0)
(-0.0840353751 0.107621827 0)
(-0.108906081 0.102520712 0)
(-0.130914084 0.0892086471 0)
(-0.148775839 0.0693818601 0)
(-0.161603552 0.0447501612 0)
(-0.168801284 0.0170067366 3.00137215e-34)
(-0.16999354 -0.0121372093 -3.00137215e-34)
(-0.164999672 -0.0408861801 0)
(-0.15385754 -0.0672953816 0)
(-0.136899085 -0.0892417123 0)
(-0.114876636 -0.104468704 0)
(-0.0891189046 -0.110744417 0)
(-0.0616328415 -0.106158115 0)
(-0.0351269754 -0.0895353368 0)
(-0.0135037448 -0.0609264439 0)
(-0.00225327357 -0.0222578283 0)
(-0.0018854554 0.0164662579 0)
(-0.0110624859 0.0449645375 0)
(-0.0286411478 0.0662105019 0)
(-0.0504611319 0.079027817 0)
(-0.0736531609 0.0834123344 0)
(-0.0961641735 0.0800414952 0)
(-0.116305915 0.0699953616 0)
(-0.132763345 0.0545610844 0)
(-0.144575608 0.0351143566 0)
(-0.151082436 0.0130747322 0)
(-0.151887888 -0.0100881507 0)
(-0.146852998 -0.0328250739 0)
(-0.136119504 -0.0534823544 0)
(-0.120164259 -0.07030986 0)
(-0.099879343 -0.0815299551 0)
(-0.0766571207 -0.0854921394 0)
(-0.0524122085 -0.0809235379 0)
(-0.0295300319 -0.0672469494 0)
(-0.0112185729 -0.044926664 0)
(-0.00184129791 -0.0159381059 0)
(-0.00156251518 0.0112077524 0)
(-0.00926987745 0.0318705384 0)
(-0.0242025229 0.0479368728 0)
(-0.0429884512 0.0580490668 0)
(-0.0632319175 0.0619114991 0)
(-0.0831208665 0.0598559222 0)
(-0.101086242 0.0526055604 0)
(-0.11584913 0.0411071754 0)
(-0.126440932 0.0264236299 0)
(-0.132187245 0.00968560227 0)
(-0.132697634 -0.00791671632 0)
(-0.127870713 -0.0251250464 0)
(-0.117915453 -0.0406102693 0)
(-0.103386533 -0.0529974523 0)
(-0.0852272558 -0.0609387032 0)
(-0.0648019911 -0.063249694 0)
(-0.0438652631 -0.0591133871 0)
(-0.0244674993 -0.0483249893 0)
(-0.00920309148 -0.0315520056 0)
(-0.00149088332 -0.0107193779 0)
(-0.00124268907 0.00687236933 0)
(-0.0074972589 0.020953943 0)
(-0.0197996751 0.0325014324 0)
(-0.0355241995 0.0400872972 0)
(-0.0527239703 0.0432717583 0)
(-0.0698331076 0.0421741819 0)
(-0.0854326546 0.0372606225 0)
(-0.0983251655 0.0291991539 0)
(-0.107580785 0.0187673615 0)
(-0.112546726 0.00680864111 0)
(-0.11285434 -0.00578011523 0)
(-0.10843163 -0.0180487582 0)
(-0.0995214454 -0.02899977 0)
(-0.0867021636 -0.0376160606 0)
(-0.0709039773 -0.0429246735 0)
(-0.0534054956 -0.0441071902 0)
(-0.0357703105 -0.0406592911 0)
(-0.0197281043 -0.0325810805 0)
(-0.00733072716 -0.0205903307 0)
(-0.00116697527 -0.00649226743 0)
(-0.000899882242 0.00347704119 0)
(-0.00566092871 0.0122244314 0)
(-0.0152978426 0.0199179458 0)
(-0.0279091933 0.0251886561 0)
(-0.041970841 0.0275859273 0)
(-0.056159287 0.027126266 0)
(-0.0692274833 0.024098672 0)
(-0.0800968144 0.0189454357 0)
(-0.0879159878 0.0121895975 0)
(-0.0920844193 0.00440206656 0)
(-0.0922681545 -0.00380768002 0)
(-0.0884155171 -0.011792769 0)
(-0.0807724915 -0.0188748768 0)
(-0.0698942018 -0.024365971 0)
(-0.0566454512 -0.0276151897 0)
(-0.0421770501 -0.028088704 0)
(-0.0278469006 -0.0254864193 0)
(-0.0150887343 -0.0198866125 0)
(-0.00547449456 -0.011931357 0)
(-0.00083354704 -0.00322197421 0)
(-0.000507510269 0.00108920366 0)
(-0.003688894 0.00574013855 0)
(-0.0105872224 0.0102223841 0)
(-0.0199879353 0.0134022191 0)
(-0.0307552952 0.0149400978 0)
(-0.0418076601 0.0148327167 0)
(-0.0521004799 0.0132501803 0)
(-0.0607205947 0.0104516785 0)
(-0.0669425803 0.00673881909 0)
(-0.0702538258 0.00243728688 0)
(-0.0703711874 -0.0021063507 0)
(-0.0672558431 -0.00652338958 0)
(-0.0611263939 -0.0104252565 0)
(-0.0524664974 -0.0134154708 0)
(-0.0420201052 -0.0151167104 0)
(-0.03076266 -0.015218349 0)
(-0.0198243282 -0.0135494045 0)
(-0.0103615221 -0.0101761665 0)
(-0.00352670222 -0.00555507511 0)
(-0.000456470565 -0.000945966164 0)
(-6.44944619e-05 -0.000176245091 0)
(-0.00159899403 0.00163661228 0)
(-0.00569518942 0.00359860033 0)
(-0.0117199288 0.00501068188 0)
(-0.0188880465 0.0057168505 0)
(-0.0263913884 0.00573383012 0)
(-0.0334549911 0.0051477194 0)
(-0.0394085049 0.00407326502 0)
(-0.0437225492 0.00263489138 0)
(-0.0460238823 0.000961864412 0)
(-0.0461058214 -0.000810101868 0)
(-0.0439388713 -0.00253598903 0)
(-0.0396813852 -0.0040605643 0)
(-0.0336869579 -0.00522175775 0)
(-0.0265027366 -0.0058603056 0)
(-0.0188496242 -0.00583829521 0)
(-0.0115675415 -0.00507039299 0)
(-0.00551559568 -0.00357095317 0)
(-0.00148203517 -0.00155258705 0)
(-3.10934957e-05 0.000233977469 0)
(0.000261393717 -0.000255579458 0)
(0.000151435939 0.000102070284 0)
(-0.00117495669 0.000547413561 0)
(-0.00348063279 0.000863516519 0)
(-0.00637558134 0.00102207989 0)
(-0.00946687059 0.00103797839 0)
(-0.0124000359 0.000936217827 0)
(-0.0148817793 0.000743060244 0)
(-0.0166861027 0.000483179495 0)
(-0.017654726 0.000180088779 1.08300142e-33)
(-0.017698519 -0.000142306889 -1.08300142e-33)
(-0.0168014845 -0.000458217822 0)
(-0.0150266289 -0.00073901975 0)
(-0.0125219017 -0.000953245681 0)
(-0.00952354992 -0.00106773276 0)
(-0.0063530238 -0.00105052553 0)
(-0.00340014887 -0.000876787322 0)
(-0.00108361458 -0.000539615633 0)
(0.000206111058 -8.25143892e-05 0)
(0.000274563684 0.000266745471 0)
)
;

boundaryField
{
    walls
    {
        type            fixedValue;
        value           uniform (0 0 0);
    }
    mov_wall
    {
        type            fixedValue;
        value           uniform (1 0 0);
    }
    empty
    {
        type            empty;
    }
}


// ************************************************************************* //
