/*--------------------------------*- C++ -*----------------------------------*\
| =========                 |                                                 |
| \\      /  F ield         | OpenFOAM: The Open Source CFD Toolbox           |
|  \\    /   O peration     | Version:  5.x                                   |
|   \\  /    A nd           | Web:      www.OpenFOAM.org                      |
|    \\/     M anipulation  |                                                 |
\*---------------------------------------------------------------------------*/
FoamFile
{
    version     2.0;
    format      ascii;
    class       volScalarField;
    location    "1";
    object      p;
}
// * * * * * * * * * * * * * * * * * * * * * * * * * * * * * * * * * * * * * //

dimensions      [0 2 -2 0 0 0 0];

internalField   nonuniform List<scalar> 
400
(
-4.80533117e-07
2.45238502
3.49413831
3.89859412
4.10630948
4.22437784
4.29402897
4.34012502
4.37631738
4.41022322
4.44698899
4.49122995
4.5480166
4.6248578
4.73513491
4.90487306
5.18257765
5.68431305
6.84134656
9.41168775
1.88676498
2.86727716
3.41978157
3.74756805
3.96497246
4.10955582
4.20754314
4.27895035
4.33680364
4.3897672
4.44447486
4.50684722
4.5836212
4.6835656
4.81994791
5.01383762
5.29411226
5.69849526
6.33838189
7.42826606
2.98226052
3.26261946
3.54232956
3.77060916
3.94560549
4.07563145
4.17319558
4.25005052
4.31540569
4.37643854
4.43917761
4.50929453
4.59283749
4.69700756
4.83101871
5.00674266
5.23636491
5.52393009
5.86042441
6.19807933
3.52810929
3.58555141
3.72189717
3.8654189
3.9890733
4.09085117
4.17467481
4.24584528
4.30972776
4.37128184
4.43506739
4.50550215
4.58706255
4.68448225
4.8026193
4.9457991
5.11579958
5.30514807
5.4782707
5.55946463
3.84466434
3.82719287
3.88539598
3.96953376
4.05233728
4.12791268
4.19582696
4.25769242
4.31619284
4.37440841
4.43540403
4.50219208
4.57763535
4.66426153
4.76370116
4.8756497
4.99644429
5.11483507
5.19580527
5.183556
4.04602018
4.00403813
4.02171626
4.0680841
4.12158803
4.17594913
4.22909269
4.2808211
4.33219
4.38485699
4.44065094
4.50133848
4.56838749
4.64261767
4.72356281
4.80854773
4.89193569
4.96275277
4.99308003
4.94669184
4.18111412
4.13422996
4.13216194
4.15564878
4.18909391
4.22733209
4.26801877
4.31020191
4.35400608
4.40012799
4.4494446
4.50273165
4.56038321
4.62204222
4.68605557
4.74884495
4.80472852
4.84478203
4.84867226
4.79362939
4.27613496
4.23121428
4.21997454
4.22996096
4.25012374
4.27664311
4.30743694
4.34133166
4.37796051
4.41740402
4.4598632
4.50539654
4.55365774
4.60358248
4.65299351
4.69825407
4.73445681
4.75499995
4.74565983
4.69207055
4.34504777
4.30403609
4.28889966
4.29108635
4.30263824
4.32085088
4.34403725
4.37104158
4.40126251
4.43440494
4.4702232
4.50830229
4.54784378
4.58743552
4.62480184
4.65666391
4.67910917
4.68751657
4.67202987
4.62332986
4.39549607
4.35871581
4.34235965
4.34016471
4.3462102
4.35860635
4.37603657
4.39745255
4.42216052
4.44965196
4.47940915
4.51073666
4.54260372
4.57349435
4.60127215
4.62317033
4.63621764
4.63729871
4.61952278
4.57657488
4.43204928
4.39936307
4.38317684
4.37865209
4.381232
4.38959207
4.40271599
4.41968459
4.43978824
4.46241163
4.48689011
4.51238794
4.53779305
4.56163285
4.58201912
4.59670812
4.60351371
4.60039535
4.58244432
4.5451675
4.45771658
4.4288979
4.41362354
4.40802051
4.4084881
4.41408986
4.42404036
4.43754515
4.45391883
4.47250669
4.49258105
4.51325883
4.53343961
4.55176996
4.56663964
4.57627272
4.57909477
4.57380375
4.55682413
4.52481424
4.47464509
4.44948816
4.4355371
4.42963951
4.42891093
4.43268796
4.44036284
4.45125395
4.4647194
4.48010449
4.4966693
4.51353792
4.52966986
4.54385856
4.55475828
4.5609836
4.56141973
4.55526321
4.5398591
4.51263845
4.48446255
4.46281272
4.4504216
4.44473072
4.44343851
4.44608733
4.45221173
4.46123084
4.47255274
4.48554135
4.49946927
4.51349221
4.52664582
4.53786778
4.5460426
4.55009872
4.54926285
4.5430719
4.52954173
4.50666849
4.48846625
4.47022705
4.45952741
4.45435498
4.45293265
4.45497717
4.46014564
4.46794721
4.47783712
4.4892002
4.50132541
4.51340134
4.52453291
4.53378052
4.54021622
4.54301534
4.54166179
4.53593946
4.52440312
4.50552096
4.48776176
4.47288638
4.46392131
4.45942291
4.45814196
4.45996668
4.46466873
4.47183687
4.48096237
4.49143909
4.50255885
4.51352566
4.52348941
4.5315988
4.53706694
4.5392597
4.53786222
4.53286238
4.52331567
4.50816514
4.48342034
4.47187533
4.46458288
4.46075937
4.45973986
4.46160267
4.46623286
4.47328634
4.48227093
4.49256578
4.50343807
4.51407531
4.52363473
4.53130906
4.53640302
4.53842411
4.53722277
4.53298531
4.52530573
4.51369217
4.47668905
4.46830991
4.46242086
4.45906106
4.45824752
4.46027879
4.46514954
4.47256123
4.48200728
4.49281568
4.50418824
4.51525069
4.52511659
4.53296666
4.53813947
4.54023326
4.53923557
4.53554952
4.52940375
4.52104733
4.46920958
4.46318407
4.45773272
4.45408637
4.45308348
4.45527119
4.46072098
4.46911971
4.47987718
4.49219757
4.50514052
4.51768654
4.5288134
4.53759032
4.54328862
4.54550903
4.54432908
4.54040211
4.53474994
4.52877227
4.46343746
4.45757681
4.45051335
4.44515102
4.44318275
4.44539509
4.45185044
4.46210536
4.47536999
4.49061172
4.50663262
4.52214274
4.53584534
4.54654552
4.55328828
4.55552987
4.55334663
4.54765914
4.54034656
4.53451264
)
;

boundaryField
{
    walls
    {
        type            zeroGradient;
    }
    mov_wall
    {
        type            zeroGradient;
    }
    empty
    {
        type            empty;
    }
}


// ************************************************************************* //
