/*--------------------------------*- C++ -*----------------------------------*\
| =========                 |                                                 |
| \\      /  F ield         | OpenFOAM: The Open Source CFD Toolbox           |
|  \\    /   O peration     | Version:  5.x                                   |
|   \\  /    A nd           | Web:      www.OpenFOAM.org                      |
|    \\/     M anipulation  |                                                 |
\*---------------------------------------------------------------------------*/
FoamFile
{
    version     2.0;
    format      ascii;
    class       surfaceScalarField;
    location    "1";
    object      phi;
}
// * * * * * * * * * * * * * * * * * * * * * * * * * * * * * * * * * * * * * //

dimensions      [0 3 -1 0 0 0 0];

internalField   nonuniform List<scalar> 
760
(
0.00134821549
-0.00134821526
0.00245767461
-0.00110945911
0.0031350907
-0.000677416084
0.0035595264
-0.000424435676
0.0038318755
-0.000272349091
0.00400887908
-0.00017700359
0.00412446178
-0.000115582638
0.00419832438
-7.38625723e-05
0.00424145357
-4.31292532e-05
0.0042595489
-1.80953685e-05
0.00425465061
4.89828197e-06
0.00422587064
2.87799832e-05
0.00416862662
5.72440227e-05
0.0040729722
9.56544198e-05
0.0039194986
0.000153473577
0.00367172356
0.000247775038
0.00326300328
0.000408720308
0.00257258959
0.000690413745
0.00140850619
0.00116408347
0.00140850622
-5.46928157e-05
-0.00129352247
0.000412492103
-0.00157664402
0.0010296892
-0.00129461318
0.00157801308
-0.000972759661
0.00201369566
-0.000708031634
0.00234318384
-0.000506491726
0.00258310243
-0.000355501239
0.0027489185
-0.000239678738
0.00285199733
-0.000146208134
0.00289914123
-6.52392256e-05
0.00289276761
1.12719332e-05
0.0028305135
9.10340662e-05
0.0027049959
0.000182761542
0.00250259595
0.00029805434
0.0022027451
0.000453324462
0.00177994524
0.00067057496
0.00121698863
0.000971676936
0.000552541812
0.00135486051
1.29975069e-05
0.00170362767
0.00142150376
-0.000271802482
-0.00102171999
-0.000221328642
-0.00162711786
7.06653987e-05
-0.00158660723
0.00044504985
-0.00134714402
0.000810642175
-0.00107362393
0.00112682752
-0.000822677167
0.00137903669
-0.000607710451
0.00156450928
-0.000425151318
0.00168457808
-0.000266276911
0.0017407681
-0.000121429222
0.00173294501
1.90949606e-05
0.00165853937
0.00016543961
0.0015125191
0.000328781793
0.0012885755
0.000521998017
0.000982916153
0.000758983887
0.000603515093
0.00104997607
0.000188920953
0.00138627113
-0.000160502217
0.00170428369
-0.000261772061
0.00180489748
0.00115973172
-0.000228076497
-0.000793643508
-0.00036169089
-0.00149350336
-0.000309357628
-0.00163894052
-0.000136511873
-0.0015199898
8.67944693e-05
-0.00129693028
0.000311838723
-0.0010477214
0.000509485679
-0.000805357355
0.000664012995
-0.000579678632
0.000767372756
-0.000369636699
0.000815296615
-0.000169353104
0.000805082946
2.93085982e-05
0.000734857222
0.000235665312
0.000604071129
0.000459567916
0.000415862598
0.000710206607
0.000181976902
0.000992869612
-6.90134457e-05
0.00130096641
-0.000281755348
0.00159901302
-0.000369980342
0.00179250871
-0.00024715327
0.00168207042
0.000912578479
-0.000169150668
-0.00062449286
-0.000352644353
-0.00131000971
-0.000432807073
-0.00155877786
-0.000410888795
-0.00154190809
-0.000322186273
-0.0013856328
-0.000203590856
-0.00116631681
-8.39598968e-05
-0.000924988291
1.69194723e-05
-0.000680558046
8.64525284e-05
-0.000439169769
0.000117056506
-0.000199957057
0.000104798814
4.15662916e-05
4.90209693e-05
0.000291443154
-4.68541841e-05
0.000555443117
-0.000173136814
0.000836489303
-0.000310344819
0.00113007765
-0.000425387168
0.00141600875
-0.000471217074
0.0016448429
-0.00039841004
0.0017197017
-0.00019659708
0.00148025751
0.000715981441
-0.000124398511
-0.000500094352
-0.000309015007
-0.0011253932
-0.000451814051
-0.0014159788
-0.000525253708
-0.00146846844
-0.000538190421
-0.00137269609
-0.000511666998
-0.00119284025
-0.000467270606
-0.000969384644
-0.000422634815
-0.00072519387
-0.000390470642
-0.000471333935
-0.000378835523
-0.000211592133
-0.00039151145
5.42422295e-05
-0.000427901795
0.000327833487
-0.000482282797
0.000609824141
-0.00054245534
0.000896661887
-0.000588367149
0.0011759895
-0.000592315839
0.00141995745
-0.000524196533
0.00157672357
-0.000367238957
0.00156274415
-0.000150736696
0.00126375532
0.000565244765
-9.47701874e-05
-0.000405324205
-0.000265290912
-0.000954872499
-0.000431968316
-0.00124930141
-0.000558863264
-0.00134157351
-0.000639339816
-0.00129221957
-0.000681298419
-0.00115088169
-0.00069761422
-0.000953068824
-0.000700978964
-0.000721829143
-0.000701540859
-0.000470771997
-0.00070596638
-0.00020716655
-0.000717020228
6.52960881e-05
-0.000733178133
0.000343991373
-0.000748129439
0.000624775451
-0.000750378837
0.000898911303
-0.000723629069
0.00114923976
-0.000649357556
0.00134568594
-0.000513800065
0.00144116607
-0.000321648967
0.00137059305
-0.000116606993
0.00105871341
0.000448637752
-7.55057805e-05
-0.000329818414
-0.000228729914
-0.000801648379
-0.000399348576
-0.00107868275
-0.00055205145
-0.00118887067
-0.000672648969
-0.00117162207
-0.000760063597
-0.00106346706
-0.000819651346
-0.000893481034
-0.000858727252
-0.000682753232
-0.000883910055
-0.000445589153
-0.000899653729
-0.000191422842
-0.00090743152
7.30738694e-05
-0.000905259411
0.000341819253
-0.000887498824
0.000607014873
-0.000845178834
0.000856591326
-0.000767402804
0.00107146376
-0.000644759879
0.00122304301
-0.000475761344
0.00127216752
-0.000276619394
0.00117145112
-9.22155909e-05
0.000874309658
0.000356422149
-6.2395892e-05
-0.000267422528
-0.000198885993
-0.000665158309
-0.000363542743
-0.000914026032
-0.000524826184
-0.00102758728
-0.0006657052
-0.0010307431
-0.000779696274
-0.000949475978
-0.000866600701
-0.000806576589
-0.000929104639
-0.0006202493
-0.00097040891
-0.000404284858
-0.000992714706
-0.000169117037
-0.000996328803
7.66879552e-05
-0.000979238872
0.000324729333
-0.000937164888
0.000564940913
-0.000864285144
0.000783711599
-0.000755004932
0.000962183562
-0.000607218788
0.00107525686
-0.000427293533
0.00109224226
-0.000236192871
0.000980350487
-7.43878645e-05
0.000712504674
0.000282034301
-5.28110038e-05
-0.000214611557
-0.000173943405
-0.000544025944
-0.000327794524
-0.000760174964
-0.000487207827
-0.000868174023
-0.000634812709
-0.000883138252
-0.000761260229
-0.000823028455
-0.000862664787
-0.000705172029
-0.000938223017
-0.000544691074
-0.000988345343
-0.000354162513
-0.00101335389
-0.000144108486
-0.00101269605
7.603011e-05
-0.000984636702
0.000296670004
-0.000926467905
0.00050677213
-0.000835368269
0.000692611969
-0.000710097456
0.000836912752
-0.000553649016
0.000918808399
-0.000376684836
0.000915278062
-0.000200950748
0.000804616392
-6.08555422e-05
0.000572409476
0.000221178778
-4.52716796e-05
-0.000169339884
-0.000152361111
-0.000436936525
-0.000293106895
-0.000619429199
-0.000444445221
-0.000716835748
-0.000589888038
-0.000737695463
-0.000718873394
-0.000694043096
-0.000825314853
-0.000598730579
-0.000906037156
-0.000463968775
-0.000959427513
-0.000300772149
-0.000984439928
-0.000119096077
-0.000979994795
7.15849754e-05
-0.000944796432
0.000261471644
-0.0008776131
0.000439588781
-0.000778089958
0.000593088817
-0.000648149377
0.000706972166
-0.000493920637
0.000764579615
-0.000327882311
0.000749239707
-0.000170508611
0.00064724264
-5.0228752e-05
0.000452129625
0.000170950041
-3.89726948e-05
-0.000130367182
-0.000133102928
-0.000342806306
-0.000259756066
-0.000492776063
-0.000399454321
-0.00057713754
-0.000537140302
-0.000600009503
-0.000662061044
-0.000569122344
-0.000767009133
-0.000493782498
-0.000847364297
-0.000383613623
-0.000900196943
-0.000247939527
-0.000923579538
-9.5713512e-05
-0.000916180833
6.41862697e-05
-0.000877187295
0.00022247811
-0.000806587759
0.000368989226
-0.000705845615
0.000492346681
-0.000578936501
0.000580063059
-0.000433619529
0.000619262609
-0.000282628031
0.000598248197
-0.000144258734
0.000508873321
-4.16627887e-05
0.000349533719
0.000129287258
-3.3468376e-05
-9.68988156e-05
-0.000115501693
-0.000260772993
-0.000227760223
-0.000380517546
-0.000353883684
-0.000451014114
-0.000480461792
-0.000473431426
-0.000597160048
-0.000452424082
-0.000696389475
-0.000394553084
-0.000772782497
-0.000307220621
-0.000822658152
-0.000198063917
-0.000843598645
-7.47730504e-05
-0.000834212718
5.48003605e-05
-0.000794130645
0.00018239606
-0.000724253983
0.000299112562
-0.000627255
0.000395347742
-0.000508269282
0.00046107737
-0.000375638577
0.000486631914
-0.000241451816
0.000464061461
-0.000121546229
0.000388967784
-3.46080048e-05
0.000262595585
9.46792888e-05
-2.84818152e-05
-6.84170296e-05
-9.90716156e-05
-0.000190183187
-0.000196961306
-0.000282627872
-0.000308549796
-0.000339425645
-0.000422134883
-0.000359846374
-0.000528148909
-0.00034641006
-0.000619103121
-0.000303598882
-0.000689373254
-0.000236950501
-0.00073494074
-0.000152496465
-0.000753179601
-5.65341993e-05
-0.000742751981
4.43727727e-05
-0.000703649051
0.000143293144
-0.000637388523
0.000232852007
-0.00054734798
0.000305307216
-0.000439168518
0.000352897879
-0.000321104083
0.000368567453
-0.000204138242
0.000347095609
-0.000101674712
0.000286504257
-2.86554172e-05
0.00018957625
6.60238801e-05
-2.37914599e-05
-4.46255723e-05
-8.33579158e-05
-0.000130616722
-0.000166995137
-0.000198990661
-0.000263613076
-0.000242807721
-0.000363205274
-0.000260254205
-0.000457155471
-0.000252459878
-0.00053837535
-0.000222378999
-0.000601314059
-0.000174011791
-0.000641902631
-0.000111907921
-0.000657496666
-4.09401825e-05
-0.000646866725
3.37428291e-05
-0.000610264272
0.000106690661
-0.000549565743
0.00017215343
-0.000468467086
0.000224208592
-0.000372666181
0.000257096976
-0.00026993428
0.000265835556
-0.000169960425
0.00024712179
-8.38758416e-05
0.000200419745
-2.34451975e-05
0.000129145581
4.25787389e-05
-1.91680636e-05
-2.54574855e-05
-6.7851351e-05
-8.19334285e-05
-0.000137272789
-0.000129569265
-0.000218682407
-0.000161398127
-0.000303715776
-0.000175220839
-0.000384793322
-0.000171382322
-0.000455414044
-0.00015175825
-0.000510327168
-0.000119098664
-0.000545616912
-7.66182189e-05
-0.000558749627
-2.78074996e-05
-0.000548624747
2.36179441e-05
-0.000515651528
7.37174343e-05
-0.000461848616
0.000118350507
-0.000390936777
0.000153296812
-0.000308367977
0.000174528214
-0.000221213015
0.000178680634
-0.000137832503
0.000163741327
-6.72967296e-05
0.000129883995
-1.86164533e-05
8.04652983e-05
2.39623055e-05
-1.4355869e-05
-1.11016075e-05
-5.19940242e-05
-4.42952682e-05
-0.000107048449
-7.4514928e-05
-0.000172956854
-9.54897553e-05
-0.00024291251
-0.000105265183
-0.000310414255
-0.000103880545
-0.000369692449
-9.24800181e-05
-0.000415985765
-7.28053589e-05
-0.000445704992
-4.68990535e-05
-0.000456534626
-1.69779148e-05
-0.000447512545
1.45958299e-05
-0.000419107689
4.53125467e-05
-0.000373289138
7.25319403e-05
-0.000313557561
9.35652738e-05
-0.000244886647
0.000105857292
-0.000173508522
0.00010730251
-0.000106485334
9.67181439e-05
-5.1050294e-05
7.4448916e-05
-1.37960428e-05
4.32111321e-05
1.01662851e-05
-9.10523056e-06
-1.99640756e-06
-3.53103662e-05
-1.80901079e-05
-7.56343112e-05
-3.41910588e-05
-0.000125478388
-4.56457151e-05
-0.000179495889
-5.12476863e-05
-0.000232336954
-5.10394532e-05
-0.000279152091
-4.56648548e-05
-0.000315899907
-3.60575772e-05
-0.000339522077
-2.32769542e-05
-0.000348048838
-8.45116552e-06
-0.000340677917
7.22496584e-06
-0.000317844194
2.24788774e-05
-0.000281273266
3.59610431e-05
-0.000233990357
4.62824167e-05
-0.000180237572
5.21044741e-05
-0.000125238449
5.23034256e-05
-7.47512346e-05
4.623101e-05
-3.43780607e-05
3.40757547e-05
-8.63947763e-06
1.74724463e-05
1.5267642e-06
-3.40471453e-06
1.40824113e-06
-1.78603263e-05
-3.63448503e-06
-4.2953212e-05
-9.09815295e-06
-7.56243744e-05
-1.29745238e-05
-0.000111976989
-1.48950542e-05
-0.000148055337
-1.49611315e-05
-0.000180286325
-1.34339462e-05
-0.000205712719
-1.06312733e-05
-0.000222106837
-6.88287583e-06
-0.000228034472
-2.52352987e-06
-0.000222907602
2.09808347e-06
-0.000207037101
6.60830585e-06
-0.000181679551
1.06034008e-05
-0.000149052789
1.36557113e-05
-0.000112284276
1.53360686e-05
-7.52402539e-05
1.52594815e-05
-4.2174128e-05
1.31648131e-05
-1.71365869e-05
9.0383329e-06
-3.08351506e-06
3.41939559e-06
-1.55683896e-06
1.40816817e-06
-2.22633642e-06
-1.13244714e-05
-2.42989853e-05
-3.91940632e-05
-5.4155216e-05
-6.75891396e-05
-7.82203647e-05
-8.51031915e-05
-8.76267123e-05
-8.55286679e-05
-7.89203563e-05
-6.83168879e-05
-5.46611442e-05
-3.93251441e-05
-2.4065671e-05
-1.09009125e-05
-1.8626165e-06
1.5568382e-06
)
;

boundaryField
{
    walls
    {
        type            calculated;
        value           uniform 0;
    }
    mov_wall
    {
        type            calculated;
        value           uniform 0;
    }
    empty
    {
        type            empty;
        value           nonuniform 0();
    }
}


// ************************************************************************* //
