/*--------------------------------*- C++ -*----------------------------------*\
| =========                 |                                                 |
| \\      /  F ield         | OpenFOAM: The Open Source CFD Toolbox           |
|  \\    /   O peration     | Version:  5.x                                   |
|   \\  /    A nd           | Web:      www.OpenFOAM.org                      |
|    \\/     M anipulation  |                                                 |
\*---------------------------------------------------------------------------*/
FoamFile
{
    version     2.0;
    format      ascii;
    class       volVectorField;
    location    "1";
    object      U;
}
// * * * * * * * * * * * * * * * * * * * * * * * * * * * * * * * * * * * * * //

dimensions      [0 1 -1 0 0 0 0];

internalField   nonuniform List<vector> 
400
(
(0.291703598 0.149648741 0)
(0.388197155 0.128010291 0)
(0.557617735 0.0757284028 0)
(0.674764556 0.0432954729 0)
(0.743711302 0.0251466567 0)
(0.786980177 0.0148668552 0)
(0.815329329 0.00891874388 0)
(0.833773122 0.00530070463 0)
(0.845175887 0.00289429758 0)
(0.851148282 0.00108389678 2.66537035e-34)
(0.852440565 -0.000499724362 -2.66537034e-34)
(0.849166203 -0.00215418275 0)
(0.840806694 -0.00420808906 0)
(0.825975147 -0.00721054409 0)
(0.801913504 -0.0122256749 0)
(0.763464394 -0.0213789376 0)
(0.699444546 -0.0388297553 0)
(0.584538332 -0.0722668484 0)
(0.407898692 -0.128433887 0)
(0.30069018 -0.152949507 0)
(0.00120746269 0.287442632 0)
(0.01331732 0.293867028 0)
(0.140006205 0.209873608 0)
(0.264872037 0.142931414 0)
(0.36399643 0.0967323464 0)
(0.439846929 0.0653673051 0)
(0.496177719 0.043908531 0)
(0.536249951 0.0286478076 0)
(0.562776308 0.0170463926 0)
(0.577608226 0.00741211918 0)
(0.581678398 -0.0014896469 0)
(0.575007791 -0.0107665404 0)
(0.556649886 -0.0216877769 0)
(0.524520037 -0.0360823852 0)
(0.475203636 -0.0569014009 0)
(0.404094134 -0.0889158653 0)
(0.305535906 -0.139095758 0)
(0.174417558 -0.215232242 0)
(0.0340797922 -0.310776639 0)
(0.0108662463 -0.305906062 0)
(-0.0321491051 0.241777828 0)
(-0.0634588993 0.333508109 0)
(-0.0220294789 0.299405943 0)
(0.0504108102 0.239905008 0)
(0.127091446 0.182842803 0)
(0.196385999 0.135268568 0)
(0.25361199 0.0972815221 0)
(0.297427885 0.0667528468 0)
(0.32792767 0.0412876185 0)
(0.345527066 0.0187486556 -2.35809155e-33)
(0.350425935 -0.00278606795 2.35809155e-33)
(0.342374317 -0.0252202234 0)
(0.320591736 -0.0507130233 0)
(0.283840698 -0.0819480969 0)
(0.230848826 -0.122317135 0)
(0.161557853 -0.175493959 0)
(0.0795957078 -0.243057627 0)
(-0.0034690906 -0.317859548 0)
(-0.0579020788 -0.366284969 0)
(-0.0313972316 -0.270666807 0)
(-0.0261286547 0.18234486 0)
(-0.0666722735 0.316784549 0)
(-0.0736824672 0.330709253 0)
(-0.0483983059 0.295083333 0)
(-0.0060812393 0.243937589 0)
(0.0405560282 0.192106833 0)
(0.0838492685 0.144798243 0)
(0.119610405 0.102769682 0)
(0.1456853 0.0650001651 0)
(0.160979168 0.029829976 2.35561273e-33)
(0.164863671 -0.00465457339 -2.35561273e-33)
(0.156890033 -0.0405388086 0)
(0.13675736 -0.0800957558 0)
(0.104567919 -0.125716866 0)
(0.0615073081 -0.179480292 0)
(0.0111725279 -0.241729156 0)
(-0.0383203345 -0.307484601 0)
(-0.0722106686 -0.359348332 0)
(-0.0712253051 -0.355431357 0)
(-0.028731738 -0.209124312 0)
(-0.0176421452 0.140718246 0)
(-0.0549869281 0.281645432 0)
(-0.0830432677 0.324173471 0)
(-0.0883957251 0.311984958 0)
(-0.0755924658 0.273973182 0)
(-0.0532549753 0.226303886 0)
(-0.0282819553 0.176873074 0)
(-0.00546866451 0.128804038 0)
(0.0120504466 0.0826915386 0)
(0.0223403521 0.0378512323 -2.94567389e-34)
(0.0242949242 -0.0070400165 2.94567389e-34)
(0.0174466208 -0.0536041584 0)
(0.00200533985 -0.103492352 0)
(-0.0208482608 -0.157974467 0)
(-0.0483874581 -0.217087491 0)
(-0.0755220732 -0.277893023 0)
(-0.0939332656 -0.331269774 0)
(-0.0923958446 -0.35704573 0)
(-0.0635711969 -0.318640717 0)
(-0.0207421921 -0.161988831 0)
(-0.0116686968 0.111502236 0)
(-0.0432297593 0.243489302 0)
(-0.078477025 0.299419133 0)
(-0.100913803 0.304439665 0)
(-0.108796168 0.279797208 0)
(-0.106350419 0.239746645 0)
(-0.0983040075 0.192719441 0)
(-0.088670152 0.143105282 0)
(-0.0804872698 0.0927446545 0)
(-0.0758151658 0.0419757254 0)
(-0.0758293507 -0.00967119996 0)
(-0.0808669077 -0.0629862329 0)
(-0.090345036 -0.118618435 0)
(-0.102538969 -0.176465655 0)
(-0.114276146 -0.234703054 0)
(-0.120719079 -0.288238687 0)
(-0.115523839 -0.326514036 0)
(-0.0924275873 -0.331092295 0)
(-0.0522458712 -0.274797459 0)
(-0.0142944497 -0.127139755 0)
(-0.00804590368 0.0898364847 0)
(-0.0343791909 0.207506395 0)
(-0.0705499052 0.267174891 0)
(-0.101269393 0.282806071 0)
(-0.121953671 0.268985722 0)
(-0.133635817 0.237051092 0)
(-0.138824045 0.194711725 0)
(-0.140229402 0.146691143 0)
(-0.140205696 0.0955592237 0)
(-0.140465429 0.042485487 0)
(-0.141969589 -0.0121449963 0)
(-0.144863133 -0.0682080813 0)
(-0.148385817 -0.125309038 0)
(-0.150762699 -0.18213368 0)
(-0.149165412 -0.235579421 0)
(-0.139931649 -0.279637289 0)
(-0.119255088 -0.304198276 0)
(-0.0850037586 -0.29437528 0)
(-0.042251837 -0.231759562 0)
(-0.0100141288 -0.100561695 0)
(-0.00590986425 0.0729884844 0)
(-0.0281121178 0.175006891 0)
(-0.0626094962 0.232779648 0)
(-0.0964429924 0.253827452 0)
(-0.124139176 0.247774697 0)
(-0.144790349 0.223112229 0)
(-0.159161748 0.186309075 0)
(-0.16867585 0.141842636 0)
(-0.174820065 0.092575354 0)
(-0.178756507 0.0402389278 0)
(-0.181108635 -0.0140781377 0)
(-0.181842335 -0.0694528622 0)
(-0.180194933 -0.124624101 0)
(-0.174668596 -0.177418529 0)
(-0.16317584 -0.224089916 0)
(-0.143478962 -0.258644039 0)
(-0.114013196 -0.272393831 0)
(-0.0754074773 -0.254229759 0)
(-0.0343513221 -0.192474958 0)
(-0.0072899106 -0.0798228741 0)
(-0.00460096575 0.0593199793 0)
(-0.0235844526 0.146028212 0)
(-0.0554398321 0.198907241 0)
(-0.0894819868 0.221792059 0)
(-0.120279629 0.22084745 0)
(-0.145897056 0.202190314 0)
(-0.165909227 0.170971951 0)
(-0.180693457 0.131141287 0)
(-0.190929941 0.0855509272 0)
(-0.19721826 0.0362379305 2.97737673e-34)
(-0.199841683 -0.0152209135 -2.97737673e-34)
(-0.198639948 -0.0673193306 0)
(-0.192967376 -0.118202941 0)
(-0.181756428 -0.165224684 0)
(-0.163752864 -0.204508607 0)
(-0.138004829 -0.230629663 0)
(-0.1045943 -0.236627363 0)
(-0.0657098415 -0.214664999 0)
(-0.0281892712 -0.157764187 0)
(-0.00551275247 -0.063285575 0)
(-0.00373633097 0.0478770421 0)
(-0.020136938 0.120291686 0)
(-0.0490517032 0.166879486 0)
(-0.0816973491 0.189333855 0)
(-0.113067758 0.191474332 0)
(-0.140775066 0.177580261 4.68011591e-33)
(-0.163663513 0.151613779 0)
(-0.181359034 0.116903465 0)
(-0.193898383 0.0761089115 -4.74097013e-33)
(-0.201407392 0.0313630974 2.27333512e-36)
(-0.203890704 -0.0154873944 4.98042153e-36)
(-0.201123308 -0.0625918707 0)
(-0.192636662 -0.107782446 0)
(-0.177817047 -0.148267826 0)
(-0.156157456 -0.180388888 0)
(-0.127695984 -0.199539636 0)
(-0.0935691265 -0.200411262 0)
(-0.0566756643 -0.177721941 0)
(-0.0233123455 -0.127593025 0)
(-0.00429483128 -0.0498590882 0)
(-0.00311337894 0.038117802 0)
(-0.0173531618 0.0975010325 0)
(-0.043290742 0.137332462 0)
(-0.0736680802 0.158027748 0)
(-0.104027277 0.161830014 0)
(-0.131864434 0.151648755 -4.68011591e-33)
(-0.155627481 0.130452857 0)
(-0.174454106 0.100960951 0)
(-0.187922296 0.0655419346 4.74097013e-33)
(-0.19580717 0.0262692365 1.49117654e-33)
(-0.197916576 -0.0149299485 -1.4984303e-33)
(-0.194011858 -0.0560759468 0)
(-0.183814715 -0.0949246532 0)
(-0.167112572 -0.128782018 0)
(-0.143983266 -0.154401394 0)
(-0.115139949 -0.168046489 0)
(-0.0823008785 -0.165818824 0)
(-0.0485461523 -0.144312151 0)
(-0.0193779124 -0.101618585 0)
(-0.00341719491 -0.0388265879 0)
(-0.00262780221 0.0297253612 0)
(-0.0149888465 0.0774089646 0)
(-0.0380116512 0.110554008 0)
(-0.0656663554 0.128792138 0)
(-0.0940568718 0.133306452 0)
(-0.120750173 0.126005263 0)
(-0.144024595 0.109061463 0)
(-0.162736221 0.0846403067 0)
(-0.17616858 0.0547773844 0)
(-0.183864722 0.0213796652 2.99759218e-34)
(-0.185511913 -0.0136923254 -2.99759218e-34)
(-0.180891665 -0.0485009146 0)
(-0.169898699 -0.0809029451 0)
(-0.152635816 -0.108456443 0)
(-0.129591498 -0.128410927 0)
(-0.10188476 -0.137840372 0)
(-0.0714817249 -0.133973335 0)
(-0.0413465819 -0.114726103 0)
(-0.0161490105 -0.0794082523 0)
(-0.00275775581 -0.0296969656 0)
(-0.00222498871 0.0225027879 0)
(-0.012900871 0.0598184068 0)
(-0.0331038597 0.0866503832 0)
(-0.0578204206 0.102139212 0)
(-0.0836916098 0.106755974 0)
(-0.10845513 0.101687488 0)
(-0.130366294 0.0884845639 0)
(-0.14814938 0.0688313926 0)
(-0.160922703 0.0444211072 0)
(-0.168094321 0.0169267574 3.00149956e-34)
(-0.169290406 -0.0119625401 -3.00149956e-34)
(-0.164329672 -0.0404736348 0)
(-0.153247208 -0.0666826105 0)
(-0.136370317 -0.0884841523 0)
(-0.11444514 -0.103635068 0)
(-0.0887929359 -0.109911036 0)
(-0.0614123024 -0.105402522 0)
(-0.0350028636 -0.0889295251 0)
(-0.0134557499 -0.0605305696 0)
(-0.00224491948 -0.0221163394 0)
(-0.00187332622 0.0163215049 0)
(-0.0109960714 0.0445754335 0)
(-0.0284735137 0.0656347432 0)
(-0.0501675205 0.0783327156 0)
(-0.0732238074 0.0826704499 0)
(-0.0956010623 0.0793252166 0)
(-0.115622203 0.0693715821 0)
(-0.131982055 0.0540863178 0)
(-0.143727499 0.0348306002 0)
(-0.150203344 0.0130063794 0)
(-0.151015744 -0.00993609624 0)
(-0.146024799 -0.032467313 0)
(-0.135368456 -0.0529520741 0)
(-0.119517269 -0.069656011 0)
(-0.0993549843 -0.0808131508 0)
(-0.0762641147 -0.0847793934 0)
(-0.0521485855 -0.0802821856 0)
(-0.029382959 -0.0667381847 0)
(-0.0111621885 -0.044599376 0)
(-0.00183158746 -0.0158244245 0)
(-0.00154950932 0.0111004764 0)
(-0.00919800919 0.0315699588 0)
(-0.0240200179 0.0474830326 0)
(-0.0426672325 0.0574944297 0)
(-0.0627603016 0.0613148733 0)
(-0.0825003814 0.0592768743 0)
(-0.100331135 0.0520994759 0)
(-0.114984965 0.0407209927 0)
(-0.125502219 0.0261923422 0)
(-0.131214406 0.0096296546 0)
(-0.131733564 -0.00779296865 0)
(-0.126957208 -0.0248336772 0)
(-0.117089804 -0.0401788368 0)
(-0.102678525 -0.0524667503 0)
(-0.0846567917 -0.0603592639 0)
(-0.0643774398 -0.0626771909 0)
(-0.0435827667 -0.0586031847 0)
(-0.0243112462 -0.0479261961 0)
(-0.00914371876 -0.0313015161 0)
(-0.00148077318 -0.0106365648 0)
(-0.00123048701 0.00680314953 0)
(-0.0074283698 0.0207444013 0)
(-0.0196223519 0.0321743923 0)
(-0.0352088575 0.0396801767 0)
(-0.0522571214 0.0428288773 0)
(-0.0692149198 0.0417412393 0)
(-0.0846767135 0.0368803554 0)
(-0.0974571161 0.0289078704 0)
(-0.106635881 0.0185922172 0)
(-0.111566639 0.00676562465 0)
(-0.111883484 -0.00568740977 0)
(-0.107513309 -0.0178294614 0)
(-0.0986941226 -0.0286750788 0)
(-0.0859961698 -0.0372175387 0)
(-0.0703389253 -0.0424915124 0)
(-0.0529885933 -0.0436825083 0)
(-0.0354958528 -0.040285598 0)
(-0.0195782112 -0.0322951146 0)
(-0.00727464561 -0.0204174749 0)
(-0.00115765029 -0.00644024701 0)
(-0.000890233896 0.00344180311 0)
(-0.00560343022 0.0120985189 0)
(-0.0151453654 0.0197100188 0)
(-0.0276325289 0.0249225736 0)
(-0.0415551055 0.0272920078 0)
(-0.0556027156 0.0268362798 0)
(-0.0685414862 0.0238424044 0)
(-0.0793047444 0.0187481889 0)
(-0.0870507738 0.0120703376 0)
(-0.0911854459 0.00437206138 0)
(-0.09137765 -0.00374572565 0)
(-0.0875747254 -0.0116449993 0)
(-0.0800179254 -0.0186558988 0)
(-0.0692542994 -0.0240977324 0)
(-0.0561379567 -0.0273250907 0)
(-0.0418073552 -0.027806951 0)
(-0.0276076906 -0.0252426542 0)
(-0.014961094 -0.0197058438 0)
(-0.00542835368 -0.0118290866 0)
(-0.000826364338 -0.00319711221 0)
(-0.00050205303 0.0010794359 0)
(-0.00365014712 0.00568141851 0)
(-0.0104764453 0.0101145258 0)
(-0.0197783463 0.0132582417 0)
(-0.0304316549 0.0147777798 0)
(-0.0413663658 0.0146707792 0)
(-0.0515497638 0.0131060745 0)
(-0.0600794269 0.010340152 0)
(-0.0662385611 0.00667092373 0)
(-0.069520417 0.0024196511 0)
(-0.0696445151 -0.00207201088 0)
(-0.06657129 -0.00644047623 0)
(-0.0605152209 -0.0103021321 0)
(-0.0519527733 -0.0132648721 0)
(-0.041618271 -0.0149547016 0)
(-0.0304759757 -0.0150627851 0)
(-0.0196445721 -0.0134178634 0)
(-0.0102701991 -0.0100832762 0)
(-0.00349656779 -0.00550887986 0)
(-0.000452779971 -0.000941036343 0)
(-6.42280242e-05 -0.000172760954 0)
(-0.00158337931 0.00162127096 0)
(-0.0056366433 0.00356158436 0)
(-0.0115968293 0.00495742208 0)
(-0.0186870556 0.00565502594 0)
(-0.0261082044 0.00567131316 0)
(-0.0330943707 0.00509166501 0)
(-0.0389833033 0.00402961947 0)
(-0.0432520951 0.00260808878 0)
(-0.0455319312 0.000954594976 0)
(-0.0456182128 -0.000797069946 0)
(-0.0434810126 -0.00250391488 0)
(-0.0392757194 -0.00401272723 0)
(-0.0333506059 -0.00516327452 0)
(-0.0262455695 -0.00579774378 0)
(-0.0186729792 -0.005779095 0)
(-0.0114638715 -0.00502203964 0)
(-0.00546932255 -0.00353977954 0)
(-0.00147141509 -0.00154175321 0)
(-3.16638013e-05 0.000229333374 0)
(0.000258084312 -0.000252253157 0)
(0.000147983171 0.000101864507 0)
(-0.00116556384 0.000542343789 0)
(-0.00344732365 0.000854817209 0)
(-0.00631142826 0.00101144168 0)
(-0.00936931372 0.00102700653 0)
(-0.0122706274 0.000926285833 0)
(-0.0147256009 0.000735265716 0)
(-0.0165110121 0.000478330266 0)
(-0.0174704875 0.000178684773 1.08300389e-33)
(-0.0175158341 -0.00014010048 -1.08300389e-33)
(-0.0166309344 -0.00045259725 0)
(-0.0148775886 -0.000730562275 0)
(-0.0124015088 -0.000942896268 0)
(-0.00943579886 -0.00105674279 0)
(-0.0062980688 -0.00104036579 0)
(-0.00337399448 -0.000869019055 0)
(-0.0010783636 -0.000535646742 0)
(0.000201476984 -8.301269e-05 0)
(0.000271316436 0.000263498717 0)
)
;

boundaryField
{
    walls
    {
        type            fixedValue;
        value           uniform (0 0 0);
    }
    mov_wall
    {
        type            fixedValue;
        value           uniform (1 0 0);
    }
    empty
    {
        type            empty;
    }
}


// ************************************************************************* //
