/*--------------------------------*- C++ -*----------------------------------*\
| =========                 |                                                 |
| \\      /  F ield         | OpenFOAM: The Open Source CFD Toolbox           |
|  \\    /   O peration     | Version:  5.x                                   |
|   \\  /    A nd           | Web:      www.OpenFOAM.org                      |
|    \\/     M anipulation  |                                                 |
\*---------------------------------------------------------------------------*/
FoamFile
{
    version     2.0;
    format      ascii;
    class       volScalarField;
    location    "2.6";
    object      p;
}
// * * * * * * * * * * * * * * * * * * * * * * * * * * * * * * * * * * * * * //

dimensions      [0 2 -2 0 0 0 0];

internalField   nonuniform List<scalar> 
400
(
7.13205614e-06
2.45246911
3.49433306
3.89888915
4.10665709
4.2247166
4.29430133
4.3402883
4.37634892
4.41012117
4.44677023
4.49092522
4.54766492
4.6245
4.73480816
4.90460657
5.18239014
5.68421144
6.84132595
9.4117349
1.88671474
2.86729926
3.41989348
3.74775375
3.96519073
4.10975723
4.20768434
4.27900239
4.33675506
4.38962348
4.44425575
4.5065823
4.5833439
4.68330817
4.81973664
5.01368935
5.29403251
5.69847917
6.33842564
7.42838129
2.98208792
3.26254023
3.54234108
3.77068954
3.94571567
4.0757258
4.17323574
4.25001347
4.31528588
4.37624627
4.43893548
4.509032
4.59258547
4.69679305
4.83086041
5.00664841
5.23633187
5.52394936
5.86050078
6.19824748
3.52779457
3.585353
3.72179555
3.86538684
3.98907416
4.09084246
4.17462041
4.24572423
4.3095372
4.37103352
4.434785
4.50521478
4.58679882
4.68426488
4.80246143
4.94570291
5.11575959
5.30515807
5.47834699
5.55964885
3.84422766
3.82689085
3.88519011
3.96939315
4.05222992
4.12780118
4.19567885
4.25748808
4.31593321
4.37410263
4.43507548
4.501868
4.57734151
4.66401634
4.76351425
4.87552123
4.99636925
5.114812
5.19585599
5.18372572
4.04551171
4.00366924
4.02143641
4.0678601
4.12139258
4.17575116
4.22886509
4.28054805
4.3318705
4.38450205
4.44028137
4.50097848
4.56805918
4.64233667
4.72333656
4.80837656
4.89181694
4.96268812
4.99309069
4.94681787
4.18059628
4.13384129
4.13184915
4.15537884
4.18884371
4.22707687
4.26773724
4.30988211
4.35364771
4.39974167
4.44904869
4.50234725
4.5600293
4.6217321
4.68579563
4.74863615
4.80456992
4.84467586
4.84863469
4.79368997
4.27566897
4.2308528
4.21967033
4.22968456
4.24985595
4.27636485
4.30713252
4.34099299
4.37758883
4.41700935
4.45946174
4.50500658
4.55329559
4.60325952
4.65271524
4.69802139
4.73426873
4.75485687
4.74557055
4.69205216
4.34468436
4.30374117
4.2886391
4.29083766
4.30238636
4.32058174
4.34374011
4.37071194
4.40090324
4.43402576
4.46983852
4.50792795
4.54749372
4.58711926
4.62452357
4.65642337
4.67890363
4.68734317
4.67188928
4.62322654
4.39526925
4.35851437
4.34216711
4.33996812
4.34599911
4.35837122
4.37577093
4.39715496
4.42183532
4.44930874
4.47906086
4.51039696
4.54228424
4.57320254
4.60101033
4.62293615
4.63600566
4.63710225
4.61933464
4.57638759
4.43197335
4.39926734
4.38306409
4.37852025
4.38107559
4.38940587
4.40249716
4.41943419
4.43951183
4.46211865
4.48659221
4.51209673
4.53751782
4.56137867
4.58178597
4.59649108
4.60330433
4.60018338
4.5822156
4.54490374
4.45778608
4.4289053
4.41358988
4.40795441
4.40838917
4.41395694
4.42387386
4.43734816
4.45369779
4.47227078
4.49234066
4.51302359
4.53321635
4.55156117
4.56644275
4.57608016
4.57889538
4.5735844
4.55656502
4.52448783
4.47483692
4.4495829
4.43557083
4.42963002
4.42886252
4.43260326
4.44024515
4.45110815
4.46455254
4.47992533
4.49648696
4.51336006
4.52950085
4.54369827
4.55460157
4.56082046
4.56123691
4.55504568
4.53958306
4.5122693
4.48473977
4.46296878
4.45050259
4.44476094
4.44342614
4.44603836
4.45213212
4.46112711
4.47243249
4.48541288
4.49934038
4.51336858
4.52652944
4.53775594
4.54592776
4.54996884
4.54910328
4.54286673
4.52926518
4.50628182
4.48878327
4.4704121
4.45963024
4.45440303
4.45293687
4.45494639
4.46008829
4.46787155
4.47775146
4.48911247
4.50124213
4.51332622
4.52446556
4.53371578
4.54014432
4.5429226
4.54153276
4.5357583
4.52414433
4.50514563
4.48807059
4.4730664
4.46401889
4.45946485
4.45814081
4.45993373
4.46461491
4.47177247
4.48089678
4.49138023
4.50251212
4.51349284
4.52346771
4.53158054
4.53704015
4.53920919
4.53777205
4.53271752
4.52309336
4.50783111
4.4836778
4.47201987
4.46465042
4.4607724
4.45971166
4.46154685
4.46616321
4.47321571
4.48221045
4.49252384
4.50341935
4.51407973
4.52365693
4.53133856
4.53642528
4.53842213
4.53718004
4.53288799
4.52513623
4.51342605
4.47686508
4.46839742
4.46243906
4.45902554
4.45817208
4.46018
4.46504494
4.47246725
4.48193766
4.49278007
4.50419101
4.51529
4.52518418
4.53304853
4.53821758
4.54028782
4.53924865
4.53550817
4.52929746
4.52086603
4.46929576
4.46320422
4.4576842
4.45397799
4.45293204
4.45509933
4.46055304
4.46897837
4.47978094
4.49215878
4.50516384
4.51776809
4.5289408
4.53774391
4.54344404
4.54564049
4.54441397
4.5404258
4.53470881
4.52867583
4.46345874
4.45753302
4.45038057
4.44493712
4.44291358
4.44510566
4.45157767
4.46188295
4.47522477
4.49056094
4.50668202
4.52228562
4.53606297
4.54680894
4.55356156
4.55577489
4.5535298
4.54775903
4.54036124
4.53447191
)
;

boundaryField
{
    walls
    {
        type            zeroGradient;
    }
    mov_wall
    {
        type            zeroGradient;
    }
    empty
    {
        type            empty;
    }
}


// ************************************************************************* //
