/*--------------------------------*- C++ -*----------------------------------*\
| =========                 |                                                 |
| \\      /  F ield         | OpenFOAM: The Open Source CFD Toolbox           |
|  \\    /   O peration     | Version:  5.x                                   |
|   \\  /    A nd           | Web:      www.OpenFOAM.org                      |
|    \\/     M anipulation  |                                                 |
\*---------------------------------------------------------------------------*/
FoamFile
{
    version     2.0;
    format      ascii;
    class       surfaceScalarField;
    location    "2.6";
    object      phi;
}
// * * * * * * * * * * * * * * * * * * * * * * * * * * * * * * * * * * * * * //

dimensions      [0 3 -1 0 0 0 0];

internalField   nonuniform List<scalar> 
760
(
0.00134817533
-0.00134817872
0.00245763914
-0.0011094638
0.00313513427
-0.000677495122
0.00355971532
-0.000424581066
0.00383225081
-0.000272535509
0.0040094515
-0.000177200699
0.00412521371
-0.000115762189
0.00419921617
-7.40024434e-05
0.00424243139
-4.32152126e-05
0.00426055259
-1.81212244e-05
0.00425562138
4.93119814e-06
0.00422675689
2.88645143e-05
0.00416938865
5.73682909e-05
0.00407358447
9.58042211e-05
0.00391995052
0.000153633943
0.00367201901
0.000247931486
0.00326316005
0.000408858959
0.00257264069
0.000690519417
0.00140850172
0.00116413904
0.00140850175
-5.46960133e-05
-0.0012934827
0.000412591814
-0.00157675162
0.00103002893
-0.0012949322
0.0015787128
-0.000973264906
0.00201483131
-0.000708654009
0.00234477549
-0.000507144893
0.00258511417
-0.000356100881
0.00275126699
-0.000240155235
0.00285456522
-0.000146513391
0.0029017927
-6.53486836e-05
0.00289536404
1.13598407e-05
0.00283292798
9.13005548e-05
0.00270712364
0.000183172639
0.00250436203
0.000298565886
0.00220410859
0.000453887429
0.00178090083
0.000671139243
0.00121756743
0.000972192297
0.000552812265
0.00135527452
1.30663802e-05
0.00170388491
0.00142156817
-0.000271735048
-0.00102174765
-0.000221027383
-0.0016274593
7.1366633e-05
-0.0015873262
0.000446284037
-0.00134818227
0.000812487556
-0.0010748575
0.00112929659
-0.000823953935
0.00138207512
-0.000608879433
0.00156800428
-0.000426084397
0.00168837313
-0.000266882203
0.00174468065
-0.000121656157
0.00173678598
1.92545277e-05
0.00166213089
0.000165955624
0.00151570974
0.000329593764
0.00129125161
0.000523024035
0.000985009665
0.000760129435
0.000605008232
0.00105114072
0.000189849823
0.0013873507
-0.000160045538
0.00170516984
-0.000261640792
0.00180548014
0.00115992742
-0.000227941851
-0.000793805779
-0.000361198102
-0.00149420308
-0.000308329594
-0.00164019471
-0.00013482322
-0.00152168862
8.92067133e-05
-0.0012988874
0.000314968546
-0.00104971575
0.000513259078
-0.000807169987
0.000668295618
-0.000581120967
0.000771985645
-0.000370572221
0.000820031384
-0.000169701845
0.000809723076
2.95628826e-05
0.000739196766
0.000236481929
0.000607931867
0.000460858618
0.000419107665
0.000711848212
0.000184521825
0.000994715307
-6.71929369e-05
0.00130285554
-0.000280618628
0.00160077641
-0.000369419021
0.00179397021
-0.000246993808
0.00168305489
0.00091293363
-0.00016896545
-0.000624840288
-0.000352016969
-0.00131115157
-0.000431559167
-0.00156065254
-0.000408911218
-0.00154433657
-0.000319438158
-0.00138836043
-0.000200098849
-0.00116905502
-7.98143597e-05
-0.000927454472
2.15734844e-05
-0.000682508846
9.1423632e-05
-0.000440422397
0.000122130268
-0.000200408456
0.000109752268
4.1940944e-05
5.36411658e-05
0.000292593066
-4.27530445e-05
0.000557252799
-0.000169697444
0.000838792557
-0.000307655111
0.00113267296
-0.000423470521
0.001418671
-0.000470026023
0.00164733197
-0.000397825376
0.00172176958
-0.000196431187
0.00148166068
0.000716502431
-0.000124192358
-0.000500647892
-0.000308336394
-0.00112700752
-0.000450495569
-0.00141849338
-0.000523206269
-0.0014716259
-0.000535394069
-0.00137617262
-0.000508164501
-0.00119628454
-0.000463161128
-0.0009724578
-0.000418065616
-0.000727604365
-0.000385623967
-0.00047286409
-0.000373917082
-0.000212115361
-0.000386732749
5.47566553e-05
-0.000423463916
0.000329324299
-0.000478360248
0.000612149147
-0.000539181523
0.000899613782
-0.000585821438
0.00117931282
-0.000590514155
0.00142336371
-0.000523086235
0.00157990411
-0.000366699596
0.00156538299
-0.000150586114
0.0012655472
0.000565916287
-9.45731458e-05
-0.000406074728
-0.000264650426
-0.000956930195
-0.000430739706
-0.00125240409
-0.00055697898
-0.00134538665
-0.00063679596
-0.00129635567
-0.000678145115
-0.00115493536
-0.000693947749
-0.000956655103
-0.000696933406
-0.000724618666
-0.000697278438
-0.000472519082
-0.000701666191
-0.000207727661
-0.000712864986
6.59554452e-05
-0.000729340261
0.000345799637
-0.000744757183
0.000627566136
-0.000747583091
0.00090243969
-0.000721472082
0.00115320175
-0.000647844951
0.00134973654
-0.000512877877
0.00144493705
-0.00032120672
0.00137371189
-0.000116485801
0.00106082633
0.000449430463
-7.53439241e-05
-0.000330730813
-0.00022820738
-0.000804066698
-0.000398354721
-0.00108225671
-0.000550541147
-0.00119320023
-0.000670628648
-0.0011762682
-0.000757581042
-0.00106798299
-0.000816787882
-0.00089744822
-0.000855590744
-0.000685815726
-0.00088062772
-0.000447482074
-0.000896363769
-0.000191991652
-0.000904273419
7.38650421e-05
-0.000902363358
0.00034388959
-0.000884974819
0.000610177675
-0.00084310627
0.000860571204
-0.000765821805
0.00107591728
-0.000643665888
0.00122758057
-0.000475104658
0.0012763758
-0.000276310187
0.00117491745
-9.21329395e-05
0.000876649129
0.000357297527
-6.2288445e-05
-0.000268442391
-0.000198541722
-0.000667813404
-0.000362894373
-0.000917904002
-0.000523851791
-0.00103224276
-0.000664416658
-0.00103570335
-0.000778130696
-0.000954269003
-0.000864814206
-0.000810764722
-0.000927167636
-0.000623462232
-0.000968401873
-0.000406247753
-0.000990723375
-0.000169670131
-0.000994438455
7.75800678e-05
-0.000977527661
0.00032697875
-0.000935696645
0.000568346691
-0.000863102526
0.000787977172
-0.000754124096
0.000966938904
-0.000606626952
0.00108008341
-0.000426950813
0.00109669961
-0.000236038494
0.00098400512
-7.43490765e-05
0.000714959742
0.000282948475
-5.27690294e-05
-0.000215673375
-0.000173812983
-0.000546769471
-0.000327557731
-0.000764159224
-0.000486866421
-0.000872934007
-0.000634380738
-0.000888188989
-0.000760758535
-0.000827891234
-0.000862117455
-0.000709405857
-0.000937655599
-0.000547924086
-0.000987784029
-0.000356119242
-0.00101282469
-0.000144629387
-0.00101222343
7.69788133e-05
-0.000984241317
0.000298996576
-0.000926163595
0.000510268934
-0.000835159199
0.000696972822
-0.000709976314
0.000841756105
-0.000553597437
0.00092370458
-0.000376677035
0.000919779191
-0.000200960085
0.000808288132
-6.08626452e-05
0.000574862296
0.000222085854
-4.52978959e-05
-0.000170375465
-0.000152453925
-0.000439613479
-0.000293299518
-0.00062331365
-0.000444762903
-0.000721470576
-0.0005903455
-0.000742606313
-0.000719472893
-0.000698763808
-0.000826045818
-0.00060283298
-0.000906877639
-0.000467092324
-0.000960346939
-0.000302649927
-0.000985402429
-0.000119573807
-0.00098096239
7.25388516e-05
-0.000945731376
0.000263765556
-0.000878479384
0.000443016883
-0.000778854504
0.000597347917
-0.00064878357
0.000711685218
-0.000494403149
0.000769324232
-0.000328203872
0.000753579949
-0.000170678226
0.00065076247
-5.02806241e-05
0.000454464671
0.000171805235
-3.90620707e-05
-0.000131313355
-0.000133403507
-0.00034527206
-0.000260349448
-0.000496367759
-0.000400388155
-0.00058143188
-0.000538430028
-0.000604564377
-0.000663691265
-0.000573502488
-0.00076893626
-0.000497587968
-0.000849521131
-0.000386507517
-0.0009024989
-0.000249672218
-0.000925932009
-9.61406721e-05
-0.000918486786
6.50937216e-05
-0.000879354204
0.000224633041
-0.000808533565
0.000372196229
-0.0007075038
0.000496318097
-0.000580260536
0.000584441934
-0.000434587482
0.000623651218
-0.000283247724
0.000602240249
-0.000144573067
0.000512087837
-4.17550996e-05
0.000351646694
0.000130050124
-3.36092548e-05
-9.77040636e-05
-0.00011597301
-0.000262908272
-0.000228684984
-0.000383655821
-0.000355329782
-0.000454787138
-0.000482446622
-0.000477447538
-0.000599654258
-0.000456294779
-0.000699321891
-0.000397920259
-0.000776047338
-0.000309782072
-0.000826124352
-0.000199595278
-0.00084712085
-7.51442289e-05
-0.000837642879
5.5615784e-05
-0.000797329175
0.000184319425
-0.000727099817
0.000301966925
-0.000629654166
0.000398872428
-0.000510161719
0.000464949439
-0.000377003894
0.000490493376
-0.000242314073
0.000467550459
-0.000121977826
0.000391751633
-3.47330925e-05
0.000264401978
9.53170248e-05
-2.86573311e-05
-6.90467322e-05
-9.9659616e-05
-0.000191905915
-0.000198115828
-0.000285199589
-0.000310355775
-0.000342547237
-0.00042461366
-0.000363189712
-0.000531262867
-0.000349645567
-0.000622761863
-0.000306421189
-0.000693442617
-0.000239101252
-0.000739254587
-0.000153783323
-0.000757553809
-5.68450807e-05
-0.000746999384
4.50613134e-05
-0.000707594153
0.000144914228
-0.00064088102
0.000235253868
-0.000550274223
0.000308265674
-0.000441460141
0.000356135341
-0.000322744306
0.000371777502
-0.000205165628
0.00034997177
-0.000102184967
0.000288770995
-2.88022786e-05
0.000191019318
6.65147558e-05
-2.39810583e-05
-4.50657166e-05
-8.39967974e-05
-0.000131890112
-0.000168255795
-0.000200940518
-0.000265593467
-0.000245209554
-0.000365932865
-0.000262850371
-0.000460591105
-0.000254987385
-0.000542419538
-0.000224592746
-0.000605816838
-0.000175703881
-0.000646676967
-0.000112923139
-0.000662334588
-4.11874784e-05
-0.000651556736
3.42833956e-05
-0.000614608717
0.000107966174
-0.000553396904
0.000174042086
-0.000471660763
0.000226529595
-0.000375151561
0.000259626172
-0.000271700232
0.000268326162
-0.000171057808
0.000249329321
-8.44165655e-05
0.000202129746
-2.3599728e-05
0.000130202498
4.29150492e-05
-1.93490787e-05
-2.57166934e-05
-6.84694391e-05
-8.27697413e-05
-0.000138505494
-0.000130904391
-0.000220636054
-0.000163078926
-0.000306425634
-0.000177060787
-0.000388225295
-0.000173187784
-0.000459470124
-0.000153347969
-0.000514855283
-0.000120318707
-0.000550424961
-7.73533934e-05
-0.00056362266
-2.79897305e-05
-0.000553343707
2.40044262e-05
-0.000520012114
7.46345291e-05
-0.000465678847
0.000119708792
-0.000394111787
0.00015496256
-0.000310820557
0.000176334988
-0.000222939551
0.000180445181
-0.000138893579
0.000165283343
-6.78130245e-05
0.000131049177
-1.87619854e-05
8.11514575e-05
2.41530832e-05
-1.45053831e-05
-1.12113348e-05
-5.2520602e-05
-4.47545685e-05
-0.000108121734
-7.53032401e-05
-0.000174686011
-9.65145799e-05
-0.000245340719
-0.000106406017
-0.000313517623
-0.00010501088
-0.000373384153
-9.34814914e-05
-0.000420125257
-7.35776432e-05
-0.000450111634
-4.7366997e-05
-0.000461004559
-1.70967436e-05
-0.000451837252
1.48371626e-05
-0.000423092892
4.58901591e-05
-0.000376772494
7.33883569e-05
-0.000316423611
9.46136595e-05
-0.000247077378
0.000106988773
-0.000175028838
0.000108396675
-0.000107402144
9.765667e-05
-5.14854165e-05
7.51324487e-05
-1.39145138e-05
4.35805483e-05
1.02385788e-05
-9.20266932e-06
-2.00863843e-06
-3.5684357e-05
-1.82729395e-05
-7.64347254e-05
-3.45529106e-05
-0.000126809666
-4.61396225e-05
-0.000181406087
-5.1809532e-05
-0.000234814567
-5.16023453e-05
-0.000282129152
-4.61669042e-05
-0.00031926011
-3.64467236e-05
-0.000343112873
-2.35142599e-05
-0.000351696346
-8.51324731e-06
-0.000344203428
7.34429747e-06
-0.000321081132
2.27678998e-05
-0.000284083312
3.63905346e-05
-0.00023627724
4.68075652e-05
-0.000181956863
5.26683878e-05
-0.000126402589
5.28424171e-05
-7.54278629e-05
4.6681971e-05
-3.46813214e-05
3.43859238e-05
-8.71383596e-06
1.76130645e-05
1.52474516e-06
-3.43744789e-06
1.42886095e-06
-1.8043658e-05
-3.66675061e-06
-4.34055678e-05
-9.19105002e-06
-7.64328476e-05
-1.31123781e-05
-0.000113185916
-1.50564524e-05
-0.000149663439
-1.51247733e-05
-0.000182249492
-1.35808078e-05
-0.000207950524
-1.07456864e-05
-0.000224511628
-6.95317922e-06
-0.000230482267
-2.54262108e-06
-0.000225270238
2.13228728e-06
-0.000209194873
6.69257354e-06
-0.000183533457
1.07291467e-05
-0.0001505353
1.3809412e-05
-0.000113367204
1.55002832e-05
-7.59390653e-05
1.54142787e-05
-4.25468526e-05
1.32897745e-05
-1.72765958e-05
9.11568833e-06
-3.10383582e-06
3.44031678e-06
-1.57908835e-06
1.42890376e-06
-2.23780252e-06
-1.14288307e-05
-2.45412195e-05
-3.95976907e-05
-5.47224601e-05
-6.83032344e-05
-7.90488811e-05
-8.60020425e-05
-8.85446721e-05
-8.64123996e-05
-7.97198274e-05
-6.89906681e-05
-5.51812442e-05
-3.96809613e-05
-2.42666923e-05
-1.09769252e-05
-1.86123541e-06
1.57908749e-06
)
;

boundaryField
{
    walls
    {
        type            calculated;
        value           uniform 0;
    }
    mov_wall
    {
        type            calculated;
        value           uniform 0;
    }
    empty
    {
        type            empty;
        value           nonuniform 0();
    }
}


// ************************************************************************* //
