/*--------------------------------*- C++ -*----------------------------------*\
| =========                 |                                                 |
| \\      /  F ield         | OpenFOAM: The Open Source CFD Toolbox           |
|  \\    /   O peration     | Version:  5.x                                   |
|   \\  /    A nd           | Web:      www.OpenFOAM.org                      |
|    \\/     M anipulation  |                                                 |
\*---------------------------------------------------------------------------*/
FoamFile
{
    version     2.0;
    format      ascii;
    class       volVectorField;
    location    "2.6";
    object      U;
}
// * * * * * * * * * * * * * * * * * * * * * * * * * * * * * * * * * * * * * //

dimensions      [0 1 -1 0 0 0 0];

internalField   nonuniform List<vector> 
400
(
(0.291698248 0.149644016 0)
(0.388186898 0.128007797 0)
(0.557615943 0.0757318666 0)
(0.67478562 0.0433044519 0)
(0.743766504 0.0251591045 0)
(0.787074903 0.0148802891 0)
(0.815462809 0.00893091074 0)
(0.833939386 0.00530991957 0)
(0.845365271 0.00289955811 0)
(0.851349064 0.00108485418 2.66527381e-34)
(0.852640548 -0.000502849722 -2.66527381e-34)
(0.849354103 -0.00216071674 0)
(0.840973205 -0.00421710051 0)
(0.82611364 -0.00722097713 0)
(0.802020326 -0.0122364894 0)
(0.763538875 -0.0213891995 0)
(0.699488845 -0.0388386095 0)
(0.584557311 -0.0722732745 0)
(0.407900528 -0.128436311 0)
(0.300688068 -0.15294754 0)
(0.00120407143 0.287432685 0)
(0.0133207553 0.293872292 0)
(0.140044257 0.209904917 0)
(0.264971386 0.142986166 0)
(0.364177487 0.0968019517 0)
(0.440119741 0.0654410692 0)
(0.49654064 0.0439761944 0)
(0.536690603 0.0287011086 0)
(0.563273957 0.0170798264 0)
(0.578136814 0.00742308194 0)
(0.582209761 -0.00150099812 0)
(0.575514751 -0.0107977275 0)
(0.557108794 -0.0217346138 0)
(0.524912609 -0.0361396411 0)
(0.475518105 -0.0569634365 0)
(0.404325785 -0.0889770906 0)
(0.305687149 -0.139150705 0)
(0.174497707 -0.21527517 0)
(0.0341065497 -0.310801142 0)
(0.010869149 -0.305909065 0)
(-0.0321468114 0.241774051 0)
(-0.0634304975 0.333547253 0)
(-0.0219364083 0.299502497 0)
(0.0505993408 0.240051596 0)
(0.127397002 0.183020687 0)
(0.196818122 0.135454379 0)
(0.254166507 0.0974521988 0)
(0.29808761 0.0668890505 0)
(0.328664921 0.0413757466 0)
(0.346307043 0.0187814376 -2.35797535e-33)
(0.351210538 -0.00280946054 2.35797535e-33)
(0.343126009 -0.0252949706 0)
(0.321276904 -0.0508298379 0)
(0.284432316 -0.0820946956 0)
(0.231328349 -0.122479621 0)
(0.161916418 -0.17565788 0)
(0.0798347929 -0.24320831 0)
(-0.00333747071 -0.317981846 0)
(-0.0578531883 -0.366363433 0)
(-0.0313893326 -0.270690657 0)
(-0.0261204407 0.182361617 0)
(-0.0666193816 0.316884132 0)
(-0.0735380008 0.330901643 0)
(-0.0481310638 0.295352722 0)
(-0.00567264961 0.244253259 0)
(0.0411118695 0.192431473 0)
(0.0845443743 0.145094787 0)
(0.120423487 0.103006422 0)
(0.146584324 0.0651542279 0)
(0.161924524 0.029888362 2.35547077e-33)
(0.165811875 -0.00469427107 -2.35547077e-33)
(0.157797908 -0.0406694816 0)
(0.137585683 -0.0803025348 0)
(0.105284503 -0.12597933 0)
(0.0620894515 -0.179774529 0)
(0.0116088427 -0.242029429 0)
(-0.0380286585 -0.307764083 0)
(-0.0720492486 -0.359579147 0)
(-0.0711639801 -0.355585493 0)
(-0.0287210696 -0.209178533 0)
(-0.0176297005 0.140767901 0)
(-0.0549166379 0.281827096 0)
(-0.0828632194 0.324484133 0)
(-0.0880766 0.312396466 0)
(-0.0751202177 0.274441583 0)
(-0.0526282984 0.226778018 0)
(-0.0275126526 0.177302444 0)
(-0.00458100797 0.129145127 0)
(0.0130224926 0.0829121696 0)
(0.0233557632 0.0379329684 -2.94546179e-34)
(0.0253087286 -0.00710131994 2.94546179e-34)
(0.0184142483 -0.0537993167 0)
(0.00288611694 -0.10380095 0)
(-0.0200879535 -0.158367554 0)
(-0.0477714073 -0.217530299 0)
(-0.0750619157 -0.27834712 0)
(-0.093627008 -0.331694394 0)
(-0.0922272167 -0.357398527 0)
(-0.0635075273 -0.318879661 0)
(-0.0207312702 -0.162076643 0)
(-0.0116542949 0.111592184 0)
(-0.0431522859 0.243765049 0)
(-0.0782842133 0.299859036 0)
(-0.100579634 0.305000342 0)
(-0.108311121 0.280420709 0)
(-0.105717183 0.240368624 0)
(-0.0975369737 0.19327727 0)
(-0.0877943497 0.143544984 0)
(-0.0795361669 0.0930258333 0)
(-0.0748282286 0.0420751574 0)
(-0.0748491302 -0.00975915475 0)
(-0.0799355135 -0.0632503437 0)
(-0.0895008597 -0.119032853 0)
(-0.101813594 -0.17699292 0)
(-0.113691534 -0.235297343 0)
(-0.12028522 -0.288848487 0)
(-0.115237312 -0.327084236 0)
(-0.0922712663 -0.331566095 0)
(-0.0521876799 -0.275119379 0)
(-0.0142847926 -0.127259983 0)
(-0.00803187123 0.0899679023 0)
(-0.0343053614 0.207876371 0)
(-0.0703688535 0.267740852 0)
(-0.100959652 0.28350851 0)
(-0.121509591 0.269753076 0)
(-0.133062581 0.237807149 0)
(-0.138136563 0.19538351 0)
(-0.13945105 0.147216022 0)
(-0.13936653 0.0958903992 0)
(-0.139600125 0.0425956816 0)
(-0.141114996 -0.0122624318 0)
(-0.144055492 -0.0685398245 0)
(-0.147657944 -0.125824073 0)
(-0.150141222 -0.182786552 0)
(-0.148668241 -0.236313833 0)
(-0.139565902 -0.280389439 0)
(-0.119016002 -0.304899872 0)
(-0.0848748729 -0.294956727 0)
(-0.0422046895 -0.232154096 0)
(-0.0100065954 -0.100709671 0)
(-0.00589820449 0.0731567457 0)
(-0.0280515069 0.175459507 0)
(-0.0624622344 0.233454344 0)
(-0.0961933778 0.254649928 0)
(-0.123784674 0.248661547 0)
(-0.144336943 0.223977509 0)
(-0.158622623 0.187071745 0)
(-0.168070191 0.142433566 0)
(-0.174171689 0.0929430217 0)
(-0.178092346 0.0403532277 0)
(-0.180456948 -0.0142243536 0)
(-0.181230654 -0.0698442761 0)
(-0.179647876 -0.12522515 0)
(-0.174205672 -0.178176803 0)
(-0.162809443 -0.224940109 0)
(-0.143212833 -0.259511985 0)
(-0.113841822 -0.273200523 0)
(-0.0753167187 -0.254895723 0)
(-0.0343189321 -0.192925344 0)
(-0.007284989 -0.0799916069 0)
(-0.00459313375 0.0595158264 0)
(-0.0235442183 0.146542125 0)
(-0.0553431005 0.199661437 0)
(-0.0893198508 0.222700773 0)
(-0.120052069 0.221818497 0)
(-0.145609416 0.203130938 0)
(-0.165571038 0.171795769 0)
(-0.180317525 0.131775037 0)
(-0.190531515 0.0859401651 0)
(-0.196814173 0.0363509385 2.97712132e-34)
(-0.19944933 -0.0153913426 -2.97712132e-34)
(-0.198276039 -0.0677561916 0)
(-0.192646516 -0.118867132 0)
(-0.181489647 -0.166058477 0)
(-0.163546311 -0.205439944 0)
(-0.137858886 -0.231576855 0)
(-0.104503498 -0.237504049 0)
(-0.0656637844 -0.215385528 0)
(-0.0281738202 -0.158249376 0)
(-0.00551069374 -0.0634666458 0)
(-0.003733148 0.0480881359 0)
(-0.0201212574 0.120838864 0)
(-0.0490154401 0.167675667 0)
(-0.0816390561 0.190286579 0)
(-0.112989548 0.192486679 0)
(-0.140680684 0.1785562 4.67989051e-33)
(-0.163557542 0.152464638 0)
(-0.181246448 0.117554379 0)
(-0.193784341 0.0765043811 -4.74064828e-33)
(-0.201297126 0.0314709248 2.26593773e-36)
(-0.203789336 -0.0156741737 4.98648209e-36)
(-0.201035497 -0.0630551104 0)
(-0.192566048 -0.10848088 0)
(-0.177765606 -0.149140561 0)
(-0.156124968 -0.181359964 0)
(-0.127679814 -0.200523286 0)
(-0.093564585 -0.201317641 0)
(-0.0566770526 -0.178463247 0)
(-0.0233146713 -0.128089659 0)
(-0.0042957067 -0.0500433568 0)
(-0.00311503781 0.0383304269 0)
(-0.0173631092 0.0980503123 0)
(-0.0433176069 0.138129181 0)
(-0.0737180471 0.158978266 0)
(-0.104104398 0.162837243 0)
(-0.131970452 0.152617247 -4.67989051e-33)
(-0.155761514 0.131294897 0)
(-0.17461275 0.101602665 0)
(-0.188100097 0.0659286314 4.74064828e-33)
(-0.195997282 0.0263692892 1.4910717e-33)
(-0.198111462 -0.0151230947 -1.49832411e-33)
(-0.194203859 -0.0565437495 0)
(-0.18399642 -0.0956253244 0)
(-0.167277052 -0.129653973 0)
(-0.144124289 -0.155367958 0)
(-0.115252375 -0.169021532 0)
(-0.0823813399 -0.166713004 0)
(-0.0485940623 -0.145039506 0)
(-0.0193975809 -0.102102872 0)
(-0.00342090759 -0.0390048276 0)
(-0.00263392672 0.0299260676 0)
(-0.0150225874 0.077929617 0)
(-0.0380973434 0.111310362 0)
(-0.0658174361 0.129694897 0)
(-0.0942792765 0.134262933 0)
(-0.121043757 0.126924446 0)
(-0.144383275 0.109859802 0)
(-0.163148606 0.0852474683 0)
(-0.176619105 0.0551412966 0)
(-0.184335058 0.0214702437 2.99743292e-34)
(-0.185982516 -0.0138811537 -2.99743292e-34)
(-0.181343263 -0.0489510659 0)
(-0.170313583 -0.0815738655 0)
(-0.152998925 -0.109288431 0)
(-0.129891341 -0.129329822 0)
(-0.1021143 -0.138763332 0)
(-0.07163924 -0.134815305 0)
(-0.0414365119 -0.115406612 0)
(-0.0161843157 -0.0798577754 0)
(-0.00276402723 -0.0298604966 0)
(-0.00223472487 0.022679846 0)
(-0.0129540691 0.0602833982 0)
(-0.0332380136 0.0873301635 0)
(-0.0580553041 0.102953689 0)
(-0.0840350581 0.107620958 0)
(-0.108905657 0.102519885 0)
(-0.130913553 0.0892079466 0)
(-0.148775228 0.0693813435 0)
(-0.161602901 0.0447498601 0)
(-0.168800626 0.0170066712 3.00137869e-34)
(-0.16999289 -0.012137025 -3.00137868e-34)
(-0.164999043 -0.0408857509 0)
(-0.153856956 -0.0672947448 0)
(-0.136898579 -0.0892409348 0)
(-0.114876232 -0.104467865 0)
(-0.0891186081 -0.11074359 0)
(-0.0616326428 -0.106157368 0)
(-0.0351268604 -0.0895347349 0)
(-0.0135036967 -0.0609260468 0)
(-0.00225326376 -0.0222576842 0)
(-0.00188544591 0.0164661055 0)
(-0.0110624176 0.0449641493 0)
(-0.0286409701 0.0662099351 0)
(-0.0504608344 0.0790271284 0)
(-0.0736527442 0.0834115898 0)
(-0.0961636342 0.0800407731 0)
(-0.116305252 0.0699947434 0)
(-0.132762573 0.054560633 0)
(-0.144574769 0.0351141043 0)
(-0.151081581 0.0130746876 0)
(-0.151887055 -0.0100879877 0)
(-0.146852211 -0.0328247091 0)
(-0.136118782 -0.0534818105 0)
(-0.120163629 -0.0703091863 0)
(-0.0998788328 -0.0815292218 0)
(-0.0766567456 -0.0854914208 0)
(-0.0524119637 -0.0809228994 0)
(-0.0295298976 -0.0672464447 0)
(-0.0112185206 -0.0449263369 0)
(-0.00184128821 -0.0159379895 0)
(-0.00156250963 0.0112076354 0)
(-0.00926981378 0.0318702284 0)
(-0.0242023341 0.0479364204 0)
(-0.0429881159 0.058048521 0)
(-0.0632314393 0.0619109078 0)
(-0.0831202549 0.0598553394 0)
(-0.101085504 0.0526050493 0)
(-0.115848276 0.0411067963 0)
(-0.126439994 0.0264234219 0)
(-0.132186274 0.00968557509 0)
(-0.132696685 -0.00791657236 0)
(-0.127869827 -0.0251247465 0)
(-0.117914655 -0.0406098324 0)
(-0.103385842 -0.0529969104 0)
(-0.0852266935 -0.0609381076 0)
(-0.0648015732 -0.0632491076 0)
(-0.0438649903 -0.0591128706 0)
(-0.0244673535 -0.0483245903 0)
(-0.00920303899 -0.0315517559 0)
(-0.00149087524 -0.0107192942 0)
(-0.00124268359 0.00687229531 0)
(-0.00749720217 0.0209537193 0)
(-0.0197995003 0.0325010959 0)
(-0.0355238716 0.0400868928 0)
(-0.0527234844 0.0432713254 0)
(-0.0698324784 0.0421737552 0)
(-0.0854319012 0.0372602401 0)
(-0.098324305 0.02919886 0)
(-0.10757984 0.0187671951 0)
(-0.112545738 0.00680862 0)
(-0.112853363 -0.00577999759 0)
(-0.108430718 -0.0180485223 0)
(-0.0995206335 -0.0289994385 0)
(-0.086701473 -0.0376156578 0)
(-0.0709034205 -0.0429242316 0)
(-0.0534050809 -0.0441067528 0)
(-0.0357700378 -0.0406589063 0)
(-0.0197279588 -0.0325807888 0)
(-0.00733067663 -0.0205901567 0)
(-0.00116696851 -0.00649221567 0)
(-0.000899873066 0.00347700978 0)
(-0.0056608767 0.0122242966 0)
(-0.0152976972 0.0199177234 0)
(-0.0279089129 0.0251883824 0)
(-0.0419704072 0.0275856383 0)
(-0.0561587074 0.0271259876 0)
(-0.0692267821 0.0240984233 0)
(-0.0800960186 0.0189452383 0)
(-0.0879151219 0.0121894777 0)
(-0.0920835131 0.00440204494 0)
(-0.0922672506 -0.00380759984 0)
(-0.0884146656 -0.0117926016 0)
(-0.0807717359 -0.0188746453 0)
(-0.0698935688 -0.0243656979 0)
(-0.0566449511 -0.0276148966 0)
(-0.0421766833 -0.028088416 0)
(-0.0278466608 -0.0254861666 0)
(-0.0150886063 -0.019886424 0)
(-0.00547445029 -0.011931251 0)
(-0.000833541312 -0.0032219492 0)
(-0.000507498375 0.00108920358 0)
(-0.00368884854 0.0057400826 0)
(-0.0105871141 0.0102222679 0)
(-0.0199877279 0.0134020633 0)
(-0.0307549632 0.0149399308 0)
(-0.0418071982 0.0148325614 0)
(-0.0520999054 0.0132500482 0)
(-0.0607199368 0.0104515746 0)
(-0.0669418686 0.0067387515 0)
(-0.0702530866 0.00243726842 0)
(-0.0703704501 -0.00210631076 0)
(-0.0672551441 -0.00652329408 0)
(-0.0611257713 -0.01042512 0)
(-0.05246598 -0.0134153122 0)
(-0.0420197058 -0.0151165459 0)
(-0.0307623766 -0.0152181923 0)
(-0.0198241492 -0.0135492696 0)
(-0.0103614295 -0.0101760685 0)
(-0.00352667139 -0.0055550249 0)
(-0.000456466938 -0.000945960259 0)
(-6.44856931e-05 -0.000176231998 0)
(-0.00159896444 0.0016366093 0)
(-0.00569512464 0.00359856758 0)
(-0.0117198061 0.00501062313 0)
(-0.0188878449 0.00571678058 0)
(-0.026391096 0.00573376618 0)
(-0.0334546121 0.00514767101 0)
(-0.0394080596 0.00407323174 0)
(-0.0437220645 0.0026348696 0)
(-0.0460233828 0.000961855386 0)
(-0.0461053276 -0.000810091731 0)
(-0.0439384043 -0.0025359551 0)
(-0.0396809684 -0.0040605097 0)
(-0.0336866131 -0.00522169228 0)
(-0.0265024765 -0.0058602399 0)
(-0.0188494489 -0.00583823649 0)
(-0.0115674398 -0.00507034564 0)
(-0.00551554971 -0.00357092132 0)
(-0.00148202376 -0.00155257446 0)
(-3.10936202e-05 0.000233973615 0)
(0.00026139474 -0.000255572167 0)
(0.000151442112 0.00010207767 0)
(-0.00117493852 0.000547413814 0)
(-0.00348059549 0.000863507913 0)
(-0.00637551784 0.00102206581 0)
(-0.00946677334 0.00103796508 0)
(-0.0123999014 0.000936209725 0)
(-0.0148816126 0.000743057109 0)
(-0.0166859165 0.000483178092 0)
(-0.0176545347 0.000180087179 1.08300373e-33)
(-0.0176983334 -0.00014230714 -1.08300373e-33)
(-0.0168013118 -0.000458213688 0)
(-0.0150264759 -0.000739010205 0)
(-0.0125217762 -0.000953232906 0)
(-0.0095234585 -0.00106772027 0)
(-0.00635296814 -0.0010505157 0)
(-0.00340012407 -0.00087678076 0)
(-0.00108361072 -0.000539612384 0)
(0.000206106076 -8.25147965e-05 0)
(0.000274560544 0.000266742394 0)
)
;

boundaryField
{
    walls
    {
        type            fixedValue;
        value           uniform (0 0 0);
    }
    mov_wall
    {
        type            fixedValue;
        value           uniform (1 0 0);
    }
    empty
    {
        type            empty;
    }
}


// ************************************************************************* //
