/*--------------------------------*- C++ -*----------------------------------*\
| =========                 |                                                 |
| \\      /  F ield         | OpenFOAM: The Open Source CFD Toolbox           |
|  \\    /   O peration     | Version:  5.x                                   |
|   \\  /    A nd           | Web:      www.OpenFOAM.org                      |
|    \\/     M anipulation  |                                                 |
\*---------------------------------------------------------------------------*/
FoamFile
{
    version     2.0;
    format      ascii;
    class       volScalarField;
    location    "3.2";
    object      p;
}
// * * * * * * * * * * * * * * * * * * * * * * * * * * * * * * * * * * * * * //

dimensions      [0 2 -2 0 0 0 0];

internalField   nonuniform List<scalar> 
400
(
5.36429514e-06
2.45246658
3.49433051
3.89888668
4.10665466
4.22471417
4.29429884
4.34028569
4.37634617
4.41011828
4.44676721
4.4909221
4.54766173
4.62449678
4.73480497
4.90460348
5.18238716
5.68420854
6.84132311
9.41173213
1.88671216
2.86729661
3.41989088
3.74775119
3.96518818
4.10975466
4.20768172
4.27899969
4.33675225
4.38962056
4.44425273
4.50657924
4.58334082
4.68330509
4.81973359
5.01368639
5.29402967
5.69847642
6.33842292
7.42837859
2.98208505
3.26253745
3.54233838
3.77068689
3.94571304
4.07572314
4.17323304
4.25001072
4.31528305
4.37624335
4.43893249
4.50902899
4.59258249
4.6967901
4.8308575
5.00664555
5.23632908
5.52394665
5.86049811
6.19824484
3.52779153
3.58535008
3.72179272
3.8653841
3.98907145
4.09083973
4.17461764
4.24572141
4.30953434
4.37103061
4.43478205
4.50521182
4.58679592
4.68426204
4.80245863
4.94570012
5.11575682
5.30515534
5.47834431
5.55964624
3.8442245
3.82688781
3.88518717
3.9693903
4.05222712
4.12779836
4.19567599
4.25748518
4.3159303
4.37409971
4.43507253
4.50186506
4.57733863
4.66401355
4.76351151
4.87551849
4.99636648
5.11480922
5.19585325
5.1837231
4.04550848
4.00366614
4.0214334
4.06785715
4.12138969
4.17574827
4.22886215
4.28054507
4.3318675
4.38449907
4.4402784
4.50097553
4.56805627
4.64233385
4.72333381
4.80837382
4.89181416
4.96268529
4.9930879
4.94681519
4.18059304
4.13383818
4.1318461
4.15537583
4.18884075
4.22707392
4.26773424
4.30987905
4.35364461
4.39973859
4.44904566
4.50234426
4.56002635
4.62172921
4.68579281
4.74863337
4.80456713
4.84467301
4.84863185
4.79368723
4.27566578
4.23084973
4.21966731
4.22968154
4.24985294
4.27636184
4.30712947
4.34098988
4.37758565
4.41700617
4.45945862
4.50500353
4.55329259
4.60325655
4.65271231
4.69801853
4.73426589
4.75485402
4.74556769
4.69204936
4.34468126
4.30373816
4.28863613
4.29083468
4.30238335
4.32057869
4.34373704
4.37070881
4.40090004
4.43402251
4.4698353
4.50792482
4.54749066
4.58711624
4.62452057
4.65642042
4.67890073
4.6873403
4.67188641
4.6232237
4.39526626
4.35851143
4.34216421
4.3399652
4.34599614
4.35836819
4.37576787
4.39715186
4.42183216
4.44930551
4.4790576
4.51039376
4.54228114
4.57319951
4.60100733
4.62293316
4.63600271
4.63709934
4.61933175
4.57638471
4.43197049
4.39926447
4.38306124
4.37851741
4.38107271
4.38940291
4.40249415
4.41943114
4.43950875
4.46211551
4.48658901
4.51209354
4.53751469
4.56137563
4.58178298
4.59648811
4.60330137
4.60018044
4.58221268
4.5449008
4.45778336
4.4289025
4.41358707
4.40795162
4.40838639
4.41395411
4.42387095
4.4373452
4.45369481
4.47226778
4.4923376
4.51302049
4.53321326
4.55155815
4.5664398
4.57607724
4.57889245
4.57358146
4.55656206
4.52448483
4.47483432
4.44958018
4.43556807
4.42962727
4.4288598
4.43260055
4.44024238
4.45110531
4.46454967
4.47992246
4.49648407
4.51335712
4.52949788
4.54369531
4.55459865
4.56081758
4.56123403
4.55504277
4.53958009
4.51226625
4.48473725
4.46296614
4.45049988
4.44475821
4.44342345
4.44603571
4.45212947
4.46112441
4.47242973
4.48541011
4.49933761
4.5133658
4.52652661
4.53775308
4.54592489
4.54996599
4.54910043
4.54286385
4.52926222
4.50627875
4.48878078
4.47040951
4.45962759
4.45440034
4.45293417
4.45494373
4.46008568
4.46786893
4.4777488
4.48910977
4.50123943
4.51332353
4.52446285
4.53371303
4.54014153
4.54291979
4.54152993
4.53575544
4.52414139
4.50514256
4.48806808
4.47306381
4.46401626
4.45946218
4.4581381
4.45993101
4.46461224
4.47176983
4.48089415
4.49137756
4.50250943
4.51349017
4.52346505
4.53157787
4.53703743
4.53920642
4.53776925
4.53271467
4.52309045
4.50782808
4.48367525
4.47201724
4.46464775
4.4607697
4.4597089
4.46154406
4.46616042
4.47321296
4.48220775
4.49252115
4.50341665
4.51407705
4.52365427
4.53133591
4.53642261
4.53841942
4.53717728
4.53288518
4.52513335
4.51342309
4.47686249
4.46839473
4.46243632
4.45902276
4.45816924
4.46017711
4.46504201
4.47246435
4.48193483
4.49277731
4.50418828
4.5152873
4.52518151
4.53304588
4.53821494
4.54028516
4.53924594
4.53550541
4.52929464
4.52086314
4.46929314
4.46320149
4.45768137
4.45397507
4.45292907
4.4550963
4.46054999
4.46897534
4.47977798
4.49215593
4.50516109
4.51776541
4.52893816
4.5377413
4.54344145
4.54563788
4.54441132
4.5404231
4.53470604
4.52867301
4.46345608
4.45753025
4.45037764
4.44493406
4.44291044
4.44510248
4.4515745
4.46187983
4.47522174
4.49055804
4.50667927
4.52228299
4.53606043
4.54680645
4.55355908
4.55577239
4.55352725
4.5477564
4.54035853
4.53446915
)
;

boundaryField
{
    walls
    {
        type            zeroGradient;
    }
    mov_wall
    {
        type            zeroGradient;
    }
    empty
    {
        type            empty;
    }
}


// ************************************************************************* //
