/*--------------------------------*- C++ -*----------------------------------*\
| =========                 |                                                 |
| \\      /  F ield         | OpenFOAM: The Open Source CFD Toolbox           |
|  \\    /   O peration     | Version:  5.x                                   |
|   \\  /    A nd           | Web:      www.OpenFOAM.org                      |
|    \\/     M anipulation  |                                                 |
\*---------------------------------------------------------------------------*/
FoamFile
{
    version     2.0;
    format      ascii;
    class       surfaceScalarField;
    location    "3.2";
    object      phi;
}
// * * * * * * * * * * * * * * * * * * * * * * * * * * * * * * * * * * * * * //

dimensions      [0 3 -1 0 0 0 0];

internalField   nonuniform List<scalar> 
760
(
0.0013481757
-0.00134817825
0.00245763932
-0.00110946361
0.00313513443
-0.000677495106
0.00355971556
-0.000424581146
0.00383225118
-0.000272535641
0.00400945204
-0.000177200852
0.0041252144
-0.000115762339
0.00419921699
-7.40025715e-05
0.00424243228
-4.32152977e-05
0.0042605535
-1.81212539e-05
0.00425562227
4.93121943e-06
0.0042267577
2.88645669e-05
0.00416938934
5.73683619e-05
0.004073585
9.58043119e-05
0.00391995089
0.000153634055
0.00367201924
0.000247931603
0.00326316018
0.000408859051
0.00257264074
0.000690519463
0.00140850172
0.00116413904
0.00140850174
-5.46957922e-05
-0.00129348245
0.000412592127
-0.00157675151
0.0010300294
-0.00129493235
0.00157871355
-0.000973265273
0.00201483241
-0.000708654511
0.00234477697
-0.00050714544
0.00258511602
-0.000356101397
0.00275126914
-0.00024015566
0.00285456754
-0.000146513679
0.00290179508
-6.53488037e-05
0.00289536636
1.13598922e-05
0.00283293013
9.13007499e-05
0.00270712554
0.000183172937
0.00250436358
0.000298566259
0.00220410976
0.00045388786
0.00178090162
0.000671139704
0.00121756791
0.000972192734
0.00055281251
0.00135527487
1.30664647e-05
0.00170388512
0.00142156822
-0.000271734894
-0.00102174756
-0.000221026972
-0.00162745944
7.13674023e-05
-0.0015873267
0.000446285265
-0.0013481831
0.000812489303
-0.00107485854
0.00112929887
-0.000823955024
0.00138207788
-0.000608880437
0.00156800745
-0.000426085208
0.00168837656
-0.000266882743
0.00174468416
-0.000121656377
0.0017367894
1.92546436e-05
0.00166213407
0.000165956045
0.00151571256
0.000329594422
0.00129125398
0.000523024857
0.000985011502
0.000760130361
0.000605009517
0.00105114169
0.000189850615
0.00138735163
-0.00016004513
0.00170517062
-0.000261640647
0.00180548065
0.00115992758
-0.000227941692
-0.000793805859
-0.000361197583
-0.00149420358
-0.000308328578
-0.00164019571
-0.000134821607
-0.00152169004
8.92089665e-05
-0.00129888907
0.000314971421
-0.00104971747
0.000513262505
-0.000807171543
0.00066829949
-0.000581122197
0.000771989807
-0.000370573018
0.000820035639
-0.000169702143
0.000809727213
2.95631057e-05
0.000739200607
0.000236482644
0.000607935282
0.000460859738
0.000419110552
0.000711849614
0.0001845241
0.000994716868
-6.71913177e-05
0.00130285715
-0.000280617626
0.00160077794
-0.000369418521
0.00179397151
-0.000246993648
0.00168305577
0.000912933941
-0.000168965267
-0.000624840565
-0.000352016365
-0.00131115251
-0.000431557987
-0.00156065412
-0.000408909367
-0.00154433865
-0.000319435605
-0.00138836279
-0.000200095636
-0.0011690574
-7.98105826e-05
-0.000927456596
2.15776963e-05
-0.000682510497
9.14281205e-05
-0.000440423428
0.000122134841
-0.000200408796
0.000109756709
4.19413161e-05
5.36452749e-05
0.000292594118
-4.27494108e-05
0.000557254432
-0.000169694377
0.000838794607
-0.000307652677
0.00113267523
-0.000423468766
0.00141867331
-0.000470024933
0.00164733414
-0.000397824845
0.0017217714
-0.000196431037
0.00148166193
0.000716502892
-0.000124192164
-0.000500648371
-0.000308335755
-0.00112700892
-0.00045049434
-0.00141849557
-0.000523204365
-0.00147162865
-0.000535391468
-0.00137617566
-0.000508161253
-0.00119628755
-0.000463157349
-0.000972460464
-0.000418061453
-0.000727606412
-0.000385619575
-0.000472865331
-0.000373912629
-0.000212115709
-0.000386728431
5.4757206e-05
-0.00042345993
0.000329325699
-0.000478356748
0.000612151285
-0.000539178593
0.00089961647
-0.000585819119
0.00117931581
-0.000590512469
0.00142336673
-0.000523085177
0.0015799069
-0.000366699084
0.0015653853
-0.000150585983
0.00126554878
0.000565916877
-9.45729641e-05
-0.000406075393
-0.000264649821
-0.00095693202
-0.000430738552
-0.00125240684
-0.000556977217
-0.00134539002
-0.000636793575
-0.00129635931
-0.000678142154
-0.00115493893
-0.000693944322
-0.000956658236
-0.000696929666
-0.000724621061
-0.000697274537
-0.000472520508
-0.000701662271
-0.000207728006
-0.000712861194
6.59561768e-05
-0.000729336763
0.000345801365
-0.000744754128
0.000627568721
-0.000747580566
0.000902442928
-0.000721470108
0.00115320536
-0.000647843519
0.00134974019
-0.000512876967
0.0014449404
-0.000321206273
0.00137371463
-0.000116485689
0.00106082816
0.00044943115
-7.53437789e-05
-0.000330731627
-0.000228206877
-0.000804068863
-0.000398353764
-0.00108225991
-0.000550539704
-0.0011932041
-0.000670626721
-0.00117627234
-0.000757578664
-0.00106798699
-0.000816785136
-0.000897451715
-0.000855587764
-0.000685818394
-0.000880624649
-0.000447483657
-0.000896360726
-0.000191992008
-0.0009042705
7.38659182e-05
-0.000902360667
0.000343891589
-0.000884972473
0.000610180616
-0.000843104355
0.000860574856
-0.000765820341
0.00107592134
-0.000643664846
0.00122758468
-0.000475103995
0.00127637957
-0.000276309852
0.00117492052
-9.213285e-05
0.000876651166
0.000357298278
-6.22883532e-05
-0.000268443307
-0.000198541384
-0.000667815792
-0.000362893718
-0.000917907505
-0.000523850812
-0.00103224697
-0.000664415375
-0.00103570781
-0.000778129136
-0.00095427329
-0.000864812412
-0.000810768445
-0.000927165691
-0.00062346507
-0.000968399891
-0.000406249448
-0.000990721455
-0.000169670518
-0.000994436655
7.7581017e-05
-0.000977526019
0.000326980923
-0.000935695215
0.00056834987
-0.00086310137
0.000787981083
-0.000754123242
0.000966943231
-0.000606626374
0.00108008779
-0.000426950458
0.00109670363
-0.000236038313
0.00098400838
-7.43490232e-05
0.0007149619
0.000282949265
-5.27689967e-05
-0.000215674336
-0.000173812849
-0.000546771947
-0.000327557456
-0.000764162838
-0.000486866007
-0.000872938341
-0.000634380218
-0.000888193587
-0.000760757934
-0.000827895639
-0.000862116785
-0.000709409666
-0.000937654879
-0.000547926978
-0.000987783311
-0.000356120978
-0.00101282404
-0.000144629808
-0.00101222288
7.69797568e-05
-0.000984240857
0.000298998793
-0.000926163211
0.000510272198
-0.000835158902
0.000696976826
-0.000709976122
0.000841760504
-0.000553597343
0.000923709006
-0.000376677002
0.000919783251
-0.000200960074
0.000808291431
-6.08626419e-05
0.000574864482
0.000222086652
-4.52979182e-05
-0.000170376412
-0.000152454008
-0.000439615911
-0.000293299657
-0.000623317187
-0.000444763106
-0.000721474816
-0.000590345791
-0.000742610822
-0.000719473296
-0.00069876814
-0.000826046325
-0.000602836723
-0.000906878216
-0.000467095154
-0.00096034756
-0.000302651622
-0.000985403095
-0.000119574235
-0.000980963105
7.25397364e-05
-0.000945732108
0.000263767688
-0.000878480072
0.000443020062
-0.000778855097
0.000597351834
-0.000648784054
0.000711689509
-0.000494403525
0.00076932852
-0.000328204138
0.000753583861
-0.000170678374
0.000650765642
-5.02806723e-05
0.000454466774
0.000171806004
-3.90621405e-05
-0.000131314228
-0.000133403786
-0.000345274324
-0.000260349983
-0.000496371051
-0.000400388961
-0.000581435822
-0.000538431108
-0.000604568578
-0.000663692624
-0.000573506543
-0.000768937879
-0.000497591487
-0.000849522944
-0.000386510174
-0.000902500814
-0.000249673798
-0.000925933947
-9.61410675e-05
-0.000918488696
6.50945323e-05
-0.000879356035
0.000224634998
-0.000808535237
0.000372199168
-0.000707505228
0.000496321745
-0.000580261662
0.000584445939
-0.000434588297
0.000623655204
-0.000283248251
0.000602243856
-0.000144573343
0.000512090739
-4.17551865e-05
0.000351648607
0.000130050821
-3.36093676e-05
-9.77048118e-05
-0.000115973447
-0.000262910259
-0.000228685846
-0.000383658729
-0.000355331106
-0.000454790619
-0.000482448395
-0.000477451244
-0.00059965645
-0.000456298367
-0.000699324459
-0.000397923391
-0.000776050202
-0.000309784448
-0.000826127384
-0.000199596683
-0.000847123903
-7.51445627e-05
-0.000837645833
5.56165222e-05
-0.000797331939
0.000184321162
-0.000727102304
0.000301969518
-0.000629656283
0.000398875652
-0.000510163388
0.000464952991
-0.000377005086
0.00049049691
-0.000242314818
0.000467553636
-0.000121978199
0.000391754159
-3.47332014e-05
0.000264403619
9.53176107e-05
-2.86574841e-05
-6.904732e-05
-9.96601606e-05
-0.00019190754
-0.000198116911
-0.000285202002
-0.000310357465
-0.000342550141
-0.000424615947
-0.000363192797
-0.000531265692
-0.000349648546
-0.000622765145
-0.000306423795
-0.000693446258
-0.00023910324
-0.000739258447
-0.0001537845
-0.000757557709
-5.68453411e-05
-0.000747003143
4.50619705e-05
-0.000707597626
0.000144915721
-0.0006408841
0.000235256059
-0.000550276824
0.000308268377
-0.000441462192
0.000356138313
-0.000322745771
0.000371780458
-0.000205166535
0.000349974415
-0.000102185409
0.000288773073
-2.88023989e-05
0.000191020638
6.65152075e-05
-2.39812414e-05
-4.50661332e-05
-8.39973975e-05
-0.000131891324
-0.000168256977
-0.000200942367
-0.000265595329
-0.000245211806
-0.000365935421
-0.000262852768
-0.00046059429
-0.000254989686
-0.00054242324
-0.000224594745
-0.000605820927
-0.000175705404
-0.000646681295
-0.00011292404
-0.000662338972
-4.11876605e-05
-0.000651560971
3.42839486e-05
-0.000614612615
0.000107967394
-0.000553400325
0.000174043847
-0.000471663618
0.000226531734
-0.000375153795
0.0002596285
-0.000271701827
0.000268328463
-0.000171058797
0.000249331368
-8.44170434e-05
0.000202131332
-2.35998545e-05
0.000130203476
4.29153613e-05
-1.93492665e-05
-2.57169517e-05
-6.84700324e-05
-8.27705432e-05
-0.000138506651
-0.000130905658
-0.000220637885
-0.000163080504
-0.000306428182
-0.000177062484
-0.000388228515
-0.000173189407
-0.000459473899
-0.000153349359
-0.000514859458
-0.000120319748
-0.000550429369
-7.73539968e-05
-0.000563627123
-2.79898304e-05
-0.000553348027
2.40048536e-05
-0.000520016092
7.4635446e-05
-0.00046568232
0.000119710102
-0.000394114653
0.000154964129
-0.000310822771
0.000176336669
-0.000222941117
0.000180446819
-0.000138894546
0.00016528478
-6.78134925e-05
0.000131050268
-1.87621101e-05
8.11521032e-05
2.41532646e-05
-1.45055385e-05
-1.12114633e-05
-5.25211136e-05
-4.47550151e-05
-0.000108122745
-7.53039778e-05
-0.000174687626
-9.65155258e-05
-0.000245342994
-0.000106407054
-0.000313520546
-0.000105011877
-0.000373387628
-9.34823349e-05
-0.000420129129
-7.35782542e-05
-0.000450115725
-4.73673299e-05
-0.000461008692
-1.70967702e-05
-0.000451841249
1.48374566e-05
-0.000423096573
4.58907603e-05
-0.0003767757
7.33892112e-05
-0.000316426234
9.46146774e-05
-0.000247079372
0.000106989848
-0.000175030221
0.000108397702
-0.000107402984
9.76575484e-05
-5.14858181e-05
7.51330931e-05
-1.39146209e-05
4.35809021e-05
1.02386521e-05
-9.20275882e-06
-2.00867436e-06
-3.56847111e-05
-1.82731249e-05
-7.64354754e-05
-3.45532386e-05
-0.000126810905
-4.61400549e-05
-0.000181407869
-5.18100183e-05
-0.000234816897
-5.16028227e-05
-0.00028213197
-4.61673077e-05
-0.000319263292
-3.6447004e-05
-0.000343116254
-2.35143943e-05
-0.000351699759
-8.51323127e-06
-0.000344206715
7.34446315e-06
-0.000321084148
2.27682108e-05
-0.00028408593
3.63909721e-05
-0.000236279363
4.68080881e-05
-0.00018195845
5.26689376e-05
-0.000126403657
5.28429318e-05
-7.5428485e-05
4.66823962e-05
-3.4681604e-05
3.43862172e-05
-8.71390607e-06
1.76132018e-05
1.5247478e-06
-3.43745907e-06
1.42886773e-06
-1.80438071e-05
-3.66678904e-06
-4.34059733e-05
-9.19112862e-06
-7.64335911e-05
-1.31124818e-05
-0.000113187039
-1.50565709e-05
-0.000149664949
-1.51248954e-05
-0.000182251356
-1.35809155e-05
-0.000207952664
-1.07457597e-05
-0.000224513927
-6.95320704e-06
-0.000230484594
-2.54260428e-06
-0.000225272468
2.13234264e-06
-0.000209196902
6.69266394e-06
-0.0001835352
1.07292704e-05
-0.000150536695
1.38095621e-05
-0.000113368219
1.55004434e-05
-7.59397162e-05
1.5414427e-05
-4.25471984e-05
1.32898911e-05
-1.72767274e-05
9.11575935e-06
-3.10385607e-06
3.44033672e-06
-1.57910801e-06
1.42894683e-06
-2.23777886e-06
-1.14288972e-05
-2.45414277e-05
-3.9598062e-05
-5.47229941e-05
-6.83039173e-05
-7.90496851e-05
-8.60029223e-05
-8.85455688e-05
-8.64132541e-05
-7.97205916e-05
-6.89913083e-05
-5.5181739e-05
-3.96813012e-05
-2.42668844e-05
-1.09769974e-05
-1.86123435e-06
1.57910838e-06
)
;

boundaryField
{
    walls
    {
        type            calculated;
        value           uniform 0;
    }
    mov_wall
    {
        type            calculated;
        value           uniform 0;
    }
    empty
    {
        type            empty;
        value           nonuniform 0();
    }
}


// ************************************************************************* //
