/*--------------------------------*- C++ -*----------------------------------*\
| =========                 |                                                 |
| \\      /  F ield         | OpenFOAM: The Open Source CFD Toolbox           |
|  \\    /   O peration     | Version:  5.x                                   |
|   \\  /    A nd           | Web:      www.OpenFOAM.org                      |
|    \\/     M anipulation  |                                                 |
\*---------------------------------------------------------------------------*/
FoamFile
{
    version     2.0;
    format      ascii;
    class       volVectorField;
    location    "3.2";
    object      U;
}
// * * * * * * * * * * * * * * * * * * * * * * * * * * * * * * * * * * * * * //

dimensions      [0 1 -1 0 0 0 0];

internalField   nonuniform List<vector> 
400
(
(0.291698292 0.14964396 0)
(0.388186964 0.128007768 0)
(0.557615976 0.0757318584 0)
(0.674785656 0.0433044541 0)
(0.743766562 0.0251591119 0)
(0.787074994 0.0148802987 0)
(0.815462933 0.00893092077 0)
(0.83393954 0.00530992834 0)
(0.845365445 0.00289956377 0)
(0.851349247 0.00108485567 2.66527203e-34)
(0.85264073 -0.000502851653 -2.66527203e-34)
(0.849354274 -0.0021607201 0)
(0.840973357 -0.0042171043 0)
(0.826113763 -0.00722098205 0)
(0.802020416 -0.0122364961 0)
(0.763538934 -0.0213892065 0)
(0.69948888 -0.0388386139 0)
(0.584557327 -0.0722732749 0)
(0.407900531 -0.128436308 0)
(0.300688067 -0.152947537 0)
(0.00120409851 0.287432602 0)
(0.0133208118 0.293872249 0)
(0.140044331 0.20990492 0)
(0.264971504 0.1429862 0)
(0.36417767 0.0968020046 0)
(0.440119998 0.065441129 0)
(0.496540974 0.0439762521 0)
(0.536691005 0.028701157 0)
(0.56327441 0.0170798591 0)
(0.578137291 0.00742309485 0)
(0.582210237 -0.00150100442 0)
(0.575515203 -0.0107977482 0)
(0.557109203 -0.0217346441 0)
(0.524912957 -0.036139679 0)
(0.475518378 -0.0569634815 0)
(0.404325979 -0.0889771386 0)
(0.305687274 -0.139150748 0)
(0.174497776 -0.2152752 0)
(0.0341065777 -0.310801156 0)
(0.0108691549 -0.305909065 0)
(-0.0321467976 0.241774012 0)
(-0.0634304456 0.33354725 0)
(-0.0219362956 0.299502555 0)
(0.0505995365 0.240051708 0)
(0.127397297 0.183020833 0)
(0.196818525 0.135454536 0)
(0.254167014 0.0974523454 0)
(0.298088209 0.0668891703 0)
(0.328665588 0.0413758274 0)
(0.346307745 0.0187814713 -2.35797377e-33)
(0.351211239 -0.00280947562 2.35797377e-33)
(0.343126676 -0.0252950286 0)
(0.32127751 -0.050829928 0)
(0.284432841 -0.082094808 0)
(0.231328773 -0.122479748 0)
(0.16191673 -0.175658015 0)
(0.079834997 -0.243208439 0)
(-0.00333735699 -0.317981952 0)
(-0.0578531407 -0.366363499 0)
(-0.0313893219 -0.270690676 0)
(-0.026120429 0.182361615 0)
(-0.0666193218 0.316884193 0)
(-0.0735378533 0.330901788 0)
(-0.0481308041 0.295352942 0)
(-0.00567226387 0.244253526 0)
(0.0411123839 0.192431751 0)
(0.0845450087 0.145095041 0)
(0.120424224 0.103006626 0)
(0.146585136 0.0651543619 0)
(0.161925376 0.029888415 2.3554692e-33)
(0.165812724 -0.00469430303 -2.3554692e-33)
(0.157798714 -0.0406695924 0)
(0.137586416 -0.0803027089 0)
(0.105285138 -0.125979548 0)
(0.0620899707 -0.179774773 0)
(0.0116092318 -0.242029682 0)
(-0.0380284005 -0.307764325 0)
(-0.0720491061 -0.359579351 0)
(-0.0711639231 -0.355585629 0)
(-0.0287210579 -0.20917858 0)
(-0.0176296878 0.140767936 0)
(-0.0549165691 0.281827239 0)
(-0.0828630475 0.324484389 0)
(-0.0880762996 0.312396814 0)
(-0.075119777 0.274441985 0)
(-0.0526277189 0.226778427 0)
(-0.0275119483 0.177302813 0)
(-0.00458020216 0.129145416 0)
(0.0130233712 0.082912354 0)
(0.0233566795 0.037933034 -2.94545983e-34)
(0.0253096402 -0.00710137776 2.94545983e-34)
(0.0184151122 -0.0537994918 0)
(0.00288689815 -0.103801223 0)
(-0.0200872783 -0.158367897 0)
(-0.0477708542 -0.217530681 0)
(-0.0750614969 -0.278347511 0)
(-0.0936267275 -0.331694763 0)
(-0.0922270627 -0.357398839 0)
(-0.0635074693 -0.318879874 0)
(-0.0207312602 -0.162076721 0)
(-0.0116542813 0.11159226 0)
(-0.0431522129 0.243765284 0)
(-0.0782840327 0.299859413 0)
(-0.100579323 0.305000826 0)
(-0.10831067 0.280421251 0)
(-0.105716594 0.240369165 0)
(-0.0975362653 0.193277752 0)
(-0.0877935482 0.143545356 0)
(-0.0795353029 0.0930260627 0)
(-0.0748273346 0.0420752278 0)
(-0.0748482433 -0.00975924613 0)
(-0.0799346743 -0.0632505889 0)
(-0.0895001044 -0.119033231 0)
(-0.101812947 -0.176993396 0)
(-0.113691007 -0.235297871 0)
(-0.120284819 -0.288849023 0)
(-0.115237041 -0.327084734 0)
(-0.092271117 -0.33156651 0)
(-0.0521876258 -0.275119663 0)
(-0.0142847847 -0.127260089 0)
(-0.00803185844 0.0899680176 0)
(-0.034305292 0.207876696 0)
(-0.070368683 0.26774135 0)
(-0.100959362 0.283509127 0)
(-0.121509175 0.269753749 0)
(-0.133062042 0.237807811 0)
(-0.138135918 0.195384094 0)
(-0.139450327 0.14721647 0)
(-0.139365758 0.0958906682 0)
(-0.139599335 0.0425957519 0)
(-0.141114217 -0.0122625604 0)
(-0.144054756 -0.0685401389 0)
(-0.147657282 -0.125824549 0)
(-0.150140661 -0.182787149 0)
(-0.14866779 -0.236314498 0)
(-0.139565563 -0.28039011 0)
(-0.119015771 -0.304900491 0)
(-0.0848747436 -0.294957236 0)
(-0.0422046423 -0.23215444 0)
(-0.0100065887 -0.1007098 0)
(-0.00589819438 0.0731568955 0)
(-0.0280514497 0.17545991 0)
(-0.0624620926 0.233454946 0)
(-0.0961931386 0.254650659 0)
(-0.123784336 0.248662332 0)
(-0.144336509 0.223978272 0)
(-0.158622106 0.187072414 0)
(-0.168069613 0.142434077 0)
(-0.174171078 0.0929433252 0)
(-0.178091728 0.0403532982 0)
(-0.180456346 -0.0142245161 0)
(-0.181230087 -0.0698446522 0)
(-0.179647367 -0.125225708 0)
(-0.174205243 -0.178177499 0)
(-0.162809104 -0.224940884 0)
(-0.143212584 -0.259512769 0)
(-0.113841655 -0.273201241 0)
(-0.0753166237 -0.254896309 0)
(-0.034318896 -0.192925736 0)
(-0.00728498337 -0.0799917523 0)
(-0.00459312764 0.0595160018 0)
(-0.0235441805 0.146542586 0)
(-0.0553430038 0.199662116 0)
(-0.0893196875 0.22270159 0)
(-0.120051842 0.221819366 0)
(-0.14560913 0.203131775 0)
(-0.165570699 0.171796498 0)
(-0.180317147 0.131775593 0)
(-0.190531118 0.0859404959 0)
(-0.196813779 0.0363510129 2.97711916e-34)
(-0.199448955 -0.0153915279 -2.97711916e-34)
(-0.198275691 -0.0677566137 0)
(-0.192646206 -0.118867751 0)
(-0.181489387 -0.166059242 0)
(-0.16354611 -0.205440793 0)
(-0.137858744 -0.231577714 0)
(-0.104503407 -0.237504837 0)
(-0.0656637339 -0.215386167 0)
(-0.0281738002 -0.158249801 0)
(-0.00551069014 -0.0634668015 0)
(-0.00373314612 0.0480883262 0)
(-0.020121243 0.120839357 0)
(-0.0490154 0.167676388 0)
(-0.0816389866 0.190287443 0)
(-0.112989454 0.192487596 0)
(-0.140680571 0.178557078 4.67988731e-33)
(-0.163557414 0.152465399 0)
(-0.181246307 0.117554958 0)
(-0.193784195 0.0765047274 -4.74064495e-33)
(-0.201296987 0.0314710059 2.26592208e-36)
(-0.203789215 -0.015674366 4.98648722e-36)
(-0.201035396 -0.063055555 0)
(-0.192565962 -0.108481531 0)
(-0.177765538 -0.149141361 0)
(-0.156124919 -0.181360846 0)
(-0.127679787 -0.200524177 0)
(-0.0935645738 -0.201318459 0)
(-0.0566770496 -0.17846391 0)
(-0.0233146707 -0.128090099 0)
(-0.00429570653 -0.0500435173 0)
(-0.00311503951 0.0383306203 0)
(-0.0173631187 0.0980508098 0)
(-0.0433176279 0.138129905 0)
(-0.0737180801 0.158979134 0)
(-0.104104447 0.162838165 0)
(-0.131970522 0.15261813 -4.67988731e-33)
(-0.155761606 0.13129566 0)
(-0.17461286 0.101603242 0)
(-0.188100217 0.0659289778 4.74064495e-33)
(-0.195997412 0.0263693746 1.49107063e-33)
(-0.198111601 -0.0151232801 -1.49832304e-33)
(-0.194204005 -0.05654419 0)
(-0.183996563 -0.0956259766 0)
(-0.167277181 -0.129654774 0)
(-0.144124398 -0.155368837 0)
(-0.115252462 -0.169022413 0)
(-0.0823814044 -0.16671381 0)
(-0.048594103 -0.145040161 0)
(-0.0193975987 -0.102103306 0)
(-0.00342091122 -0.0390049863 0)
(-0.00263393119 0.0299262519 0)
(-0.0150226179 0.0779300925 0)
(-0.0380974221 0.111311053 0)
(-0.0658175689 0.129695725 0)
(-0.0942794649 0.134263814 0)
(-0.121044003 0.126925294 0)
(-0.144383576 0.109860535 0)
(-0.163148953 0.0852480223 0)
(-0.176619481 0.0551416271 0)
(-0.184335447 0.0214703267 2.99743089e-34)
(-0.185982904 -0.0138813251 -2.99743089e-34)
(-0.181343641 -0.0489514794 0)
(-0.170313937 -0.0815744844 0)
(-0.152999238 -0.109289195 0)
(-0.129891598 -0.129330661 0)
(-0.102114494 -0.138764168 0)
(-0.071639373 -0.134816065 0)
(-0.0414365893 -0.115407226 0)
(-0.0161843477 -0.0798581815 0)
(-0.00276403351 -0.0298606449 0)
(-0.00223473193 0.0226800099 0)
(-0.0129541165 0.060283828 0)
(-0.033238139 0.0873307898 0)
(-0.0580555212 0.102954439 0)
(-0.0840353682 0.107621756 0)
(-0.108906055 0.102520656 0)
(-0.130914033 0.0892086179 0)
(-0.148775777 0.0693818514 0)
(-0.161603497 0.0447501612 0)
(-0.168801241 0.0170067447 3.00137676e-34)
(-0.169993497 -0.0121371812 -3.00137676e-34)
(-0.16499962 -0.0408861235 0)
(-0.153857486 -0.0672953033 0)
(-0.136899043 -0.0892416288 0)
(-0.114876613 -0.104468628 0)
(-0.089118894 -0.110744349 0)
(-0.0616328342 -0.106158052 0)
(-0.0351269674 -0.0895352826 0)
(-0.0135037382 -0.0609264056 0)
(-0.00225327111 -0.0222578137 0)
(-0.00188545588 0.0164662403 0)
(-0.0110624778 0.0449645135 0)
(-0.0286411268 0.0662104714 0)
(-0.0504611097 0.0790277718 0)
(-0.0736531428 0.0834122741 0)
(-0.0961641484 0.0800414349 0)
(-0.116305867 0.0699953218 0)
(-0.132763272 0.054561073 0)
(-0.144575527 0.0351143644 0)
(-0.151082365 0.0130747473 0)
(-0.151887829 -0.0100881283 0)
(-0.146852941 -0.0328250342 0)
(-0.136119443 -0.0534822922 0)
(-0.120164201 -0.0703097834 0)
(-0.0998793 -0.0815298792 0)
(-0.0766570967 -0.0854920746 0)
(-0.0524121978 -0.0809234857 0)
(-0.0295300262 -0.0672469082 0)
(-0.0112185683 -0.0449266349 0)
(-0.00184129577 -0.0159380939 0)
(-0.00156252225 0.0112077362 0)
(-0.00926988166 0.0318705131 0)
(-0.0242025052 0.0479368483 0)
(-0.0429884175 0.0580490387 0)
(-0.0632318818 0.0619114583 0)
(-0.0831208326 0.0598558696 0)
(-0.101086198 0.0526055121 0)
(-0.115849063 0.0411071495 0)
(-0.126440845 0.0264236308 0)
(-0.132187155 0.00968561937 0)
(-0.132697556 -0.00791669421 0)
(-0.127870648 -0.0251250192 0)
(-0.117915393 -0.0406102291 0)
(-0.103386473 -0.0529973964 0)
(-0.0852272042 -0.0609386397 0)
(-0.0648019553 -0.0632496354 0)
(-0.043865245 -0.0591133415 0)
(-0.0244674931 -0.0483249576 0)
(-0.00920308997 -0.0315519861 0)
(-0.00149088293 -0.0107193706 0)
(-0.00124269695 0.0068723622 0)
(-0.00749727007 0.0209539196 0)
(-0.0197996679 0.0325014064 0)
(-0.035524167 0.040087275 0)
(-0.0527239225 0.043271734 0)
(-0.0698330589 0.0421741468 0)
(-0.085432607 0.0372605786 0)
(-0.0983251081 0.0291991163 0)
(-0.107580708 0.0187673455 0)
(-0.112546635 0.00680864806 0)
(-0.112854251 -0.00578009599 0)
(-0.108431556 -0.0180487364 0)
(-0.0995213851 -0.0289997456 0)
(-0.0867021109 -0.0376160282 0)
(-0.0709039297 -0.0429246318 0)
(-0.0534054575 -0.0441071459 0)
(-0.0357702869 -0.0406592536 0)
(-0.0197280951 -0.0325810553 0)
(-0.00733072646 -0.0205903179 0)
(-0.00116697608 -0.0064922644 0)
(-0.000899883852 0.003477047 0)
(-0.00566093417 0.0122244181 0)
(-0.0152978422 0.0199179199 0)
(-0.0279091716 0.0251886308 0)
(-0.0419707958 0.0275859077 0)
(-0.0561592301 0.0271262459 0)
(-0.0692274277 0.0240986434 0)
(-0.0800967611 0.0189454011 0)
(-0.0879159272 0.0121895699 0)
(-0.092084345 0.00440205719 0)
(-0.0922680729 -0.00380767159 0)
(-0.0884154417 -0.0117927523 0)
(-0.0807724311 -0.0188748599 0)
(-0.0698941555 -0.0243659539 0)
(-0.0566454138 -0.0276151688 0)
(-0.0421770194 -0.0280886786 0)
(-0.0278468787 -0.0254863942 0)
(-0.0150887234 -0.0198865939 0)
(-0.00547449261 -0.011931348 0)
(-0.000833547678 -0.00322197339 0)
(-0.000507503476 0.00108921786 0)
(-0.00368888518 0.00574014066 0)
(-0.0105872181 0.0102223677 0)
(-0.0199879231 0.0134021936 0)
(-0.0307552643 0.0149400755 0)
(-0.0418076114 0.0148327018 0)
(-0.0521004249 0.0132501667 0)
(-0.0607205435 0.0104516589 0)
(-0.0669425327 0.00673879524 0)
(-0.0702537741 0.0024372687 0)
(-0.0703711279 -0.00210635534 0)
(-0.0672557815 -0.00652338206 0)
(-0.0611263403 -0.0104252445 0)
(-0.0524664573 -0.0134154603 0)
(-0.0420200774 -0.0151167016 0)
(-0.0307626401 -0.0152183392 0)
(-0.019824314 -0.0135493931 0)
(-0.0103615138 -0.0101761563 0)
(-0.00352669964 -0.00555506964 0)
(-0.000456470507 -0.000945965981 0)
(-6.44840017e-05 -0.000176231521 0)
(-0.00159897474 0.00163662569 0)
(-0.00569517524 0.00359859984 0)
(-0.0117199179 0.00501066688 0)
(-0.0188880305 0.00571683078 0)
(-0.0263913603 0.0057338164 0)
(-0.0334549525 0.00514771367 0)
(-0.0394084646 0.00407326054 0)
(-0.043722514 0.00263488174 0)
(-0.0460238512 0.000961851045 0)
(-0.0461057889 -0.000810111654 0)
(-0.0439388351 -0.00253599013 0)
(-0.0396813494 -0.00406055849 0)
(-0.033686929 -0.00522175082 0)
(-0.0265027177 -0.00586030143 0)
(-0.0188496138 -0.00583829336 0)
(-0.011567536 -0.00507039116 0)
(-0.00551559277 -0.00357095062 0)
(-0.00148203398 -0.0015525852 0)
(-3.10932708e-05 0.000233977366 0)
(0.000261400262 -0.000255574068 0)
(0.00015145137 0.00010207851 0)
(-0.00117494057 0.000547417434 0)
(-0.00348062157 0.000863513213 0)
(-0.00637557524 0.0010220723 0)
(-0.00946686414 0.00103797222 0)
(-0.0124000242 0.000936216119 0)
(-0.0148817631 0.000743061071 0)
(-0.0166860871 0.000483178796 0)
(-0.0176547147 0.000180085014 1.08300305e-33)
(-0.0176985107 -0.000142311418 -1.08300305e-33)
(-0.0168014756 -0.000458219865 0)
(-0.0150266178 -0.000739018507 0)
(-0.0125218905 -0.000953243118 0)
(-0.00952354202 -0.0010677312 0)
(-0.00635302056 -0.00105052557 0)
(-0.00340014897 -0.000876787959 0)
(-0.00108361575 -0.000539615898 0)
(0.000206110371 -8.25143193e-05 0)
(0.000274563577 0.000266745337 0)
)
;

boundaryField
{
    walls
    {
        type            fixedValue;
        value           uniform (0 0 0);
    }
    mov_wall
    {
        type            fixedValue;
        value           uniform (1 0 0);
    }
    empty
    {
        type            empty;
    }
}


// ************************************************************************* //
