/*--------------------------------*- C++ -*----------------------------------*\
| =========                 |                                                 |
| \\      /  F ield         | OpenFOAM: The Open Source CFD Toolbox           |
|  \\    /   O peration     | Version:  5.x                                   |
|   \\  /    A nd           | Web:      www.OpenFOAM.org                      |
|    \\/     M anipulation  |                                                 |
\*---------------------------------------------------------------------------*/
FoamFile
{
    version     2.0;
    format      ascii;
    class       volScalarField;
    location    "4.8";
    object      p;
}
// * * * * * * * * * * * * * * * * * * * * * * * * * * * * * * * * * * * * * //

dimensions      [0 2 -2 0 0 0 0];

internalField   nonuniform List<scalar> 
400
(
2.50619776e-06
2.45246242
3.49432619
3.89888236
4.10665031
4.22470977
4.29429442
4.3402813
4.37634182
4.41011394
4.44676284
4.49091771
4.54765738
4.62449249
4.73480069
4.90459914
5.18238277
5.68420416
6.84131879
9.41172783
1.88670807
2.8672923
3.41988654
3.74774686
3.96518386
4.1097503
4.20767731
4.27899526
4.33674785
4.38961621
4.44424839
4.50657487
4.58333644
4.68330075
4.8197293
5.01368207
5.29402527
5.69847198
6.33841852
7.42837427
2.98208072
3.26253311
3.54233401
3.77068253
3.9457087
4.0757188
4.17322865
4.25000626
4.31527859
4.37623894
4.43892812
4.50902459
4.59257805
4.69678567
4.83085313
5.0066412
5.23632469
5.5239422
5.86049368
6.19824049
3.52778716
3.58534572
3.72178833
3.86537968
3.98906705
4.09083537
4.17461325
4.24571695
4.30952983
4.37102612
4.43477761
4.50520738
4.58679141
4.68425749
4.80245414
4.94569572
5.11575244
5.30515093
5.47833989
5.55964185
3.84422008
3.82688344
3.88518277
3.96938585
4.05222267
4.12779396
4.19567161
4.25748075
4.31592578
4.37409516
4.43506803
4.50186058
4.5773341
4.66400894
4.7635069
4.87551399
4.99636208
5.11480487
5.19584888
5.18371871
4.04550402
4.00366175
4.02142901
4.06785271
4.12138521
4.17574382
4.22885776
4.28054068
4.33186303
4.38449451
4.44027384
4.50097103
4.56805177
4.64232926
4.72332917
4.80836923
4.89180971
4.96268096
4.99308358
4.94681085
4.18058855
4.13383375
4.13184172
4.15537143
4.18883628
4.22706943
4.26772982
4.3098747
4.35364023
4.3997341
4.4490411
4.50233973
4.56002187
4.6217247
4.68578822
4.74862876
4.80456261
4.84466863
4.84862755
4.79368292
4.27566128
4.23084526
4.2196629
4.22967716
4.24984852
4.27635736
4.30712502
4.34098553
4.37758136
4.41700181
4.45945414
4.504999
4.55328811
4.60325212
4.65270785
4.69801399
4.73426135
4.75484956
4.74556334
4.69204505
4.34467678
4.30373366
4.28863168
4.2908303
4.30237898
4.32057428
4.34373258
4.37070443
4.40089578
4.43401828
4.46983096
4.50792035
4.54748617
4.58711183
4.62451621
4.65641601
4.67889626
4.68733581
4.67188198
4.62321933
4.39526183
4.35850695
4.34215972
4.33996078
4.34599179
4.35836384
4.37576345
4.39714743
4.42182784
4.44930131
4.4790534
4.51038943
4.54227669
4.57319506
4.60100296
4.62292883
4.63599833
4.63709489
4.61932728
4.57638025
4.43196612
4.39926005
4.38305675
4.37851292
4.38106831
4.38939859
4.40248979
4.41942671
4.43950433
4.46211122
4.48658483
4.51208932
4.53751033
4.56137118
4.58177855
4.59648375
4.60329704
4.60017606
4.58220822
4.54489631
4.45777902
4.42889815
4.41358263
4.40794711
4.4083819
4.41394971
4.4238666
4.4373408
4.45369033
4.47226334
4.4923333
4.51301628
4.533209
4.55155376
4.56643533
4.5760728
4.57888807
4.57357709
4.55655765
4.52448036
4.47482998
4.44957588
4.4355637
4.42962278
4.42885524
4.43259603
4.44023796
4.45110092
4.4645452
4.47991792
4.49647959
4.51335278
4.52949362
4.54369099
4.55459422
4.56081309
4.56122957
4.55503836
4.53957569
4.51226182
4.48473289
4.46296182
4.45049556
4.4447538
4.4434189
4.4460311
4.45212492
4.46111995
4.47242528
4.48540557
4.49933303
4.51336129
4.52652223
4.53774876
4.54592053
4.54996154
4.54909594
4.54285937
4.52925779
4.50627433
4.4887764
4.47040514
4.45962325
4.45439598
4.4529297
4.45493913
4.46008104
4.46786437
4.47774433
4.48910529
4.50123487
4.51331894
4.52445834
4.53370862
4.54013718
4.5429154
4.54152548
4.53575095
4.52413692
4.50513813
4.48806371
4.47305938
4.46401186
4.45945781
4.4581337
4.45992651
4.46460763
4.47176522
4.48088963
4.49137311
4.50250497
4.51348563
4.5234605
4.53157338
4.53703303
4.53920206
4.53776485
4.53271023
4.52308598
4.50782363
4.48367089
4.47201281
4.46464329
4.46076529
4.45970454
4.46153968
4.46615595
4.47320842
4.48220322
4.4925167
4.50341226
4.51407262
4.52364979
4.53133141
4.53641816
4.53841503
4.5371729
4.53288078
4.52512892
4.51341863
4.47685812
4.46839031
4.46243186
4.45901832
4.45816488
4.4601728
4.46503769
4.47245996
4.48193038
4.49277287
4.50418391
4.51528295
4.52517713
4.53304146
4.53821049
4.54028074
4.53924155
4.53550102
4.52929024
4.52085871
4.46928875
4.46319709
4.45767694
4.45397066
4.4529247
4.45509201
4.46054574
4.46897107
4.47977365
4.49215155
4.50515671
4.51776107
4.52893383
4.53773695
4.54343706
4.54563348
4.54440693
4.54041871
4.53470165
4.5286686
4.46345168
4.45752586
4.45037326
4.44492969
4.44290608
4.44509817
4.45157024
4.46187559
4.47521747
4.49055371
4.5066749
4.52227863
4.53605609
4.54680212
4.55355474
4.55576802
4.55352286
4.54775201
4.54035413
4.53446475
)
;

boundaryField
{
    walls
    {
        type            zeroGradient;
    }
    mov_wall
    {
        type            zeroGradient;
    }
    empty
    {
        type            empty;
    }
}


// ************************************************************************* //
