/*--------------------------------*- C++ -*----------------------------------*\
| =========                 |                                                 |
| \\      /  F ield         | OpenFOAM: The Open Source CFD Toolbox           |
|  \\    /   O peration     | Version:  5.x                                   |
|   \\  /    A nd           | Web:      www.OpenFOAM.org                      |
|    \\/     M anipulation  |                                                 |
\*---------------------------------------------------------------------------*/
FoamFile
{
    version     2.0;
    format      ascii;
    class       surfaceScalarField;
    location    "4.8";
    object      phi;
}
// * * * * * * * * * * * * * * * * * * * * * * * * * * * * * * * * * * * * * //

dimensions      [0 3 -1 0 0 0 0];

internalField   nonuniform List<scalar> 
760
(
0.00134817635
-0.00134817754
0.00245763963
-0.00110946328
0.00313513461
-0.000677494961
0.00355971568
-0.000424581073
0.00383225129
-0.000272535619
0.00400945214
-0.00017720086
0.00412521449
-0.000115762349
0.00419921706
-7.40025623e-05
0.00424243236
-4.32152749e-05
0.00426055359
-1.81212364e-05
0.00425562235
4.93122446e-06
0.00422675777
2.88645777e-05
0.00416938939
5.7368394e-05
0.00407358505
9.58043589e-05
0.00391995095
0.000153634097
0.0036720193
0.000247931629
0.00326316021
0.000408859073
0.00257264074
0.00069051949
0.00140850172
0.00116413907
0.00140850174
-5.46954248e-05
-0.00129348212
0.000412592491
-0.0015767512
0.00103002969
-0.00129493215
0.00157871379
-0.000973265156
0.00201483265
-0.000708654458
0.00234477723
-0.000507145436
0.00258511627
-0.000356101415
0.00275126937
-0.000240155665
0.00285456777
-0.000146513654
0.00290179531
-6.5348757e-05
0.0028953666
1.13599435e-05
0.00283293035
9.1300808e-05
0.00270712571
0.000183173018
0.00250436373
0.000298566365
0.00220410989
0.000453887968
0.00178090174
0.000671139786
0.00121756799
0.000972192785
0.000552812535
0.0013552749
1.30664554e-05
0.00170388514
0.00142156823
-0.000271734718
-0.00102174739
-0.0002210267
-0.00162745923
7.13676874e-05
-0.00158732655
0.000446285551
-0.00134818301
0.000812489614
-0.00107485849
0.00112929922
-0.000823955028
0.00138207827
-0.000608880473
0.00156800782
-0.000426085241
0.00168837691
-0.000266882739
0.00174468451
-0.000121656327
0.00173678975
1.92547226e-05
0.0016621344
0.000165956141
0.00151571285
0.000329594543
0.0012912542
0.000523025011
0.000985011677
0.00076013053
0.000605009667
0.00105114184
0.000189850723
0.00138735172
-0.000160045087
0.00170517067
-0.000261640654
0.00180548068
0.0011599276
-0.000227941607
-0.00079380577
-0.000361197381
-0.00149420347
-0.000308328311
-0.00164019564
-0.000134821308
-0.00152169002
8.92093014e-05
-0.00129888908
0.000314971815
-0.00104971751
0.000513262957
-0.000807171612
0.000668299961
-0.000581122271
0.000771990257
-0.000370573054
0.000820036064
-0.000169702114
0.000809727634
2.95631932e-05
0.000739201021
0.000236482766
0.000607935644
0.000460859886
0.000419110825
0.000711849797
0.000184524288
0.000994717083
-6.71911789e-05
0.00130285736
-0.000280617525
0.0016007781
-0.00036941847
0.0017939716
-0.000246993644
0.00168305581
0.000912933958
-0.00016896523
-0.000624840524
-0.000352016217
-0.00131115247
-0.000431557744
-0.00156065413
-0.000408909066
-0.00154433872
-0.000319435268
-0.00138836288
-0.000200095245
-0.0011690575
-7.98101201e-05
-0.000927456708
2.15782096e-05
-0.000682510614
9.1428631e-05
-0.000440423513
0.000122135315
-0.000200408806
0.000109757156
4.19413926e-05
5.36457114e-05
0.000292594254
-4.27490113e-05
0.000557254599
-0.000169694069
0.000838794804
-0.000307652484
0.00113267547
-0.000423468656
0.00141867357
-0.000470024864
0.00164733437
-0.000397824804
0.00172177156
-0.000196431022
0.00148166201
0.000716502913
-0.000124192152
-0.000500648367
-0.000308335656
-0.00112700894
-0.000450494132
-0.00141849565
-0.000523204077
-0.0014716288
-0.000535391141
-0.00137617584
-0.000508160894
-0.00119628773
-0.000463156928
-0.000972460626
-0.000418060961
-0.000727606562
-0.000385619054
-0.000472865455
-0.000373912139
-0.000212115764
-0.000386727992
5.47572566e-05
-0.00042345952
0.000329325844
-0.000478356363
0.00061215148
-0.000539178277
0.000899616687
-0.000585818918
0.00117931605
-0.00059051238
0.00142336701
-0.000523085146
0.00157990718
-0.000366699069
0.00156538554
-0.000150585968
0.00126554892
0.000565916917
-9.45729556e-05
-0.000406075425
-0.00026464976
-0.000956932099
-0.000430738397
-0.00125240698
-0.000556976968
-0.00134539024
-0.000636793276
-0.00129635957
-0.00067814184
-0.00115493918
-0.000693943979
-0.00095665845
-0.000696929256
-0.000724621229
-0.000697274067
-0.000472520641
-0.000701661801
-0.000207728085
-0.000712860783
6.59561985e-05
-0.000729336411
0.000345801507
-0.000744753807
0.000627568949
-0.000747580282
0.000902443188
-0.000721469907
0.00115320563
-0.000647843428
0.00134974047
-0.000512876955
0.0014449407
-0.000321206284
0.00137371491
-0.000116485689
0.00106082836
0.000449431223
-7.53437588e-05
-0.000330731692
-0.00022820684
-0.000804069003
-0.00039835367
-0.00108226011
-0.000550539525
-0.00119320436
-0.000670626475
-0.00117627265
-0.000757578404
-0.00106798731
-0.000816784881
-0.000897451976
-0.000855587477
-0.000685818572
-0.000880624294
-0.00044748377
-0.000896360329
-0.00019199207
-0.000904270136
7.38659325e-05
-0.000902360379
0.000343891721
-0.00088497224
0.000610180866
-0.000843104147
0.000860575172
-0.000765820169
0.00107592167
-0.000643664745
0.001227585
-0.000475103972
0.00127637988
-0.000276309871
0.00117492081
-9.21328652e-05
0.000876651394
0.00035729838
-6.22883189e-05
-0.000268443394
-0.000198541351
-0.000667815986
-0.000362893675
-0.000917907753
-0.000523850721
-0.00103224726
-0.000664415217
-0.00103570814
-0.000778128945
-0.000954273627
-0.000864812238
-0.000810768738
-0.000927165533
-0.00062346526
-0.000968399695
-0.000406249528
-0.000990721193
-0.000169670524
-0.000994436373
7.7581068e-05
-0.000977525791
0.000326981058
-0.000935695063
0.000568350122
-0.000863101258
0.000787981436
-0.000754123137
0.00096694362
-0.000606626287
0.00108008815
-0.000426950415
0.00109670395
-0.000236038314
0.000984008662
-7.43490389e-05
0.00071496212
0.000282949371
-5.27689609e-05
-0.00021567443
-0.00017381281
-0.000546772175
-0.000327557441
-0.000764163132
-0.000486865997
-0.000872938652
-0.00063438017
-0.000888193902
-0.000760757841
-0.000827895958
-0.000862116692
-0.000709409956
-0.000937654827
-0.000547927176
-0.000987783274
-0.00035612104
-0.00101282395
-0.000144629752
-0.00101222273
7.69798824e-05
-0.000984240707
0.000298998969
-0.000926163118
0.000510272452
-0.000835158866
0.000696977179
-0.0007099761
0.000841760925
-0.000553597307
0.000923709426
-0.000376676962
0.000919783612
-0.000200960053
0.000808291712
-6.08626415e-05
0.000574864677
0.000222086739
-4.52979011e-05
-0.000170376497
-0.00015245397
-0.00043961614
-0.000293299647
-0.000623317503
-0.000444763145
-0.00072147515
-0.000590345849
-0.00074261113
-0.000719473326
-0.000698768418
-0.000826046331
-0.000602836974
-0.00090687825
-0.000467095343
-0.000960347645
-0.000302651687
-0.000985403185
-0.000119574151
-0.000980963137
7.25399311e-05
-0.00094573208
0.000263767934
-0.000878480041
0.000443020343
-0.000778855109
0.000597352171
-0.000648784095
0.000711689912
-0.000494403555
0.000769328951
-0.000328204134
0.000753584249
-0.000170678352
0.000650765936
-5.02806561e-05
0.000454466955
0.000171806066
-3.90621543e-05
-0.000131314298
-0.00013340377
-0.000345274522
-0.000260349975
-0.000496371353
-0.000400389014
-0.000581436164
-0.000538431234
-0.000604568889
-0.000663692774
-0.000573506792
-0.000768938008
-0.000497591685
-0.000849523068
-0.000386510326
-0.00090250098
-0.000249673866
-0.00092593416
-9.61409995e-05
-0.000918488897
6.50947423e-05
-0.000879356166
0.000224635296
-0.000808535304
0.000372199493
-0.000707505281
0.000496322079
-0.000580261734
0.000584446299
-0.000434588372
0.00062365559
-0.000283248296
0.000602244226
-0.000144573347
0.000512091035
-4.17551719e-05
0.000351648786
0.000130050872
-3.36094034e-05
-9.77048696e-05
-0.000115973468
-0.000262910411
-0.000228685858
-0.000383658976
-0.000355331159
-0.000454790933
-0.00048244854
-0.000477451557
-0.000599656678
-0.000456298615
-0.00069932471
-0.000397923558
-0.000776050435
-0.000309784556
-0.000826127621
-0.000199596739
-0.000847124183
-7.5144529e-05
-0.000837646143
5.56166856e-05
-0.000797332215
0.000184321445
-0.000727102497
0.00030196986
-0.000629656404
0.000398875994
-0.000510163481
0.000464953317
-0.000377005175
0.000490497228
-0.000242314891
0.000467553943
-0.000121978235
0.000391754419
-3.4733205e-05
0.000264403788
9.53176621e-05
-2.86575161e-05
-6.90473694e-05
-9.96602141e-05
-0.000191907649
-0.000198116964
-0.000285202179
-0.000310357535
-0.000342550389
-0.000424616088
-0.000363193084
-0.000531265941
-0.000349648804
-0.000622765473
-0.000306423971
-0.000693446598
-0.000239103333
-0.000739258766
-0.000153784538
-0.000757558032
-5.68453294e-05
-0.000747003495
4.5062064e-05
-0.000707597983
0.000144915924
-0.000640884403
0.000235256352
-0.000550277035
0.000308268699
-0.000441462324
0.000356138613
-0.000322745863
0.000371780721
-0.000205166609
0.000349974646
-0.000102185459
0.000288773267
-2.88024199e-05
0.000191020773
6.65152574e-05
-2.39812474e-05
-4.50661709e-05
-8.39974566e-05
-0.000131891407
-0.000168257072
-0.000200942486
-0.000265595441
-0.000245211977
-0.00036593557
-0.000262852996
-0.000460594526
-0.000254989933
-0.000542423581
-0.000224594948
-0.000605821328
-0.000175705522
-0.000646681692
-0.000112924082
-0.00066233934
-4.1187658e-05
-0.000651561331
3.42839908e-05
-0.000614612983
0.000107967502
-0.000553400673
0.000174044038
-0.000471663897
0.000226531984
-0.00037515398
0.000259628756
-0.000271701935
0.000268328684
-0.000171058862
0.00024933154
-8.44170863e-05
0.000202131462
-2.3599878e-05
0.000130203564
4.29153972e-05
-1.93492477e-05
-2.57169683e-05
-6.8470073e-05
-8.27706043e-05
-0.000138506764
-0.000130905745
-0.000220638042
-0.000163080617
-0.000306428362
-0.00017706264
-0.00038822874
-0.000173189606
-0.000459474206
-0.000153349563
-0.000514859849
-0.000120319901
-0.000550429795
-7.73540722e-05
-0.000563627526
-2.79898447e-05
-0.00055334839
2.40048709e-05
-0.000520016434
7.46354904e-05
-0.000465682648
0.000119710192
-0.000394114942
0.000154964275
-0.000310822987
0.000176336848
-0.000222941246
0.00018044699
-0.000138894609
0.000165284911
-6.78135209e-05
0.000131050354
-1.87621231e-05
8.11521505e-05
2.41532797e-05
-1.45055188e-05
-1.12114544e-05
-5.25211358e-05
-4.4755049e-05
-0.000108122848
-7.53040487e-05
-0.000174687799
-9.65156132e-05
-0.000245343204
-0.000106407156
-0.000313520772
-0.000105012008
-0.000373387891
-9.34824934e-05
-0.000420129457
-7.35784075e-05
-0.000450116108
-4.73674357e-05
-0.000461009082
-1.70968129e-05
-0.000451841602
1.48374579e-05
-0.000423096879
4.58907797e-05
-0.000376775973
7.33892436e-05
-0.000316426479
9.46147353e-05
-0.000247079572
0.000106989937
-0.000175030354
0.000108397805
-0.000107403049
9.76576388e-05
-5.14858384e-05
7.51331511e-05
-1.39146228e-05
4.35809258e-05
1.02386518e-05
-9.20276198e-06
-2.00865161e-06
-3.56847353e-05
-1.827313e-05
-7.64355557e-05
-3.45532882e-05
-0.000126811055
-4.61401268e-05
-0.000181408069
-5.18100892e-05
-0.000234817113
-5.16028934e-05
-0.000282132192
-4.61673936e-05
-0.000319263536
-3.64471069e-05
-0.000343116539
-2.35144897e-05
-0.00035170007
-8.51328932e-06
-0.000344207015
7.34444959e-06
-0.000321084406
2.27682227e-05
-0.000284086141
3.63909877e-05
-0.000236279538
4.68081031e-05
-0.000181958594
5.26689619e-05
-0.000126403761
5.28429708e-05
-7.5428542e-05
4.66824408e-05
-3.4681621e-05
3.43862509e-05
-8.71390383e-06
1.76132145e-05
1.52474301e-06
-3.43748415e-06
1.42888627e-06
-1.80438464e-05
-3.6667794e-06
-4.34060356e-05
-9.19114788e-06
-7.64336922e-05
-1.31125225e-05
-0.000113187182
-1.50566107e-05
-0.000149665115
-1.51249217e-05
-0.00018225152
-1.35809363e-05
-0.000207952821
-1.07457906e-05
-0.000224514092
-6.95324871e-06
-0.00023048478
-2.54263988e-06
-0.000225272663
2.13232944e-06
-0.000209197081
6.69267191e-06
-0.000183535342
1.07292838e-05
-0.000150536799
1.3809568e-05
-0.000113368296
1.55004427e-05
-7.59397705e-05
1.54144287e-05
-4.25472301e-05
1.32898998e-05
-1.72767373e-05
9.1157702e-06
-3.10385426e-06
3.44034175e-06
-1.57911109e-06
1.42892372e-06
-2.23781095e-06
-1.14289335e-05
-2.45414712e-05
-3.95981198e-05
-5.47230636e-05
-6.83039845e-05
-7.90497391e-05
-8.60029677e-05
-8.85456198e-05
-8.64133176e-05
-7.97206589e-05
-6.89913638e-05
-5.51817739e-05
-3.96813188e-05
-2.42668926e-05
-1.09770011e-05
-1.86123431e-06
1.57910973e-06
)
;

boundaryField
{
    walls
    {
        type            calculated;
        value           uniform 0;
    }
    mov_wall
    {
        type            calculated;
        value           uniform 0;
    }
    empty
    {
        type            empty;
        value           nonuniform 0();
    }
}


// ************************************************************************* //
