/*--------------------------------*- C++ -*----------------------------------*\
| =========                 |                                                 |
| \\      /  F ield         | OpenFOAM: The Open Source CFD Toolbox           |
|  \\    /   O peration     | Version:  5.x                                   |
|   \\  /    A nd           | Web:      www.OpenFOAM.org                      |
|    \\/     M anipulation  |                                                 |
\*---------------------------------------------------------------------------*/
FoamFile
{
    version     2.0;
    format      ascii;
    class       volVectorField;
    location    "4.8";
    object      U;
}
// * * * * * * * * * * * * * * * * * * * * * * * * * * * * * * * * * * * * * //

dimensions      [0 1 -1 0 0 0 0];

internalField   nonuniform List<vector> 
400
(
(0.291698368 0.149643877 0)
(0.388187082 0.128007724 0)
(0.55761603 0.0757318389 0)
(0.674785684 0.0433044448 0)
(0.743766585 0.0251591089 0)
(0.787075015 0.0148802994 0)
(0.815462952 0.0089309217 0)
(0.833939555 0.00530992724 0)
(0.845365459 0.00289956119 0)
(0.851349264 0.00108485378 2.66526941e-34)
(0.852640748 -0.000502851993 -2.66526941e-34)
(0.849354289 -0.0021607207 0)
(0.840973367 -0.00421710704 0)
(0.826113772 -0.00722098644 0)
(0.802020427 -0.0122365 0)
(0.763538947 -0.0213892088 0)
(0.699488889 -0.0388386157 0)
(0.584557331 -0.0722732774 0)
(0.407900531 -0.128436311 0)
(0.300688066 -0.152947538 0)
(0.00120414772 0.287432485 0)
(0.0133208987 0.293872174 0)
(0.140044397 0.20990488 0)
(0.264971555 0.142986178 0)
(0.364177718 0.0968019955 0)
(0.440120048 0.0654411289 0)
(0.496541025 0.0439762546 0)
(0.536691054 0.028701156 0)
(0.563274455 0.0170798535 0)
(0.578137337 0.00742308805 0)
(0.582210284 -0.00150100992 0)
(0.575515248 -0.0107977545 0)
(0.557109242 -0.0217346548 0)
(0.524912989 -0.0361396939 0)
(0.475518406 -0.056963496 0)
(0.404326006 -0.0889771488 0)
(0.305687295 -0.139150755 0)
(0.174497786 -0.215275205 0)
(0.0341065783 -0.310801161 0)
(0.0108691533 -0.305909066 0)
(-0.0321467766 0.241773959 0)
(-0.0634303965 0.333547198 0)
(-0.0219362386 0.299502518 0)
(0.0505995937 0.240051685 0)
(0.127397357 0.183020821 0)
(0.196818591 0.135454535 0)
(0.254167088 0.0974523501 0)
(0.298088285 0.0668891736 0)
(0.328665661 0.0413758238 0)
(0.346307815 0.0187814612 -2.35797142e-33)
(0.351211308 -0.00280948887 2.35797142e-33)
(0.343126745 -0.0252950439 0)
(0.321277573 -0.050829948 0)
(0.284432891 -0.0820948338 0)
(0.231328812 -0.122479776 0)
(0.161916762 -0.175658038 0)
(0.0798350226 -0.243208453 0)
(-0.00333734234 -0.31798196 0)
(-0.0578531381 -0.366363504 0)
(-0.0313893232 -0.270690679 0)
(-0.02612042 0.182361592 0)
(-0.0666192923 0.316884162 0)
(-0.0735378054 0.330901765 0)
(-0.0481307468 0.295352929 0)
(-0.00567220031 0.244253521 0)
(0.0411124567 0.192431755 0)
(0.0845450936 0.145095051 0)
(0.120424317 0.103006636 0)
(0.146585229 0.0651543649 0)
(0.161925464 0.0298884067 2.35546682e-33)
(0.165812809 -0.00469432006 -2.35546682e-33)
(0.157798798 -0.0406696144 0)
(0.137586494 -0.0803027358 0)
(0.105285203 -0.125979582 0)
(0.062090017 -0.179774811 0)
(0.0116092642 -0.242029717 0)
(-0.0380283771 -0.307764351 0)
(-0.0720490917 -0.359579365 0)
(-0.0711639186 -0.355585636 0)
(-0.0287210579 -0.209178583 0)
(-0.0176296848 0.140767924 0)
(-0.0549165517 0.281827224 0)
(-0.0828630081 0.324484383 0)
(-0.0880762442 0.312396818 0)
(-0.0751197126 0.274441995 0)
(-0.0526276459 0.226778441 0)
(-0.0275118628 0.177302831 0)
(-0.00458010387 0.129145435 0)
(0.0130234748 0.0829123662 0)
(0.0233567789 0.037933032 -2.9454568e-34)
(0.0253097329 -0.00710139438 2.9454568e-34)
(0.018415201 -0.0537995179 0)
(0.00288698241 -0.103801255 0)
(-0.0200872068 -0.158367935 0)
(-0.0477708037 -0.217530726 0)
(-0.0750614669 -0.278347557 0)
(-0.0936267104 -0.331694802 0)
(-0.0922270527 -0.357398864 0)
(-0.0635074645 -0.318879886 0)
(-0.020731259 -0.162076724 0)
(-0.011654281 0.111592255 0)
(-0.0431522032 0.243765282 0)
(-0.0782840024 0.299859423 0)
(-0.100579273 0.305000848 0)
(-0.108310607 0.280421278 0)
(-0.105716525 0.240369193 0)
(-0.0975361872 0.19327778 0)
(-0.0877934566 0.143545383 0)
(-0.0795352005 0.0930260838 0)
(-0.0748272321 0.0420752346 0)
(-0.0748481494 -0.00975925877 0)
(-0.079934589 -0.0632506172 0)
(-0.0895000245 -0.119033268 0)
(-0.101812876 -0.176993437 0)
(-0.113690955 -0.235297919 0)
(-0.120284791 -0.288849076 0)
(-0.11523703 -0.327084786 0)
(-0.0922711135 -0.33156655 0)
(-0.0521876237 -0.275119686 0)
(-0.0142847836 -0.127260095 0)
(-0.00803185815 0.0899680208 0)
(-0.0343052863 0.207876706 0)
(-0.0703686622 0.267741373 0)
(-0.100959321 0.283509163 0)
(-0.12150912 0.269753794 0)
(-0.13306198 0.237807855 0)
(-0.138135852 0.195384132 0)
(-0.139450251 0.147216502 0)
(-0.13936567 0.0958906942 0)
(-0.139599239 0.0425957657 0)
(-0.141114128 -0.0122625672 0)
(-0.144054679 -0.0685401676 0)
(-0.147657215 -0.125824591 0)
(-0.1501406 -0.182787197 0)
(-0.148667741 -0.236314549 0)
(-0.139565533 -0.280390167 0)
(-0.119015762 -0.30490055 0)
(-0.0848747446 -0.294957288 0)
(-0.0422046445 -0.232154475 0)
(-0.0100065892 -0.100709812 0)
(-0.00589819246 0.0731569055 0)
(-0.0280514444 0.175459933 0)
(-0.0624620801 0.23345498 0)
(-0.0961931116 0.254650707 0)
(-0.123784293 0.24866239 0)
(-0.144336458 0.22397833 0)
(-0.158622054 0.187072462 0)
(-0.168069559 0.142434112 0)
(-0.174171014 0.0929433501 0)
(-0.178091652 0.0403533126 0)
(-0.180456268 -0.0142245191 0)
(-0.181230021 -0.0698446793 0)
(-0.179647315 -0.125225756 0)
(-0.174205199 -0.178177557 0)
(-0.162809066 -0.224940944 0)
(-0.143212557 -0.259512829 0)
(-0.113841643 -0.273201303 0)
(-0.0753166241 -0.254896367 0)
(-0.0343189004 -0.192925779 0)
(-0.00728498534 -0.0799917701 0)
(-0.00459312408 0.0595160174 0)
(-0.0235441736 0.14654262 0)
(-0.0553429964 0.199662161 0)
(-0.0893196746 0.222701645 0)
(-0.120051817 0.22181943 0)
(-0.145609094 0.203131842 0)
(-0.165570662 0.171796554 0)
(-0.180317114 0.131775631 0)
(-0.190531083 0.0859405153 0)
(-0.196813734 0.0363510197 2.9771163e-34)
(-0.1994489 -0.0153915341 -2.9771163e-34)
(-0.198275639 -0.0677566401 0)
(-0.192646167 -0.118867801 0)
(-0.18148936 -0.166059309 0)
(-0.163546088 -0.205440865 0)
(-0.137858725 -0.231577783 0)
(-0.104503394 -0.237504901 0)
(-0.06566373 -0.215386225 0)
(-0.0281738025 -0.158249846 0)
(-0.00551069197 -0.0634668227 0)
(-0.00373314257 0.0480883447 0)
(-0.0201212353 0.1208394 0)
(-0.0490153942 0.167676443 0)
(-0.0816389843 0.190287504 0)
(-0.112989449 0.19248766 0)
(-0.140680557 0.178557144 4.67988267e-33)
(-0.163557394 0.152465458 0)
(-0.181246292 0.117554997 0)
(-0.193784187 0.0765047419 -4.74064027e-33)
(-0.201296976 0.0314710005 2.26593385e-36)
(-0.203789192 -0.0156743839 4.98648947e-36)
(-0.201035365 -0.0630555862 0)
(-0.192565937 -0.108481582 0)
(-0.177765525 -0.149141432 0)
(-0.156124914 -0.181360928 0)
(-0.127679782 -0.200524257 0)
(-0.0935645663 -0.201318528 0)
(-0.0566770434 -0.178463967 0)
(-0.0233146685 -0.128090141 0)
(-0.00429570646 -0.0500435369 0)
(-0.00311503818 0.0383306385 0)
(-0.0173631133 0.0980508563 0)
(-0.0433176226 0.138129967 0)
(-0.0737180827 0.158979199 0)
(-0.104104457 0.162838228 0)
(-0.131970531 0.15261819 -4.67988267e-33)
(-0.155761609 0.131295714 0)
(-0.174612863 0.101603282 0)
(-0.188100229 0.0659289908 4.74064027e-33)
(-0.19599743 0.0263693602 1.49106921e-33)
(-0.198111614 -0.0151233129 -1.49832164e-33)
(-0.194204006 -0.0565442329 0)
(-0.183996557 -0.0956260305 0)
(-0.167277178 -0.129654843 0)
(-0.144124403 -0.15536892 0)
(-0.115252469 -0.169022499 0)
(-0.0823814073 -0.166713886 0)
(-0.0485941003 -0.145040219 0)
(-0.0193975943 -0.102103344 0)
(-0.00342090934 -0.0390050012 0)
(-0.00263393308 0.0299262676 0)
(-0.0150226181 0.0779301359 0)
(-0.0380974191 0.111311116 0)
(-0.0658175726 0.129695794 0)
(-0.0942794826 0.134263877 0)
(-0.121044031 0.126925347 0)
(-0.144383604 0.10986058 0)
(-0.163148979 0.0852480564 0)
(-0.17661951 0.0551416405 0)
(-0.184335485 0.0214703113 2.99742797e-34)
(-0.185982947 -0.0138813664 -2.99742797e-34)
(-0.181343675 -0.048951535 0)
(-0.170313957 -0.0815745459 0)
(-0.152999249 -0.109289263 0)
(-0.12989161 -0.129330738 0)
(-0.102114509 -0.138764251 0)
(-0.0716393851 -0.134816142 0)
(-0.0414365941 -0.115407286 0)
(-0.0161843462 -0.0798582179 0)
(-0.00276403177 -0.0298606563 0)
(-0.00223473568 0.0226800228 0)
(-0.0129541225 0.0602838633 0)
(-0.0332381421 0.0873308453 0)
(-0.0580555269 0.102954505 0)
(-0.0840353873 0.10762182 0)
(-0.108906093 0.102520707 0)
(-0.130914082 0.0892086543 0)
(-0.148775827 0.0693818771 0)
(-0.161603544 0.0447501734 0)
(-0.168801292 0.0170067344 3.00137374e-34)
(-0.169993556 -0.012137219 -3.00137374e-34)
(-0.16499968 -0.0408861827 0)
(-0.153857534 -0.0672953713 0)
(-0.136899075 -0.0892416975 0)
(-0.114876634 -0.104468697 0)
(-0.0891189118 -0.11074442 0)
(-0.0616328502 -0.106158121 0)
(-0.0351269782 -0.0895353388 0)
(-0.0135037418 -0.0609264407 0)
(-0.00225327126 -0.0222578241 0)
(-0.00188545853 0.0164662511 0)
(-0.0110624857 0.0449645397 0)
(-0.0286411374 0.0662105138 0)
(-0.0504611217 0.0790278284 0)
(-0.0736531632 0.0834123349 0)
(-0.0961641871 0.0800414862 0)
(-0.116305926 0.0699953562 0)
(-0.13276334 0.0545610926 0)
(-0.144575594 0.0351143732 0)
(-0.15108243 0.0130747425 0)
(-0.151887896 -0.0100881542 0)
(-0.146853013 -0.0328250833 0)
(-0.13611951 -0.0534823567 0)
(-0.120164253 -0.070309851 0)
(-0.0998793343 -0.0815299425 0)
(-0.0766571187 -0.085492133 0)
(-0.0524122139 -0.0809235397 0)
(-0.0295300382 -0.0672469539 0)
(-0.0112185751 -0.0449266655 0)
(-0.00184129769 -0.0159381042 0)
(-0.00156252168 0.011207745 0)
(-0.00926988657 0.0318705324 0)
(-0.0242025204 0.0479368776 0)
(-0.0429884385 0.0580490803 0)
(-0.0632319078 0.0619115099 0)
(-0.0831208707 0.0598559208 0)
(-0.101086256 0.0526055505 0)
(-0.115849138 0.0411071705 0)
(-0.126440926 0.0264236384 0)
(-0.132187232 0.0096856176 0)
(-0.132697629 -0.00791670783 0)
(-0.127870721 -0.0251250502 0)
(-0.117915465 -0.0406102778 0)
(-0.103386537 -0.0529974543 0)
(-0.0852272509 -0.0609386961 0)
(-0.0648019843 -0.0632496841 0)
(-0.0438652616 -0.0591133819 0)
(-0.0244675031 -0.0483249901 0)
(-0.00920309599 -0.0315520084 0)
(-0.001490885 -0.0107193792 0)
(-0.0012426939 0.00687236775 0)
(-0.00749727035 0.020953934 0)
(-0.0197996826 0.0325014268 0)
(-0.0355241944 0.0400873029 0)
(-0.0527239568 0.043271772 0)
(-0.0698330994 0.0421741915 0)
(-0.0854326601 0.0372606198 0)
(-0.0983251783 0.029199144 0)
(-0.107580791 0.0187673574 0)
(-0.11254672 0.00680864912 0)
(-0.112854329 -0.00578010197 0)
(-0.108431627 -0.0180487513 0)
(-0.0995214524 -0.0289997734 0)
(-0.0867021731 -0.0376160676 0)
(-0.0709039806 -0.0429246754 0)
(-0.053405492 -0.0441071851 0)
(-0.0357703057 -0.0406592841 0)
(-0.0197281034 -0.0325810767 0)
(-0.00733072972 -0.0205903312 0)
(-0.00116697696 -0.00649226942 0)
(-0.000899881344 0.00347704767 0)
(-0.00566093314 0.0122244276 0)
(-0.0152978537 0.0199179357 0)
(-0.0279091992 0.0251886505 0)
(-0.0419708347 0.027585933 0)
(-0.0561592742 0.0271262786 0)
(-0.0692274768 0.0240986799 0)
(-0.0800968203 0.0189454324 0)
(-0.0879159989 0.0121895887 0)
(-0.0920844235 0.00440206328 0)
(-0.0922681484 -0.00380767326 0)
(-0.0884155083 -0.0117927584 0)
(-0.0807724893 -0.0188748715 0)
(-0.0698942074 -0.0243659736 0)
(-0.0566454583 -0.027615195 0)
(-0.0421770526 -0.0280887057 0)
(-0.0278468983 -0.0254864162 0)
(-0.0150887313 -0.0198866081 0)
(-0.00547449391 -0.0119313549 0)
(-0.000833547412 -0.00322197473 0)
(-0.000507504033 0.00108921423 0)
(-0.00368888773 0.005740144 0)
(-0.0105872278 0.0102223794 0)
(-0.0199879456 0.0134022093 0)
(-0.0307552995 0.0149400925 0)
(-0.0418076537 0.0148327215 0)
(-0.0521004693 0.0132501907 0)
(-0.0607205904 0.0104516846 0)
(-0.0669425859 0.0067388159 0)
(-0.0702538344 0.00243727946 0)
(-0.0703711901 -0.00210635353 0)
(-0.0672558382 -0.00652338468 0)
(-0.0611263876 -0.0104252486 0)
(-0.052466496 -0.0134154668 0)
(-0.0420201092 -0.015116712 0)
(-0.0307626648 -0.0152183527 0)
(-0.0198243298 -0.013549406 0)
(-0.0103615206 -0.010176165 0)
(-0.00352670038 -0.00555507294 0)
(-0.000456469923 -0.000945965309 0)
(-6.44872246e-05 -0.000176236266 0)
(-0.00159898182 0.0016366239 0)
(-0.00569518505 0.00359860573 0)
(-0.0117199337 0.00501067774 0)
(-0.0188880549 0.00571684174 0)
(-0.0263913916 0.00573382577 0)
(-0.0334549861 0.00514772371 0)
(-0.0394084971 0.00407327333 0)
(-0.0437225464 0.00263489537 0)
(-0.0460238865 0.000961860903 0)
(-0.0461058275 -0.000810108219 0)
(-0.0439388731 -0.0025359914 0)
(-0.039681382 -0.00406056074 0)
(-0.0336869538 -0.00522175214 0)
(-0.0265027357 -0.00586030279 0)
(-0.0188496266 -0.00583829634 0)
(-0.0115675443 -0.00507039554 0)
(-0.00551559653 -0.00357095439 0)
(-0.00148203434 -0.00155258654 0)
(-3.10928808e-05 0.000233978327 0)
(0.000261397756 -0.000255576223 0)
(0.000151445543 0.000102076619 0)
(-0.00117494747 0.000547418585 0)
(-0.00348062937 0.000863516927 0)
(-0.00637558525 0.00102207623 0)
(-0.00946687697 0.00103797473 0)
(-0.0124000381 0.000936217804 0)
(-0.0148817754 0.000743063616 0)
(-0.0166860971 0.000483182635 0)
(-0.0176547243 0.000180088644 1.083002e-33)
(-0.0176985222 -0.000142309751 -1.083002e-33)
(-0.0168014889 -0.000458220282 0)
(-0.0150266303 -0.000739019546 0)
(-0.0125218996 -0.000953243411 0)
(-0.00952354723 -0.00106773072 0)
(-0.00635302301 -0.00105052522 0)
(-0.00340015002 -0.00087678832 0)
(-0.00108361595 -0.000539616599 0)
(0.000206110667 -8.2514589e-05 0)
(0.000274563769 0.000266745736 0)
)
;

boundaryField
{
    walls
    {
        type            fixedValue;
        value           uniform (0 0 0);
    }
    mov_wall
    {
        type            fixedValue;
        value           uniform (1 0 0);
    }
    empty
    {
        type            empty;
    }
}


// ************************************************************************* //
