/*--------------------------------*- C++ -*----------------------------------*\
| =========                 |                                                 |
| \\      /  F ield         | OpenFOAM: The Open Source CFD Toolbox           |
|  \\    /   O peration     | Version:  5.x                                   |
|   \\  /    A nd           | Web:      www.OpenFOAM.org                      |
|    \\/     M anipulation  |                                                 |
\*---------------------------------------------------------------------------*/
FoamFile
{
    version     2.0;
    format      ascii;
    class       volScalarField;
    location    "9.9";
    object      p;
}
// * * * * * * * * * * * * * * * * * * * * * * * * * * * * * * * * * * * * * //

dimensions      [0 2 -2 0 0 0 0];

internalField   nonuniform List<scalar> 
400
(
2.92785469e-07
2.45245918
3.49432278
3.89887891
4.10664686
4.22470636
4.29429104
4.3402779
4.37633837
4.41011046
4.4467594
4.49091432
4.54765399
4.62448905
4.73479723
4.9045957
5.18237937
5.68420076
6.84131534
9.41172435
1.88670491
2.86728899
3.41988319
3.74774346
3.9651804
4.10974685
4.20767391
4.27899189
4.33674444
4.38961274
4.44424491
4.50657144
4.58333305
4.68329735
4.81972585
5.0136786
5.29402184
5.69846859
6.33841511
7.42837083
2.98207733
3.26252975
3.54233068
3.77067916
3.94570526
4.07571532
4.1732252
4.25000288
4.31527522
4.37623552
4.43892464
4.50902113
4.59257465
4.6967823
4.8308497
5.00663773
5.23632123
5.52393879
5.86049029
6.19823708
3.52778372
3.58534231
3.72178497
3.86537634
3.98906366
4.0908319
4.17460977
4.24571353
4.30952648
4.37102274
4.43477415
4.50520388
4.58678797
4.68425412
4.80245076
4.94569226
5.11574895
5.30514747
5.47833649
5.55963848
3.84421664
3.82687998
3.88517935
3.9693825
4.05221932
4.12779054
4.19566811
4.25747727
4.31592239
4.37409181
4.43506462
4.50185709
4.57733061
4.66400554
4.76350355
4.87551059
4.99635861
5.11480137
5.19584544
5.18371532
4.04550061
4.00365828
4.02142553
4.06784931
4.12138187
4.17574045
4.2288543
4.28053716
4.33185958
4.38449116
4.4402705
4.50096758
4.56804824
4.64232579
4.7233258
4.80836589
4.8918063
4.96267747
4.9930801
4.94680741
4.18058518
4.13383031
4.13183821
4.15536795
4.1888329
4.22706611
4.26772643
4.30987119
4.35363671
4.39973069
4.44903778
4.50233637
4.56001838
4.62172117
4.68578477
4.74862541
4.80455926
4.84466521
4.84862407
4.79367944
4.27565792
4.23084187
4.21965943
4.22967364
4.24984506
4.27635402
4.3071217
4.3409821
4.37757782
4.41699831
4.45945077
4.50499569
4.55328472
4.6032486
4.65270432
4.69801056
4.734258
4.75484621
4.74555992
4.69204158
4.34467338
4.30373032
4.28862828
4.2908268
4.30237545
4.32057084
4.34372927
4.3707011
4.4008923
4.43401472
4.46982748
4.50791702
4.54748287
4.58710841
4.62451268
4.65641248
4.67889283
4.68733245
4.67187861
4.62321591
4.39525836
4.35850359
4.34215639
4.33995736
4.34598825
4.35836031
4.37576006
4.39714415
4.42182448
4.44929779
4.47904983
4.51038597
4.54227338
4.57319175
4.60099953
4.6229253
4.63599481
4.63709145
4.61932391
4.57637688
4.43196259
4.39925662
4.38305343
4.3785096
4.38106485
4.38939502
4.40248627
4.41942336
4.43950106
4.46210784
4.48658128
4.51208575
4.5375069
4.56136787
4.58177523
4.59648032
4.60329352
4.60017255
4.58220479
4.54489293
4.4577755
4.42889464
4.41357923
4.40794381
4.40837856
4.41394622
4.42386302
4.43733731
4.45368701
4.47226006
4.49232989
4.51301272
4.53320544
4.55155034
4.56643202
4.57606946
4.57888464
4.57357359
4.55655416
4.52447693
4.47482653
4.44957234
4.4355602
4.42961941
4.42885195
4.43259267
4.44023443
4.45109733
4.46454173
4.47991462
4.49647631
4.51334934
4.52949005
4.54368745
4.5545908
4.56080976
4.56122622
4.55503493
4.53957221
4.51225834
4.48472954
4.46295833
4.450492
4.4447503
4.44341555
4.44602782
4.45212153
4.4611164
4.4724217
4.48540213
4.49932974
4.51335799
4.52651879
4.53774521
4.545917
4.54995812
4.54909259
4.54285601
4.52925436
4.50627086
4.48877309
4.47040174
4.45961973
4.45439241
4.45292623
4.45493581
4.46007776
4.46786096
4.47774076
4.48910173
4.50123145
4.51331564
4.52445502
4.53370518
4.54013365
4.54291189
4.54152205
4.53574758
4.52413354
4.50513469
4.48806035
4.47305606
4.46400845
4.45945428
4.45813014
4.45992306
4.46460432
4.47176192
4.4808862
4.49136955
4.50250142
4.51348222
4.52345718
4.53157003
4.53702959
4.53919855
4.53776136
4.5327068
4.52308258
4.50782022
4.48366743
4.47200946
4.46463996
4.46076186
4.459701
4.46153613
4.46615252
4.47320511
4.4821999
4.49251326
4.50340872
4.5140691
4.52364637
4.53132807
4.53641479
4.53841159
4.53716942
4.53287731
4.52512549
4.51341523
4.4768546
4.4683869
4.46242852
4.45901498
4.45816144
4.46016927
4.46503417
4.47245654
4.48192705
4.49276953
4.50418046
4.51527944
4.52517363
4.53303804
4.53820713
4.54027735
4.53923812
4.53549756
4.52928678
4.52085528
4.46928521
4.46319361
4.45767354
4.45396731
4.45292134
4.45508857
4.46054223
4.46896757
4.47977023
4.49214819
4.50515334
4.51775762
4.52893034
4.53773347
4.54343363
4.54563009
4.54440352
4.54041528
4.5346982
4.52866516
4.46344814
4.45752233
4.45036978
4.44492627
4.44290273
4.44509481
4.4515668
4.46187209
4.47521398
4.49055029
4.50667153
4.52227525
4.53605266
4.54679865
4.55355127
4.55576459
4.55351945
4.54774859
4.54035071
4.53446131
)
;

boundaryField
{
    walls
    {
        type            zeroGradient;
    }
    mov_wall
    {
        type            zeroGradient;
    }
    empty
    {
        type            empty;
    }
}


// ************************************************************************* //
