/*--------------------------------*- C++ -*----------------------------------*\
| =========                 |                                                 |
| \\      /  F ield         | OpenFOAM: The Open Source CFD Toolbox           |
|  \\    /   O peration     | Version:  5.x                                   |
|   \\  /    A nd           | Web:      www.OpenFOAM.org                      |
|    \\/     M anipulation  |                                                 |
\*---------------------------------------------------------------------------*/
FoamFile
{
    version     2.0;
    format      ascii;
    class       surfaceScalarField;
    location    "9.9";
    object      phi;
}
// * * * * * * * * * * * * * * * * * * * * * * * * * * * * * * * * * * * * * //

dimensions      [0 3 -1 0 0 0 0];

internalField   nonuniform List<scalar> 
760
(
0.00134817686
-0.00134817699
0.0024576399
-0.00110946304
0.00313513476
-0.000677494868
0.00355971577
-0.000424581025
0.00383225133
-0.000272535582
0.00400945216
-0.000177200827
0.00412521452
-0.00011576233
0.0041992171
-7.40025652e-05
0.00424243238
-4.32152879e-05
0.0042605536
-1.81212394e-05
0.00425562235
4.93123737e-06
0.00422675777
2.88645907e-05
0.00416938941
5.73683922e-05
0.00407358507
9.58043471e-05
0.00391995095
0.000153634092
0.00367201929
0.000247931638
0.00326316021
0.00040885908
0.00257264076
0.000690519485
0.00140850173
0.00116413905
0.00140850173
-5.46951502e-05
-0.00129348185
0.00041259277
-0.00157675095
0.00103002992
-0.00129493199
0.00157871397
-0.000973265064
0.00201483276
-0.000708654397
0.00234477729
-0.000507145383
0.00258511633
-0.000356101372
0.00275126944
-0.000240155645
0.00285456783
-0.000146513657
0.00290179535
-6.53487651e-05
0.00289536661
1.1359949e-05
0.00283293035
9.13008238e-05
0.00270712574
0.000183173025
0.00250436376
0.000298566355
0.00220410991
0.000453887956
0.00178090174
0.000671139788
0.00121756799
0.000972192798
0.000552812545
0.00135527491
1.30664685e-05
0.00170388513
0.00142156822
-0.000271734606
-0.00102174725
-0.000221026529
-0.00162745903
7.13678768e-05
-0.00158732638
0.000446285734
-0.00134818289
0.000812489761
-0.00107485842
0.00112929932
-0.000823954968
0.00138207833
-0.000608880415
0.00156800789
-0.000426085196
0.00168837699
-0.000266882722
0.00174468458
-0.00012165633
0.00173678979
1.92547231e-05
0.00166213442
0.000165956157
0.00151571287
0.000329594561
0.00129125424
0.000523025012
0.000985011715
0.000760130516
0.000605009676
0.00105114183
0.000189850713
0.00138735173
-0.000160045091
0.00170517069
-0.000261640647
0.00180548068
0.00115992759
-0.000227941555
-0.0007938057
-0.00036119729
-0.00149420332
-0.000308328187
-0.00164019548
-0.000134821157
-0.00152168989
8.92094526e-05
-0.001298889
0.00031497193
-0.00104971745
0.000513263029
-0.000807171553
0.00066830002
-0.00058112221
0.000771990335
-0.000370573014
0.000820036153
-0.000169702105
0.000809727697
2.95631897e-05
0.000739201042
0.000236482777
0.000607935654
0.000460859912
0.000419110857
0.000711849816
0.000184524337
0.000994717077
-6.71911487e-05
0.00130285734
-0.000280617527
0.0016007781
-0.000369418484
0.00179397162
-0.00024699365
0.00168305583
0.000912933964
-0.00016896519
-0.000624840494
-0.000352016167
-0.00131115237
-0.000431557677
-0.001560654
-0.000408908967
-0.00154433859
-0.000319435137
-0.00138836279
-0.000200095121
-0.00116905745
-7.98100382e-05
-0.000927456661
2.15782571e-05
-0.000682510552
9.14286865e-05
-0.000440423454
0.0001221354
-0.000200408776
0.000109757241
4.19413917e-05
5.36457544e-05
0.000292594254
-4.27490057e-05
0.000557254623
-0.000169694058
0.000838794839
-0.000307652443
0.00113267549
-0.00042346861
0.00141867355
-0.000470024846
0.00164733435
-0.000397824814
0.00172177156
-0.000196431038
0.00148166203
0.000716502931
-0.000124192112
-0.000500648354
-0.000308335614
-0.00112700888
-0.000450494098
-0.00141849555
-0.000523204028
-0.00147162868
-0.000535391051
-0.00137617574
-0.000508160775
-0.00119628767
-0.00046315683
-0.000972460593
-0.000418060911
-0.000727606516
-0.000385619024
-0.000472865389
-0.000373912081
-0.000212115709
-0.000386727903
5.47572726e-05
-0.00042345945
0.000329325834
-0.000478356343
0.000612151485
-0.000539178283
0.000899616723
-0.000585818905
0.00117931609
-0.000590512338
0.00142336703
-0.000523085109
0.00157990716
-0.000366699061
0.00156538552
-0.00015058598
0.00126554892
0.000565916933
-9.45729202e-05
-0.00040607541
-0.000264649713
-0.000956932071
-0.000430738366
-0.00125240693
-0.000556976951
-0.00134539015
-0.000636793235
-0.00129635947
-0.00067814175
-0.00115493911
-0.000693943871
-0.000956658418
-0.000696929187
-0.000724621207
-0.000697274047
-0.000472520592
-0.000701661781
-0.000207728015
-0.000712860719
6.59562452e-05
-0.000729336326
0.000345801508
-0.000744753757
0.000627568934
-0.000747580284
0.0009024432
-0.000721469921
0.00115320568
-0.000647843414
0.00134974052
-0.000512876918
0.00144494071
-0.000321206256
0.0013737149
-0.000116485683
0.00106082835
0.000449431221
-7.53437438e-05
-0.000330731665
-0.000228206793
-0.000804068981
-0.000398353625
-0.00108226008
-0.00055053951
-0.0011932043
-0.000670626472
-0.00117627256
-0.000757578362
-0.00106798722
-0.000816784788
-0.000897451927
-0.000855587385
-0.000685818562
-0.000880624256
-0.000447483752
-0.000896360333
-0.000191992013
-0.000904270118
7.38660043e-05
-0.00090236031
0.000343891757
-0.000884972163
0.000610180856
-0.000843104116
0.000860575155
-0.000765820185
0.00107592168
-0.000643664763
0.00122758505
-0.00047510396
0.00127637992
-0.000276309841
0.00117492082
-9.21328442e-05
0.000876651382
0.000357298364
-6.22883339e-05
-0.000268443359
-0.000198541323
-0.000667815953
-0.00036289362
-0.000917907739
-0.000523850685
-0.00103224724
-0.000664415222
-0.00103570808
-0.000778128951
-0.000954273539
-0.00086481219
-0.000810768661
-0.000927165439
-0.000623465234
-0.000968399622
-0.000406249533
-0.000990721185
-0.000169670505
-0.000994436392
7.75811327e-05
-0.000977525772
0.00032698113
-0.000935694994
0.00056835015
-0.000863101193
0.000787981418
-0.000754123122
0.000966943602
-0.000606626309
0.00108008817
-0.000426950433
0.001096704
-0.000236038306
0.000984008701
-7.43490195e-05
0.00071496213
0.000282949359
-5.27689979e-05
-0.000215674403
-0.000173812817
-0.000546772129
-0.000327557396
-0.000764163104
-0.000486865937
-0.000872938649
-0.00063438015
-0.00088819389
-0.000760757865
-0.000827895901
-0.0008621167
-0.000709409869
-0.000937654771
-0.000547927114
-0.000987783183
-0.000356121034
-0.0010128239
-0.000144629767
-0.00101222275
7.69799045e-05
-0.000984240733
0.000298999039
-0.000926163097
0.000510272522
-0.000835158802
0.000696977201
-0.000709976048
0.000841760904
-0.0005535973
0.000923709408
-0.000376676985
0.000919783628
-0.00020096007
0.00080829175
-6.0862641e-05
0.000574864707
0.000222086746
-4.52979354e-05
-0.000170376493
-0.000152454007
-0.000439616095
-0.000293299639
-0.000623317452
-0.000444763087
-0.000721475131
-0.000590345793
-0.000742611138
-0.000719473326
-0.000698768408
-0.000826046369
-0.000602836912
-0.000906878254
-0.000467095257
-0.00096034758
-0.000302651638
-0.000985403101
-0.00011957416
-0.000980963107
7.25399104e-05
-0.00094573211
0.000263767959
-0.00087848007
0.000443020414
-0.000778855088
0.000597352237
-0.00064878404
0.00071168993
-0.000494403514
0.00076932893
-0.000328204132
0.000753584232
-0.000170678373
0.000650765945
-5.02806734e-05
0.000454466982
0.000171806087
-3.90621597e-05
-0.000131314319
-0.000133403811
-0.0003452745
-0.000260350008
-0.000496371294
-0.000400388993
-0.000581436114
-0.000538431168
-0.000604568882
-0.000663692729
-0.000573506811
-0.000768938027
-0.000497591674
-0.000849523114
-0.000386510259
-0.000902500979
-0.000249673785
-0.000925934092
-9.61409643e-05
-0.000918488825
6.5094722e-05
-0.000879356152
0.000224635273
-0.00080853534
0.000372199519
-0.000707505308
0.000496322147
-0.000580261716
0.000584446358
-0.000434588326
0.000623655606
-0.000283248265
0.00060224421
-0.000144573348
0.000512091019
-4.17551885e-05
0.000351648791
0.000130050888
-3.36093733e-05
-9.77048983e-05
-0.000115973482
-0.00026291042
-0.000228685907
-0.000383658939
-0.000355331188
-0.000454790868
-0.000482448507
-0.000477451513
-0.00059965661
-0.000456298621
-0.000699324679
-0.000397923583
-0.00077605047
-0.000309784542
-0.000826127669
-0.00019959667
-0.000847124175
-7.51444535e-05
-0.000837646077
5.56167106e-05
-0.000797332155
0.000184321419
-0.000727102493
0.000301969837
-0.000629656439
0.000398876017
-0.000510163505
0.000464953375
-0.000377005161
0.000490497279
-0.000242314857
0.000467553958
-0.000121978213
0.000391754407
-3.47332042e-05
0.000264403776
9.53176622e-05
-2.86574709e-05
-6.90473822e-05
-9.96601902e-05
-0.000191907676
-0.000198116991
-0.00028520218
-0.00031035759
-0.000342550345
-0.00042461611
-0.000363193018
-0.000531265898
-0.000349648769
-0.000622765408
-0.000306423988
-0.000693446582
-0.000239103362
-0.000739258811
-0.000153784522
-0.000757558076
-5.68452623e-05
-0.000747003482
4.50621313e-05
-0.000707597923
0.000144915942
-0.000640884355
0.000235256326
-0.000550277035
0.000308268678
-0.000441462355
0.000356138631
-0.000322745883
0.000371780767
-0.000205166599
0.000349974686
-0.000102185435
0.000288773281
-2.88024039e-05
0.000191020766
6.65152468e-05
-2.39812199e-05
-4.50661558e-05
-8.39974133e-05
-0.000131891424
-0.000168257059
-0.000200942514
-0.00026559548
-0.000245211975
-0.000365935627
-0.000262852947
-0.000460594538
-0.000254989871
-0.000542423533
-0.000224594923
-0.000605821272
-0.000175705546
-0.000646681687
-0.000112924111
-0.000662339386
-4.11876421e-05
-0.00065156137
3.42840518e-05
-0.000614612969
0.00010796756
-0.000553400622
0.000174044051
-0.000471663859
0.000226531961
-0.000375153981
0.000259628737
-0.000271701959
0.000268328695
-0.000171058876
0.000249331574
-8.44170788e-05
0.000202131491
-2.35998628e-05
0.000130203573
4.29153903e-05
-1.93492573e-05
-2.57169358e-05
-6.84700442e-05
-8.27705956e-05
-0.000138506725
-0.000130905769
-0.000220638037
-0.000163080647
-0.000306428407
-0.000177062636
-0.000388228792
-0.000173189557
-0.000459474211
-0.000153349507
-0.000514859801
-0.000120319885
-0.000550429747
-7.73540998e-05
-0.000563627529
-2.79898726e-05
-0.000553348433
2.40048848e-05
-0.000520016465
7.46355415e-05
-0.000465682634
0.000119710239
-0.000394114901
0.000154964286
-0.000310822957
0.00017633683
-0.000222941247
0.000180446974
-0.000138894626
0.000165284917
-6.78135306e-05
0.000131050375
-1.87621206e-05
8.11521673e-05
2.41532831e-05
-1.4505557e-05
-1.1211427e-05
-5.25211409e-05
-4.47550208e-05
-0.000108122817
-7.53040449e-05
-0.000174687763
-9.65156383e-05
-0.000245343206
-0.000106407184
-0.000313520818
-0.000105012004
-0.000373387936
-9.34824503e-05
-0.000420129454
-7.35783614e-05
-0.000450116064
-4.73674256e-05
-0.000461009046
-1.70968387e-05
-0.000451841608
1.48374336e-05
-0.000423096914
4.58907892e-05
-0.000376775996
7.33892817e-05
-0.000316426467
9.46147704e-05
-0.000247079541
0.000106989946
-0.000175030333
0.000108397794
-0.00010740305
9.76576275e-05
-5.14858495e-05
7.51331528e-05
-1.39146302e-05
4.35809362e-05
1.02386597e-05
-9.2028032e-06
-2.00864138e-06
-3.56847654e-05
-1.82731014e-05
-7.64355545e-05
-3.45532604e-05
-0.000126811023
-4.61401236e-05
-0.00018140804
-5.1810115e-05
-0.000234817122
-5.16029214e-05
-0.000282132234
-4.61673913e-05
-0.00031926357
-3.64470717e-05
-0.000343116532
-2.35144532e-05
-0.000351700034
-8.51328304e-06
-0.000344206989
7.34442696e-06
-0.000321084413
2.2768201e-05
-0.000284086166
3.63909916e-05
-0.000236279553
4.68081288e-05
-0.000181958584
5.26689867e-05
-0.00012640374
5.28429783e-05
-7.54285288e-05
4.66824339e-05
-3.4681622e-05
3.43862431e-05
-8.71391068e-06
1.76132138e-05
1.52474709e-06
-3.43750895e-06
1.4288861e-06
-1.80438778e-05
-3.66676063e-06
-4.34060595e-05
-9.19111689e-06
-7.64336895e-05
-1.31124986e-05
-0.000113187155
-1.50566126e-05
-0.000149665092
-1.51249465e-05
-0.000182251528
-1.35809584e-05
-0.000207952853
-1.07457865e-05
-0.000224514116
-6.95322208e-06
-0.000230484773
-2.54261689e-06
-0.000225272637
2.13232837e-06
-0.000209197063
6.69265201e-06
-0.000183535346
1.07292674e-05
-0.000150536815
1.38095702e-05
-0.000113368304
1.55004588e-05
-7.59397647e-05
1.54144433e-05
-4.25472183e-05
1.32899032e-05
-1.7276731e-05
9.1157655e-06
-3.10385489e-06
3.44033691e-06
-1.5791122e-06
1.42891841e-06
-2.23782771e-06
-1.14289611e-05
-2.45414914e-05
-3.9598115e-05
-5.47230392e-05
-6.83039664e-05
-7.90497463e-05
-8.60029917e-05
-8.8545636e-05
-8.64133118e-05
-7.97206401e-05
-6.8991351e-05
-5.51817761e-05
-3.96813288e-05
-2.42668986e-05
-1.0976999e-05
-1.86122939e-06
1.57911237e-06
)
;

boundaryField
{
    walls
    {
        type            calculated;
        value           uniform 0;
    }
    mov_wall
    {
        type            calculated;
        value           uniform 0;
    }
    empty
    {
        type            empty;
        value           nonuniform 0();
    }
}


// ************************************************************************* //
