/*--------------------------------*- C++ -*----------------------------------*\
| =========                 |                                                 |
| \\      /  F ield         | OpenFOAM: The Open Source CFD Toolbox           |
|  \\    /   O peration     | Version:  5.x                                   |
|   \\  /    A nd           | Web:      www.OpenFOAM.org                      |
|    \\/     M anipulation  |                                                 |
\*---------------------------------------------------------------------------*/
FoamFile
{
    version     2.0;
    format      ascii;
    class       volVectorField;
    location    "9.9";
    object      U;
}
// * * * * * * * * * * * * * * * * * * * * * * * * * * * * * * * * * * * * * //

dimensions      [0 1 -1 0 0 0 0];

internalField   nonuniform List<vector> 
400
(
(0.291698428 0.149643813 0)
(0.388187176 0.128007691 0)
(0.557616074 0.0757318262 0)
(0.674785705 0.0433044391 0)
(0.743766596 0.025159105 0)
(0.787075021 0.0148802961 0)
(0.815462957 0.00893091998 0)
(0.833939562 0.00530992769 0)
(0.845365466 0.00289956264 0)
(0.851349266 0.00108485419 2.66526733e-34)
(0.852640747 -0.000502853246 -2.66526733e-34)
(0.849354289 -0.00216072198 0)
(0.84097337 -0.00421710682 0)
(0.826113776 -0.00722098521 0)
(0.802020429 -0.0122364995 0)
(0.763538945 -0.0213892096 0)
(0.699488888 -0.0388386165 0)
(0.584557333 -0.0722732768 0)
(0.407900533 -0.128436309 0)
(0.300688067 -0.152947536 0)
(0.00120418488 0.287432393 0)
(0.0133209648 0.293872116 0)
(0.140044448 0.209904851 0)
(0.264971594 0.142986163 0)
(0.364177745 0.0968019853 0)
(0.440120066 0.0654411203 0)
(0.496541038 0.0439762485 0)
(0.536691066 0.0287011545 0)
(0.563274468 0.0170798554 0)
(0.578137347 0.00742308935 0)
(0.582210288 -0.00150101169 0)
(0.57551525 -0.0107977573 0)
(0.557109246 -0.0217346552 0)
(0.524912995 -0.0361396917 0)
(0.475518411 -0.0569634943 0)
(0.404326007 -0.0889771498 0)
(0.305687293 -0.139150757 0)
(0.174497787 -0.215275205 0)
(0.0341065808 -0.310801158 0)
(0.0108691547 -0.305909064 0)
(-0.0321467623 0.241773916 0)
(-0.0634303644 0.333547151 0)
(-0.0219362014 0.299502484 0)
(0.0505996313 0.240051663 0)
(0.12739739 0.183020807 0)
(0.196818615 0.135454524 0)
(0.254167104 0.0974523398 0)
(0.298088299 0.0668891671 0)
(0.328665676 0.0413758226 0)
(0.34630783 0.0187814625 -2.35796957e-33)
(0.351211319 -0.0028094894 2.35796957e-33)
(0.34312675 -0.025295047 0)
(0.321277576 -0.0508299504 0)
(0.284432897 -0.0820948329 0)
(0.23132882 -0.122479773 0)
(0.161916767 -0.175658037 0)
(0.0798350225 -0.243208455 0)
(-0.00333734375 -0.317981962 0)
(-0.0578531378 -0.366363504 0)
(-0.0313893225 -0.270690676 0)
(-0.026120414 0.182361573 0)
(-0.0666192767 0.316884127 0)
(-0.073537783 0.330901732 0)
(-0.0481307186 0.295352905 0)
(-0.00567216962 0.244253505 0)
(0.0411124836 0.192431742 0)
(0.0845451122 0.145095039 0)
(0.12042433 0.103006625 0)
(0.146585243 0.0651543591 0)
(0.161925481 0.0298884061 2.35546499e-33)
(0.165812824 -0.00469431971 -2.35546499e-33)
(0.157798807 -0.0406696171 0)
(0.137586497 -0.0803027402 0)
(0.105285207 -0.125979584 0)
(0.0620900252 -0.179774809 0)
(0.0116092722 -0.242029715 0)
(-0.0380283742 -0.307764351 0)
(-0.0720490933 -0.359579368 0)
(-0.0711639207 -0.355585639 0)
(-0.0287210586 -0.209178583 0)
(-0.0176296808 0.140767915 0)
(-0.0549165424 0.2818272 0)
(-0.0828629959 0.324484354 0)
(-0.0880762271 0.312396793 0)
(-0.075119689 0.274441978 0)
(-0.05262762 0.22677843 0)
(-0.027511842 0.17730282 0)
(-0.00458009101 0.129145423 0)
(0.0130234849 0.082912356 0)
(0.023356793 0.0379330281 -2.94545454e-34)
(0.02530975 -0.00710139393 2.94545454e-34)
(0.0184152138 -0.0537995189 0)
(0.00288698717 -0.10380126 0)
(-0.0200872053 -0.158367941 0)
(-0.0477707985 -0.217530727 0)
(-0.0750614581 -0.278347554 0)
(-0.0936267039 -0.331694799 0)
(-0.092227052 -0.357398866 0)
(-0.0635074674 -0.31887989 0)
(-0.0207312607 -0.162076727 0)
(-0.0116542771 0.111592252 0)
(-0.043152195 0.243765267 0)
(-0.0782839946 0.2998594 0)
(-0.100579264 0.305000824 0)
(-0.108310593 0.28042126 0)
(-0.105716504 0.240369182 0)
(-0.0975361651 0.193277771 0)
(-0.0877934417 0.143545372 0)
(-0.0795351928 0.0930260711 0)
(-0.0748272235 0.042075226 0)
(-0.0748481347 -0.00975926029 0)
(-0.0799345729 -0.0632506162 0)
(-0.0895000155 -0.119033271 0)
(-0.101812875 -0.176993444 0)
(-0.113690955 -0.235297925 0)
(-0.120284785 -0.288849077 0)
(-0.115237022 -0.327084782 0)
(-0.092271109 -0.331566548 0)
(-0.0521876242 -0.275119688 0)
(-0.0142847849 -0.127260099 0)
(-0.00803185475 0.0899680182 0)
(-0.0343052781 0.207876698 0)
(-0.0703686543 0.267741358 0)
(-0.100959316 0.283509143 0)
(-0.121509114 0.269753774 0)
(-0.133061967 0.237807842 0)
(-0.138135832 0.195384126 0)
(-0.139450233 0.147216495 0)
(-0.139365661 0.0958906825 0)
(-0.139599236 0.0425957531 0)
(-0.141114119 -0.0122625736 0)
(-0.144054664 -0.0685401668 0)
(-0.147657201 -0.12582459 0)
(-0.150140595 -0.182787202 0)
(-0.148667742 -0.236314558 0)
(-0.139565534 -0.280390173 0)
(-0.119015757 -0.30490055 0)
(-0.0848747381 -0.294957285 0)
(-0.0422046412 -0.232154473 0)
(-0.0100065887 -0.100709813 0)
(-0.00589819111 0.0731569015 0)
(-0.0280514384 0.175459928 0)
(-0.0624620708 0.233454972 0)
(-0.0961931055 0.254650692 0)
(-0.123784291 0.248662371 0)
(-0.144336454 0.223978314 0)
(-0.15862204 0.187072454 0)
(-0.16806954 0.142434109 0)
(-0.174171 0.0929433433 0)
(-0.178091649 0.0403532998 0)
(-0.180456267 -0.0142245312 0)
(-0.181230013 -0.0698446832 0)
(-0.1796473 -0.125225753 0)
(-0.174205188 -0.178177556 0)
(-0.162809065 -0.224940951 0)
(-0.14321256 -0.259512839 0)
(-0.113841644 -0.273201309 0)
(-0.0753166199 -0.254896366 0)
(-0.0343188952 -0.192925776 0)
(-0.00728498325 -0.0799917682 0)
(-0.00459312573 0.0595160113 0)
(-0.0235441726 0.146542615 0)
(-0.055342988 0.199662157 0)
(-0.0893196651 0.222701638 0)
(-0.120051813 0.221819416 0)
(-0.145609095 0.203131824 0)
(-0.165570658 0.171796542 0)
(-0.180317099 0.131775627 0)
(-0.190531066 0.0859405141 0)
(-0.196813725 0.0363510121 2.97711394e-34)
(-0.199448901 -0.015391548 -2.97711394e-34)
(-0.198275639 -0.0677566511 0)
(-0.192646158 -0.118867803 0)
(-0.181489347 -0.166059306 0)
(-0.16354608 -0.205440865 0)
(-0.137858726 -0.23157779 0)
(-0.104503399 -0.23750491 0)
(-0.065663731 -0.215386231 0)
(-0.0281737996 -0.158249846 0)
(-0.00551069003 -0.0634668197 0)
(-0.0037331464 0.0480883385 0)
(-0.02012124 0.120839392 0)
(-0.0490153906 0.167676439 0)
(-0.0816389736 0.190287502 0)
(-0.11298944 0.192487654 0)
(-0.140680557 0.17855713 4.67987887e-33)
(-0.163557398 0.152465441 0)
(-0.181246288 0.117554988 0)
(-0.193784172 0.0765047419 -4.74063672e-33)
(-0.201296961 0.0314710003 2.26590866e-36)
(-0.203789189 -0.0156743927 4.98648532e-36)
(-0.20103537 -0.0630556006 0)
(-0.192565938 -0.108481592 0)
(-0.177765516 -0.149141433 0)
(-0.156124902 -0.181360924 0)
(-0.127679776 -0.200524257 0)
(-0.093564568 -0.201318535 0)
(-0.0566770475 -0.178463975 0)
(-0.0233146702 -0.128090145 0)
(-0.00429570643 -0.0500435363 0)
(-0.00311504168 0.0383306353 0)
(-0.0173631207 0.0980508472 0)
(-0.0433176256 0.138129959 0)
(-0.073718076 0.158979197 0)
(-0.104104445 0.162838227 0)
(-0.131970525 0.152618184 -4.67987887e-33)
(-0.155761613 0.131295699 0)
(-0.174612868 0.101603267 0)
(-0.188100223 0.0659289854 4.74063672e-33)
(-0.195997415 0.0263693628 1.49106806e-33)
(-0.198111603 -0.015123313 -1.49832045e-33)
(-0.194204006 -0.0565442426 0)
(-0.183996563 -0.0956260448 0)
(-0.167277179 -0.129654852 0)
(-0.144124395 -0.15536892 0)
(-0.115252459 -0.169022495 0)
(-0.0823814029 -0.166713886 0)
(-0.0485941024 -0.145040224 0)
(-0.0193975984 -0.10210335 0)
(-0.00342091113 -0.039005004 0)
(-0.00263393362 0.0299262693 0)
(-0.0150226228 0.0779301291 0)
(-0.0380974267 0.111311105 0)
(-0.0658175739 0.129695787 0)
(-0.0942794737 0.134263877 0)
(-0.121044019 0.126925348 0)
(-0.144383602 0.109860573 0)
(-0.163148985 0.085248041 0)
(-0.176619515 0.0551416274 0)
(-0.184335478 0.0214703087 2.99742573e-34)
(-0.185982932 -0.0138813621 -2.99742573e-34)
(-0.181343666 -0.0489515352 0)
(-0.170313959 -0.0815745557 0)
(-0.152999256 -0.109289277 0)
(-0.129891611 -0.129330746 0)
(-0.102114503 -0.13876425 0)
(-0.0716393773 -0.134816138 0)
(-0.0414365911 -0.115407285 0)
(-0.0161843481 -0.0798582211 0)
(-0.00276403349 -0.0298606601 0)
(-0.0022347326 0.0226800278 0)
(-0.0129541208 0.060283862 0)
(-0.0332381486 0.0873308356 0)
(-0.058055535 0.102954494 0)
(-0.0840353869 0.107621815 0)
(-0.108906083 0.102520709 0)
(-0.130914072 0.0892086559 0)
(-0.148775827 0.069381869 0)
(-0.161603553 0.0447501581 0)
(-0.168801296 0.0170067232 3.00137154e-34)
(-0.169993549 -0.0121372194 -3.00137154e-34)
(-0.164999667 -0.0408861777 0)
(-0.153857527 -0.0672953715 0)
(-0.136899078 -0.0892417066 0)
(-0.11487664 -0.104468709 0)
(-0.0891189129 -0.110744427 0)
(-0.0616328453 -0.106158121 0)
(-0.0351269724 -0.089535336 0)
(-0.0135037395 -0.0609264399 0)
(-0.00225327122 -0.0222578257 0)
(-0.00188545394 0.0164662553 0)
(-0.0110624785 0.0449645434 0)
(-0.0286411377 0.0662105103 0)
(-0.0504611303 0.0790278173 0)
(-0.0736531712 0.0834123238 0)
(-0.096164185 0.0800414835 0)
(-0.116305915 0.0699953607 0)
(-0.132763332 0.0545610943 0)
(-0.144575597 0.0351143647 0)
(-0.151082439 0.013074728 0)
(-0.1518879 -0.0100881636 0)
(-0.146853005 -0.0328250825 0)
(-0.136119499 -0.0534823517 0)
(-0.120164248 -0.070309851 0)
(-0.0998793375 -0.0815299502 0)
(-0.076657124 -0.0854921429 0)
(-0.0524122149 -0.0809235453 0)
(-0.0295300346 -0.0672469541 0)
(-0.0112185709 -0.0449266635 0)
(-0.00184129609 -0.0159381031 0)
(-0.00156251892 0.0112077448 0)
(-0.0092698793 0.031870537 0)
(-0.0242025146 0.0479368808 0)
(-0.0429884411 0.0580490757 0)
(-0.0632319176 0.0619114984 0)
(-0.0831208779 0.059855911 0)
(-0.101086252 0.0526055498 0)
(-0.115849127 0.0411071761 0)
(-0.12644092 0.0264236399 0)
(-0.132187237 0.00968560922 0)
(-0.132697638 -0.00791672087 0)
(-0.127870724 -0.025125058 0)
(-0.117915459 -0.0406102766 0)
(-0.103386528 -0.0529974498 0)
(-0.0852272472 -0.0609386958 0)
(-0.064801987 -0.0632496899 0)
(-0.0438652656 -0.0591133895 0)
(-0.0244675038 -0.0483249944 0)
(-0.00920309364 -0.0315520085 0)
(-0.00149088346 -0.0107193774 0)
(-0.00124269492 0.00687236292 0)
(-0.00749726844 0.0209539349 0)
(-0.0197996757 0.0325014322 0)
(-0.0355241899 0.0400873058 0)
(-0.0527239609 0.0432717667 0)
(-0.0698331093 0.0421741803 0)
(-0.0854326659 0.0372606116 0)
(-0.0983251738 0.0291991449 0)
(-0.107580781 0.0187673634 0)
(-0.112546715 0.00680865045 0)
(-0.112854334 -0.00578010952 0)
(-0.108431635 -0.0180487624 0)
(-0.0995214542 -0.0289997796 0)
(-0.0867021675 -0.0376160664 0)
(-0.0709039735 -0.0429246716 0)
(-0.0534054891 -0.0441071846 0)
(-0.0357703075 -0.040659288 0)
(-0.0197281061 -0.0325810817 0)
(-0.00733073044 -0.0205903338 0)
(-0.00116697671 -0.00649226907 0)
(-0.000899885236 0.00347704158 0)
(-0.00566093769 0.0122244238 0)
(-0.0152978511 0.0199179377 0)
(-0.0279091923 0.0251886561 0)
(-0.0419708313 0.0275859355 0)
(-0.0561592792 0.0271262732 0)
(-0.0692274862 0.0240986698 0)
(-0.0800968246 0.018945426 0)
(-0.087915994 0.0121895905 0)
(-0.0920844151 0.00440206882 0)
(-0.0922681452 -0.00380767209 0)
(-0.0884155126 -0.0117927645 0)
(-0.0807724952 -0.0188748802 0)
(-0.0698942085 -0.0243659783 0)
(-0.0566454539 -0.0276151941 0)
(-0.0421770473 -0.0280887029 0)
(-0.0278468962 -0.0254864156 0)
(-0.0150887325 -0.0198866103 0)
(-0.00547449583 -0.0119313576 0)
(-0.000833548175 -0.0032219759 0)
(-0.000507508186 0.0010892104 0)
(-0.00368889511 0.00574013824 0)
(-0.0105872308 0.0102223762 0)
(-0.0199879422 0.0134022115 0)
(-0.0307552933 0.014940098 0)
(-0.0418076516 0.0148327239 0)
(-0.0521004744 0.0132501862 0)
(-0.0607205981 0.0104516764 0)
(-0.0669425886 0.00673881114 0)
(-0.0702538299 0.00243728143 0)
(-0.0703711836 -0.00210634871 0)
(-0.0672558362 -0.00652338334 0)
(-0.0611263909 -0.0104252528 0)
(-0.0524665002 -0.0134154729 0)
(-0.0420201097 -0.0151167154 0)
(-0.0307626616 -0.0152183523 0)
(-0.0198243263 -0.0135494041 0)
(-0.0103615194 -0.0101761643 0)
(-0.00352670124 -0.0055550739 0)
(-0.000456470635 -0.00094596653 0)
(-6.44896855e-05 -0.000176237281 0)
(-0.0015989876 0.00163661907 0)
(-0.00569519071 0.00359859967 0)
(-0.0117199359 0.00501067491 0)
(-0.0188880518 0.00571684459 0)
(-0.0263913865 0.0057338313 0)
(-0.0334549845 0.00514772591 0)
(-0.0394085012 0.00407326943 0)
(-0.0437225521 0.00263488892 0)
(-0.0460238883 0.000961857884 0)
(-0.0461058241 -0.000810105762 0)
(-0.0439388686 -0.00253598702 0)
(-0.0396813805 -0.0040605593 0)
(-0.0336869558 -0.0052217549 0)
(-0.0265027382 -0.00586030696 0)
(-0.0188496269 -0.00583829861 0)
(-0.0115675425 -0.00507039518 0)
(-0.00551559468 -0.00357095306 0)
(-0.00148203379 -0.00155258592 0)
(-3.10929657e-05 0.000233978058 0)
(0.000261397249 -0.000255576154 0)
(0.000151443262 0.000102074777 0)
(-0.001174952 0.000547415466 0)
(-0.00348063424 0.000863514491 0)
(-0.00637558679 0.00102207642 0)
(-0.00946687394 0.00103797728 0)
(-0.0124000337 0.000936220123 0)
(-0.0148817743 0.000743063283 0)
(-0.0166861003 0.000483179973 0)
(-0.0176547284 0.000180086317 1.08300118e-33)
(-0.0176985233 -0.000142309636 -1.08300118e-33)
(-0.0168014863 -0.000458218224 0)
(-0.0150266271 -0.000739017816 0)
(-0.0125218986 -0.000953243575 0)
(-0.0095235485 -0.00106773232 0)
(-0.00635302465 -0.00105052668 0)
(-0.00340015039 -0.000876788661 0)
(-0.00108361521 -0.000539616104 0)
(0.000206111432 -8.25140705e-05 0)
(0.000274564026 0.000266745865 0)
)
;

boundaryField
{
    walls
    {
        type            fixedValue;
        value           uniform (0 0 0);
    }
    mov_wall
    {
        type            fixedValue;
        value           uniform (1 0 0);
    }
    empty
    {
        type            empty;
    }
}


// ************************************************************************* //
