/*--------------------------------*- C++ -*----------------------------------*\
| =========                 |                                                 |
| \\      /  F ield         | OpenFOAM: The Open Source CFD Toolbox           |
|  \\    /   O peration     | Version:  5.x                                   |
|   \\  /    A nd           | Web:      www.OpenFOAM.org                      |
|    \\/     M anipulation  |                                                 |
\*---------------------------------------------------------------------------*/
FoamFile
{
    version     2.0;
    format      ascii;
    class       volScalarField;
    location    "4.1";
    object      p;
}
// * * * * * * * * * * * * * * * * * * * * * * * * * * * * * * * * * * * * * //

dimensions      [0 2 -2 0 0 0 0];

internalField   nonuniform List<scalar> 
400
(
3.40143968e-06
2.45246372
3.49432755
3.89888375
4.10665172
4.22471117
4.29429578
4.34028264
4.37634319
4.41011534
4.44676427
4.4909191
4.54765873
4.62449384
4.73480209
4.90460057
5.18238418
5.68420552
6.84132011
9.41172914
1.88670936
2.86729364
3.41988787
3.74774821
3.96518524
4.10975172
4.20767872
4.27899662
4.33674919
4.38961758
4.44424981
4.50657629
4.58333782
4.6833021
4.81973065
5.01368347
5.29402671
5.6984734
6.33841989
7.4283756
2.9820821
3.26253448
3.54233535
3.77068385
3.94571005
4.0757202
4.17323008
4.25000766
4.31527993
4.37624028
4.4389295
4.50902602
4.59257947
4.69678703
4.83085445
5.00664256
5.23632611
5.52394364
5.86049509
6.19824184
3.52778853
3.58534713
3.72178972
3.86538102
3.98906838
4.09083673
4.17461468
4.24571839
4.30953121
4.37102744
4.43477895
4.50520879
4.58679286
4.6842589
4.80245548
4.94569704
5.11575381
5.30515235
5.47834132
5.55964324
3.84422143
3.82688485
3.8851842
3.96938724
4.052224
4.12779528
4.19567299
4.2574822
4.31592721
4.37409651
4.43506934
4.50186194
4.57733553
4.66401039
4.76350829
4.87551531
4.99636341
5.11480625
5.19585031
5.18372013
4.04550535
4.00366313
4.02143044
4.06785415
4.12138658
4.17574513
4.22885909
4.28054209
4.33186449
4.38449593
4.44027517
4.50097233
4.56805315
4.64233072
4.72333061
4.8083706
4.89181103
4.9626823
4.99308498
4.94681227
4.18058989
4.13383509
4.13184311
4.15537288
4.18883771
4.22707078
4.26773112
4.30987604
4.35364168
4.39973558
4.44904249
4.50234103
4.56002318
4.62172611
4.68578969
4.74863019
4.80456396
4.84466995
4.84862891
4.79368432
4.27566267
4.23084658
4.21966423
4.22967858
4.24984999
4.27635879
4.30712634
4.34098682
4.37758273
4.41700329
4.4594556
4.50500036
4.5532894
4.60325345
4.65270928
4.69801546
4.73426277
4.75485092
4.74556468
4.69204641
4.34467822
4.30373502
4.28863298
4.29083164
4.30238043
4.32057576
4.34373399
4.37070572
4.40089706
4.43401968
4.46983246
4.5079218
4.54748751
4.58711311
4.62451755
4.65641744
4.67889772
4.68733722
4.67188334
4.62322067
4.3952633
4.35850837
4.34216104
4.33996206
4.34599314
4.35836532
4.37576494
4.39714881
4.42182911
4.44930261
4.47905483
4.51039093
4.54227813
4.57319639
4.60100425
4.62293018
4.63599976
4.63709633
4.61932869
4.57638162
4.43196755
4.39926152
4.38305816
4.37851422
4.38106958
4.38939996
4.40249128
4.4194282
4.43950569
4.46211248
4.48658614
4.51209076
4.53751183
4.56137261
4.58177988
4.59648505
4.60329839
4.60017747
4.58220965
4.54489771
4.45778037
4.42889961
4.41358411
4.4079485
4.40838317
4.41395099
4.423868
4.43734231
4.45369181
4.47226467
4.49233456
4.51301761
4.53321045
4.55155525
4.56643675
4.57607413
4.57888938
4.57357845
4.55655905
4.52448178
4.47483127
4.44957726
4.43556519
4.42962428
4.42885661
4.43259729
4.44023925
4.45110234
4.46454671
4.47991938
4.49648091
4.51335404
4.52949496
4.54369244
4.55459569
4.56081451
4.56123092
4.55503969
4.53957705
4.51226322
4.48473419
4.46296312
4.45049696
4.4447553
4.44342038
4.44603245
4.45212617
4.46112125
4.47242672
4.48540708
4.49933447
4.51336261
4.52652351
4.53775011
4.54592197
4.549963
4.54909735
4.54286073
4.52925914
4.5062757
4.48877779
4.47040642
4.45962455
4.45439739
4.45293121
4.4549406
4.46008238
4.46786563
4.47774564
4.48910674
4.50123637
4.51332037
4.52445966
4.53370992
4.54013854
4.54291682
4.54152692
4.53575236
4.52413829
4.50513949
4.48806519
4.47306074
4.46401312
4.4594591
4.45813513
4.45992802
4.46460909
4.47176656
4.4808909
4.49137444
4.50250641
4.51348711
4.52346191
4.53157471
4.53703435
4.53920342
4.53776626
4.53271165
4.52308738
4.507825
4.48367238
4.47201427
4.46464464
4.46076655
4.45970585
4.46154111
4.46615745
4.47320986
4.48220455
4.49251799
4.50341361
4.51407406
4.52365124
4.53133282
4.53641951
4.53841637
4.53717427
4.53288218
4.52513032
4.51342003
4.47685954
4.4683918
4.46243331
4.45901966
4.45816616
4.46017413
4.46503912
4.47246143
4.4819318
4.49277421
4.50418522
4.51528432
4.52517855
4.53304289
4.5382119
4.5402821
4.53924291
4.5355024
4.52929163
4.5208601
4.46929005
4.46319852
4.45767843
4.4539721
4.45292605
4.45509332
4.46054709
4.46897249
4.4797751
4.49215295
4.50515806
4.5177624
4.5289352
4.53773836
4.54343847
4.54563487
4.5444083
4.54042008
4.53470303
4.52866999
4.4634529
4.45752717
4.45037468
4.44493115
4.44290751
4.44509953
4.45157156
4.46187695
4.47521888
4.49055514
4.5066763
4.52227999
4.53605744
4.54680349
4.55355614
4.55576943
4.55352425
4.54775339
4.54035551
4.53446613
)
;

boundaryField
{
    walls
    {
        type            zeroGradient;
    }
    mov_wall
    {
        type            zeroGradient;
    }
    empty
    {
        type            empty;
    }
}


// ************************************************************************* //
