/*--------------------------------*- C++ -*----------------------------------*\
| =========                 |                                                 |
| \\      /  F ield         | OpenFOAM: The Open Source CFD Toolbox           |
|  \\    /   O peration     | Version:  5.x                                   |
|   \\  /    A nd           | Web:      www.OpenFOAM.org                      |
|    \\/     M anipulation  |                                                 |
\*---------------------------------------------------------------------------*/
FoamFile
{
    version     2.0;
    format      ascii;
    class       surfaceScalarField;
    location    "4.1";
    object      phi;
}
// * * * * * * * * * * * * * * * * * * * * * * * * * * * * * * * * * * * * * //

dimensions      [0 3 -1 0 0 0 0];

internalField   nonuniform List<scalar> 
760
(
0.00134817614
-0.00134817777
0.00245763953
-0.00110946339
0.00313513454
-0.000677495007
0.00355971564
-0.000424581091
0.00383225127
-0.000272535623
0.00400945213
-0.000177200863
0.00412521448
-0.000115762358
0.00419921706
-7.40025719e-05
0.00424243234
-4.32152761e-05
0.00426055358
-1.81212288e-05
0.00425562235
4.93123101e-06
0.00422675777
2.88645729e-05
0.00416938939
5.73683834e-05
0.00407358504
9.58043568e-05
0.00391995094
0.000153634108
0.0036720193
0.000247931642
0.00326316023
0.000408859068
0.00257264076
0.000690519467
0.00140850173
0.00116413904
0.00140850173
-5.46955377e-05
-0.00129348222
0.000412592384
-0.00157675131
0.00103002961
-0.00129493223
0.00157871373
-0.000973265203
0.00201483259
-0.000708654478
0.00234477718
-0.000507145443
0.00258511625
-0.000356101423
0.00275126936
-0.000240155679
0.00285456775
-0.000146513665
0.00290179528
-6.53487562e-05
0.00289536657
1.13599528e-05
0.00283293034
9.13008109e-05
0.00270712571
0.000183173008
0.00250436372
0.000298566352
0.00220410987
0.000453887969
0.00178090172
0.000671139803
0.00121756799
0.0009721928
0.000552812554
0.0013552749
1.30664747e-05
0.00170388512
0.00142156821
-0.000271734776
-0.00102174744
-0.000221026772
-0.00162745931
7.13676228e-05
-0.00158732662
0.000446285489
-0.00134818307
0.000812489548
-0.00107485853
0.00112929916
-0.000823955043
0.00138207822
-0.00060888048
0.0015680078
-0.000426085255
0.00168837689
-0.000266882757
0.00174468447
-0.000121656337
0.00173678971
1.92547276e-05
0.00166213438
0.000165956151
0.00151571285
0.000329594539
0.00129125421
0.000523024993
0.000985011665
0.000760130515
0.000605009635
0.00105114184
0.000189850699
0.00138735174
-0.000160045084
0.00170517068
-0.000261640634
0.00180548067
0.00115992758
-0.000227941644
-0.000793805795
-0.000361197433
-0.00149420351
-0.000308328358
-0.0016401957
-0.000134821351
-0.00152169008
8.92092484e-05
-0.00129888913
0.000314971749
-0.00104971753
0.000513262897
-0.000807171619
0.000668299925
-0.000581122279
0.000771990241
-0.000370573074
0.000820036041
-0.000169702136
0.00080972759
2.95631864e-05
0.000739200974
0.000236482776
0.000607935625
0.000460859893
0.000419110833
0.000711849784
0.000184524293
0.000994717056
-6.71911996e-05
0.00130285734
-0.000280617557
0.00160077811
-0.000369418486
0.00179397162
-0.000246993635
0.00168305582
0.000912933949
-0.000168965254
-0.000624840542
-0.000352016258
-0.0013111525
-0.000431557784
-0.00156065416
-0.000408909096
-0.00154433876
-0.0003194353
-0.00138836293
-0.000200095298
-0.00116905753
-7.98101864e-05
-0.000927456719
2.15781577e-05
-0.000682510614
9.14286095e-05
-0.000440423525
0.000122135305
-0.000200408834
0.000109757126
4.19413685e-05
5.36456583e-05
0.000292594254
-4.27490535e-05
0.000557254614
-0.000169694074
0.000838794806
-0.000307652468
0.00113267545
-0.000423468655
0.00141867353
-0.000470024888
0.00164733435
-0.000397824831
0.00172177157
-0.000196431029
0.00148166202
0.000716502918
-0.000124192159
-0.000500648386
-0.000308335687
-0.00112700896
-0.000450494174
-0.00141849567
-0.000523204106
-0.00147162883
-0.000535391157
-0.00137617588
-0.000508160921
-0.00119628777
-0.000463156984
-0.000972460649
-0.000418061025
-0.00072760656
-0.000385619091
-0.000472865452
-0.000373912144
-0.000212115783
-0.000386727998
5.47572204e-05
-0.000423459559
0.00032932582
-0.000478356418
0.000612151486
-0.000539178308
0.000899616703
-0.000585818911
0.00117931605
-0.000590512361
0.00142336698
-0.000523085148
0.00157990714
-0.000366699091
0.00156538552
-0.000150585986
0.00126554893
0.000565916931
-9.45729453e-05
-0.000406075445
-0.000264649775
-0.000956932122
-0.000430738436
-0.00125240699
-0.000556977007
-0.00134539024
-0.000636793292
-0.00129635959
-0.000678141845
-0.00115493922
-0.000693944007
-0.000956658487
-0.000696929317
-0.00072462124
-0.000697274125
-0.00047252063
-0.000701661821
-0.000207728083
-0.000712860774
6.59561691e-05
-0.000729336418
0.000345801463
-0.000744753851
0.000627568928
-0.000747580333
0.000902443199
-0.000721469925
0.00115320565
-0.000647843412
0.00134974046
-0.000512876937
0.00144494067
-0.000321206287
0.00137371488
-0.000116485703
0.00106082835
0.000449431232
-7.5343738e-05
-0.000330731704
-0.000228206834
-0.000804069028
-0.000398353695
-0.00108226013
-0.00055053957
-0.00119320436
-0.000670626506
-0.00117627264
-0.000757578403
-0.00106798732
-0.000816784878
-0.000897452017
-0.000855587511
-0.000685818605
-0.000880624357
-0.00044748377
-0.000896360376
-0.000191992052
-0.000904270136
7.38659293e-05
-0.00090236036
0.000343891681
-0.000884972249
0.000610180818
-0.000843104192
0.000860575153
-0.000765820212
0.00107592168
-0.000643664754
0.00122758501
-0.000475103954
0.00127637986
-0.000276309855
0.00117492078
-9.21328647e-05
0.000876651369
0.000357298374
-6.22883031e-05
-0.000268443391
-0.00019854133
-0.000667816007
-0.000362893676
-0.000917907782
-0.000523850758
-0.00103224727
-0.000664415264
-0.00103570812
-0.000778128961
-0.000954273619
-0.000864812222
-0.000810768761
-0.000927165527
-0.000623465305
-0.000968399735
-0.000406249556
-0.000990721256
-0.000169670514
-0.000994436404
7.75810893e-05
-0.000977525775
0.000326981049
-0.000935695038
0.000568350074
-0.000863101268
0.000787981386
-0.000754123178
0.000966943603
-0.00060662632
0.00108008817
-0.000426950418
0.00109670397
-0.000236038297
0.000984008654
-7.43490256e-05
0.000714962097
0.000282949354
-5.27689649e-05
-0.000215674414
-0.000173812792
-0.00054677218
-0.000327557418
-0.000764163161
-0.000486866005
-0.00087293868
-0.000634380215
-0.000888193902
-0.000760757883
-0.000827895935
-0.000862116692
-0.000709409948
-0.000937654798
-0.000547927207
-0.000987783269
-0.00035612109
-0.001012824
-0.000144629775
-0.00101222279
7.69798988e-05
-0.000984240723
0.000298998991
-0.000926163092
0.000510272438
-0.000835158841
0.000696977128
-0.00070997611
0.000841760876
-0.000553597341
0.00092370941
-0.000376676986
0.000919783623
-0.000200960053
0.000808291724
-6.08626292e-05
0.000574864673
0.000222086726
-4.5297927e-05
-0.000170376478
-0.000152453972
-0.000439616126
-0.000293299619
-0.000623317516
-0.00044476312
-0.000721475185
-0.000590345864
-0.000742611155
-0.000719473376
-0.000698768408
-0.000826046364
-0.000602836945
-0.000906878232
-0.000467095337
-0.000960347606
-0.000302651725
-0.000985403182
-0.000119574203
-0.000980963182
7.25399119e-05
-0.000945732128
0.000263767954
-0.000878480047
0.000443020363
-0.000778855078
0.000597352154
-0.000648784071
0.000711689863
-0.000494403562
0.000769328905
-0.00032820416
0.000753584233
-0.00017067837
0.000650765944
-5.0280657e-05
0.000454466964
0.000171806066
-3.90621859e-05
-0.000131314292
-0.000133403796
-0.000345274499
-0.000260349967
-0.000496371338
-0.000400388975
-0.000581436181
-0.000538431208
-0.000604568929
-0.000663692798
-0.000573506814
-0.000768938058
-0.000497591667
-0.000849523088
-0.000386510293
-0.000902500949
-0.000249673866
-0.000925934118
-9.61410437e-05
-0.000918488897
6.50946903e-05
-0.000879356208
0.000224635279
-0.000808535342
0.000372199513
-0.00070750528
0.000496322097
-0.000580261705
0.000584446283
-0.00043458835
0.000623655547
-0.0002832483
0.000602244188
-0.000144573366
0.00051209102
-4.17551844e-05
0.000351648791
0.000130050881
-3.36094159e-05
-9.77048851e-05
-0.000115973501
-0.000262910398
-0.00022868588
-0.000383658944
-0.000355331139
-0.000454790918
-0.000482448493
-0.000477451581
-0.000599656656
-0.000456298658
-0.000699324739
-0.000397923576
-0.000776050481
-0.000309784532
-0.000826127629
-0.000199596706
-0.000847124144
-7.51445328e-05
-0.000837646102
5.56166391e-05
-0.000797332216
0.000184321395
-0.000727102534
0.000301969845
-0.000629656434
0.000398876012
-0.000510163478
0.000464953332
-0.00037700515
0.000490497216
-0.000242314874
0.00046755391
-0.000121978238
0.00039175439
-3.47332162e-05
0.000264403778
9.53176681e-05
-2.86574962e-05
-6.90473973e-05
-9.96602272e-05
-0.000191907661
-0.000198117
-0.000285202157
-0.000310357551
-0.000342550352
-0.000424616058
-0.000363193072
-0.00053126589
-0.000349648833
-0.000622765455
-0.000306424015
-0.00069344663
-0.000239103347
-0.000739258806
-0.000153784511
-0.00075755803
-5.68452989e-05
-0.000747003453
4.50620573e-05
-0.000707597946
0.00014491588
-0.000640884404
0.000235256307
-0.000550277065
0.000308268686
-0.000441462347
0.000356138627
-0.00032274586
0.000371780734
-0.000205166591
0.000349974639
-0.000102185447
0.000288773246
-2.88024202e-05
0.000191020756
6.65152535e-05
-2.39812071e-05
-4.50661895e-05
-8.39974361e-05
-0.000131891437
-0.000168257093
-0.000200942495
-0.00026559548
-0.000245211951
-0.000365935579
-0.000262852958
-0.000460594487
-0.000254989925
-0.00054242353
-0.000224594981
-0.000605821316
-0.000175705565
-0.000646681723
-0.000112924093
-0.000662339372
-4.11876326e-05
-0.000651561324
3.42840175e-05
-0.000614612944
0.000107967495
-0.000553400641
0.000174043999
-0.000471663898
0.000226531945
-0.000375154003
0.000259628744
-0.000271701952
0.000268328694
-0.000171058859
0.000249331551
-8.44170732e-05
0.00020213146
-2.35998695e-05
0.000130203553
4.29153882e-05
-1.93492173e-05
-2.57169611e-05
-6.84700314e-05
-8.27706294e-05
-0.00013850675
-0.00013090578
-0.000220638068
-0.000163080626
-0.000306428398
-0.000177062613
-0.000388228741
-0.00017318957
-0.000459474164
-0.000153349558
-0.000514859803
-0.000120319934
-0.000550429786
-7.73541106e-05
-0.000563627553
-2.79898533e-05
-0.000553348414
2.40048934e-05
-0.000520016425
7.46355126e-05
-0.000465682615
0.000119710186
-0.000394114917
0.000154964245
-0.000310822988
0.000176336818
-0.000222941263
0.000180446979
-0.000138894621
0.000165284918
-6.78135193e-05
0.000131050362
-1.87621156e-05
8.11521502e-05
2.4153274e-05
-1.45055224e-05
-1.12114247e-05
-5.25211029e-05
-4.47550473e-05
-0.000108122808
-7.53040786e-05
-0.000174687789
-9.65156482e-05
-0.000245343231
-0.000106407164
-0.000313520802
-0.000105011984
-0.000373387886
-9.34824632e-05
-0.000420129416
-7.35784044e-05
-0.000450116069
-4.73674638e-05
-0.000461009077
-1.70968443e-05
-0.000451841624
1.48374512e-05
-0.000423096896
4.58907973e-05
-0.000376775965
7.33892611e-05
-0.000316426454
9.46147324e-05
-0.000247079554
0.000106989917
-0.000175030356
0.000108397785
-0.000107403061
9.76576313e-05
-5.14858464e-05
7.51331547e-05
-1.39146222e-05
4.35809306e-05
1.02386522e-05
-9.20279692e-06
-2.0086196e-06
-3.56847333e-05
-1.82731014e-05
-7.64355214e-05
-3.45532872e-05
-0.000126811019
-4.61401543e-05
-0.000181408063
-5.18101216e-05
-0.000234817138
-5.16029018e-05
-0.000282132214
-4.61673732e-05
-0.000319263528
-3.64470817e-05
-0.000343116505
-2.35144871e-05
-0.000351700042
-8.51331163e-06
-0.000344207013
7.34442484e-06
-0.000321084424
2.27682172e-05
-0.000284086153
3.63910011e-05
-0.000236279532
4.68081174e-05
-0.000181958577
5.26689623e-05
-0.000126403751
5.28429587e-05
-7.54285439e-05
4.6682428e-05
-3.46816287e-05
3.43862459e-05
-8.71390793e-06
1.76132161e-05
1.5247456e-06
-3.43752506e-06
1.42890478e-06
-1.80438723e-05
-3.66674325e-06
-4.34060312e-05
-9.19111921e-06
-7.64336623e-05
-1.31125209e-05
-0.000113187154
-1.50566333e-05
-0.000149665111
-1.51249446e-05
-0.000182251539
-1.35809377e-05
-0.000207952836
-1.07457717e-05
-0.000224514085
-6.95323119e-06
-0.000230484755
-2.54264173e-06
-0.000225272644
2.13231143e-06
-0.00020919708
6.6926561e-06
-0.000183535354
1.07292835e-05
-0.000150536808
1.38095797e-05
-0.000113368293
1.55004531e-05
-7.5939762e-05
1.54144291e-05
-4.25472252e-05
1.32898928e-05
-1.72767391e-05
9.11576366e-06
-3.10385751e-06
3.44034021e-06
-1.57910941e-06
1.42890082e-06
-2.23784204e-06
-1.14289546e-05
-2.45414671e-05
-3.95980969e-05
-5.47230444e-05
-6.83039858e-05
-7.90497557e-05
-8.60029796e-05
-8.85456145e-05
-8.64133013e-05
-7.97206474e-05
-6.89913652e-05
-5.51817831e-05
-3.96813253e-05
-2.42668919e-05
-1.0976997e-05
-1.86123225e-06
1.57910937e-06
)
;

boundaryField
{
    walls
    {
        type            calculated;
        value           uniform 0;
    }
    mov_wall
    {
        type            calculated;
        value           uniform 0;
    }
    empty
    {
        type            empty;
        value           nonuniform 0();
    }
}


// ************************************************************************* //
