/*--------------------------------*- C++ -*----------------------------------*\
| =========                 |                                                 |
| \\      /  F ield         | OpenFOAM: The Open Source CFD Toolbox           |
|  \\    /   O peration     | Version:  5.x                                   |
|   \\  /    A nd           | Web:      www.OpenFOAM.org                      |
|    \\/     M anipulation  |                                                 |
\*---------------------------------------------------------------------------*/
FoamFile
{
    version     2.0;
    format      ascii;
    class       volVectorField;
    location    "4.1";
    object      U;
}
// * * * * * * * * * * * * * * * * * * * * * * * * * * * * * * * * * * * * * //

dimensions      [0 1 -1 0 0 0 0];

internalField   nonuniform List<vector> 
400
(
(0.291698344 0.149643904 0)
(0.388187044 0.128007738 0)
(0.557616012 0.075731845 0)
(0.674785674 0.0433044471 0)
(0.743766578 0.0251591094 0)
(0.787075011 0.0148802996 0)
(0.81546295 0.00893092248 0)
(0.833939554 0.00530992821 0)
(0.845365457 0.00289956137 0)
(0.851349261 0.00108485301 2.66527026e-34)
(0.852640746 -0.000502852701 -2.66527026e-34)
(0.849354289 -0.0021607203 0)
(0.840973368 -0.00421710598 0)
(0.826113772 -0.00722098621 0)
(0.802020425 -0.0122365011 0)
(0.763538945 -0.02138921 0)
(0.69948889 -0.0388386153 0)
(0.584557334 -0.072273275 0)
(0.407900534 -0.128436308 0)
(0.300688067 -0.152947536 0)
(0.00120413222 0.287432522 0)
(0.013320872 0.293872199 0)
(0.140044377 0.209904894 0)
(0.26497154 0.142986185 0)
(0.364177705 0.0968019981 0)
(0.440120038 0.0654411298 0)
(0.496541019 0.0439762562 0)
(0.536691051 0.0287011584 0)
(0.563274452 0.0170798549 0)
(0.578137332 0.00742308715 0)
(0.582210278 -0.00150101161 0)
(0.575515245 -0.0107977544 0)
(0.557109242 -0.0217346526 0)
(0.524912989 -0.0361396924 0)
(0.475518403 -0.0569634974 0)
(0.404326001 -0.0889771519 0)
(0.305687292 -0.139150756 0)
(0.174497788 -0.215275203 0)
(0.0341065827 -0.310801156 0)
(0.0108691557 -0.305909063 0)
(-0.0321467837 0.241773976 0)
(-0.0634304112 0.333547217 0)
(-0.0219362528 0.299502534 0)
(0.050599581 0.240051696 0)
(0.127397344 0.183020827 0)
(0.196818578 0.135454538 0)
(0.254167077 0.0974523517 0)
(0.298088279 0.0668891764 0)
(0.328665657 0.0413758269 0)
(0.34630781 0.0187814622 -2.35797214e-33)
(0.351211301 -0.00280949035 2.35797215e-33)
(0.343126738 -0.0252950452 0)
(0.32127757 -0.0508299465 0)
(0.284432892 -0.0820948307 0)
(0.231328811 -0.122479775 0)
(0.161916758 -0.17565804 0)
(0.0798350169 -0.243208457 0)
(-0.00333734442 -0.317981961 0)
(-0.0578531354 -0.366363502 0)
(-0.031389321 -0.270690676 0)
(-0.0261204241 0.182361598 0)
(-0.0666193018 0.316884174 0)
(-0.0735378158 0.330901778 0)
(-0.0481307561 0.295352941 0)
(-0.00567220994 0.24425353 0)
(0.0411124448 0.192431759 0)
(0.0845450808 0.145095052 0)
(0.120424307 0.103006638 0)
(0.146585224 0.0651543688 0)
(0.16192546 0.02988841 2.35546753e-33)
(0.165812802 -0.00469431988 -2.35546753e-33)
(0.157798789 -0.0406696164 0)
(0.137586487 -0.0803027361 0)
(0.105285201 -0.125979579 0)
(0.0620900185 -0.179774807 0)
(0.0116092628 -0.242029716 0)
(-0.0380283824 -0.307764353 0)
(-0.0720490965 -0.359579368 0)
(-0.0711639191 -0.355585637 0)
(-0.0287210569 -0.209178581 0)
(-0.0176296871 0.140767928 0)
(-0.0549165582 0.281827231 0)
(-0.0828630166 0.324484392 0)
(-0.0880762516 0.312396828 0)
(-0.0751197188 0.274442005 0)
(-0.0526276543 0.226778447 0)
(-0.0275118747 0.177302833 0)
(-0.00458011589 0.129145436 0)
(0.0130234673 0.0829123694 0)
(0.0233567759 0.0379330371 -2.94545769e-34)
(0.025309729 -0.00710139123 2.94545769e-34)
(0.0184151926 -0.0537995188 0)
(0.0028869727 -0.103801257 0)
(-0.0200872117 -0.158367934 0)
(-0.0477708025 -0.217530721 0)
(-0.075061465 -0.278347552 0)
(-0.0936267126 -0.331694801 0)
(-0.0922270579 -0.357398867 0)
(-0.063507468 -0.318879889 0)
(-0.0207312598 -0.162076724 0)
(-0.0116542815 0.111592259 0)
(-0.0431522068 0.243765286 0)
(-0.0782840098 0.299859428 0)
(-0.10057928 0.305000855 0)
(-0.108310612 0.280421287 0)
(-0.105716529 0.240369201 0)
(-0.0975361954 0.193277783 0)
(-0.0877934687 0.143545383 0)
(-0.079535211 0.0930260846 0)
(-0.0748272365 0.0420752394 0)
(-0.0748481504 -0.00975925263 0)
(-0.0799345933 -0.0632506147 0)
(-0.0895000339 -0.11903327 0)
(-0.101812885 -0.176993439 0)
(-0.113690958 -0.235297916 0)
(-0.120284788 -0.28884907 0)
(-0.115237028 -0.327084781 0)
(-0.0922711159 -0.331566549 0)
(-0.0521876279 -0.275119689 0)
(-0.0142847855 -0.127260097 0)
(-0.00803185692 0.0899680246 0)
(-0.0343052864 0.207876711 0)
(-0.0703686676 0.267741375 0)
(-0.100959329 0.283509166 0)
(-0.121509125 0.2697538 0)
(-0.133061982 0.237807864 0)
(-0.138135856 0.195384138 0)
(-0.13945026 0.147216503 0)
(-0.139365682 0.0958906927 0)
(-0.139599247 0.0425957674 0)
(-0.141114129 -0.0122625606 0)
(-0.144054678 -0.0685401608 0)
(-0.14765722 -0.12582459 0)
(-0.15014061 -0.1827872 0)
(-0.148667748 -0.23631455 0)
(-0.139565534 -0.280390163 0)
(-0.119015758 -0.304900543 0)
(-0.084874743 -0.294957283 0)
(-0.0422046463 -0.232154475 0)
(-0.0100065906 -0.100709814 0)
(-0.00589819039 0.0731569087 0)
(-0.0280514416 0.175459937 0)
(-0.0624620819 0.233454983 0)
(-0.0961931188 0.254650707 0)
(-0.123784301 0.248662391 0)
(-0.144336461 0.223978336 0)
(-0.158622053 0.18707247 0)
(-0.168069561 0.142434117 0)
(-0.174171023 0.0929433489 0)
(-0.178091664 0.0403533106 0)
(-0.180456273 -0.0142245159 0)
(-0.181230019 -0.0698446708 0)
(-0.179647314 -0.125225749 0)
(-0.174205205 -0.178177556 0)
(-0.162809075 -0.224940947 0)
(-0.143212562 -0.25951283 0)
(-0.113841642 -0.273201299 0)
(-0.0753166205 -0.25489636 0)
(-0.0343188986 -0.192925776 0)
(-0.00728498522 -0.0799917704 0)
(-0.0045931227 0.0595160183 0)
(-0.0235441701 0.146542625 0)
(-0.0553429943 0.199662166 0)
(-0.0893196782 0.222701646 0)
(-0.120051825 0.221819428 0)
(-0.145609101 0.203131843 0)
(-0.165570662 0.171796561 0)
(-0.180317111 0.131775639 0)
(-0.190531086 0.0859405182 0)
(-0.196813744 0.0363510169 2.97711727e-34)
(-0.199448909 -0.0153915361 -2.97711727e-34)
(-0.198275641 -0.0677566351 0)
(-0.192646163 -0.118867791 0)
(-0.181489359 -0.166059302 0)
(-0.163546093 -0.205440865 0)
(-0.137858733 -0.231577786 0)
(-0.104503398 -0.237504902 0)
(-0.0656637284 -0.215386221 0)
(-0.0281737991 -0.158249841 0)
(-0.0055106905 -0.0634668204 0)
(-0.00373314321 0.0480883427 0)
(-0.0201212342 0.120839403 0)
(-0.0490153901 0.167676449 0)
(-0.0816389826 0.190287508 0)
(-0.112989454 0.192487659 0)
(-0.140680566 0.178557141 4.67988419e-33)
(-0.163557399 0.152465459 0)
(-0.181246289 0.117555005 0)
(-0.193784183 0.0765047498 -4.74064167e-33)
(-0.201296979 0.031471002 2.26595627e-36)
(-0.203789203 -0.0156743878 4.9864916e-36)
(-0.201035373 -0.0630555875 0)
(-0.192565936 -0.108481576 0)
(-0.177765519 -0.149141422 0)
(-0.156124912 -0.181360922 0)
(-0.127679786 -0.200524256 0)
(-0.0935645723 -0.201318531 0)
(-0.0566770458 -0.178463968 0)
(-0.023314667 -0.128090138 0)
(-0.00429570514 -0.0500435338 0)
(-0.00311504084 0.0383306348 0)
(-0.0173631163 0.0980508553 0)
(-0.04331762 0.138129971 0)
(-0.0737180772 0.158979206 0)
(-0.104104456 0.16283823 0)
(-0.131970538 0.152618187 -4.67988419e-33)
(-0.155761618 0.13129571 0)
(-0.174612865 0.101603284 0)
(-0.188100223 0.0659289997 4.74064167e-33)
(-0.195997425 0.0263693679 1.49106964e-33)
(-0.198111618 -0.0151233126 -1.49832209e-33)
(-0.194204015 -0.0565442372 0)
(-0.183996563 -0.0956260312 0)
(-0.167277176 -0.129654836 0)
(-0.144124397 -0.15536891 0)
(-0.115252467 -0.169022493 0)
(-0.0823814106 -0.166713885 0)
(-0.0485941048 -0.145040221 0)
(-0.0193975963 -0.102103345 0)
(-0.00342090947 -0.0390049999 0)
(-0.00263393605 0.029926265 0)
(-0.0150226238 0.0779301319 0)
(-0.038097421 0.111311115 0)
(-0.0658175678 0.129695799 0)
(-0.0942794759 0.134263883 0)
(-0.12104403 0.126925348 0)
(-0.144383612 0.109860575 0)
(-0.163148986 0.0852480524 0)
(-0.176619509 0.0551416442 0)
(-0.184335478 0.021470321 2.99742883e-34)
(-0.185982942 -0.0138813591 -2.99742883e-34)
(-0.181343679 -0.0489515354 0)
(-0.170313965 -0.0815745501 0)
(-0.152999253 -0.109289264 0)
(-0.129891607 -0.129330731 0)
(-0.102114504 -0.138764242 0)
(-0.0716393833 -0.134816136 0)
(-0.0414365965 -0.115407285 0)
(-0.0161843495 -0.0798582194 0)
(-0.00276403313 -0.0298606573 0)
(-0.0022347366 0.0226800238 0)
(-0.0129541267 0.0602838595 0)
(-0.0332381477 0.0873308404 0)
(-0.0580555273 0.102954506 0)
(-0.0840353805 0.107621826 0)
(-0.108906086 0.102520713 0)
(-0.130914083 0.0892086543 0)
(-0.148775834 0.0693818713 0)
(-0.16160355 0.0447501698 0)
(-0.168801289 0.0170067392 3.00137467e-34)
(-0.169993548 -0.012137209 -3.00137467e-34)
(-0.164999675 -0.0408861759 0)
(-0.153857538 -0.0672953718 0)
(-0.136899082 -0.0892417012 0)
(-0.114876637 -0.104468697 0)
(-0.089118909 -0.110744414 0)
(-0.0616328459 -0.106158113 0)
(-0.0351269767 -0.0895353343 0)
(-0.0135037434 -0.0609264402 0)
(-0.00225327246 -0.0222578256 0)
(-0.00188545631 0.0164662555 0)
(-0.0110624847 0.0449645396 0)
(-0.0286411423 0.0662105083 0)
(-0.0504611273 0.079027823 0)
(-0.0736531619 0.0834123359 0)
(-0.0961641788 0.0800414936 0)
(-0.116305918 0.0699953626 0)
(-0.132763342 0.0545610917 0)
(-0.144575601 0.0351143672 0)
(-0.151082434 0.0130747396 0)
(-0.151887892 -0.0100881489 0)
(-0.146853004 -0.0328250737 0)
(-0.136119506 -0.0534823505 0)
(-0.120164256 -0.0703098514 0)
(-0.0998793398 -0.0815299456 0)
(-0.0766571209 -0.0854921333 0)
(-0.0524122117 -0.0809235358 0)
(-0.029530035 -0.0672469488 0)
(-0.0112185737 -0.0449266627 0)
(-0.00184129768 -0.0159381043 0)
(-0.00156251768 0.0112077497 0)
(-0.0092698803 0.0318705368 0)
(-0.0242025203 0.0479368763 0)
(-0.0429884446 0.058049074 0)
(-0.0632319129 0.0619115048 0)
(-0.0831208679 0.0598559228 0)
(-0.101086247 0.0526055583 0)
(-0.115849131 0.0411071764 0)
(-0.126440928 0.0264236369 0)
(-0.132187239 0.00968561186 0)
(-0.132697632 -0.00791671003 0)
(-0.127870716 -0.0251250451 0)
(-0.117915458 -0.0406102692 0)
(-0.103386534 -0.052997449 0)
(-0.0852272534 -0.0609386962 0)
(-0.0648019886 -0.0632496865 0)
(-0.0438652632 -0.0591133825 0)
(-0.0244675016 -0.0483249877 0)
(-0.00920309367 -0.0315520054 0)
(-0.00149088405 -0.0107193779 0)
(-0.00124269111 0.00687236889 0)
(-0.00749726322 0.0209539396 0)
(-0.0197996768 0.0325014313 0)
(-0.0355241955 0.0400873013 0)
(-0.0527239632 0.0432717654 0)
(-0.0698331033 0.042174187 0)
(-0.085432656 0.0372606225 0)
(-0.0983251693 0.0291991516 0)
(-0.107580785 0.0187673626 0)
(-0.112546721 0.00680864749 0)
(-0.112854334 -0.00578010702 0)
(-0.108431629 -0.018048753 0)
(-0.0995214482 -0.028999769 0)
(-0.0867021671 -0.0376160606 0)
(-0.0709039781 -0.042924671 0)
(-0.0534054939 -0.0441071851 0)
(-0.0357703088 -0.0406592859 0)
(-0.0197281046 -0.0325810774 0)
(-0.00733072874 -0.02059033 0)
(-0.00116697615 -0.00649226794 0)
(-0.00089988197 0.0034770439 0)
(-0.00566093049 0.0122244299 0)
(-0.0152978463 0.0199179422 0)
(-0.0279091939 0.0251886551 0)
(-0.0419708363 0.0275859312 0)
(-0.0561592801 0.0271262725 0)
(-0.0692274795 0.0240986762 0)
(-0.0800968157 0.0189454353 0)
(-0.0879159907 0.0121895955 0)
(-0.0920844189 0.00440206746 0)
(-0.0922681502 -0.00380767479 0)
(-0.0884155125 -0.0117927625 0)
(-0.0807724903 -0.0188748729 0)
(-0.069894204 -0.0243659703 0)
(-0.056645454 -0.0276151898 0)
(-0.0421770509 -0.0280887025 0)
(-0.0278468997 -0.025486416 0)
(-0.0150887334 -0.0198866092 0)
(-0.0054744947 -0.0119313554 0)
(-0.000833547375 -0.00322197423 0)
(-0.000507507644 0.00108920802 0)
(-0.0036888913 0.00574014086 0)
(-0.0105872242 0.0102223823 0)
(-0.0199879384 0.0134022157 0)
(-0.0307552951 0.0149400967 0)
(-0.0418076556 0.0148327199 0)
(-0.0521004741 0.0132501856 0)
(-0.0607205918 0.0104516816 0)
(-0.0669425815 0.00673881838 0)
(-0.0702538279 0.0024372849 0)
(-0.0703711869 -0.00210635027 0)
(-0.0672558398 -0.00652338585 0)
(-0.0611263907 -0.0104252518 0)
(-0.0524664967 -0.013415468 0)
(-0.0420201069 -0.01511671 0)
(-0.030762662 -0.0152183494 0)
(-0.019824329 -0.0135494039 0)
(-0.0103615216 -0.0101761648 0)
(-0.00352670166 -0.00555507359 0)
(-0.000456470383 -0.000945965639 0)
(-6.44912513e-05 -0.000176241375 0)
(-0.00159898865 0.00163661734 0)
(-0.00569518732 0.00359860257 0)
(-0.0117199303 0.00501068019 0)
(-0.0188880489 0.00571684729 0)
(-0.0263913883 0.0057338291 0)
(-0.0334549876 0.00514772196 0)
(-0.0394085007 0.00407326888 0)
(-0.0437225473 0.00263489315 0)
(-0.0460238833 0.000961863165 0)
(-0.046105823 -0.000810103915 0)
(-0.0439388711 -0.00253598913 0)
(-0.0396813832 -0.00406056196 0)
(-0.033686956 -0.00522175481 0)
(-0.0265027363 -0.00586030404 0)
(-0.0188496255 -0.00583829531 0)
(-0.0115675429 -0.00507039359 0)
(-0.00551559622 -0.0035709532 0)
(-0.00148203491 -0.00155258651 0)
(-3.10932453e-05 0.000233977904 0)
(0.000261395467 -0.000255578052 0)
(0.000151440029 0.000102073097 0)
(-0.00117495275 0.00054741566 0)
(-0.00348063111 0.000863516621 0)
(-0.00637558248 0.00102207841 0)
(-0.00946687262 0.00103797708 0)
(-0.0124000362 0.000936218082 0)
(-0.0148817772 0.000743061799 0)
(-0.0166861001 0.000483180795 0)
(-0.017654725 0.000180088673 1.08300234e-33)
(-0.01769852 -0.000142308023 -1.08300234e-33)
(-0.016801486 -0.000458218648 0)
(-0.0150266293 -0.000739019419 0)
(-0.0125219008 -0.000953244556 0)
(-0.00952354886 -0.00106773183 0)
(-0.00635302361 -0.00105052536 0)
(-0.00340014952 -0.000876787681 0)
(-0.0010836153 -0.000539615951 0)
(0.000206110845 -8.25144066e-05 0)
(0.000274563732 0.00026674558 0)
)
;

boundaryField
{
    walls
    {
        type            fixedValue;
        value           uniform (0 0 0);
    }
    mov_wall
    {
        type            fixedValue;
        value           uniform (1 0 0);
    }
    empty
    {
        type            empty;
    }
}


// ************************************************************************* //
