/*--------------------------------*- C++ -*----------------------------------*\
| =========                 |                                                 |
| \\      /  F ield         | OpenFOAM: The Open Source CFD Toolbox           |
|  \\    /   O peration     | Version:  5.x                                   |
|   \\  /    A nd           | Web:      www.OpenFOAM.org                      |
|    \\/     M anipulation  |                                                 |
\*---------------------------------------------------------------------------*/
FoamFile
{
    version     2.0;
    format      ascii;
    class       volScalarField;
    location    "4.5";
    object      p;
}
// * * * * * * * * * * * * * * * * * * * * * * * * * * * * * * * * * * * * * //

dimensions      [0 2 -2 0 0 0 0];

internalField   nonuniform List<scalar> 
400
(
2.85740817e-06
2.45246292
3.49432668
3.89888285
4.10665084
4.22471036
4.29429501
4.34028183
4.3763423
4.41011444
4.44676341
4.4909183
4.54765792
4.62449297
4.7348012
4.90459973
5.18238338
5.68420469
6.84131919
9.41172819
1.88670858
2.86729285
3.41988707
3.74774735
3.96518434
4.10975084
4.2076779
4.27899585
4.33674837
4.38961668
4.4442489
4.50657545
4.58333703
4.68330127
4.81972976
5.01368259
5.29402589
5.69847263
6.33841907
7.4283747
2.98208123
3.26253367
3.54233458
3.77068306
3.94570917
4.07571928
4.1732292
4.25000687
4.31527916
4.37623943
4.43892859
4.50902514
4.59257867
4.69678624
4.83085359
5.00664164
5.23632523
5.52394285
5.86049431
6.198241
3.52778764
3.58534626
3.72178892
3.86538026
3.98906756
4.09083582
4.17461375
4.24571755
4.30953045
4.37102665
4.43477806
4.50520787
4.58679201
4.68425813
4.80245467
4.94569614
5.11575288
5.30515149
5.47834053
5.55964245
3.84422057
3.82688394
3.88518334
3.96938647
4.05222324
4.12779443
4.19567205
4.25748129
4.31592641
4.37409576
4.4350685
4.50186101
4.57733463
4.66400959
4.76350754
4.87551448
4.99636249
5.11480533
5.19584946
5.18371935
4.04550455
4.00366221
4.02142952
4.06785331
4.12138584
4.17574436
4.2288582
4.28054114
4.33186362
4.38449517
4.44027441
4.50097145
4.56805219
4.64232984
4.72332985
4.80836985
4.89181018
4.96268137
4.99308407
4.94681144
4.18058914
4.13383423
4.13184216
4.15537196
4.18883692
4.22707006
4.26773031
4.3098751
4.35364072
4.39973475
4.44904177
4.50234024
4.56002224
4.62172514
4.68578884
4.74862946
4.80456321
4.8446691
4.84862799
4.79368342
4.27566191
4.2308458
4.21966334
4.22967761
4.24984909
4.27635804
4.30712563
4.34098597
4.37758175
4.41700235
4.45945484
4.50499966
4.55328857
4.60325248
4.65270831
4.69801463
4.73426204
4.75485015
4.74556382
4.69204549
4.3446774
4.30373428
4.28863218
4.2908307
4.30237944
4.3205749
4.34373328
4.37070499
4.40089616
4.43401867
4.46983156
4.50792108
4.54748681
4.58711225
4.62451656
4.65641649
4.67889689
4.68733648
4.67188256
4.62321981
4.39526238
4.3585076
4.34216032
4.33996124
4.34599217
4.35836434
4.37576413
4.39714814
4.42182835
4.44930165
4.47905381
4.51039007
4.54227743
4.57319567
4.60100338
4.6229292
4.63599881
4.6370955
4.61932792
4.57638083
4.43196657
4.39926065
4.38305743
4.37851351
4.38106871
4.38939895
4.40249033
4.41942744
4.43950502
4.46211168
4.48658515
4.51208976
4.537511
4.56137192
4.58177915
4.59648417
4.60329743
4.60017655
4.58220882
4.54489693
4.45777942
4.42889865
4.41358329
4.40794781
4.40838245
4.41395007
4.42386697
4.43734139
4.45369109
4.472264
4.49233372
4.5130166
4.53320946
4.55155443
4.56643606
4.57607339
4.57888851
4.57357751
4.55655815
4.52448095
4.47483043
4.44957628
4.43556424
4.42962348
4.42885594
4.43259653
4.44023829
4.45110131
4.46454583
4.47991869
4.49648023
4.51335318
4.52949395
4.54369147
4.55459488
4.56081379
4.56123015
4.55503883
4.53957614
4.51226233
4.48473346
4.46296222
4.45049596
4.44475437
4.44341963
4.44603179
4.45212538
4.46112027
4.4724257
4.48540623
4.49933378
4.5133619
4.52652264
4.53774912
4.54592101
4.54996218
4.5490966
4.54285995
4.52925829
4.5062748
4.48877708
4.47040564
4.45962361
4.45439638
4.4529303
4.45493987
4.46008171
4.46786481
4.47774465
4.48910574
4.50123554
4.51331967
4.52445893
4.53370905
4.54013757
4.5429159
4.54152609
4.53575158
4.52413749
4.50513863
4.4880644
4.47306002
4.46401232
4.45945815
4.45813413
4.45992714
4.46460837
4.47176586
4.48089005
4.49137345
4.50250544
4.51348629
4.5234612
4.53157396
4.53703348
4.53920248
4.53776535
4.53271081
4.52308657
4.50782418
4.48367148
4.47201351
4.46464391
4.46076573
4.45970489
4.46154012
4.46615659
4.47320914
4.48220383
4.49251713
4.50341263
4.51407311
4.52365042
4.53133207
4.53641873
4.53841551
4.53717336
4.53288129
4.52512948
4.5134192
4.47685857
4.46839096
4.46243256
4.45901892
4.45816532
4.46017318
4.46503817
4.47246059
4.48193107
4.49277345
4.50418435
4.51528337
4.52517763
4.53304206
4.53821112
4.5402813
4.53924205
4.53550152
4.52929076
4.52085926
4.4692891
4.46319761
4.45767759
4.45397134
4.45292529
4.45509247
4.46054616
4.46897157
4.47977426
4.49215219
4.50515728
4.51776154
4.52893428
4.53773746
4.54343764
4.54563407
4.54440748
4.54041923
4.53470217
4.52866914
4.46345198
4.45752623
4.45037376
4.44493031
4.44290674
4.44509876
4.45157071
4.46187602
4.47521797
4.49055431
4.50667552
4.52227919
4.53605659
4.5468026
4.55355525
4.55576858
4.55352343
4.54775256
4.54035467
4.53446528
)
;

boundaryField
{
    walls
    {
        type            zeroGradient;
    }
    mov_wall
    {
        type            zeroGradient;
    }
    empty
    {
        type            empty;
    }
}


// ************************************************************************* //
