/*--------------------------------*- C++ -*----------------------------------*\
| =========                 |                                                 |
| \\      /  F ield         | OpenFOAM: The Open Source CFD Toolbox           |
|  \\    /   O peration     | Version:  5.x                                   |
|   \\  /    A nd           | Web:      www.OpenFOAM.org                      |
|    \\/     M anipulation  |                                                 |
\*---------------------------------------------------------------------------*/
FoamFile
{
    version     2.0;
    format      ascii;
    class       surfaceScalarField;
    location    "4.5";
    object      phi;
}
// * * * * * * * * * * * * * * * * * * * * * * * * * * * * * * * * * * * * * //

dimensions      [0 3 -1 0 0 0 0];

internalField   nonuniform List<scalar> 
760
(
0.00134817627
-0.00134817763
0.0024576396
-0.00110946333
0.00313513459
-0.000677494992
0.00355971566
-0.000424581082
0.00383225127
-0.000272535606
0.00400945213
-0.000177200844
0.0041252145
-0.00011576235
0.00419921708
-7.40025807e-05
0.00424243235
-4.32152882e-05
0.00426055357
-1.81212284e-05
0.00425562234
4.93124282e-06
0.00422675778
2.88645803e-05
0.00416938941
5.73683774e-05
0.00407358504
9.58043483e-05
0.00391995093
0.000153634112
0.00367201929
0.000247931654
0.00326316024
0.00040885907
0.00257264078
0.000690519451
0.00140850174
0.00116413902
0.00140850172
-5.4695474e-05
-0.00129348215
0.000412592456
-0.00157675124
0.00103002967
-0.0012949322
0.00157871377
-0.000973265188
0.00201483261
-0.000708654465
0.00234477719
-0.000507145423
0.00258511627
-0.000356101406
0.00275126939
-0.000240155676
0.00285456778
-0.000146513675
0.00290179529
-6.53487626e-05
0.00289536657
1.13599591e-05
0.00283293034
9.13008217e-05
0.00270712573
0.000183173008
0.00250436374
0.000298566342
0.00220410987
0.000453887965
0.0017809017
0.000671139814
0.00121756798
0.000972192816
0.00055281257
0.0013552749
1.30664958e-05
0.00170388511
0.0014215682
-0.000271734756
-0.0010217474
-0.000221026733
-0.00162745925
7.13676773e-05
-0.00158732658
0.000446285547
-0.00134818305
0.000812489589
-0.00107485852
0.00112929918
-0.000823955028
0.00138207823
-0.000608880459
0.00156800782
-0.00042608524
0.00168837693
-0.000266882759
0.0017446845
-0.000121656346
0.00173678971
1.92547286e-05
0.00166213437
0.000165956164
0.00151571286
0.000329594549
0.00129125423
0.000523024987
0.000985011682
0.000760130503
0.000605009627
0.00105114184
0.000189850683
0.00138735176
-0.000160045083
0.0017051707
-0.000261640617
0.00180548067
0.00115992757
-0.000227941636
-0.00079380578
-0.000361197419
-0.00149420347
-0.000308328328
-0.00164019565
-0.000134821301
-0.00152169005
8.92093008e-05
-0.00129888912
0.000314971779
-0.00104971753
0.000513262906
-0.000807171601
0.000668299939
-0.000581122256
0.000771990277
-0.000370573065
0.000820036083
-0.000169702144
0.00080972761
2.95631797e-05
0.00073920097
0.000236482786
0.000607935625
0.000460859912
0.000419110858
0.000711849791
0.000184524326
0.000994717045
-6.719119e-05
0.00130285733
-0.000280617572
0.00160077812
-0.0003694185
0.00179397164
-0.000246993632
0.00168305584
0.000912933948
-0.000168965238
-0.000624840543
-0.000352016255
-0.00131115247
-0.000431557777
-0.00156065412
-0.000408909066
-0.00154433873
-0.000319435248
-0.00138836291
-0.000200095252
-0.00116905753
-7.98101692e-05
-0.000927456713
2.15781606e-05
-0.000682510591
9.14286301e-05
-0.000440423503
0.00012213535
-0.000200408832
0.000109757165
4.19413561e-05
5.36456652e-05
0.000292594253
-4.27490647e-05
0.000557254635
-0.000169694068
0.000838794831
-0.000307652435
0.00113267545
-0.000423468626
0.00141867352
-0.000470024888
0.00164733434
-0.000397824849
0.00172177158
-0.000196431042
0.00148166204
0.000716502931
-0.000124192134
-0.000500648392
-0.000308335677
-0.00112700895
-0.000450494177
-0.00141849564
-0.000523204101
-0.00147162879
-0.000535391122
-0.00137617585
-0.000508160869
-0.00119628777
-0.00046315695
-0.000972460657
-0.000418061023
-0.000727606549
-0.000385619091
-0.000472865423
-0.000373912114
-0.000212115764
-0.000386727948
5.47572133e-05
-0.00042345953
0.000329325806
-0.000478356426
0.000612151493
-0.000539178323
0.000899616735
-0.000585818898
0.00117931608
-0.000590512328
0.00142336698
-0.000523085127
0.00157990713
-0.000366699097
0.00156538551
-0.000150586003
0.00126554894
0.000565916948
-9.45729206e-05
-0.000406075443
-0.000264649753
-0.000956932129
-0.000430738434
-0.00125240699
-0.000556977017
-0.00134539022
-0.000636793283
-0.00129635956
-0.000678141802
-0.00115493921
-0.000693943957
-0.0009566585
-0.000696929299
-0.000724621248
-0.000697274136
-0.00047252061
-0.000701661819
-0.000207728049
-0.000712860734
6.59561826e-05
-0.000729336369
0.000345801448
-0.000744753836
0.000627568913
-0.000747580353
0.000902443215
-0.00072146994
0.00115320569
-0.000647843396
0.00134974049
-0.000512876908
0.00144494067
-0.000321206272
0.00137371486
-0.000116485709
0.00106082835
0.000449431238
-7.53437283e-05
-0.000330731692
-0.000228206805
-0.000804069035
-0.000398353677
-0.00108226014
-0.000550539579
-0.00119320435
-0.000670626521
-0.00117627261
-0.000757578387
-0.0010679873
-0.000816784828
-0.000897452019
-0.000855587469
-0.000685818626
-0.000880624358
-0.000447483773
-0.000896360397
-0.000191992021
-0.000904270128
7.38659668e-05
-0.000902360313
0.000343891688
-0.000884972207
0.000610180797
-0.00084310419
0.000860575141
-0.000765820238
0.0010759217
-0.000643664767
0.00122758505
-0.000475103939
0.00127637989
-0.00027630983
0.00117492078
-9.21328521e-05
0.000876651355
0.000357298365
-6.22883165e-05
-0.000268443372
-0.00019854131
-0.000667816002
-0.000362893644
-0.000917907798
-0.000523850747
-0.00103224728
-0.000664415284
-0.00103570811
-0.000778128977
-0.000954273584
-0.000864812195
-0.00081076874
-0.000927165474
-0.000623465319
-0.000968399706
-0.000406249581
-0.000990721274
-0.00016967051
-0.000994436431
7.75811299e-05
-0.000977525761
0.000326981088
-0.000935694991
0.000568350077
-0.000863101235
0.000787981362
-0.000754123186
0.000966943593
-0.000606626347
0.00108008819
-0.000426950429
0.00109670401
-0.000236038284
0.000984008679
-7.4349006e-05
0.000714962097
0.00028294934
-5.27689951e-05
-0.000215674399
-0.000173812795
-0.000546772162
-0.000327557388
-0.000764163165
-0.000486865972
-0.000872938705
-0.000634380217
-0.000888193917
-0.000760757915
-0.000827895916
-0.000862116705
-0.00070940991
-0.000937654762
-0.000547927192
-0.000987783217
-0.000356121112
-0.00101282399
-0.000144629801
-0.00101222282
7.69799119e-05
-0.00098424075
0.000298999038
-0.000926163074
0.000510272477
-0.000835158796
0.000696977128
-0.000709976085
0.000841760853
-0.000553597352
0.000923709401
-0.000376677011
0.000919783644
-0.000200960062
0.000808291756
-6.08626214e-05
0.000574864692
0.000222086724
-4.52979543e-05
-0.000170376479
-0.000152453998
-0.000439616104
-0.000293299612
-0.000623317499
-0.000444763081
-0.000721475198
-0.000590345837
-0.000742611186
-0.000719473393
-0.00069876842
-0.000826046403
-0.000602836917
-0.000906878239
-0.000467095297
-0.000960347564
-0.000302651717
-0.000985403137
-0.000119574232
-0.000980963184
7.25398886e-05
-0.000945732168
0.000263767974
-0.000878480071
0.000443020414
-0.00077885506
0.000597352192
-0.000648784033
0.000711689863
-0.000494403543
0.000769328884
-0.000328204172
0.000753584225
-0.000170678391
0.000650765958
-5.02806677e-05
0.000454466987
0.000171806079
-3.90621897e-05
-0.000131314312
-0.000133403828
-0.000345274489
-0.000260349989
-0.000496371309
-0.000400388958
-0.000581436168
-0.000538431166
-0.00060456895
-0.00066369278
-0.000573506848
-0.00076893809
-0.000497591672
-0.000849523131
-0.000386510257
-0.000902500949
-0.000249673825
-0.000925934073
-9.61410418e-05
-0.000918488861
6.50946584e-05
-0.00087935622
0.000224635259
-0.000808535383
0.000372199537
-0.000707505301
0.000496322147
-0.000580261688
0.000584446318
-0.000434588319
0.000623655548
-0.000283248287
0.000602244171
-0.000144573377
0.000512091012
-4.17552018e-05
0.000351648801
0.000130050896
-3.36093912e-05
-9.77049096e-05
-0.000115973516
-0.00026291041
-0.000228685918
-0.000383658926
-0.000355331158
-0.000454790887
-0.000482448468
-0.000477451572
-0.000599656614
-0.000456298685
-0.000699324734
-0.00039792361
-0.000776050524
-0.000309784531
-0.000826127671
-0.000199596664
-0.000847124138
-7.51444941e-05
-0.000837646059
5.56166374e-05
-0.000797332189
0.000184321364
-0.000727102551
0.000301969828
-0.000629656472
0.000398876034
-0.000510163496
0.000464953376
-0.000377005136
0.000490497246
-0.00024231485
0.000467553912
-0.000121978229
0.000391754377
-3.47332231e-05
0.000264403771
9.53176726e-05
-2.86574597e-05
-6.90474085e-05
-9.96602132e-05
-0.000191907687
-0.000198117026
-0.000285202165
-0.000310357594
-0.000342550329
-0.000424616071
-0.000363193039
-0.000531265859
-0.000349648829
-0.000622765419
-0.000306424047
-0.000693446637
-0.000239103379
-0.000739258854
-0.000153784504
-0.000757558068
-5.68452558e-05
-0.000747003444
4.50620931e-05
-0.000707597908
0.000144915877
-0.000640884385
0.000235256279
-0.000550277083
0.000308268671
-0.000441462379
0.000356138646
-0.000322745874
0.000371780769
-0.00020516658
0.000349974663
-0.000102185429
0.000288773248
-2.88024117e-05
0.000191020746
6.65152468e-05
-2.39811849e-05
-4.5066179e-05
-8.39974042e-05
-0.000131891457
-0.000168257088
-0.000200942522
-0.000265595514
-0.000245211955
-0.000365935622
-0.000262852931
-0.000460594494
-0.000254989893
-0.000542423497
-0.000224594981
-0.000605821286
-0.000175705597
-0.000646681738
-0.000112924121
-0.000662339419
-4.11876215e-05
-0.000651561356
3.42840586e-05
-0.000614612934
0.000107967527
-0.00055340061
0.000174043996
-0.000471663884
0.000226531922
-0.000375154018
0.000259628731
-0.000271701977
0.000268328707
-0.00017105887
0.000249331576
-8.44170649e-05
0.000202131477
-2.35998563e-05
0.000130203554
4.29153806e-05
-1.93492247e-05
-2.57169375e-05
-6.84700063e-05
-8.27706293e-05
-0.000138506723
-0.000130905805
-0.000220638071
-0.000163080653
-0.000306428437
-0.000177062613
-0.00038822878
-0.00017318954
-0.000459474166
-0.000153349528
-0.000514859771
-0.000120319936
-0.000550429765
-7.73541413e-05
-0.000563627573
-2.79898765e-05
-0.000553348457
2.40049049e-05
-0.00052001645
7.46355482e-05
-0.000465682606
0.000119710212
-0.000394114893
0.000154964243
-0.000310822977
0.0001763368
-0.000222941275
0.000180446969
-0.000138894638
0.000165284925
-6.78135254e-05
0.000131050378
-1.87621102e-05
8.115216e-05
2.41532735e-05
-1.45055527e-05
-1.12114053e-05
-5.25211017e-05
-4.47550303e-05
-0.000108122783
-7.53040825e-05
-0.000174687766
-9.65156732e-05
-0.000245343239
-0.000106407189
-0.000313520842
-0.000105011982
-0.00037338792
-9.34824347e-05
-0.000420129414
-7.35783785e-05
-0.000450116042
-4.73674668e-05
-0.000461009063
-1.70968703e-05
-0.000451841643
1.48374326e-05
-0.000423096931
4.58908066e-05
-0.000376775984
7.33892886e-05
-0.000316426446
9.46147527e-05
-0.000247079536
0.000106989916
-0.000175030348
0.000108397772
-0.000107403069
9.76576232e-05
-5.1485857e-05
7.51331577e-05
-1.39146264e-05
4.35809386e-05
1.02386569e-05
-9.20283011e-06
-2.00861354e-06
-3.56847523e-05
-1.82730809e-05
-7.64355167e-05
-3.45532705e-05
-0.000126810994
-4.6140158e-05
-0.000181408045
-5.18101455e-05
-0.00023481715
-5.1602924e-05
-0.000282132249
-4.61673708e-05
-0.000319263553
-3.64470569e-05
-0.0003431165
-2.35144656e-05
-0.00035170002
-8.51331427e-06
-0.000344207004
7.34440388e-06
-0.000321084439
2.27682018e-05
-0.000284086178
3.63910067e-05
-0.000236279544
4.68081367e-05
-0.000181958571
5.26689771e-05
-0.000126403739
5.28429594e-05
-7.54285391e-05
4.668242e-05
-3.46816332e-05
3.438624e-05
-8.71391426e-06
1.76132165e-05
1.52474903e-06
-3.43754501e-06
1.42890392e-06
-1.80438947e-05
-3.66672796e-06
-4.34060463e-05
-9.19109522e-06
-7.64336575e-05
-1.31125038e-05
-0.000113187133
-1.50566365e-05
-0.000149665098
-1.51249649e-05
-0.00018225155
-1.35809547e-05
-0.000207952863
-1.07457682e-05
-0.000224514103
-6.95321145e-06
-0.000230484751
-2.54262655e-06
-0.000225272628
2.13230763e-06
-0.000209197074
6.69263946e-06
-0.000183535364
1.07292717e-05
-0.000150536823
1.3809583e-05
-0.0001133683
1.55004657e-05
-7.59397579e-05
1.54144389e-05
-4.25472179e-05
1.32898934e-05
-1.72767367e-05
9.115759e-06
-3.10385977e-06
3.44033649e-06
-1.57910972e-06
1.42889767e-06
-2.23785357e-06
-1.14289746e-05
-2.45414817e-05
-3.95980927e-05
-5.47230263e-05
-6.83039738e-05
-7.90497632e-05
-8.60029989e-05
-8.85456265e-05
-8.64132967e-05
-7.97206345e-05
-6.89913584e-05
-5.51817876e-05
-3.96813342e-05
-2.42668964e-05
-1.09769951e-05
-1.86122861e-06
1.57911085e-06
)
;

boundaryField
{
    walls
    {
        type            calculated;
        value           uniform 0;
    }
    mov_wall
    {
        type            calculated;
        value           uniform 0;
    }
    empty
    {
        type            empty;
        value           nonuniform 0();
    }
}


// ************************************************************************* //
