/*--------------------------------*- C++ -*----------------------------------*\
| =========                 |                                                 |
| \\      /  F ield         | OpenFOAM: The Open Source CFD Toolbox           |
|  \\    /   O peration     | Version:  5.x                                   |
|   \\  /    A nd           | Web:      www.OpenFOAM.org                      |
|    \\/     M anipulation  |                                                 |
\*---------------------------------------------------------------------------*/
FoamFile
{
    version     2.0;
    format      ascii;
    class       volVectorField;
    location    "4.5";
    object      U;
}
// * * * * * * * * * * * * * * * * * * * * * * * * * * * * * * * * * * * * * //

dimensions      [0 1 -1 0 0 0 0];

internalField   nonuniform List<vector> 
400
(
(0.291698359 0.149643888 0)
(0.388187068 0.128007731 0)
(0.557616024 0.0757318426 0)
(0.674785679 0.0433044459 0)
(0.74376658 0.0251591077 0)
(0.787075012 0.0148802977 0)
(0.815462952 0.00893092183 0)
(0.833939558 0.0053099291 0)
(0.84536546 0.00289956253 0)
(0.85134926 0.00108485295 2.66526973e-34)
(0.852640744 -0.000502853881 -2.66526973e-34)
(0.84935429 -0.00216072098 0)
(0.840973371 -0.00421710535 0)
(0.826113774 -0.00722098537 0)
(0.802020424 -0.0122365015 0)
(0.763538943 -0.0213892112 0)
(0.69948889 -0.0388386155 0)
(0.584557337 -0.0722732733 0)
(0.407900537 -0.128436306 0)
(0.300688068 -0.152947535 0)
(0.00120414113 0.287432499 0)
(0.0133208884 0.293872185 0)
(0.140044391 0.209904888 0)
(0.264971551 0.142986183 0)
(0.364177712 0.096801995 0)
(0.440120041 0.0654411259 0)
(0.496541021 0.0439762538 0)
(0.536691055 0.0287011591 0)
(0.563274458 0.017079857 0)
(0.578137335 0.00742308774 0)
(0.582210278 -0.00150101345 0)
(0.575515245 -0.0107977561 0)
(0.557109244 -0.021734652 0)
(0.524912993 -0.0361396905 0)
(0.475518405 -0.0569634974 0)
(0.404325999 -0.0889771542 0)
(0.30568729 -0.139150757 0)
(0.174497789 -0.215275201 0)
(0.0341065864 -0.310801152 0)
(0.0108691577 -0.305909061 0)
(-0.0321467809 0.241773964 0)
(-0.0634304043 0.333547204 0)
(-0.0219362431 0.299502526 0)
(0.0505995924 0.240051692 0)
(0.127397354 0.183020825 0)
(0.196818584 0.135454534 0)
(0.25416708 0.0974523478 0)
(0.298088282 0.0668891747 0)
(0.328665663 0.041375828 0)
(0.346307816 0.0187814637 -2.35797167e-33)
(0.351211304 -0.00280949111 2.35797167e-33)
(0.343126738 -0.0252950475 0)
(0.321277571 -0.0508299474 0)
(0.284432896 -0.082094829 0)
(0.231328816 -0.122479773 0)
(0.161916758 -0.175658041 0)
(0.0798350144 -0.24320846 0)
(-0.00333734596 -0.317981963 0)
(-0.0578531336 -0.366363501 0)
(-0.0313893193 -0.270690673 0)
(-0.0261204231 0.182361594 0)
(-0.0666192993 0.316884164 0)
(-0.0735378112 0.33090177 0)
(-0.0481307477 0.295352936 0)
(-0.0056721995 0.244253528 0)
(0.0411124532 0.192431756 0)
(0.0845450848 0.145095048 0)
(0.120424309 0.103006635 0)
(0.146585229 0.065154368 0)
(0.161925468 0.0298884117 2.35546708e-33)
(0.165812808 -0.00469431933 -2.35546708e-33)
(0.157798791 -0.0406696188 0)
(0.137586487 -0.080302739 0)
(0.105285204 -0.125979579 0)
(0.0620900243 -0.179774805 0)
(0.011609267 -0.242029715 0)
(-0.0380283831 -0.307764355 0)
(-0.0720490995 -0.359579372 0)
(-0.0711639202 -0.355585638 0)
(-0.0287210566 -0.209178579 0)
(-0.0176296856 0.140767927 0)
(-0.0549165563 0.281827224 0)
(-0.0828630154 0.324484383 0)
(-0.0880762477 0.312396822 0)
(-0.0751197105 0.274442003 0)
(-0.0526276445 0.226778446 0)
(-0.0275118685 0.17730283 0)
(-0.00458011394 0.129145431 0)
(0.0130234697 0.0829123662 0)
(0.0233567826 0.0379330377 -2.94545716e-34)
(0.0253097375 -0.00710138934 2.94545716e-34)
(0.0184151972 -0.0537995198 0)
(0.00288697215 -0.103801261 0)
(-0.0200872122 -0.158367938 0)
(-0.0477707986 -0.21753072 0)
(-0.0750614588 -0.27834755 0)
(-0.0936267097 -0.3316948 0)
(-0.0922270597 -0.35739887 0)
(-0.0635074713 -0.318879892 0)
(-0.0207312611 -0.162076725 0)
(-0.0116542792 0.11159226 0)
(-0.0431522034 0.243765284 0)
(-0.0782840092 0.299859421 0)
(-0.10057928 0.305000848 0)
(-0.108310608 0.280421284 0)
(-0.105716521 0.240369201 0)
(-0.0975361868 0.193277783 0)
(-0.0877934652 0.143545379 0)
(-0.0795352108 0.0930260795 0)
(-0.0748272334 0.0420752373 0)
(-0.0748481423 -0.00975925065 0)
(-0.0799345853 -0.0632506132 0)
(-0.0895000319 -0.119033273 0)
(-0.101812887 -0.176993445 0)
(-0.113690958 -0.23529792 0)
(-0.120284783 -0.288849068 0)
(-0.115237023 -0.327084778 0)
(-0.0922711145 -0.331566549 0)
(-0.0521876303 -0.275119692 0)
(-0.0142847872 -0.1272601 0)
(-0.00803185454 0.089968025 0)
(-0.0343052817 0.207876711 0)
(-0.0703686652 0.267741372 0)
(-0.10095933 0.28350916 0)
(-0.121509125 0.269753794 0)
(-0.133061977 0.237807863 0)
(-0.138135846 0.19538414 0)
(-0.139450253 0.147216502 0)
(-0.139365681 0.0958906877 0)
(-0.139599248 0.0425957622 0)
(-0.141114124 -0.0122625612 0)
(-0.144054669 -0.0685401577 0)
(-0.147657213 -0.125824589 0)
(-0.15014061 -0.182787205 0)
(-0.148667751 -0.236314557 0)
(-0.139565534 -0.280390166 0)
(-0.119015754 -0.304900541 0)
(-0.0848747386 -0.29495728 0)
(-0.0422046455 -0.232154475 0)
(-0.0100065912 -0.100709816 0)
(-0.00589818934 0.0731569073 0)
(-0.0280514376 0.175459939 0)
(-0.0624620772 0.233454983 0)
(-0.0961931179 0.254650704 0)
(-0.123784303 0.248662385 0)
(-0.144336461 0.223978332 0)
(-0.158622047 0.187072472 0)
(-0.168069552 0.14243412 0)
(-0.174171019 0.0929433471 0)
(-0.178091666 0.040353304 0)
(-0.180456275 -0.014224521 0)
(-0.181230014 -0.06984467 0)
(-0.179647305 -0.125225745 0)
(-0.1742052 -0.178177556 0)
(-0.162809078 -0.224940954 0)
(-0.143212566 -0.259512837 0)
(-0.113841642 -0.273201302 0)
(-0.0753166165 -0.254896359 0)
(-0.0343188949 -0.192925773 0)
(-0.00728498403 -0.07999177 0)
(-0.00459312387 0.0595160151 0)
(-0.0235441693 0.146542625 0)
(-0.055342989 0.199662169 0)
(-0.0893196738 0.222701647 0)
(-0.120051826 0.221819424 0)
(-0.145609105 0.203131836 0)
(-0.165570661 0.171796559 0)
(-0.180317103 0.131775642 0)
(-0.190531078 0.085940521 0)
(-0.196813743 0.0363510132 2.97711663e-34)
(-0.199448914 -0.015391544 -2.97711663e-34)
(-0.198275642 -0.0677566398 0)
(-0.192646157 -0.118867789 0)
(-0.181489351 -0.166059299 0)
(-0.163546091 -0.205440866 0)
(-0.137858737 -0.231577792 0)
(-0.104503402 -0.237504908 0)
(-0.0656637282 -0.215386224 0)
(-0.0281737958 -0.15824984 0)
(-0.00551068859 -0.0634668179 0)
(-0.0037331461 0.0480883393 0)
(-0.0201212374 0.120839401 0)
(-0.0490153873 0.167676451 0)
(-0.0816389761 0.190287512 0)
(-0.112989451 0.192487659 0)
(-0.14068057 0.178557136 4.67988313e-33)
(-0.163557403 0.152465453 0)
(-0.181246287 0.117555005 0)
(-0.193784174 0.0765047547 -4.74064091e-33)
(-0.201296973 0.031471004 2.26592761e-36)
(-0.203789205 -0.0156743933 4.98648663e-36)
(-0.201035379 -0.0630555963 0)
(-0.192565937 -0.10848158 0)
(-0.177765513 -0.149141419 0)
(-0.156124905 -0.181360918 0)
(-0.127679785 -0.200524258 0)
(-0.093564576 -0.201318537 0)
(-0.0566770493 -0.178463973 0)
(-0.0233146672 -0.12809014 0)
(-0.00429570435 -0.0500435322 0)
(-0.00311504361 0.0383306335 0)
(-0.0173631218 0.0980508513 0)
(-0.0433176219 0.13812997 0)
(-0.0737180724 0.15897921 0)
(-0.104104449 0.162838235 0)
(-0.131970537 0.152618186 -4.67988313e-33)
(-0.155761624 0.131295704 0)
(-0.17461287 0.101603279 0)
(-0.18810022 0.0659290013 4.74064091e-33)
(-0.195997417 0.0263693734 1.49106935e-33)
(-0.198111614 -0.0151233116 -1.49832176e-33)
(-0.19420402 -0.0565442441 0)
(-0.183996569 -0.0956260402 0)
(-0.167277176 -0.12965484 0)
(-0.144124392 -0.155368908 0)
(-0.115252462 -0.16902249 0)
(-0.0823814099 -0.166713887 0)
(-0.0485941081 -0.145040226 0)
(-0.0193975995 -0.102103349 0)
(-0.00342091049 -0.039005001 0)
(-0.00263393664 0.0299262672 0)
(-0.0150226277 0.0779301287 0)
(-0.0380974266 0.111311111 0)
(-0.0658175683 0.129695799 0)
(-0.0942794698 0.134263888 0)
(-0.121044024 0.126925353 0)
(-0.144383613 0.109860573 0)
(-0.163148994 0.0852480447 0)
(-0.176619514 0.0551416395 0)
(-0.184335473 0.0214703239 2.99742833e-34)
(-0.185982934 -0.0138813535 -2.99742833e-34)
(-0.181343676 -0.0489515354 0)
(-0.170313971 -0.0815745576 0)
(-0.15299926 -0.109289272 0)
(-0.129891607 -0.129330735 0)
(-0.102114499 -0.13876424 0)
(-0.0716393788 -0.134816133 0)
(-0.0414365963 -0.115407286 0)
(-0.0161843524 -0.0798582227 0)
(-0.00276403482 -0.0298606601 0)
(-0.00223473436 0.0226800282 0)
(-0.012954126 0.0602838598 0)
(-0.0332381531 0.0873308358 0)
(-0.058055533 0.102954501 0)
(-0.0840353798 0.107621827 0)
(-0.108906079 0.10252072 0)
(-0.130914078 0.0892086583 0)
(-0.148775838 0.0693818674 0)
(-0.161603558 0.0447501615 0)
(-0.168801293 0.0170067351 3.00137421e-34)
(-0.169993543 -0.0121372055 -3.00137421e-34)
(-0.164999668 -0.0408861707 0)
(-0.153857537 -0.0672953725 0)
(-0.136899087 -0.0892417085 0)
(-0.114876642 -0.104468705 0)
(-0.0891189094 -0.110744417 0)
(-0.061632842 -0.106158112 0)
(-0.0351269734 -0.0895353321 0)
(-0.0135037431 -0.0609264405 0)
(-0.00225327314 -0.0222578276 0)
(-0.00188545272 0.0164662591 0)
(-0.0110624796 0.0449645435 0)
(-0.0286411436 0.0662105073 0)
(-0.0504611342 0.0790278175 0)
(-0.0736531675 0.0834123319 0)
(-0.0961641769 0.0800414961 0)
(-0.116305912 0.0699953694 0)
(-0.132763339 0.0545610947 0)
(-0.144575607 0.0351143621 0)
(-0.151082443 0.0130747313 0)
(-0.151887895 -0.0100881523 0)
(-0.146853 -0.0328250702 0)
(-0.1361195 -0.0534823459 0)
(-0.120164256 -0.0703098522 0)
(-0.0998793449 -0.081529952 0)
(-0.0766571256 -0.08549214 0)
(-0.0524122121 -0.0809235383 0)
(-0.0295300321 -0.0672469476 0)
(-0.0112185711 -0.044926661 0)
(-0.00184129687 -0.0159381041 0)
(-0.00156251532 0.0112077499 0)
(-0.0092698746 0.0318705415 0)
(-0.0242025166 0.0479368798 0)
(-0.0429884477 0.058049072 0)
(-0.0632319207 0.0619114987 0)
(-0.0831208728 0.0598559192 0)
(-0.101086244 0.0526055616 0)
(-0.115849125 0.041107183 0)
(-0.126440927 0.0264236389 0)
(-0.132187245 0.00968560631 0)
(-0.13269764 -0.0079167178 0)
(-0.127870719 -0.0251250479 0)
(-0.117915454 -0.0406102661 0)
(-0.103386529 -0.0529974451 0)
(-0.0852272536 -0.0609386968 0)
(-0.0648019926 -0.0632496914 0)
(-0.0438652667 -0.0591133875 0)
(-0.0244675017 -0.0483249897 0)
(-0.0092030915 -0.0315520046 0)
(-0.00149088278 -0.0107193764 0)
(-0.00124269162 0.0068723655 0)
(-0.00749726115 0.0209539417 0)
(-0.0197996715 0.0325014366 0)
(-0.0355241931 0.0400873043 0)
(-0.0527239675 0.0432717625 0)
(-0.0698331112 0.0421741807 0)
(-0.08543266 0.0372606196 0)
(-0.0983251661 0.0291991553 0)
(-0.107580779 0.0187673686 0)
(-0.112546721 0.00680864868 0)
(-0.112854341 -0.00578011239 0)
(-0.108431636 -0.0180487598 0)
(-0.0995214497 -0.0289997713 0)
(-0.0867021637 -0.037616058 0)
(-0.0709039747 -0.042924668 0)
(-0.0534054941 -0.0441071853 0)
(-0.0357703117 -0.0406592892 0)
(-0.0197281068 -0.0325810807 0)
(-0.00733072877 -0.0205903311 0)
(-0.00116697561 -0.00649226711 0)
(-0.000899884874 0.00347703959 0)
(-0.00566093331 0.0122244282 0)
(-0.0152978436 0.0199179452 0)
(-0.027909189 0.0251886604 0)
(-0.0419708349 0.0275859337 0)
(-0.0561592851 0.0271262692 0)
(-0.0692274869 0.0240986702 0)
(-0.0800968188 0.0189454329 0)
(-0.0879159876 0.0121895989 0)
(-0.0920844146 0.00440207247 0)
(-0.0922681507 -0.00380767409 0)
(-0.088415518 -0.011792767 0)
(-0.0807724957 -0.0188748783 0)
(-0.0698942051 -0.0243659721 0)
(-0.0566454513 -0.0276151879 0)
(-0.0421770484 -0.0280887001 0)
(-0.0278468997 -0.025486416 0)
(-0.0150887352 -0.0198866112 0)
(-0.00547449616 -0.0119313572 0)
(-0.000833547758 -0.00322197465 0)
(-0.000507511008 0.00108920538 0)
(-0.00368889669 0.00574013707 0)
(-0.0105872256 0.010222381 0)
(-0.0199879353 0.0134022186 0)
(-0.0307552908 0.0149401017 0)
(-0.041807655 0.0148327219 0)
(-0.0521004789 0.0132501824 0)
(-0.060720598 0.0104516765 0)
(-0.0669425836 0.00673881652 0)
(-0.0702538251 0.00243728784 0)
(-0.0703711837 -0.00210634624 0)
(-0.0672558405 -0.00652338523 0)
(-0.0611263948 -0.0104252552 0)
(-0.0524665005 -0.013415472 0)
(-0.0420201075 -0.0151167115 0)
(-0.0307626601 -0.0152183482 0)
(-0.0198243272 -0.0135494023 0)
(-0.0103615216 -0.0101761645 0)
(-0.00352670274 -0.00555507444 0)
(-0.000456470984 -0.000945966457 0)
(-6.44934102e-05 -0.000176242048 0)
(-0.00159899317 0.00163661351 0)
(-0.0056951911 0.00359859831 0)
(-0.0117199313 0.00501067886 0)
(-0.0188880463 0.00571685019 0)
(-0.0263913848 0.00573383349 0)
(-0.0334549873 0.0051477234 0)
(-0.0394085045 0.00407326589 0)
(-0.0437225519 0.00263488891 0)
(-0.0460238847 0.00096186196 0)
(-0.0461058209 -0.000810101284 0)
(-0.0439388688 -0.00253598581 0)
(-0.0396813835 -0.00406056135 0)
(-0.0336869585 -0.00522175714 0)
(-0.0265027386 -0.00586030683 0)
(-0.0188496257 -0.00583829632 0)
(-0.0115675418 -0.00507039279 0)
(-0.00551559524 -0.00357095208 0)
(-0.00148203488 -0.00155258617 0)
(-3.1093456e-05 0.000233977587 0)
(0.000261395067 -0.000255578018 0)
(0.000151438382 0.000102071414 0)
(-0.00117495598 0.000547413181 0)
(-0.00348063458 0.000863514937 0)
(-0.00637558348 0.00102207883 0)
(-0.00946687034 0.00103797916 0)
(-0.0124000332 0.000936219738 0)
(-0.0148817768 0.00074306136 0)
(-0.0166861028 0.000483178793 0)
(-0.0176547281 0.000180087219 1.08300215e-33)
(-0.0176985207 -0.000142307558 -1.08300215e-33)
(-0.0168014842 -0.000458216951 0)
(-0.0150266273 -0.000739018276 0)
(-0.0125219005 -0.000953244922 0)
(-0.00952355022 -0.00106773309 0)
(-0.00635302495 -0.00105052629 0)
(-0.00340014975 -0.0008767877 0)
(-0.00108361474 -0.00053961546 0)
(0.000206111341 -8.25140433e-05 0)
(0.000274563877 0.0002667456 0)
)
;

boundaryField
{
    walls
    {
        type            fixedValue;
        value           uniform (0 0 0);
    }
    mov_wall
    {
        type            fixedValue;
        value           uniform (1 0 0);
    }
    empty
    {
        type            empty;
    }
}


// ************************************************************************* //
