/*--------------------------------*- C++ -*----------------------------------*\
| =========                 |                                                 |
| \\      /  F ield         | OpenFOAM: The Open Source CFD Toolbox           |
|  \\    /   O peration     | Version:  5.x                                   |
|   \\  /    A nd           | Web:      www.OpenFOAM.org                      |
|    \\/     M anipulation  |                                                 |
\*---------------------------------------------------------------------------*/
FoamFile
{
    version     2.0;
    format      ascii;
    class       volScalarField;
    location    "3.1";
    object      p;
}
// * * * * * * * * * * * * * * * * * * * * * * * * * * * * * * * * * * * * * //

dimensions      [0 2 -2 0 0 0 0];

internalField   nonuniform List<scalar> 
400
(
5.64681339e-06
2.452467
3.49433094
3.89888712
4.10665509
4.22471461
4.29429929
4.34028616
4.37634666
4.4101188
4.44676779
4.49092273
4.5476624
4.62449748
4.73480566
4.90460413
5.18238776
5.68420909
6.84132362
9.41173262
1.88671257
2.86729704
3.41989131
3.74775163
3.96518862
4.1097551
4.20768216
4.27900014
4.33675272
4.38962107
4.44425329
4.50657983
4.58334144
4.68330573
4.81973422
5.01368698
5.2940302
5.69847691
6.3384234
7.42837909
2.9820855
3.26253789
3.54233882
3.77068733
3.94571347
4.07572357
4.17323346
4.25001113
4.31528346
4.37624379
4.43893295
4.50902947
4.59258298
4.6967906
4.83085798
5.00664602
5.23632954
5.52394711
5.86049859
6.19824535
3.52779199
3.58535054
3.72179317
3.86538453
3.98907187
4.09084013
4.17461803
4.24572178
4.3095347
4.37103096
4.43478239
4.50521216
4.58679624
4.68426235
4.80245895
4.94570047
5.1157572
5.30515578
5.4783448
5.55964677
3.84422497
3.82688827
3.88518762
3.96939073
4.05222753
4.12779876
4.19567637
4.25748554
4.31593064
4.37410001
4.43507281
4.5018653
4.57733883
4.66401373
4.7635117
4.87551874
4.99636682
5.11480966
5.19585377
5.18372365
4.04550895
4.0036666
4.02143384
4.06785758
4.1213901
4.17574868
4.22886256
4.28054547
4.33186787
4.3844994
4.44027868
4.50097575
4.56805643
4.64233398
4.72333396
4.80837403
4.89181448
4.96268574
4.99308843
4.94681575
4.1805935
4.13383863
4.13184654
4.15537626
4.18884118
4.22707436
4.2677347
4.30987952
4.35364507
4.39973901
4.44904602
4.50234455
4.56002657
4.62172938
4.68579298
4.74863361
4.80456746
4.84467346
4.84863238
4.79368777
4.27566622
4.23085016
4.21966773
4.22968197
4.24985339
4.27636232
4.30713
4.34099044
4.37758623
4.41700673
4.45945912
4.50500395
4.55329293
4.60325684
4.65271259
4.69801883
4.73426626
4.75485447
4.7455682
4.69204987
4.34468168
4.30373858
4.28863655
4.29083511
4.30238381
4.3205792
4.34373761
4.37070945
4.40090072
4.4340232
4.46983595
4.50792539
4.54749116
4.58711667
4.62452097
4.65642081
4.67890115
4.68734075
4.67188689
4.62322418
4.39526669
4.35851186
4.34216463
4.33996563
4.34599659
4.3583687
4.37576844
4.3971525
4.42183287
4.44930626
4.47905834
4.51039446
4.54228176
4.57320006
4.60100783
4.62293363
4.63600316
4.63709979
4.61933221
4.57638515
4.43197094
4.39926492
4.38306168
4.37851783
4.38107314
4.38940337
4.40249466
4.41943172
4.4395094
4.46211622
4.48658975
4.51209426
4.53751537
4.56137625
4.58178354
4.59648862
4.60330184
4.60018089
4.58221311
4.54490122
4.45778384
4.42890298
4.41358752
4.40795203
4.40838677
4.41395449
4.42387135
4.43734566
4.45369533
4.47226836
4.49233824
4.51302115
4.53321391
4.55155876
4.56644036
4.57607775
4.57889292
4.5735819
4.55656247
4.52448524
4.47483483
4.44958069
4.43556853
4.42962767
4.42886013
4.43260084
4.44024267
4.45110562
4.46455002
4.47992287
4.49648455
4.51335765
4.52949843
4.54369585
4.55459916
4.56081806
4.56123448
4.55504319
4.5395805
4.51226666
4.48473778
4.46296666
4.45050034
4.4447586
4.44342375
4.44603594
4.45212966
4.46112459
4.47242995
4.48541036
4.49933793
4.51336618
4.52652704
4.53775354
4.54592535
4.54996643
4.54910086
4.54286426
4.52926263
4.50627916
4.48878132
4.47041002
4.45962805
4.45440072
4.45293447
4.45494395
4.46008584
4.46786906
4.47774894
4.48910995
4.50123965
4.5133238
4.52446319
4.5337134
4.54014194
4.5429202
4.54153034
4.53575585
4.52414181
4.50514299
4.48806859
4.47306429
4.4640167
4.45946257
4.45813843
4.45993129
4.46461246
4.47177002
4.48089433
4.49137775
4.50250966
4.51349043
4.52346536
4.53157822
4.53703781
4.53920683
4.53776966
4.53271509
4.52309087
4.50782851
4.48367572
4.47201769
4.46464818
4.46077012
4.45970932
4.46154446
4.46616079
4.4732133
4.48220806
4.49252146
4.50341697
4.51407737
4.52365461
4.53133628
4.53642301
4.53841984
4.53717771
4.53288561
4.52513379
4.51342353
4.47686292
4.46839514
4.46243676
4.45902324
4.45816976
4.46017766
4.46504257
4.47246489
4.48193533
4.49277777
4.50418873
4.51528773
4.52518193
4.53304631
4.53821537
4.5402856
4.53924639
4.53550586
4.52929509
4.52086359
4.46929353
4.46320189
4.45768183
4.45397561
4.45292969
4.45509698
4.46055069
4.46897603
4.47977863
4.49215652
4.50516164
4.51776592
4.52893865
4.53774178
4.54344191
4.54563835
4.54441179
4.54042356
4.5347065
4.52867347
4.46345646
4.45753067
4.45037815
4.44493466
4.44291112
4.44510323
4.45157526
4.46188058
4.47522244
4.49055868
4.50667985
4.52228353
4.53606093
4.54680693
4.55355955
4.55577286
4.55352771
4.54775686
4.54035899
4.53446961
)
;

boundaryField
{
    walls
    {
        type            zeroGradient;
    }
    mov_wall
    {
        type            zeroGradient;
    }
    empty
    {
        type            empty;
    }
}


// ************************************************************************* //
