/*--------------------------------*- C++ -*----------------------------------*\
| =========                 |                                                 |
| \\      /  F ield         | OpenFOAM: The Open Source CFD Toolbox           |
|  \\    /   O peration     | Version:  5.x                                   |
|   \\  /    A nd           | Web:      www.OpenFOAM.org                      |
|    \\/     M anipulation  |                                                 |
\*---------------------------------------------------------------------------*/
FoamFile
{
    version     2.0;
    format      ascii;
    class       surfaceScalarField;
    location    "3.1";
    object      phi;
}
// * * * * * * * * * * * * * * * * * * * * * * * * * * * * * * * * * * * * * //

dimensions      [0 3 -1 0 0 0 0];

internalField   nonuniform List<scalar> 
760
(
0.00134817563
-0.00134817832
0.00245763928
-0.00110946364
0.0031351344
-0.000677495119
0.00355971554
-0.000424581149
0.00383225116
-0.000272535636
0.00400945201
-0.00017720084
0.00412521436
-0.000115762322
0.00419921694
-7.40025507e-05
0.00424243222
-4.32152747e-05
0.00426055343
-1.81212293e-05
0.00425562219
4.93124643e-06
0.00422675764
2.88646002e-05
0.0041693893
5.73684017e-05
0.00407358498
9.58043558e-05
0.0039199509
0.0001536341
0.00367201926
0.000247931645
0.00326316021
0.000408859086
0.00257264077
0.000690519488
0.00140850173
0.00116413905
0.00140850173
-5.46958303e-05
-0.00129348249
0.000412592084
-0.00157675154
0.00103002936
-0.00129493236
0.0015787135
-0.000973265263
0.00201483235
-0.000708654485
0.00234477689
-0.000507145402
0.00258511592
-0.000356101351
0.00275126902
-0.000240155607
0.00285456741
-0.000146513619
0.00290179494
-6.53487376e-05
0.00289536622
1.13599661e-05
0.00283293
9.13008343e-05
0.00270712543
0.000183173031
0.00250436352
0.000298566354
0.00220410973
0.000453887945
0.00178090162
0.000671139766
0.00121756792
0.000972192767
0.000552812517
0.00135527487
1.30664593e-05
0.0017038851
0.0014215682
-0.000271734914
-0.00102174758
-0.000221027008
-0.00162745945
7.13673522e-05
-0.00158732669
0.0004462852
-0.00134818307
0.00081248922
-0.00107485849
0.00112929876
-0.000823954963
0.00138207776
-0.000608880372
0.00156800729
-0.000426085141
0.00168837638
-0.000266882674
0.00174468398
-0.000121656303
0.00173678922
1.92547237e-05
0.0016621339
0.000165956134
0.00151571242
0.000329594519
0.00129125387
0.000523024953
0.000985011427
0.00076013044
0.000605009469
0.00105114174
0.00018985058
0.00138735164
-0.00016004516
0.00170517059
-0.000261640673
0.00180548061
0.00115992756
-0.000227941705
-0.000793805863
-0.000361197613
-0.00149420357
-0.000308328629
-0.00164019567
-0.000134821682
-0.00152168998
8.92088664e-05
-0.001298889
0.000314971296
-0.00104971739
0.000513262356
-0.000807171471
0.000668299318
-0.000581122137
0.000771989618
-0.000370572967
0.000820035443
-0.000169702097
0.000809727023
2.95631502e-05
0.00073920043
0.00023648269
0.00060793512
0.000460859785
0.000419110407
0.000711849657
0.000184523973
0.000994716896
-6.71914243e-05
0.00130285715
-0.000280617713
0.00160077791
-0.000369418585
0.00179397144
-0.000246993686
0.00168305571
0.00091293391
-0.000168965276
-0.000624840552
-0.000352016391
-0.00131115247
-0.000431558039
-0.00156065405
-0.000408909449
-0.00154433856
-0.000319435718
-0.00138836269
-0.000200095776
-0.0011690573
-7.98107446e-05
-0.000927456525
2.15775187e-05
-0.000682510456
9.14279335e-05
-0.000440423415
0.000122134653
-0.000200408803
0.000109756528
4.19412943e-05
5.36451039e-05
0.000292594085
-4.27495749e-05
0.000557254391
-0.00016969454
0.000838794559
-0.000307652838
0.00113267518
-0.000423468917
0.00141867324
-0.000470025059
0.00164733405
-0.000397824933
0.00172177131
-0.000196431078
0.00148166185
0.000716502866
-0.000124192172
-0.000500648343
-0.000308335781
-0.00112700885
-0.000450494393
-0.00141849547
-0.000523204452
-0.00147162853
-0.00053539159
-0.00137617553
-0.000508161405
-0.00119628744
-0.000463157518
-0.000972460391
-0.000418061627
-0.000727606385
-0.000385619747
-0.000472865352
-0.000373912794
-0.000212115772
-0.000386728586
5.47571109e-05
-0.000423460078
0.000329325579
-0.000478356895
0.000612151146
-0.00053917875
0.000899616319
-0.000585819287
0.00117931565
-0.000590512637
0.00142336659
-0.00052308532
0.00157990676
-0.00036669918
0.00156538519
-0.000150586019
0.00126554871
0.00056591686
-9.45729703e-05
-0.000406075355
-0.000264649846
-0.000956931929
-0.000430738606
-0.00125240671
-0.000556977307
-0.00134538988
-0.000636793702
-0.00129635916
-0.000678142311
-0.0011549388
-0.000693944493
-0.000956658146
-0.000696929832
-0.000724621027
-0.000697274688
-0.00047252054
-0.000701662403
-0.000207728101
-0.000712861312
6.59560287e-05
-0.000729336873
0.000345801176
-0.000744754241
0.000627568502
-0.000747580693
0.000902442692
-0.000721470253
0.00115320513
-0.000647843671
0.00134973997
-0.000512877101
0.00144494022
-0.00032120636
0.0013737145
-0.000116485717
0.0010608281
0.00044943114
-7.5343783e-05
-0.000330731587
-0.000228206901
-0.000804068762
-0.000398353816
-0.00108225977
-0.00055053979
-0.00119320393
-0.000670626842
-0.00117627216
-0.000757578814
-0.00106798683
-0.000816785299
-0.000897451591
-0.000855587916
-0.000685818327
-0.000880624774
-0.000447483664
-0.000896360821
-0.000191992095
-0.000904270573
7.38657587e-05
-0.000902360731
0.000343891371
-0.000884972539
0.000610180357
-0.000843104434
0.000860574575
-0.000765820439
0.00107592106
-0.000643664956
0.00122758443
-0.000475104095
0.00127637936
-0.000276309917
0.00117492038
-9.21328672e-05
0.000876651101
0.000357298271
-6.22883544e-05
-0.000268443271
-0.0001985414
-0.000667815693
-0.00036289376
-0.000917907351
-0.000523850884
-0.00103224678
-0.000664415477
-0.00103570761
-0.000778129262
-0.000954273091
-0.00086481255
-0.000810768275
-0.00092716582
-0.000623464949
-0.00096839999
-0.000406249397
-0.000990721515
-0.000169670553
-0.000994436683
7.75808945e-05
-0.000977526032
0.000326980725
-0.000935695228
0.000568349618
-0.000863101395
0.000787980802
-0.000754123282
0.000966942946
-0.000606626426
0.00108008752
-0.000426950511
0.00109670342
-0.000236038348
0.000984008236
-7.43490302e-05
0.000714961829
0.000282949253
-5.27689947e-05
-0.00021567431
-0.000173812851
-0.000546771858
-0.000327557474
-0.000764162688
-0.000486866049
-0.000872938142
-0.000634380283
-0.000888193359
-0.000760758019
-0.000827895405
-0.00086211688
-0.000709409448
-0.00093765497
-0.000547926798
-0.000987783377
-0.000356120857
-0.00101282407
-0.000144629767
-0.00101222287
7.69797073e-05
-0.000984240823
0.000298998657
-0.000926163172
0.000510271996
-0.000835158871
0.000696976583
-0.000709976104
0.000841760247
-0.000553597339
0.000923708763
-0.000376677007
0.000919783046
-0.00020096008
0.000808291284
-6.086264e-05
0.000574864402
0.000222086633
-4.5297913e-05
-0.000170376393
-0.00015245399
-0.000439615833
-0.00029329964
-0.000623317046
-0.000444763101
-0.000721474621
-0.000590345803
-0.000742610587
-0.000719473323
-0.000698767886
-0.000826046361
-0.000602836473
-0.000906878253
-0.00046709493
-0.000960347583
-0.000302651444
-0.000985403089
-0.000119574122
-0.000980963063
7.25397672e-05
-0.000945732038
0.000263767631
-0.00087847999
0.00044301993
-0.00077885502
0.00059735165
-0.00064878399
0.0007116893
-0.000494403478
0.000769328313
-0.000328204107
0.000753583677
-0.000170678357
0.0006507655
-5.02806645e-05
0.000454466687
0.000171805977
-3.90621315e-05
-0.000131314214
-0.000133403746
-0.000345274252
-0.000260349925
-0.000496370921
-0.0004003889
-0.000581435641
-0.000538431056
-0.000604568356
-0.000663692584
-0.000573506297
-0.000768937847
-0.000497591237
-0.000849522917
-0.00038650994
-0.000902500785
-0.000249673598
-0.000925933904
-9.61409177e-05
-0.00091848863
6.5094617e-05
-0.000879355942
0.000224635007
-0.000808535129
0.000372199103
-0.00070750512
0.00049632162
-0.000580261569
0.00058444578
-0.000434588224
0.000623655034
-0.0002832482
0.000602243698
-0.000144573314
0.00051209061
-4.17551766e-05
0.000351648522
0.00013005079
-3.3609353e-05
-9.77047947e-05
-0.000115973387
-0.000262910185
-0.000228685752
-0.000383658606
-0.000355330991
-0.00045479046
-0.000482448279
-0.000477451057
-0.000599656341
-0.000456298162
-0.00069932436
-0.00039792318
-0.000776050111
-0.000309784249
-0.000826127298
-0.00019959651
-0.000847123819
-7.51444261e-05
-0.000837645741
5.56166121e-05
-0.000797331832
0.000184321195
-0.000727102184
0.000301969491
-0.000629656162
0.00039887557
-0.000510163281
0.000464952871
-0.000377005002
0.000490496772
-0.000242314761
0.000467553502
-0.000121978168
0.000391754046
-3.47331928e-05
0.000264403541
9.53175802e-05
-2.8657462e-05
-6.90472948e-05
-9.96600891e-05
-0.00019190746
-0.000198116794
-0.000285201889
-0.000310357315
-0.000342550011
-0.000424615782
-0.000363192662
-0.000531265527
-0.00034964841
-0.000622764988
-0.000306423663
-0.000693446112
-0.000239103119
-0.000739258311
-0.000153784397
-0.000757557583
-5.68452643e-05
-0.000747003024
4.5062017e-05
-0.000707597508
0.000144915733
-0.00064088398
0.000235256032
-0.000550276706
0.00030826831
-0.000441462086
0.000356138215
-0.000322745688
0.000371780343
-0.000205166481
0.000349974301
-0.000102185382
0.000288772976
-2.8802393e-05
0.000191020572
6.65151812e-05
-2.39812118e-05
-4.50660976e-05
-8.39973248e-05
-0.000131891243
-0.00016825686
-0.000200942269
-0.000265595173
-0.000245211713
-0.000365935237
-0.000262852694
-0.000460594094
-0.000254989633
-0.000542423046
-0.000224594711
-0.000605820742
-0.000175705384
-0.000646681121
-0.000112924032
-0.000662338812
-4.11876685e-05
-0.000651560826
3.42839245e-05
-0.000614612484
0.000107967354
-0.000553400205
0.00017404379
-0.000471663507
0.000226531659
-0.000375153699
0.000259628409
-0.000271701752
0.000268328364
-0.000171058749
0.000249331271
-8.44170206e-05
0.000202131252
-2.35998503e-05
0.000130203422
4.29153403e-05
-1.93492342e-05
-2.57169089e-05
-6.84699724e-05
-8.27704692e-05
-0.000138506558
-0.000130905586
-0.000220637755
-0.000163080453
-0.000306428016
-0.000177062468
-0.000388228322
-0.000173189429
-0.000459473694
-0.000153349412
-0.000514859253
-0.00012031982
-0.000550429173
-7.73540784e-05
-0.000563626941
-2.79899168e-05
-0.000553347862
2.40047643e-05
-0.000520015949
7.46353555e-05
-0.000465682197
0.000119710012
-0.000394114549
0.00015496404
-0.000310822686
0.000176336581
-0.000222941053
0.000180446733
-0.000138894504
0.000165284702
-6.78134723e-05
0.000131050206
-1.87621058e-05
8.11520625e-05
2.41532488e-05
-1.4505513e-05
-1.12114221e-05
-5.25210809e-05
-4.47549609e-05
-0.000108122695
-7.53039397e-05
-0.000174687546
-9.65155177e-05
-0.000245342876
-0.000106407083
-0.000313520387
-0.000105011946
-0.00037338744
-9.34824366e-05
-0.000420128929
-7.35783763e-05
-0.000450115526
-4.73674588e-05
-0.000461008504
-1.70968964e-05
-0.000451841078
1.48373374e-05
-0.000423096424
4.58906496e-05
-0.000376775577
7.33891103e-05
-0.000316426135
9.46145875e-05
-0.000247079297
0.00010698977
-0.000175030167
0.000108397634
-0.000107402948
9.7657492e-05
-5.14857998e-05
7.51330502e-05
-1.39146158e-05
4.35808748e-05
1.02386411e-05
-9.20275053e-06
-2.00864658e-06
-3.56847162e-05
-1.82730995e-05
-7.6435477e-05
-3.45532337e-05
-0.000126810886
-4.61400764e-05
-0.000181407811
-5.1810067e-05
-0.000234816792
-5.16028974e-05
-0.000282131823
-4.61674044e-05
-0.000319263117
-3.64471151e-05
-0.000343116071
-2.35145095e-05
-0.000351699582
-8.51334124e-06
-0.000344206553
7.34436355e-06
-0.000321084008
2.27681225e-05
-0.000284085813
3.6390895e-05
-0.000236279273
4.68080221e-05
-0.000181958383
5.26688831e-05
-0.000126403612
5.28428885e-05
-7.54284561e-05
4.66823633e-05
-3.46815886e-05
3.43861938e-05
-8.71390096e-06
1.76131874e-05
1.52474174e-06
-3.43747297e-06
1.42887789e-06
-1.80438492e-05
-3.66679169e-06
-4.34060218e-05
-9.19114494e-06
-7.64336238e-05
-1.31125102e-05
-0.000113187037
-1.50566074e-05
-0.0001496649
-1.51249371e-05
-0.000182251262
-1.35809611e-05
-0.000207952535
-1.0745808e-05
-0.000224513781
-6.95325535e-06
-0.000230484449
-2.54264909e-06
-0.000225272336
2.13230375e-06
-0.000209196789
6.69263111e-06
-0.000183535108
1.07292424e-05
-0.000150536624
1.38095382e-05
-0.000113368169
1.55004237e-05
-7.59396829e-05
1.5414412e-05
-4.25471784e-05
1.32898806e-05
-1.7276717e-05
9.11575246e-06
-3.1038525e-06
3.44033249e-06
-1.57911012e-06
1.4289189e-06
-2.23782859e-06
-1.14289553e-05
-2.45414751e-05
-3.95980853e-05
-5.47229864e-05
-6.83038786e-05
-7.90496223e-05
-8.60028469e-05
-8.85454931e-05
-8.6413187e-05
-7.97205369e-05
-6.89912661e-05
-5.5181708e-05
-3.96812797e-05
-2.42668706e-05
-1.09769897e-05
-1.8612309e-06
1.5791092e-06
)
;

boundaryField
{
    walls
    {
        type            calculated;
        value           uniform 0;
    }
    mov_wall
    {
        type            calculated;
        value           uniform 0;
    }
    empty
    {
        type            empty;
        value           nonuniform 0();
    }
}


// ************************************************************************* //
