/*--------------------------------*- C++ -*----------------------------------*\
| =========                 |                                                 |
| \\      /  F ield         | OpenFOAM: The Open Source CFD Toolbox           |
|  \\    /   O peration     | Version:  5.x                                   |
|   \\  /    A nd           | Web:      www.OpenFOAM.org                      |
|    \\/     M anipulation  |                                                 |
\*---------------------------------------------------------------------------*/
FoamFile
{
    version     2.0;
    format      ascii;
    class       volVectorField;
    location    "3.1";
    object      U;
}
// * * * * * * * * * * * * * * * * * * * * * * * * * * * * * * * * * * * * * //

dimensions      [0 1 -1 0 0 0 0];

internalField   nonuniform List<vector> 
400
(
(0.291698284 0.149643969 0)
(0.388186952 0.128007773 0)
(0.55761597 0.0757318603 0)
(0.674785652 0.0433044547 0)
(0.743766558 0.0251591117 0)
(0.787074989 0.0148802978 0)
(0.815462926 0.0089309193 0)
(0.83393953 0.0053099264 0)
(0.845365433 0.00289956157 0)
(0.851349233 0.00108485329 2.66527236e-34)
(0.852640715 -0.000502854329 -2.66527236e-34)
(0.84935426 -0.00216072344 0)
(0.840973345 -0.00421710834 0)
(0.826113756 -0.00722098657 0)
(0.802020415 -0.0122365008 0)
(0.763538938 -0.021389211 0)
(0.699488886 -0.038838618 0)
(0.584557333 -0.0722732779 0)
(0.407900535 -0.12843631 0)
(0.300688068 -0.152947536 0)
(0.00120409356 0.287432615 0)
(0.0133208025 0.293872257 0)
(0.140044322 0.209904923 0)
(0.264971495 0.1429862 0)
(0.364177659 0.096802002 0)
(0.440119985 0.0654411246 0)
(0.496540957 0.043976246 0)
(0.536690984 0.0287011496 0)
(0.563274384 0.0170798507 0)
(0.578137263 0.00742308555 0)
(0.582210207 -0.00150101492 0)
(0.575515175 -0.0107977605 0)
(0.557109179 -0.0217346581 0)
(0.52491294 -0.0361396938 0)
(0.47551837 -0.0569634954 0)
(0.404325978 -0.0889771501 0)
(0.305687276 -0.139150756 0)
(0.174497778 -0.215275204 0)
(0.0341065776 -0.310801156 0)
(0.0108691541 -0.305909062 0)
(-0.0321467999 0.241774018 0)
(-0.0634304514 0.333547256 0)
(-0.0219363041 0.299502555 0)
(0.0505995251 0.240051704 0)
(0.127397282 0.183020825 0)
(0.196818506 0.135454527 0)
(0.25416699 0.0974523342 0)
(0.298088181 0.066889158 0)
(0.328665555 0.041375814 0)
(0.346307709 0.0187814567 -2.35797401e-33)
(0.351211202 -0.00280949182 2.35797401e-33)
(0.343126641 -0.0252950468 0)
(0.32127748 -0.0508299481 0)
(0.284432815 -0.0820948283 0)
(0.231328754 -0.122479766 0)
(0.161916717 -0.175658027 0)
(0.0798349891 -0.243208444 0)
(-0.00333736318 -0.31798195 0)
(-0.0578531464 -0.366363493 0)
(-0.0313893246 -0.270690671 0)
(-0.0261204302 0.182361618 0)
(-0.0666193259 0.316884194 0)
(-0.0735378612 0.330901784 0)
(-0.0481308166 0.295352933 0)
(-0.00567228135 0.244253513 0)
(0.0411123613 0.192431737 0)
(0.0845449811 0.145095027 0)
(0.120424191 0.103006613 0)
(0.1465851 0.0651543494 0)
(0.161925337 0.0298884024 2.35546939e-33)
(0.165812685 -0.00469431628 -2.35546939e-33)
(0.157798677 -0.0406696068 0)
(0.137586381 -0.0803027243 0)
(0.105285107 -0.125979563 0)
(0.0620899434 -0.179774784 0)
(0.0116092085 -0.242029687 0)
(-0.0380284196 -0.307764323 0)
(-0.072049121 -0.359579342 0)
(-0.0711639334 -0.355585619 0)
(-0.0287210616 -0.209178574 0)
(-0.0176296885 0.140767935 0)
(-0.0549165723 0.281827234 0)
(-0.082863055 0.324484378 0)
(-0.0880763128 0.312396799 0)
(-0.0751197965 0.274441968 0)
(-0.0526277444 0.22677841 0)
(-0.0275119788 0.177302799 0)
(-0.00458023643 0.129145406 0)
(0.0130233344 0.0829123474 0)
(0.0233566415 0.0379330298 -2.94546002e-34)
(0.0253096029 -0.00710138045 2.94546002e-34)
(0.0184150767 -0.0537994936 0)
(0.00288686449 -0.103801225 0)
(-0.0200873112 -0.158367897 0)
(-0.0477708868 -0.217530678 0)
(-0.0750615283 -0.278347504 0)
(-0.0936267553 -0.331694751 0)
(-0.0922270841 -0.357398824 0)
(-0.0635074821 -0.31887986 0)
(-0.0207312641 -0.162076715 0)
(-0.0116542818 0.111592255 0)
(-0.0431522157 0.243765272 0)
(-0.0782840402 0.299859396 0)
(-0.100579337 0.305000805 0)
(-0.108310691 0.280421228 0)
(-0.105716622 0.240369145 0)
(-0.0975362978 0.193277738 0)
(-0.087793583 0.143545349 0)
(-0.079535338 0.0930260636 0)
(-0.0748273687 0.042075235 0)
(-0.0748482756 -0.00975923433 0)
(-0.0799347047 -0.0632505736 0)
(-0.0895001338 -0.119033213 0)
(-0.101812977 -0.176993376 0)
(-0.11369104 -0.23529785 0)
(-0.120284853 -0.288849001 0)
(-0.115237073 -0.327084712 0)
(-0.092271141 -0.33156649 0)
(-0.0521876388 -0.275119649 0)
(-0.0142847881 -0.127260085 0)
(-0.00803185878 0.0899680109 0)
(-0.0343052947 0.20787668 0)
(-0.0703686907 0.267741327 0)
(-0.100959376 0.2835091 0)
(-0.121509197 0.269753721 0)
(-0.133062071 0.237807787 0)
(-0.138135952 0.195384078 0)
(-0.139450361 0.147216464 0)
(-0.139365791 0.0958906739 0)
(-0.139599363 0.0425957683 0)
(-0.141114242 -0.0122625355 0)
(-0.144054779 -0.0685401074 0)
(-0.147657305 -0.125824512 0)
(-0.150140685 -0.18278711 0)
(-0.148667817 -0.236314458 0)
(-0.139565593 -0.280390074 0)
(-0.1190158 -0.30490046 0)
(-0.0848747659 -0.294957212 0)
(-0.0422046535 -0.232154426 0)
(-0.0100065911 -0.100709798 0)
(-0.00589819452 0.0731568875 0)
(-0.028051452 0.175459891 0)
(-0.0624620999 0.233454918 0)
(-0.0961931524 0.254650627 0)
(-0.123784357 0.248662299 0)
(-0.144336537 0.223978243 0)
(-0.158622138 0.187072393 0)
(-0.168069645 0.142434068 0)
(-0.174171106 0.0929433296 0)
(-0.178091751 0.0403533171 0)
(-0.180456363 -0.0142244844 0)
(-0.181230101 -0.0698446105 0)
(-0.17964738 -0.125225659 0)
(-0.174205258 -0.178177446 0)
(-0.162809122 -0.224940832 0)
(-0.143212605 -0.259512722 0)
(-0.113841676 -0.273201203 0)
(-0.0753166404 -0.254896282 0)
(-0.0343189039 -0.192925723 0)
(-0.00728498476 -0.0799917506 0)
(-0.00459312753 0.059515994 0)
(-0.0235441818 0.146542565 0)
(-0.0553430093 0.199662085 0)
(-0.0893196988 0.222701553 0)
(-0.120051859 0.221819327 0)
(-0.145609153 0.203131739 0)
(-0.165570726 0.171796468 0)
(-0.180317174 0.131775575 0)
(-0.190531141 0.0859404918 0)
(-0.196813795 0.0363510257 2.97711961e-34)
(-0.199448964 -0.0153914988 -2.97711961e-34)
(-0.198275695 -0.0677565711 0)
(-0.192646208 -0.118867699 0)
(-0.18148939 -0.166059185 0)
(-0.163546116 -0.205440735 0)
(-0.137858754 -0.231577662 0)
(-0.104503418 -0.237504795 0)
(-0.0656637428 -0.215386139 0)
(-0.0281738042 -0.158249787 0)
(-0.00551069062 -0.0634667997 0)
(-0.00373314579 0.0480883198 0)
(-0.0201212427 0.120839338 0)
(-0.0490154018 0.167676357 0)
(-0.0816389926 0.190287404 0)
(-0.112989465 0.192487552 0)
(-0.140680586 0.178557034 4.67988783e-33)
(-0.163557432 0.152465359 0)
(-0.181246326 0.117554927 0)
(-0.193784211 0.0765047102 -4.74064567e-33)
(-0.201296997 0.0314710054 2.2659261e-36)
(-0.203789217 -0.0156743483 4.9864864e-36)
(-0.201035391 -0.0630555209 0)
(-0.192565955 -0.108481485 0)
(-0.177765531 -0.149141308 0)
(-0.156124914 -0.181360791 0)
(-0.127679785 -0.200524126 0)
(-0.093564574 -0.201318417 0)
(-0.0566770506 -0.178463881 0)
(-0.023314671 -0.128090084 0)
(-0.00429570628 -0.0500435143 0)
(-0.00311503901 0.0383306157 0)
(-0.0173631163 0.0980507928 0)
(-0.0433176243 0.138129876 0)
(-0.0737180779 0.158979094 0)
(-0.104104447 0.162838118 0)
(-0.131970526 0.152618081 -4.67988783e-33)
(-0.155761612 0.131295612 0)
(-0.174612867 0.101603201 0)
(-0.188100224 0.0659289473 4.74064567e-33)
(-0.195997414 0.0263693589 1.49107087e-33)
(-0.198111596 -0.0151232783 -1.49832329e-33)
(-0.194203994 -0.0565441706 0)
(-0.183996548 -0.0956259427 0)
(-0.167277165 -0.12965473 0)
(-0.144124384 -0.15536879 0)
(-0.115252451 -0.169022367 0)
(-0.0823813966 -0.166713771 0)
(-0.0485940982 -0.145040131 0)
(-0.0193975962 -0.102103289 0)
(-0.0034209105 -0.0390049816 0)
(-0.00263393049 0.0299262486 0)
(-0.0150226131 0.0779300773 0)
(-0.0380974121 0.111311025 0)
(-0.0658175569 0.129695687 0)
(-0.0942794535 0.134263768 0)
(-0.121043993 0.126925243 0)
(-0.144383568 0.109860484 0)
(-0.163148947 0.0852479755 0)
(-0.176619476 0.0551415884 0)
(-0.18433544 0.0214702997 2.9974313e-34)
(-0.185982893 -0.0138813373 -2.9974313e-34)
(-0.181343624 -0.048951475 0)
(-0.170313917 -0.0815744647 0)
(-0.152999216 -0.109289164 0)
(-0.129891578 -0.129330624 0)
(-0.102114478 -0.13876413 0)
(-0.0716393607 -0.13481603 0)
(-0.0414365815 -0.115407199 0)
(-0.0161843441 -0.079858164 0)
(-0.00276403269 -0.029860639 0)
(-0.00223473082 0.0226800068 0)
(-0.0129541095 0.0602838133 0)
(-0.0332381235 0.0873307644 0)
(-0.0580555 0.102954405 0)
(-0.0840353448 0.107621715 0)
(-0.108906033 0.102520611 0)
(-0.130914012 0.089208571 0)
(-0.148775758 0.0693818071 0)
(-0.161603479 0.0447501228 0)
(-0.168801224 0.0170067151 3.00137706e-34)
(-0.169993479 -0.0121371995 -3.00137705e-34)
(-0.1649996 -0.0408861285 0)
(-0.153857463 -0.0672952946 0)
(-0.136899019 -0.0892416084 0)
(-0.11487659 -0.1044686 0)
(-0.0891188749 -0.110744318 0)
(-0.0616328202 -0.106158023 0)
(-0.035126959 -0.0895352582 0)
(-0.0135037347 -0.060926389 0)
(-0.00225327049 -0.0222578075 0)
(-0.00188545404 0.0164662361 0)
(-0.0110624689 0.0449644981 0)
(-0.0286411081 0.0662104477 0)
(-0.0504610828 0.0790277426 0)
(-0.0736531109 0.0834122416 0)
(-0.096164115 0.0800414003 0)
(-0.116305835 0.0699952869 0)
(-0.132763242 0.0545610401 0)
(-0.144575499 0.035114336 0)
(-0.151082339 0.0130747252 0)
(-0.151887804 -0.0100881427 0)
(-0.146852917 -0.0328250395 0)
(-0.136119419 -0.0534822874 0)
(-0.120164177 -0.070309769 0)
(-0.0998792774 -0.0815298575 0)
(-0.0766570778 -0.0854920493 0)
(-0.0524121843 -0.0809234608 0)
(-0.0295300184 -0.0672468871 0)
(-0.0112185655 -0.0449266203 0)
(-0.00184129545 -0.0159380882 0)
(-0.00156251956 0.01120773 0)
(-0.00926987183 0.0318704969 0)
(-0.0242024865 0.047936827 0)
(-0.0429883902 0.0580490162 0)
(-0.0632318476 0.0619114371 0)
(-0.0831207943 0.0598558507 0)
(-0.101086159 0.0526054953 0)
(-0.115849024 0.041107135 0)
(-0.126440809 0.0264236196 0)
(-0.132187121 0.00968561229 0)
(-0.132697525 -0.00791669668 0)
(-0.12787062 -0.0251250166 0)
(-0.117915368 -0.0406102211 0)
(-0.10338645 -0.0529973827 0)
(-0.0852271834 -0.060938621 0)
(-0.0648019382 -0.063249614 0)
(-0.0438652328 -0.0591133205 0)
(-0.0244674863 -0.0483249399 0)
(-0.00920308774 -0.031551974 0)
(-0.00149088277 -0.0107193658 0)
(-0.00124269384 0.00687235422 0)
(-0.00749726108 0.0209539038 0)
(-0.0197996529 0.0325013891 0)
(-0.0355241448 0.0400872605 0)
(-0.0527238928 0.0432717251 0)
(-0.0698330226 0.042174144 0)
(-0.0854325667 0.0372605809 0)
(-0.0983250666 0.029199122 0)
(-0.107580667 0.0187673534 0)
(-0.112546597 0.00680865794 0)
(-0.112854216 -0.00578008428 0)
(-0.108431525 -0.0180487231 0)
(-0.0995213584 -0.0289997308 0)
(-0.0867020882 -0.0376160118 0)
(-0.0709039109 -0.0429246139 0)
(-0.0534054426 -0.0441071274 0)
(-0.0357702764 -0.0406592363 0)
(-0.0197280892 -0.0325810411 0)
(-0.00733072443 -0.0205903084 0)
(-0.00116697588 -0.00649226074 0)
(-0.000899881285 0.00347703843 0)
(-0.00566092847 0.0122244051 0)
(-0.0152978343 0.0199179088 0)
(-0.027909159 0.0251886251 0)
(-0.0419707761 0.0275859096 0)
(-0.0561592022 0.0271262557 0)
(-0.0692273926 0.0240986598 0)
(-0.0800967217 0.0189454215 0)
(-0.0879158867 0.012189592 0)
(-0.0920843059 0.00440207937 0)
(-0.0922680366 -0.00380764993 0)
(-0.0884154094 -0.0117927315 0)
(-0.0807724036 -0.0188748403 0)
(-0.0698941331 -0.0243659357 0)
(-0.0566453963 -0.027615152 0)
(-0.0421770064 -0.0280886633 0)
(-0.0278468699 -0.0254863809 0)
(-0.0150887183 -0.0198865835 0)
(-0.00547449062 -0.0119313414 0)
(-0.000833547348 -0.00322197076 0)
(-0.000507502566 0.00108921084 0)
(-0.00368888496 0.0057401328 0)
(-0.0105872193 0.0102223637 0)
(-0.0199879218 0.0134021954 0)
(-0.0307552569 0.0149400841 0)
(-0.0418075951 0.014832717 0)
(-0.0521003993 0.0132501875 0)
(-0.0607205108 0.0104516833 0)
(-0.0669424963 0.00673882073 0)
(-0.0702537376 0.00243729327 0)
(-0.0703710937 -0.00210633268 0)
(-0.067255751 -0.00652336158 0)
(-0.0611263144 -0.0104252263 0)
(-0.0524664366 -0.0134154445 0)
(-0.0420200617 -0.0151166883 0)
(-0.030762629 -0.0152183283 0)
(-0.0198243067 -0.0135493844 0)
(-0.0103615096 -0.0101761499 0)
(-0.00352669786 -0.00555506564 0)
(-0.000456470127 -0.000945964342 0)
(-6.44853633e-05 -0.000176235169 0)
(-0.00159898055 0.00163662396 0)
(-0.00569518478 0.00359860181 0)
(-0.0117199266 0.00501067282 0)
(-0.0188880339 0.00571684027 0)
(-0.0263913553 0.00573382894 0)
(-0.033454938 0.00514772873 0)
(-0.0394084418 0.00407327723 0)
(-0.0437224861 0.00263489874 0)
(-0.0460238218 0.000961867031 0)
(-0.046105761 -0.000810097484 0)
(-0.0439388104 -0.00253597789 0)
(-0.0396813288 -0.00406054801 0)
(-0.0336869127 -0.00522174197 0)
(-0.0265027057 -0.00586029425 0)
(-0.0188496055 -0.00583828784 0)
(-0.0115675308 -0.00507038715 0)
(-0.00551558991 -0.00357094789 0)
(-0.00148203276 -0.00155258354 0)
(-3.1092999e-05 0.000233978116 0)
(0.000261397507 -0.000255574906 0)
(0.00015144338 0.000102079159 0)
(-0.00117495177 0.000547419547 0)
(-0.00348063245 0.000863516526 0)
(-0.00637558254 0.00102207636 0)
(-0.00946686577 0.00103797667 0)
(-0.0124000194 0.000936220841 0)
(-0.0148817527 0.000743065979 0)
(-0.016686073 0.000483183653 0)
(-0.0176546993 0.000180089461 1.08300319e-33)
(-0.0176984962 -0.000142307633 -1.08300319e-33)
(-0.0168014633 -0.000458216748 0)
(-0.0150266081 -0.000739015917 0)
(-0.0125218832 -0.000953240949 0)
(-0.00952353679 -0.00106772946 0)
(-0.00635301709 -0.00105052429 0)
(-0.0034001469 -0.000876787117 0)
(-0.00108361472 -0.000539615381 0)
(0.00020611072 -8.25140061e-05 0)
(0.000274563617 0.000266745507 0)
)
;

boundaryField
{
    walls
    {
        type            fixedValue;
        value           uniform (0 0 0);
    }
    mov_wall
    {
        type            fixedValue;
        value           uniform (1 0 0);
    }
    empty
    {
        type            empty;
    }
}


// ************************************************************************* //
