/*--------------------------------*- C++ -*----------------------------------*\
| =========                 |                                                 |
| \\      /  F ield         | OpenFOAM: The Open Source CFD Toolbox           |
|  \\    /   O peration     | Version:  5.x                                   |
|   \\  /    A nd           | Web:      www.OpenFOAM.org                      |
|    \\/     M anipulation  |                                                 |
\*---------------------------------------------------------------------------*/
FoamFile
{
    version     2.0;
    format      ascii;
    class       volScalarField;
    location    "2.7";
    object      p;
}
// * * * * * * * * * * * * * * * * * * * * * * * * * * * * * * * * * * * * * //

dimensions      [0 2 -2 0 0 0 0];

internalField   nonuniform List<scalar> 
400
(
6.88199467e-06
2.45246877
3.49433274
3.89888886
4.10665682
4.22471633
4.29430104
4.34028797
4.37634855
4.41012077
4.44676979
4.49092475
4.54766444
4.62449952
4.73480768
4.90460612
5.18238972
5.68421104
6.84132557
9.41173455
1.88671437
2.86729889
3.41989313
3.74775342
3.96519041
4.1097569
4.20768399
4.27900202
4.33675466
4.38962306
4.4442553
4.50658185
4.58334344
4.68330772
4.8197362
5.01368893
5.29403211
5.6984788
6.33842529
7.42838096
2.98208748
3.26253982
3.5423407
3.77068918
3.94571531
4.07572543
4.17323535
4.25001306
4.31528544
4.37624582
4.43893501
4.50903152
4.592585
4.69679259
4.83085996
5.00664798
5.23633146
5.52394899
5.86050044
6.19824717
3.52779407
3.58535254
3.72179512
3.86538643
3.98907376
4.09084205
4.17461998
4.24572378
4.30953673
4.37103303
4.4347845
4.50521427
4.58679832
4.68426439
4.80246096
4.94570246
5.11575916
5.30515768
5.47834664
5.55964854
3.84422712
3.82689035
3.88518964
3.9693927
4.05222948
4.12780073
4.19567838
4.25748759
4.31593271
4.37410212
4.43507495
4.50186746
4.57734097
4.66401582
4.76351375
4.87552076
4.9963688
5.11481159
5.19585562
5.18372541
4.04551114
4.00366871
4.02143591
4.06785962
4.12139211
4.17575069
4.22886461
4.28054755
4.33186998
4.38450152
4.44028082
4.50097793
4.56805862
4.64233613
4.72333604
4.80837607
4.89181648
4.96268769
4.99309031
4.94681753
4.1805957
4.13384076
4.13184864
4.15537834
4.18884323
4.2270764
4.26773676
4.30988161
4.35364719
4.39974114
4.44904815
4.50234671
4.56002875
4.62173156
4.6857951
4.74863566
4.80456946
4.84467542
4.84863429
4.7936896
4.27566841
4.23085227
4.21966983
4.22968407
4.24985547
4.27636437
4.30713204
4.3409925
4.37758832
4.41700884
4.45946122
4.50500606
4.55329507
4.603259
4.65271472
4.6980209
4.73426826
4.75485643
4.74557014
4.69205176
4.34468383
4.30374067
4.28863862
4.29083719
4.3023859
4.32058127
4.34373964
4.37071147
4.40090276
4.43402527
4.46983802
4.50792746
4.54749323
4.58711877
4.62452308
4.65642289
4.67890318
4.68734273
4.67188885
4.62322612
4.39526877
4.3585139
4.34216666
4.33996767
4.34599866
4.35837077
4.37577048
4.3971545
4.42183486
4.44930828
4.47906039
4.5103965
4.54228379
4.57320209
4.60100989
4.62293569
4.6360052
4.6371018
4.6193342
4.57638714
4.43197292
4.39926691
4.38306367
4.37851983
4.38107516
4.38940543
4.40249671
4.41943373
4.43951137
4.4621182
4.48659176
4.51209628
4.53751738
4.56137824
4.58178554
4.59649064
4.60330388
4.60018292
4.58221514
4.54490326
4.45778571
4.42890491
4.41358947
4.407954
4.40838876
4.41395651
4.4238734
4.43734769
4.45369732
4.47227032
4.49234021
4.51302315
4.53321592
4.55156075
4.56644234
4.57607974
4.57889494
4.57358394
4.55656454
4.52448733
4.4748366
4.44958254
4.43557045
4.42962962
4.42886211
4.43260283
4.4402447
4.45110767
4.46455206
4.47992487
4.49648652
4.51335962
4.52950043
4.54369785
4.55460115
4.56082004
4.56123648
4.55504522
4.53958257
4.51226878
4.48473948
4.46296845
4.45050222
4.44476055
4.44342573
4.44603793
4.45213167
4.46112664
4.47243201
4.48541241
4.49933992
4.51336815
4.52652902
4.53775552
4.54592734
4.54996842
4.54910284
4.54286628
4.5292647
4.5062813
4.488783
4.47041178
4.45962989
4.45440265
4.45293646
4.45494595
4.46008785
4.46787109
4.47775099
4.489112
4.50124168
4.51332579
4.52446515
4.53371537
4.54014391
4.54292218
4.54153233
4.53575785
4.52414386
4.50514511
4.48807032
4.47306607
4.46401854
4.45946447
4.45814041
4.4599333
4.46461447
4.47177202
4.48089634
4.49137978
4.50251168
4.51349242
4.52346731
4.53158015
4.53703975
4.53920878
4.53777163
4.53271708
4.5230929
4.50783061
4.4836775
4.47201954
4.46465006
4.46077202
4.45971126
4.46154644
4.46616279
4.47321529
4.48221003
4.49252343
4.50341894
4.51407933
4.52365654
4.53133818
4.5364249
4.53842175
4.53717964
4.53288758
4.52513579
4.51342558
4.47686475
4.46839706
4.46243869
4.45902516
4.45817169
4.4601796
4.46504453
4.47246684
4.48193726
4.49277969
4.50419064
4.51528964
4.52518382
4.53304818
4.53821723
4.54028746
4.53924828
4.53550779
4.52929706
4.5208656
4.46929541
4.46320384
4.45768381
4.45397759
4.45293164
4.45509892
4.46055263
4.46897797
4.47978056
4.49215842
4.5051635
4.51776777
4.52894048
4.53774359
4.54344372
4.54564017
4.54441363
4.54042544
4.53470843
4.52867543
4.46345837
4.45753263
4.45038015
4.44493668
4.44291314
4.44510522
4.45157724
4.46188254
4.47522438
4.49056057
4.50668169
4.52228532
4.53606269
4.54680867
4.55356129
4.55577461
4.5535295
4.5477587
4.54036088
4.53447153
)
;

boundaryField
{
    walls
    {
        type            zeroGradient;
    }
    mov_wall
    {
        type            zeroGradient;
    }
    empty
    {
        type            empty;
    }
}


// ************************************************************************* //
