/*--------------------------------*- C++ -*----------------------------------*\
| =========                 |                                                 |
| \\      /  F ield         | OpenFOAM: The Open Source CFD Toolbox           |
|  \\    /   O peration     | Version:  5.x                                   |
|   \\  /    A nd           | Web:      www.OpenFOAM.org                      |
|    \\/     M anipulation  |                                                 |
\*---------------------------------------------------------------------------*/
FoamFile
{
    version     2.0;
    format      ascii;
    class       surfaceScalarField;
    location    "2.7";
    object      phi;
}
// * * * * * * * * * * * * * * * * * * * * * * * * * * * * * * * * * * * * * //

dimensions      [0 3 -1 0 0 0 0];

internalField   nonuniform List<scalar> 
760
(
0.00134817537
-0.00134817864
0.00245763916
-0.00110946378
0.0031351343
-0.000677495134
0.00355971539
-0.000424581105
0.00383225094
-0.000272535562
0.00400945169
-0.000177200756
0.00412521395
-0.000115762239
0.00419921646
-7.40024817e-05
0.00424243171
-4.32152338e-05
0.00426055292
-1.81212254e-05
0.0042556217
4.93121761e-06
0.00422675718
2.88645516e-05
0.0041693889
5.73683413e-05
0.00407358467
9.58042806e-05
0.00391995067
0.000153634008
0.0036720191
0.00024793155
0.0032631601
0.000408859013
0.00257264071
0.000690519454
0.00140850172
0.00116413905
0.00140850175
-5.4695983e-05
-0.00129348266
0.000412591879
-0.00157675162
0.00103002907
-0.00129493228
0.00157871305
-0.000973265055
0.0020148317
-0.0007086542
0.00234477602
-0.000507145094
0.00258511484
-0.000356101063
0.00275126777
-0.000240155376
0.00285456606
-0.000146513475
0.00290179357
-6.53487007e-05
0.00289536489
1.13598926e-05
0.00283292877
9.13006693e-05
0.00270712434
0.000183172802
0.00250436261
0.000298566081
0.00220410904
0.00045388764
0.00178090113
0.000671139453
0.00121756761
0.000972192486
0.00055281235
0.00135527467
1.30664024e-05
0.001703885
0.00142156819
-0.000271735012
-0.00102174765
-0.000221027261
-0.00162745939
7.13668891e-05
-0.00158732641
0.000446284469
-0.0013481826
0.000812488188
-0.00107485789
0.00112929742
-0.000823954342
0.00138207613
-0.000608879802
0.00156800544
-0.000426084686
0.00168837438
-0.000266882382
0.00174468194
-0.000121656209
0.00173678724
1.92546082e-05
0.00166213206
0.000165955828
0.00151571078
0.000329594067
0.00129125249
0.000523024405
0.000985010347
0.00076012984
0.000605008709
0.00105114113
0.000189850111
0.00138735107
-0.000160045401
0.00170517014
-0.000261640754
0.00180548033
0.00115992748
-0.0002279418
-0.000793805821
-0.000361197924
-0.00149420329
-0.000308329234
-0.00164019511
-0.000134822638
-0.00152168917
8.92075357e-05
-0.00129888803
0.000314969603
-0.0010497164
0.000513260342
-0.000807170575
0.000668297045
-0.000581121429
0.000771987179
-0.000370572512
0.000820032957
-0.00016970194
0.000809724614
2.95629904e-05
0.000739198199
0.000236482227
0.000607933137
0.000460859076
0.00041910873
0.000711848782
0.000184522654
0.000994715936
-6.71923549e-05
0.00130285618
-0.000280618277
0.001600777
-0.000369418857
0.0017939707
-0.000246993765
0.00168305522
0.000912933748
-0.000168965384
-0.000624840397
-0.000352016749
-0.00131115193
-0.000431558736
-0.00156065315
-0.000408910542
-0.00154433737
-0.000319437223
-0.00138836132
-0.000200097666
-0.00116905592
-7.98129625e-05
-0.000927455285
2.15750454e-05
-0.000682509485
9.1425296e-05
-0.0004404228
0.000122131967
-0.000200408591
0.000109753926
4.19410817e-05
5.36427057e-05
0.000292593461
-4.27516865e-05
0.000557253414
-0.000169696314
0.000838793333
-0.000307654234
0.00113267382
-0.000423469906
0.00141867187
-0.000470025654
0.00164733279
-0.000397825206
0.00172177026
-0.000196431146
0.00148166114
0.000716502604
-0.000124192286
-0.000500648072
-0.000308336158
-0.00112700805
-0.000450495116
-0.00141849421
-0.00052320557
-0.00147162695
-0.000535393116
-0.00137617377
-0.000508163307
-0.00119628569
-0.000463159731
-0.000972458825
-0.000418064068
-0.000727605166
-0.00038562233
-0.000472864594
-0.00037391542
-0.000212115527
-0.000386731133
5.47568305e-05
-0.000423462419
0.000329324794
-0.000478358935
0.000612149915
-0.00053918044
0.000899614757
-0.000585820606
0.00117931391
-0.000590513574
0.00142336483
-0.000523085887
0.00157990514
-0.000366699436
0.00156538385
-0.000150586076
0.00126554779
0.000565916509
-9.45730789e-05
-0.000406074977
-0.000264650204
-0.00095693088
-0.000430739282
-0.00125240513
-0.000556978334
-0.00134538793
-0.000636795089
-0.00129635705
-0.000678144033
-0.00115493672
-0.000693946489
-0.000956656302
-0.000696932018
-0.000724619599
-0.00069727698
-0.000472519663
-0.000701664721
-0.000207727843
-0.000712863563
6.59556656e-05
-0.000729338946
0.000345800231
-0.000744756035
0.000627567047
-0.000747582151
0.000902440843
-0.000721471369
0.00115320305
-0.000647844459
0.00134973787
-0.000512877582
0.00144493828
-0.000321206583
0.00137371291
-0.000116485767
0.00106082701
0.000449430723
-7.53438712e-05
-0.000330731118
-0.0002282072
-0.00080406751
-0.000398354375
-0.00108225791
-0.000550540623
-0.00119320169
-0.000670627949
-0.00117626977
-0.00075758018
-0.0010679845
-0.000816786882
-0.000897449545
-0.000855589647
-0.000685816747
-0.000880626574
-0.000447482702
-0.000896362624
-0.000191991835
-0.000904272319
7.38653111e-05
-0.000902362344
0.000343890277
-0.000884973935
0.000610178712
-0.000843105551
0.000860572505
-0.000765821267
0.00107591873
-0.000643665523
0.00122758206
-0.000475104442
0.00127637718
-0.000276310085
0.00117491859
-9.21329121e-05
0.000876649896
0.000357297814
-6.2288412e-05
-0.000268442736
-0.000198541605
-0.000667814301
-0.000362894144
-0.000917905315
-0.000523851444
-0.00103224434
-0.000664416199
-0.00103570502
-0.000778130137
-0.00095427061
-0.000864813564
-0.000810766116
-0.000927166934
-0.000623463294
-0.000968401143
-0.000406248395
-0.000990722653
-0.000169670301
-0.000994437771
7.75803807e-05
-0.000977527037
0.000326979512
-0.000935696102
0.000568347827
-0.000863102087
0.000787978582
-0.000754123772
0.00096694047
-0.000606626739
0.001080085
-0.000426950691
0.00109670108
-0.000236038438
0.000984006329
-7.43490601e-05
0.000714960553
0.000282948778
-5.27690181e-05
-0.00021567374
-0.00017381294
-0.000546770404
-0.000327557643
-0.000764160578
-0.000486866284
-0.000872935622
-0.000634380561
-0.000888190698
-0.000760758329
-0.000827892867
-0.000862117228
-0.000709407263
-0.000937655358
-0.000547925144
-0.000987783783
-0.000356119867
-0.00101282445
-0.000144629532
-0.00101222322
7.69791589e-05
-0.000984241133
0.000298997381
-0.00092616344
0.000510270124
-0.000835159077
0.000696974288
-0.000709976229
0.00084175772
-0.00055359739
0.000923706208
-0.000376677015
0.000919780688
-0.000200960078
0.000808289356
-6.08626431e-05
0.000574863114
0.000222086157
-4.5297905e-05
-0.000170375825
-0.000152453957
-0.000439614397
-0.000293299576
-0.000623314975
-0.000444762989
-0.000721472152
-0.000590345619
-0.000742607977
-0.000719473054
-0.000698765397
-0.000826046022
-0.000602834343
-0.000906877879
-0.000467093341
-0.0009603472
-0.000302650514
-0.000985402699
-0.000119573923
-0.000980962662
7.25392133e-05
-0.00094573164
0.000263766365
-0.000878479627
0.000443018069
-0.000778854711
0.000597349374
-0.000648783735
0.000711686815
-0.000494403271
0.000769325829
-0.000328203954
0.000753581404
-0.000170678269
0.00065076365
-5.02806369e-05
0.000454465454
0.000171805523
-3.90620977e-05
-0.000131313686
-0.000133403606
-0.000345272913
-0.000260349641
-0.000496368992
-0.000400388452
-0.000581433345
-0.00053843043
-0.000604565924
-0.000663691774
-0.000573503967
-0.00076893687
-0.00049758924
-0.000849521823
-0.000386508462
-0.000902499642
-0.000249672756
-0.000925932763
-9.6140763e-05
-0.000918487519
6.50940785e-05
-0.00087935489
0.000224633813
-0.000808534177
0.000372197352
-0.000707504317
0.000496319473
-0.00058026094
0.000584443439
-0.000434587769
0.000623652715
-0.000283247904
0.000602241601
-0.000144573157
0.000512088921
-4.17551256e-05
0.000351647406
0.000130050382
-3.36092971e-05
-9.77043462e-05
-0.000115973163
-0.000262909016
-0.000228685288
-0.000383656907
-0.000355330256
-0.000454788433
-0.000482447268
-0.000477448908
-0.000599655067
-0.000456296093
-0.000699322847
-0.000397921394
-0.000776048414
-0.000309782921
-0.000826125503
-0.000199595762
-0.00084712202
-7.51443076e-05
-0.000837644011
5.56161106e-05
-0.000797330223
0.000184320123
-0.000727100743
0.000301967933
-0.000629654942
0.000398873658
-0.000510162327
0.000464950781
-0.000377004325
0.000490494706
-0.00024231434
0.000467551652
-0.000121977957
0.000391752578
-3.47331295e-05
0.000264402588
9.53172398e-05
-2.86573861e-05
-6.90469524e-05
-9.96598075e-05
-0.000191906517
-0.000198116209
-0.000285200486
-0.000310356375
-0.000342548321
-0.000424614484
-0.000363190864
-0.000531263901
-0.000349646675
-0.000622763079
-0.000306422152
-0.000693443977
-0.000239101981
-0.000739256039
-0.000153783748
-0.000757555288
-5.68451598e-05
-0.000747000816
4.50615839e-05
-0.000707595473
0.000144914818
-0.00064088218
0.000235254718
-0.00055027519
0.000308266708
-0.000441460896
0.000356136465
-0.000322744843
0.000371778612
-0.000205165962
0.000349972759
-0.000102185131
0.000288771769
-2.88023241e-05
0.000191019807
6.65149206e-05
-2.39811211e-05
-4.50658696e-05
-8.39970101e-05
-0.000131890557
-0.000168256216
-0.000200941203
-0.000265594131
-0.000245210398
-0.000365933785
-0.000262851281
-0.000460592266
-0.000254988268
-0.000542420905
-0.000224593517
-0.000605818362
-0.000175704471
-0.000646678589
-0.000112923494
-0.000662336238
-4.11875623e-05
-0.000651558337
3.42835924e-05
-0.000614610194
0.000107966629
-0.000553398197
0.000174042752
-0.000471661835
0.000226530404
-0.000375152393
0.000259627047
-0.000271700823
0.00026832702
-0.000171058176
0.000249330079
-8.44167461e-05
0.000202130331
-2.35997784e-05
0.000130202856
4.29151614e-05
-1.93491415e-05
-2.5716784e-05
-6.84696522e-05
-8.27700337e-05
-0.000138505914
-0.000130904863
-0.000220636718
-0.000163079525
-0.000306426558
-0.000177061448
-0.00038822647
-0.000173188434
-0.000459471515
-0.000153348541
-0.000514856835
-0.00012031915
-0.000550426608
-7.73536691e-05
-0.000563624332
-2.79898125e-05
-0.000553345329
2.40045477e-05
-0.000520013612
7.46348425e-05
-0.000465680157
0.000119709263
-0.000394112867
0.000154963137
-0.000310821389
0.00017633561
-0.000222940137
0.000180445785
-0.000138893941
0.000165283869
-6.78132018e-05
0.000131049573
-1.87620349e-05
8.11516893e-05
2.41531457e-05
-1.45054362e-05
-1.1211375e-05
-5.25207911e-05
-4.47547312e-05
-0.000108122112
-7.5303521e-05
-0.000174686611
-9.6514951e-05
-0.000245341558
-0.000106406437
-0.000313518697
-0.000105011303
-0.000373385433
-9.34818702e-05
-0.000420126691
-7.35779402e-05
-0.000450113157
-4.73671869e-05
-0.000461006101
-1.70968113e-05
-0.000451838744
1.48372228e-05
-0.000423094267
4.58903422e-05
-0.000376773695
7.33886435e-05
-0.000316424597
9.46140166e-05
-0.000247078129
0.000106989159
-0.000175029358
0.000108397047
-0.00010740246
9.7656987e-05
-5.1485568e-05
7.51326786e-05
-1.39145551e-05
4.35806711e-05
1.02386006e-05
-9.20270426e-06
-2.00864586e-06
-3.56844976e-05
-1.82730088e-05
-7.64350187e-05
-3.45530434e-05
-0.000126810142
-4.61398048e-05
-0.000181406759
-5.18097449e-05
-0.000234815433
-5.16025657e-05
-0.000282130192
-4.61671067e-05
-0.000319261284
-3.64468855e-05
-0.000343114123
-2.35143659e-05
-0.000351697611
-8.51329049e-06
-0.000344204646
7.34431839e-06
-0.00032108225
2.27679819e-05
-0.000284084284
3.63906698e-05
-0.000236278031
4.68077381e-05
-0.000181957458
5.26685768e-05
-0.000126402991
5.28425979e-05
-7.54280975e-05
4.66821213e-05
-3.46814276e-05
3.4386026e-05
-8.71386199e-06
1.76131093e-05
1.52474205e-06
-3.43746085e-06
1.42886543e-06
-1.80437326e-05
-3.66676792e-06
-4.34057434e-05
-9.19108849e-06
-7.6433149e-05
-1.31124315e-05
-0.000113186353
-1.50565153e-05
-0.00014966401
-1.51248403e-05
-0.000182250183
-1.35808717e-05
-0.000207951309
-1.07457389e-05
-0.000224512468
-6.95321403e-06
-0.000230483119
-2.54263591e-06
-0.000225271056
2.13229137e-06
-0.000209195618
6.69259446e-06
-0.000183534097
1.07291822e-05
-0.000150535814
1.38094588e-05
-0.000113367581
1.55003355e-05
-7.59393091e-05
1.54143287e-05
-4.2546983e-05
1.32898145e-05
-1.72766452e-05
9.11571226e-06
-3.10384281e-06
3.44032188e-06
-1.57909745e-06
1.42890865e-06
-2.23781282e-06
-1.14288779e-05
-2.45413173e-05
-3.95978436e-05
-5.47226659e-05
-6.8303487e-05
-7.90491711e-05
-8.60023563e-05
-8.85449916e-05
-8.64127055e-05
-7.97201025e-05
-6.89908995e-05
-5.51814237e-05
-3.96810854e-05
-2.42667633e-05
-1.09769524e-05
-1.86123511e-06
1.57909557e-06
)
;

boundaryField
{
    walls
    {
        type            calculated;
        value           uniform 0;
    }
    mov_wall
    {
        type            calculated;
        value           uniform 0;
    }
    empty
    {
        type            empty;
        value           nonuniform 0();
    }
}


// ************************************************************************* //
