/*--------------------------------*- C++ -*----------------------------------*\
| =========                 |                                                 |
| \\      /  F ield         | OpenFOAM: The Open Source CFD Toolbox           |
|  \\    /   O peration     | Version:  5.x                                   |
|   \\  /    A nd           | Web:      www.OpenFOAM.org                      |
|    \\/     M anipulation  |                                                 |
\*---------------------------------------------------------------------------*/
FoamFile
{
    version     2.0;
    format      ascii;
    class       volVectorField;
    location    "2.7";
    object      U;
}
// * * * * * * * * * * * * * * * * * * * * * * * * * * * * * * * * * * * * * //

dimensions      [0 1 -1 0 0 0 0];

internalField   nonuniform List<vector> 
400
(
(0.291698253 0.149644007 0)
(0.388186905 0.128007792 0)
(0.557615947 0.0757318661 0)
(0.67478563 0.0433044539 0)
(0.743766523 0.0251591078 0)
(0.787074935 0.0148802926 0)
(0.815462853 0.00893091387 0)
(0.83393944 0.00530992182 0)
(0.845365333 0.00289955917 0)
(0.85134913 0.00108485378 2.66527355e-34)
(0.852640613 -0.000502851564 -2.66527355e-34)
(0.849354164 -0.00216071976 0)
(0.840973259 -0.00421710433 0)
(0.826113685 -0.00722098154 0)
(0.802020361 -0.0122364942 0)
(0.763538899 -0.0213892042 0)
(0.699488859 -0.0388386133 0)
(0.584557317 -0.0722732768 0)
(0.407900529 -0.128436312 0)
(0.300688068 -0.152947539 0)
(0.00120407452 0.287432671 0)
(0.0133207639 0.293872287 0)
(0.140044275 0.209904923 0)
(0.264971423 0.142986181 0)
(0.364177551 0.0968019723 0)
(0.440119833 0.0654410911 0)
(0.496540761 0.0439762142 0)
(0.536690748 0.0287011237 0)
(0.563274121 0.017079835 0)
(0.578136987 0.00742308287 0)
(0.582209934 -0.00150100506 0)
(0.575514916 -0.0107977414 0)
(0.557108944 -0.021734633 0)
(0.524912738 -0.0361396637 0)
(0.475518208 -0.0569634609 0)
(0.40432586 -0.0889771146 0)
(0.305687197 -0.139150726 0)
(0.174497732 -0.215275185 0)
(0.0341065582 -0.31080115 0)
(0.01086915 -0.305909065 0)
(-0.032146809 0.241774044 0)
(-0.0634304841 0.33354726 0)
(-0.0219363727 0.299502524 0)
(0.0505994081 0.240051641 0)
(0.127397107 0.183020742 0)
(0.196818269 0.135454438 0)
(0.254166692 0.0974522518 0)
(0.298087829 0.0668890919 0)
(0.328665165 0.0413757718 0)
(0.3463073 0.0187814441 -2.3579751e-33)
(0.351210796 -0.00280947353 2.3579751e-33)
(0.343126256 -0.0252950015 0)
(0.321277128 -0.050829883 0)
(0.28443251 -0.0820947501 0)
(0.231328506 -0.12247968 0)
(0.161916534 -0.175657939 0)
(0.0798348682 -0.243208363 0)
(-0.00333743064 -0.317981889 0)
(-0.057853174 -0.366363459 0)
(-0.0313893304 -0.270690665 0)
(-0.0261204373 0.18236162 0)
(-0.0666193617 0.31688416 0)
(-0.0735379493 0.330901702 0)
(-0.0481309709 0.295352807 0)
(-0.00567250957 0.24425336 0)
(0.0411120581 0.192431578 0)
(0.084544608 0.145094882 0)
(0.120423759 0.103006497 0)
(0.146584623 0.0651542748 0)
(0.161924838 0.0298883767 2.35547051e-33)
(0.16581219 -0.00469428953 -2.35547051e-33)
(0.157798209 -0.0406695311 0)
(0.137585956 -0.0803026099 0)
(0.105284738 -0.125979423 0)
(0.0620896419 -0.179774631 0)
(0.0116089836 -0.242029531 0)
(-0.0380285668 -0.307764178 0)
(-0.0720492001 -0.359579224 0)
(-0.0711639631 -0.355585544 0)
(-0.0287210671 -0.209178551 0)
(-0.0176296959 0.140767916 0)
(-0.0549166129 0.281827153 0)
(-0.0828631567 0.324484232 0)
(-0.0880764904 0.3123966 0)
(-0.0751200565 0.274441736 0)
(-0.0526280855 0.226778173 0)
(-0.0275123925 0.177302585 0)
(-0.00458070954 0.129145238 0)
(0.0130228182 0.0829122395 0)
(0.0233561031 0.0379329919 -2.94546144e-34)
(0.025309068 -0.00710134404 2.94546144e-34)
(0.0184145715 -0.0537993856 0)
(0.00288640959 -0.103801057 0)
(-0.0200877026 -0.158367688 0)
(-0.0477712056 -0.217530448 0)
(-0.0750617669 -0.278347271 0)
(-0.0936269113 -0.331694534 0)
(-0.0922271659 -0.357398644 0)
(-0.06350751 -0.31887974 0)
(-0.0207312679 -0.162076672 0)
(-0.0116542898 0.111592213 0)
(-0.0431522588 0.243765139 0)
(-0.0782841466 0.29985918 0)
(-0.10057952 0.305000526 0)
(-0.108310956 0.280420915 0)
(-0.105716967 0.24036883 0)
(-0.0975367126 0.193277455 0)
(-0.0877940525 0.143545129 0)
(-0.0795358453 0.0930259249 0)
(-0.0748278953 0.0420751883 0)
(-0.0748487989 -0.00975918565 0)
(-0.0799351988 -0.0632504326 0)
(-0.0895005759 -0.119032992 0)
(-0.101813353 -0.176993096 0)
(-0.113691342 -0.23529754 0)
(-0.120285079 -0.288848688 0)
(-0.115237221 -0.327084422 0)
(-0.0922712185 -0.331566249 0)
(-0.0521876638 -0.275119485 0)
(-0.0142847906 -0.127260023 0)
(-0.00803186653 0.0899679454 0)
(-0.0343053359 0.207876493 0)
(-0.070368791 0.267741041 0)
(-0.100959546 0.283508744 0)
(-0.121509439 0.269753332 0)
(-0.133062384 0.237807402 0)
(-0.138136327 0.195383734 0)
(-0.139450783 0.147216197 0)
(-0.139366243 0.0958905088 0)
(-0.139599829 0.0425957172 0)
(-0.141114704 -0.0122624712 0)
(-0.144055216 -0.0685399336 0)
(-0.147657695 -0.125824242 0)
(-0.150141012 -0.182786766 0)
(-0.148668075 -0.236314073 0)
(-0.139565782 -0.280389684 0)
(-0.119015925 -0.304900101 0)
(-0.0848748323 -0.294956916 0)
(-0.0422046756 -0.232154224 0)
(-0.0100065935 -0.10070972 0)
(-0.00589820084 0.0731568018 0)
(-0.0280514864 0.175459658 0)
(-0.0624621834 0.23345457 0)
(-0.0961932912 0.254650204 0)
(-0.123784551 0.248661844 0)
(-0.144336786 0.223977799 0)
(-0.158622436 0.187072 0)
(-0.16806998 0.142433764 0)
(-0.174171463 0.092943144 0)
(-0.178092114 0.0403532649 0)
(-0.180456721 -0.0142244027 0)
(-0.181230441 -0.069844405 0)
(-0.179647684 -0.125225346 0)
(-0.174205511 -0.17817705 0)
(-0.162809317 -0.224940387 0)
(-0.143212743 -0.259512269 0)
(-0.113841766 -0.273200786 0)
(-0.0753166889 -0.254895941 0)
(-0.0343189215 -0.192925491 0)
(-0.00728498737 -0.0799916623 0)
(-0.00459313156 0.0595158923 0)
(-0.0235442052 0.146542298 0)
(-0.055343067 0.199661691 0)
(-0.0893197932 0.22270108 0)
(-0.120051988 0.221818824 0)
(-0.145609314 0.203131254 0)
(-0.165570917 0.171796044 0)
(-0.18031739 0.131775248 0)
(-0.19053137 0.0859402935 0)
(-0.196814027 0.0363509742 2.97712099e-34)
(-0.199449188 -0.0153914014 -2.97712099e-34)
(-0.198275907 -0.0677563379 0)
(-0.192646398 -0.118867351 0)
(-0.181489548 -0.166058751 0)
(-0.163546234 -0.205440249 0)
(-0.137858833 -0.231577166 0)
(-0.104503466 -0.237504338 0)
(-0.0656637679 -0.215385765 0)
(-0.0281738142 -0.158249536 0)
(-0.0055106927 -0.0634667055 0)
(-0.00373314732 0.0480882079 0)
(-0.0201212527 0.12083905 0)
(-0.0490154273 0.167675937 0)
(-0.0816390334 0.190286902 0)
(-0.112989516 0.192487022 0)
(-0.140680645 0.178556527 4.67989003e-33)
(-0.163557498 0.15246492 0)
(-0.181246401 0.117554593 0)
(-0.193784292 0.076504509 -4.74064779e-33)
(-0.201297077 0.0314709565 2.26593526e-36)
(-0.203789291 -0.0156742404 4.98648431e-36)
(-0.201035457 -0.0630552688 0)
(-0.192566013 -0.108481115 0)
(-0.177765579 -0.149140851 0)
(-0.156124947 -0.181360285 0)
(-0.127679801 -0.200523612 0)
(-0.0935645787 -0.201317942 0)
(-0.0566770504 -0.178463493 0)
(-0.0233146708 -0.128089824 0)
(-0.00429570657 -0.0500434181 0)
(-0.00311503845 0.0383305003 0)
(-0.0173631129 0.0980505 0)
(-0.0433176155 0.138129452 0)
(-0.0737180611 0.158978589 0)
(-0.104104418 0.162837585 0)
(-0.13197048 0.152617573 -4.67989003e-33)
(-0.155761551 0.131295176 0)
(-0.174612795 0.101602874 0)
(-0.188100147 0.0659287536 4.74064779e-33)
(-0.195997336 0.0263693152 1.49107154e-33)
(-0.198111516 -0.0151231665 -1.49832396e-33)
(-0.194203913 -0.056543913 0)
(-0.183996471 -0.0956255649 0)
(-0.167277097 -0.129654268 0)
(-0.144124327 -0.155368283 0)
(-0.115252404 -0.169021858 0)
(-0.0823813603 -0.166713302 0)
(-0.0485940744 -0.145039749 0)
(-0.0193975858 -0.102103034 0)
(-0.00342090847 -0.0390048874 0)
(-0.00263392846 0.0299261376 0)
(-0.0150225983 0.0779297964 0)
(-0.0380973715 0.111310621 0)
(-0.0658174846 0.129695205 0)
(-0.0942793464 0.134263258 0)
(-0.121043849 0.126924756 0)
(-0.144383388 0.109860067 0)
(-0.163148738 0.0852476662 0)
(-0.17661925 0.0551414098 0)
(-0.18433521 0.0214702641 2.99743262e-34)
(-0.185982666 -0.0138812266 -2.99743262e-34)
(-0.181343406 -0.0489512261 0)
(-0.170313714 -0.0815740992 0)
(-0.152999039 -0.109288717 0)
(-0.129891434 -0.129330136 0)
(-0.102114369 -0.138763645 0)
(-0.0716392862 -0.134815589 0)
(-0.0414365377 -0.115406841 0)
(-0.0161843257 -0.0798579265 0)
(-0.00276402895 -0.0298605517 0)
(-0.0022347276 0.0226799081 0)
(-0.0129540859 0.0602835597 0)
(-0.0332380575 0.0873303978 0)
(-0.0580553812 0.102953968 0)
(-0.0840351702 0.107621252 0)
(-0.108905803 0.102520167 0)
(-0.130913731 0.0892081892 0)
(-0.148775434 0.0693815244 0)
(-0.161603126 0.0447499628 0)
(-0.16880086 0.0170066879 3.00137838e-34)
(-0.169993123 -0.0121370944 -3.00137838e-34)
(-0.164999263 -0.0408858996 0)
(-0.153857155 -0.0672949602 0)
(-0.136898751 -0.0892411981 0)
(-0.114876371 -0.104468152 0)
(-0.0891187119 -0.110743875 0)
(-0.0616327118 -0.106157625 0)
(-0.0351268985 -0.0895349397 0)
(-0.013503711 -0.0609261802 0)
(-0.00225326613 -0.0222577319 0)
(-0.00188544955 0.0164661562 0)
(-0.0110624388 0.044964285 0)
(-0.028641025 0.0662101349 0)
(-0.0504609316 0.0790273681 0)
(-0.0736528868 0.0834118438 0)
(-0.0961638211 0.0800410171 0)
(-0.116305478 0.0699949546 0)
(-0.132762833 0.0545607919 0)
(-0.144575053 0.0351141956 0)
(-0.151081877 0.0130747032 0)
(-0.151887349 -0.0100880483 0)
(-0.146852489 -0.0328248391 0)
(-0.136119032 -0.0534819979 0)
(-0.120163843 -0.0703094145 0)
(-0.0998790056 -0.0815294703 0)
(-0.0766568746 -0.0854916666 0)
(-0.0524120497 -0.0809231192 0)
(-0.029529945 -0.0672466179 0)
(-0.0112185383 -0.0449264475 0)
(-0.0018412911 -0.0159380277 0)
(-0.0015625139 0.0112076728 0)
(-0.00926983758 0.0318703335 0)
(-0.0242023948 0.0479365792 0)
(-0.0429882232 0.0580487146 0)
(-0.0632315978 0.0619111149 0)
(-0.0831204642 0.0598555393 0)
(-0.101085759 0.0526052235 0)
(-0.115848568 0.041106929 0)
(-0.126440312 0.0264235003 0)
(-0.132186605 0.00968559142 0)
(-0.132697013 -0.00791661946 0)
(-0.127870138 -0.0251248517 0)
(-0.117914934 -0.0406099848 0)
(-0.10338608 -0.0529970956 0)
(-0.0852268844 -0.0609383083 0)
(-0.0648017151 -0.0632493051 0)
(-0.0438650848 -0.059113046 0)
(-0.0244674058 -0.0483247265 0)
(-0.00920305864 -0.0315518408 0)
(-0.00149087847 -0.0107193219 0)
(-0.00124268787 0.00687231939 0)
(-0.00749722599 0.0209537925 0)
(-0.0197995609 0.0325012111 0)
(-0.0355239786 0.0400870369 0)
(-0.0527236431 0.0432714824 0)
(-0.0698326895 0.0421739083 0)
(-0.0854321601 0.0372603745 0)
(-0.0983246023 0.0291989636 0)
(-0.107580163 0.0187672584 0)
(-0.112546074 0.00680863683 0)
(-0.112853696 -0.00578002927 0)
(-0.108431033 -0.0180485991 0)
(-0.0995209168 -0.0289995521 0)
(-0.0867017136 -0.0376157962 0)
(-0.0709036121 -0.042924381 0)
(-0.0534052221 -0.0441068987 0)
(-0.035770131 -0.0406590343 0)
(-0.0197280101 -0.0325808864 0)
(-0.00733069587 -0.0205902152 0)
(-0.00116697168 -0.0064922329 0)
(-0.00089987651 0.00347702226 0)
(-0.0056608974 0.0122243407 0)
(-0.0152977513 0.0199177971 0)
(-0.0279090093 0.025188478 0)
(-0.0419705509 0.0275857452 0)
(-0.0561588996 0.0271260938 0)
(-0.0692270195 0.0240985177 0)
(-0.0800962929 0.0189453119 0)
(-0.0879154209 0.0121895241 0)
(-0.0920838231 0.00440206022 0)
(-0.0922675574 -0.0038076174 0)
(-0.0884149554 -0.0117926504 0)
(-0.080771996 -0.01887472 0)
(-0.0698937889 -0.02436579 0)
(-0.0566451252 -0.0276149959 0)
(-0.0421768099 -0.028088512 0)
(-0.0278467428 -0.0254862494 0)
(-0.0150886504 -0.0198864852 0)
(-0.00547446641 -0.0119312853 0)
(-0.00083354384 -0.00322195713 0)
(-0.000507500291 0.00108920752 0)
(-0.0036888631 0.0057401039 0)
(-0.0105871552 0.0102223068 0)
(-0.0199878037 0.0134021159 0)
(-0.0307550777 0.0149399915 0)
(-0.0418073528 0.0148326234 0)
(-0.0521000977 0.0132501045 0)
(-0.0607201606 0.0104516192 0)
(-0.0669421138 0.00673878044 0)
(-0.0702533411 0.00243727964 0)
(-0.0703707013 -0.00210631796 0)
(-0.0672553803 -0.006523319 0)
(-0.0611259823 -0.0104251601 0)
(-0.0524661575 -0.0134153627 0)
(-0.0420198447 -0.0151166007 0)
(-0.0307624756 -0.0152182447 0)
(-0.0198242113 -0.0135493137 0)
(-0.0103614613 -0.0101760994 0)
(-0.00352668198 -0.00555503998 0)
(-0.000456468249 -0.000945961402 0)
(-6.44858403e-05 -0.000176232556 0)
(-0.00159897101 0.00163661594 0)
(-0.00569514797 0.00359858184 0)
(-0.0117198528 0.00501064328 0)
(-0.0188879185 0.00571680453 0)
(-0.0263911971 0.00573379148 0)
(-0.0334547393 0.00514769474 0)
(-0.0394082087 0.00407325102 0)
(-0.043722229 0.00263488244 0)
(-0.0460235542 0.000961860989 0)
(-0.0461054967 -0.000810093299 0)
(-0.0439385623 -0.00253596339 0)
(-0.0396811082 -0.0040605239 0)
(-0.0336867293 -0.00522171082 0)
(-0.0265025657 -0.00586026036 0)
(-0.0188495104 -0.00583825599 0)
(-0.011567476 -0.00507036143 0)
(-0.00551556595 -0.00357093128 0)
(-0.00148202751 -0.00155257759 0)
(-3.10934085e-05 0.000233975612 0)
(0.000261395718 -0.000255573017 0)
(0.000151442498 0.000102078447 0)
(-0.00117494355 0.000547416254 0)
(-0.00348060959 0.000863511493 0)
(-0.00637554281 0.00102207016 0)
(-0.00946680936 0.00103796989 0)
(-0.0123999476 0.000936214477 0)
(-0.0148816674 0.000743061115 0)
(-0.0166859776 0.000483180807 0)
(-0.0176545988 0.000180088453 1.08300364e-33)
(-0.0176983967 -0.000142307151 -1.08300364e-33)
(-0.0168013706 -0.000458214786 0)
(-0.0150265271 -0.000739012277 0)
(-0.0125218176 -0.000953235788 0)
(-0.00952348889 -0.00106772358 0)
(-0.00635298738 -0.00105051885 0)
(-0.00340013335 -0.000876783119 0)
(-0.00108361265 -0.000539613466 0)
(0.00020610771 -8.2514402e-05 0)
(0.000274561716 0.00026674366 0)
)
;

boundaryField
{
    walls
    {
        type            fixedValue;
        value           uniform (0 0 0);
    }
    mov_wall
    {
        type            fixedValue;
        value           uniform (1 0 0);
    }
    empty
    {
        type            empty;
    }
}


// ************************************************************************* //
