# Time          	Cm              	Cd              	Cl              	Cl(f)           	Cl(r)           
0,04	-3,80E-04	3,05E+01	2,41E-02	1,17E-02	1,24E-02
0,08	-5,68E-05	2,44E+01	6,52E-02	3,25E-02	3,27E-02
0,12	-2,19E-04	2,09E+01	3,09E-02	1,52E-02	1,57E-02
0,16	-6,89E-04	1,88E+01	8,46E-03	3,54E-03	4,92E-03
0,2	-1,18E-03	1,74E+01	5,10E-04	-9,21E-04	1,43E-03
0,24	-1,58E-03	1,63E+01	-1,73E-03	-2,45E-03	7,15E-04
0,28	-1,92E-03	1,55E+01	-2,37E-03	-3,11E-03	7,35E-04
0,32	-2,21E-03	1,48E+01	-3,19E-03	-3,81E-03	6,16E-04
0,36	-2,44E-03	1,43E+01	-2,93E-03	-3,90E-03	9,74E-04
0,4	-2,60E-03	1,38E+01	-3,55E-03	-4,38E-03	8,27E-04
0,44	-2,71E-03	1,34E+01	-4,43E-03	-4,93E-03	4,93E-04
0,48	-2,77E-03	1,31E+01	-5,99E-03	-5,77E-03	-2,22E-04
0,52	-2,80E-03	1,28E+01	-6,22E-03	-5,91E-03	-3,12E-04
0,56	-2,81E-03	1,25E+01	-6,38E-03	-6,00E-03	-3,86E-04
0,6	-2,79E-03	1,22E+01	-5,31E-03	-5,45E-03	1,40E-04
0,64	-2,77E-03	1,20E+01	-6,05E-03	-5,79E-03	-2,55E-04
0,68	-2,73E-03	1,18E+01	-6,88E-03	-6,17E-03	-7,08E-04
0,72	-2,68E-03	1,17E+01	-7,15E-03	-6,26E-03	-8,95E-04
0,76	-2,62E-03	1,15E+01	-7,64E-03	-6,44E-03	-1,20E-03
0,8	-2,56E-03	1,13E+01	-8,19E-03	-6,65E-03	-1,53E-03
0,84	-2,50E-03	1,12E+01	-8,61E-03	-6,80E-03	-1,81E-03
0,88	-2,43E-03	1,11E+01	-9,10E-03	-6,98E-03	-2,12E-03
0,92	-2,36E-03	1,10E+01	-9,36E-03	-7,05E-03	-2,32E-03
0,96	-2,30E-03	1,08E+01	-9,83E-03	-7,21E-03	-2,62E-03
1	-2,24E-03	1,07E+01	-1,02E-02	-7,32E-03	-2,84E-03
1,04	-2,19E-03	1,06E+01	-1,04E-02	-7,41E-03	-3,03E-03
1,08	-2,15E-03	1,05E+01	-1,08E-02	-7,52E-03	-3,23E-03
1,12	-2,10E-03	1,05E+01	-1,11E-02	-7,65E-03	-3,45E-03
1,16	-2,06E-03	1,04E+01	-1,11E-02	-7,62E-03	-3,50E-03
1,2	-2,02E-03	1,03E+01	-1,12E-02	-7,65E-03	-3,60E-03
1,24	-1,98E-03	1,02E+01	-1,17E-02	-7,84E-03	-3,87E-03
1,28	-1,95E-03	1,01E+01	-1,24E-02	-8,16E-03	-4,27E-03
1,32	-1,91E-03	1,01E+01	-1,27E-02	-8,26E-03	-4,44E-03
1,36	-1,88E-03	1,00E+01	-1,26E-02	-8,18E-03	-4,42E-03
1,4	-1,84E-03	9,95E+00	-1,27E-02	-8,20E-03	-4,51E-03
1,44	-1,81E-03	9,90E+00	-1,29E-02	-8,25E-03	-4,62E-03
1,48	-1,78E-03	9,84E+00	-1,29E-02	-8,25E-03	-4,68E-03
1,52	-1,76E-03	9,79E+00	-1,31E-02	-8,29E-03	-4,77E-03
1,56	-1,73E-03	9,73E+00	-1,32E-02	-8,30E-03	-4,85E-03
1,6	-1,70E-03	9,68E+00	-1,34E-02	-8,41E-03	-5,01E-03
1,64	-1,68E-03	9,64E+00	-1,36E-02	-8,48E-03	-5,12E-03
1,68	-1,66E-03	9,59E+00	-1,28E-02	-8,06E-03	-4,75E-03
1,72	-1,63E-03	9,55E+00	-1,29E-02	-8,06E-03	-4,79E-03
1,76	-1,61E-03	9,51E+00	-1,28E-02	-8,00E-03	-4,77E-03
1,8	-1,59E-03	9,46E+00	-1,28E-02	-7,97E-03	-4,78E-03
1,84	-1,57E-03	9,42E+00	-1,27E-02	-7,93E-03	-4,78E-03
1,88	-1,55E-03	9,39E+00	-1,27E-02	-7,88E-03	-4,77E-03
1,92	-1,54E-03	9,35E+00	-1,27E-02	-7,90E-03	-4,82E-03
1,96	-1,52E-03	9,31E+00	-1,27E-02	-7,89E-03	-4,85E-03
2	-1,50E-03	9,28E+00	-1,30E-02	-7,99E-03	-4,98E-03
2,04	-1,49E-03	9,25E+00	-1,27E-02	-7,83E-03	-4,85E-03
2,08	-1,47E-03	9,21E+00	-1,27E-02	-7,83E-03	-4,88E-03
2,12	-1,46E-03	9,18E+00	-1,27E-02	-7,80E-03	-4,88E-03
2,16	-1,45E-03	9,15E+00	-1,27E-02	-7,78E-03	-4,89E-03
2,2	-1,43E-03	9,12E+00	-1,26E-02	-7,76E-03	-4,89E-03
2,24	-1,42E-03	9,09E+00	-1,26E-02	-7,73E-03	-4,89E-03
2,28	-1,41E-03	9,07E+00	-1,26E-02	-7,70E-03	-4,88E-03
2,32	-1,40E-03	9,04E+00	-1,25E-02	-7,67E-03	-4,87E-03
2,36	-1,39E-03	9,01E+00	-1,25E-02	-7,63E-03	-4,85E-03
2,4	-1,39E-03	8,98E+00	-1,22E-02	-7,46E-03	-4,69E-03
2,44	-1,38E-03	8,96E+00	-1,20E-02	-7,39E-03	-4,63E-03
2,48	-1,37E-03	8,93E+00	-1,20E-02	-7,36E-03	-4,61E-03
2,52	-1,37E-03	8,91E+00	-1,20E-02	-7,34E-03	-4,61E-03
2,56	-1,36E-03	8,89E+00	-1,19E-02	-7,32E-03	-4,60E-03
2,6	-1,36E-03	8,87E+00	-1,23E-02	-7,53E-03	-4,82E-03
2,64	-1,35E-03	8,85E+00	-1,25E-02	-7,62E-03	-4,91E-03
2,68	-1,35E-03	8,84E+00	-1,24E-02	-7,55E-03	-4,85E-03
2,72	-1,34E-03	8,82E+00	-1,24E-02	-7,53E-03	-4,84E-03
2,76	-1,34E-03	8,80E+00	-1,24E-02	-7,51E-03	-4,84E-03
2,8	-1,33E-03	8,78E+00	-1,23E-02	-7,50E-03	-4,83E-03
2,84	-1,33E-03	8,77E+00	-1,22E-02	-7,45E-03	-4,79E-03
2,88	-1,32E-03	8,75E+00	-1,22E-02	-7,43E-03	-4,78E-03
2,92	-1,32E-03	8,73E+00	-1,21E-02	-7,40E-03	-4,75E-03
2,96	-1,32E-03	8,72E+00	-1,21E-02	-7,37E-03	-4,74E-03
3	-1,31E-03	8,70E+00	-1,21E-02	-7,36E-03	-4,73E-03
3,04	-1,31E-03	8,69E+00	-1,21E-02	-7,36E-03	-4,74E-03
3,08	-1,30E-03	8,67E+00	-1,19E-02	-7,25E-03	-4,65E-03
3,12	-1,30E-03	8,66E+00	-1,19E-02	-7,24E-03	-4,65E-03
3,16	-1,29E-03	8,64E+00	-1,19E-02	-7,22E-03	-4,63E-03
3,2	-1,29E-03	8,63E+00	-1,18E-02	-7,20E-03	-4,62E-03
3,24	-1,28E-03	8,61E+00	-1,17E-02	-7,14E-03	-4,58E-03
3,28	-1,28E-03	8,60E+00	-1,17E-02	-7,11E-03	-4,56E-03
3,32	-1,27E-03	8,59E+00	-1,16E-02	-7,08E-03	-4,54E-03
3,36	-1,27E-03	8,57E+00	-1,16E-02	-7,06E-03	-4,52E-03
3,4	-1,26E-03	8,56E+00	-1,15E-02	-7,03E-03	-4,51E-03
3,44	-1,26E-03	8,54E+00	-1,15E-02	-7,00E-03	-4,49E-03
3,48	-1,25E-03	8,53E+00	-1,15E-02	-6,98E-03	-4,48E-03
3,52	-1,25E-03	8,51E+00	-1,14E-02	-6,96E-03	-4,47E-03
3,56	-1,24E-03	8,50E+00	-1,14E-02	-6,94E-03	-4,46E-03
3,6	-1,24E-03	8,49E+00	-1,14E-02	-6,92E-03	-4,44E-03
3,64	-1,23E-03	8,48E+00	-1,13E-02	-6,89E-03	-4,43E-03
3,68	-1,23E-03	8,46E+00	-1,13E-02	-6,87E-03	-4,42E-03
3,72	-1,22E-03	8,45E+00	-1,13E-02	-6,85E-03	-4,41E-03
3,76	-1,22E-03	8,44E+00	-1,12E-02	-6,82E-03	-4,39E-03
3,8	-1,21E-03	8,43E+00	-1,12E-02	-6,80E-03	-4,38E-03
3,84	-1,20E-03	8,42E+00	-1,12E-02	-6,80E-03	-4,39E-03
3,88	-1,20E-03	8,40E+00	-1,11E-02	-6,76E-03	-4,36E-03
3,92	-1,19E-03	8,39E+00	-1,11E-02	-6,75E-03	-4,36E-03
3,96	-1,19E-03	8,38E+00	-1,11E-02	-6,73E-03	-4,36E-03
4	-1,18E-03	8,37E+00	-1,11E-02	-6,72E-03	-4,35E-03
4,04	-1,18E-03	8,36E+00	-1,10E-02	-6,70E-03	-4,35E-03
4,08	-1,17E-03	8,35E+00	-1,10E-02	-6,70E-03	-4,35E-03
4,12	-1,17E-03	8,34E+00	-1,10E-02	-6,65E-03	-4,31E-03
4,16	-1,16E-03	8,33E+00	-1,09E-02	-6,64E-03	-4,31E-03
4,2	-1,16E-03	8,32E+00	-1,09E-02	-6,62E-03	-4,30E-03
4,24	-1,16E-03	8,31E+00	-1,10E-02	-6,65E-03	-4,34E-03
4,28	-1,15E-03	8,30E+00	-1,10E-02	-6,65E-03	-4,35E-03
4,32	-1,15E-03	8,29E+00	-1,10E-02	-6,65E-03	-4,35E-03
4,36	-1,14E-03	8,28E+00	-1,10E-02	-6,64E-03	-4,36E-03
4,4	-1,14E-03	8,27E+00	-1,10E-02	-6,65E-03	-4,37E-03
4,44	-1,13E-03	8,26E+00	-1,10E-02	-6,62E-03	-4,36E-03
4,48	-1,13E-03	8,26E+00	-1,09E-02	-6,55E-03	-4,30E-03
4,52	-1,12E-03	8,25E+00	-1,08E-02	-6,54E-03	-4,30E-03
4,56	-1,11E-03	8,24E+00	-1,08E-02	-6,53E-03	-4,30E-03
4,6	-1,11E-03	8,23E+00	-1,08E-02	-6,51E-03	-4,30E-03
4,64	-1,10E-03	8,22E+00	-1,08E-02	-6,50E-03	-4,29E-03
4,68	-1,10E-03	8,22E+00	-1,08E-02	-6,48E-03	-4,29E-03
4,72	-1,09E-03	8,21E+00	-1,08E-02	-6,47E-03	-4,30E-03
4,76	-1,08E-03	8,20E+00	-1,08E-02	-6,46E-03	-4,30E-03
4,8	-1,08E-03	8,19E+00	-1,08E-02	-6,45E-03	-4,30E-03
4,84	-1,07E-03	8,19E+00	-1,07E-02	-6,44E-03	-4,30E-03
4,88	-1,06E-03	8,18E+00	-1,07E-02	-6,43E-03	-4,31E-03
4,92	-1,06E-03	8,17E+00	-1,07E-02	-6,42E-03	-4,31E-03
4,96	-1,05E-03	8,16E+00	-1,07E-02	-6,41E-03	-4,31E-03
5	-1,04E-03	8,16E+00	-1,07E-02	-6,41E-03	-4,32E-03
5,04	-1,04E-03	8,15E+00	-1,07E-02	-6,40E-03	-4,32E-03
5,08	-1,03E-03	8,14E+00	-1,07E-02	-6,39E-03	-4,32E-03
5,12	-1,02E-03	8,14E+00	-1,07E-02	-6,38E-03	-4,33E-03
5,16	-1,02E-03	8,13E+00	-1,07E-02	-6,37E-03	-4,33E-03
5,2	-1,01E-03	8,12E+00	-1,07E-02	-6,36E-03	-4,34E-03
5,24	-1,01E-03	8,12E+00	-1,07E-02	-6,35E-03	-4,34E-03
5,28	-1,00E-03	8,11E+00	-1,07E-02	-6,35E-03	-4,34E-03
5,32	-9,97E-04	8,11E+00	-1,07E-02	-6,34E-03	-4,34E-03
5,36	-9,92E-04	8,10E+00	-1,07E-02	-6,33E-03	-4,35E-03
5,4	-9,87E-04	8,09E+00	-1,07E-02	-6,32E-03	-4,35E-03
5,44	-9,82E-04	8,09E+00	-1,06E-02	-6,30E-03	-4,33E-03
5,48	-9,77E-04	8,08E+00	-1,07E-02	-6,32E-03	-4,37E-03
5,52	-9,72E-04	8,08E+00	-1,07E-02	-6,31E-03	-4,36E-03
5,56	-9,67E-04	8,07E+00	-1,07E-02	-6,30E-03	-4,36E-03
5,6	-9,63E-04	8,07E+00	-1,07E-02	-6,29E-03	-4,37E-03
5,64	-9,58E-04	8,06E+00	-1,07E-02	-6,29E-03	-4,37E-03
5,68	-9,54E-04	8,06E+00	-1,07E-02	-6,28E-03	-4,37E-03
5,72	-9,49E-04	8,05E+00	-1,07E-02	-6,28E-03	-4,38E-03
5,76	-9,45E-04	8,04E+00	-1,07E-02	-6,27E-03	-4,38E-03
5,8	-9,41E-04	8,04E+00	-1,07E-02	-6,27E-03	-4,39E-03
5,84	-9,37E-04	8,03E+00	-1,06E-02	-6,26E-03	-4,39E-03
5,88	-9,33E-04	8,03E+00	-1,06E-02	-6,26E-03	-4,39E-03
5,92	-9,29E-04	8,02E+00	-1,07E-02	-6,25E-03	-4,40E-03
5,96	-9,25E-04	8,02E+00	-1,06E-02	-6,24E-03	-4,39E-03
6	-9,22E-04	8,02E+00	-1,06E-02	-6,24E-03	-4,39E-03
6,04	-9,18E-04	8,01E+00	-1,06E-02	-6,23E-03	-4,40E-03
6,08	-9,15E-04	8,01E+00	-1,06E-02	-6,23E-03	-4,40E-03
6,12	-9,11E-04	8,00E+00	-1,06E-02	-6,22E-03	-4,40E-03
6,16	-9,08E-04	8,00E+00	-1,06E-02	-6,22E-03	-4,41E-03
6,2	-9,04E-04	7,99E+00	-1,06E-02	-6,21E-03	-4,40E-03
6,24	-9,01E-04	7,99E+00	-1,06E-02	-6,20E-03	-4,40E-03
6,28	-8,98E-04	7,98E+00	-1,06E-02	-6,19E-03	-4,39E-03
6,32	-8,95E-04	7,98E+00	-1,06E-02	-6,19E-03	-4,40E-03
6,36	-8,91E-04	7,97E+00	-1,06E-02	-6,19E-03	-4,41E-03
6,4	-8,88E-04	7,97E+00	-1,06E-02	-6,19E-03	-4,41E-03
6,44	-8,85E-04	7,97E+00	-1,06E-02	-6,18E-03	-4,41E-03
6,48	-8,82E-04	7,96E+00	-1,06E-02	-6,18E-03	-4,41E-03
6,52	-8,79E-04	7,96E+00	-1,06E-02	-6,17E-03	-4,41E-03
6,56	-8,76E-04	7,95E+00	-1,06E-02	-6,17E-03	-4,42E-03
6,6	-8,74E-04	7,95E+00	-1,06E-02	-6,16E-03	-4,41E-03
6,64	-8,71E-04	7,95E+00	-1,06E-02	-6,16E-03	-4,42E-03
6,68	-8,68E-04	7,94E+00	-1,06E-02	-6,15E-03	-4,42E-03
6,72	-8,65E-04	7,94E+00	-1,06E-02	-6,15E-03	-4,42E-03
6,76	-8,63E-04	7,94E+00	-1,06E-02	-6,15E-03	-4,42E-03
6,8	-8,60E-04	7,93E+00	-1,06E-02	-6,14E-03	-4,42E-03
6,84	-8,57E-04	7,93E+00	-1,06E-02	-6,15E-03	-4,43E-03
6,88	-8,55E-04	7,92E+00	-1,06E-02	-6,15E-03	-4,44E-03
6,92	-8,52E-04	7,92E+00	-1,06E-02	-6,15E-03	-4,44E-03
6,96	-8,50E-04	7,92E+00	-1,06E-02	-6,14E-03	-4,44E-03
7	-8,48E-04	7,91E+00	-1,06E-02	-6,14E-03	-4,44E-03
7,04	-8,45E-04	7,91E+00	-1,06E-02	-6,13E-03	-4,44E-03
7,08	-8,43E-04	7,91E+00	-1,06E-02	-6,13E-03	-4,44E-03
7,12	-8,41E-04	7,90E+00	-1,06E-02	-6,12E-03	-4,44E-03
7,16	-8,39E-04	7,90E+00	-1,06E-02	-6,12E-03	-4,44E-03
7,2	-8,36E-04	7,90E+00	-1,06E-02	-6,12E-03	-4,44E-03
7,24	-8,34E-04	7,89E+00	-1,06E-02	-6,12E-03	-4,45E-03
7,28	-8,32E-04	7,89E+00	-1,06E-02	-6,11E-03	-4,45E-03
7,32	-8,30E-04	7,89E+00	-1,06E-02	-6,11E-03	-4,45E-03
7,36	-8,28E-04	7,89E+00	-1,06E-02	-6,11E-03	-4,46E-03
7,4	-8,26E-04	7,88E+00	-1,06E-02	-6,11E-03	-4,46E-03
7,44	-8,24E-04	7,88E+00	-1,06E-02	-6,11E-03	-4,46E-03
7,48	-8,22E-04	7,88E+00	-1,06E-02	-6,11E-03	-4,46E-03
7,52	-8,20E-04	7,87E+00	-1,06E-02	-6,10E-03	-4,46E-03
7,56	-8,18E-04	7,87E+00	-1,06E-02	-6,10E-03	-4,47E-03
7,6	-8,16E-04	7,87E+00	-1,06E-02	-6,10E-03	-4,47E-03
7,64	-8,14E-04	7,86E+00	-1,06E-02	-6,11E-03	-4,48E-03
7,68	-8,12E-04	7,86E+00	-1,06E-02	-6,11E-03	-4,48E-03
7,72	-8,10E-04	7,86E+00	-1,06E-02	-6,11E-03	-4,49E-03
7,76	-8,09E-04	7,86E+00	-1,06E-02	-6,13E-03	-4,51E-03
7,8	-8,07E-04	7,85E+00	-1,06E-02	-6,09E-03	-4,47E-03
7,84	-8,05E-04	7,85E+00	-1,06E-02	-6,10E-03	-4,49E-03
7,88	-8,04E-04	7,85E+00	-1,05E-02	-6,08E-03	-4,47E-03
7,92	-8,02E-04	7,85E+00	-1,05E-02	-6,06E-03	-4,46E-03
7,96	-8,00E-04	7,84E+00	-1,05E-02	-6,06E-03	-4,46E-03
8	-7,98E-04	7,84E+00	-1,05E-02	-6,06E-03	-4,47E-03
8,04	-7,97E-04	7,84E+00	-1,05E-02	-6,06E-03	-4,47E-03
8,08	-7,95E-04	7,84E+00	-1,05E-02	-6,06E-03	-4,47E-03
8,12	-7,94E-04	7,83E+00	-1,05E-02	-6,06E-03	-4,47E-03
8,16	-7,92E-04	7,83E+00	-1,05E-02	-6,06E-03	-4,48E-03
8,2	-7,90E-04	7,83E+00	-1,05E-02	-6,06E-03	-4,48E-03
8,24	-7,89E-04	7,83E+00	-1,05E-02	-6,06E-03	-4,48E-03
8,28	-7,88E-04	7,82E+00	-1,05E-02	-6,06E-03	-4,48E-03
8,32	-7,86E-04	7,82E+00	-1,05E-02	-6,06E-03	-4,49E-03
8,36	-7,85E-04	7,82E+00	-1,05E-02	-6,06E-03	-4,49E-03
8,4	-7,83E-04	7,82E+00	-1,06E-02	-6,06E-03	-4,49E-03
8,44	-7,82E-04	7,81E+00	-1,06E-02	-6,06E-03	-4,49E-03
8,48	-7,81E-04	7,81E+00	-1,06E-02	-6,06E-03	-4,49E-03
8,52	-7,79E-04	7,81E+00	-1,06E-02	-6,06E-03	-4,50E-03
8,56	-7,78E-04	7,81E+00	-1,06E-02	-6,05E-03	-4,50E-03
8,6	-7,77E-04	7,81E+00	-1,06E-02	-6,05E-03	-4,50E-03
8,64	-7,75E-04	7,80E+00	-1,06E-02	-6,05E-03	-4,50E-03
8,68	-7,74E-04	7,80E+00	-1,06E-02	-6,05E-03	-4,51E-03
8,72	-7,73E-04	7,80E+00	-1,06E-02	-6,05E-03	-4,51E-03
8,76	-7,72E-04	7,80E+00	-1,06E-02	-6,05E-03	-4,51E-03
8,8	-7,71E-04	7,80E+00	-1,06E-02	-6,05E-03	-4,51E-03
8,84	-7,69E-04	7,79E+00	-1,06E-02	-6,05E-03	-4,51E-03
8,88	-7,68E-04	7,79E+00	-1,06E-02	-6,05E-03	-4,52E-03
8,92	-7,67E-04	7,79E+00	-1,06E-02	-6,06E-03	-4,52E-03
8,96	-7,66E-04	7,79E+00	-1,06E-02	-6,06E-03	-4,52E-03
9	-7,65E-04	7,79E+00	-1,06E-02	-6,05E-03	-4,52E-03
9,04	-7,64E-04	7,78E+00	-1,05E-02	-6,04E-03	-4,51E-03
9,08	-7,62E-04	7,78E+00	-1,06E-02	-6,04E-03	-4,51E-03
9,12	-7,61E-04	7,78E+00	-1,05E-02	-6,04E-03	-4,51E-03
9,16	-7,60E-04	7,78E+00	-1,05E-02	-6,03E-03	-4,51E-03
9,2	-7,59E-04	7,78E+00	-1,06E-02	-6,03E-03	-4,52E-03
9,24	-7,58E-04	7,78E+00	-1,05E-02	-6,03E-03	-4,51E-03
9,28	-7,57E-04	7,77E+00	-1,06E-02	-6,03E-03	-4,52E-03
9,32	-7,56E-04	7,77E+00	-1,06E-02	-6,03E-03	-4,52E-03
9,36	-7,55E-04	7,77E+00	-1,06E-02	-6,03E-03	-4,52E-03
9,4	-7,54E-04	7,77E+00	-1,06E-02	-6,03E-03	-4,52E-03
9,44	-7,53E-04	7,77E+00	-1,06E-02	-6,03E-03	-4,53E-03
9,48	-7,52E-04	7,76E+00	-1,06E-02	-6,03E-03	-4,53E-03
9,52	-7,51E-04	7,76E+00	-1,06E-02	-6,03E-03	-4,53E-03
9,56	-7,50E-04	7,76E+00	-1,06E-02	-6,03E-03	-4,53E-03
9,6	-7,49E-04	7,76E+00	-1,06E-02	-6,03E-03	-4,53E-03
9,64	-7,48E-04	7,76E+00	-1,06E-02	-6,03E-03	-4,54E-03
9,68	-7,47E-04	7,76E+00	-1,06E-02	-6,03E-03	-4,54E-03
9,72	-7,46E-04	7,76E+00	-1,06E-02	-6,03E-03	-4,54E-03
9,76	-7,45E-04	7,75E+00	-1,06E-02	-6,03E-03	-4,54E-03
9,8	-7,44E-04	7,75E+00	-1,06E-02	-6,03E-03	-4,54E-03
9,84	-7,43E-04	7,75E+00	-1,06E-02	-6,03E-03	-4,54E-03
9,88	-7,42E-04	7,75E+00	-1,06E-02	-6,03E-03	-4,55E-03
9,92	-7,41E-04	7,75E+00	-1,06E-02	-6,03E-03	-4,55E-03
9,96	-7,40E-04	7,75E+00	-1,06E-02	-6,03E-03	-4,55E-03
10	-7,40E-04	7,75E+00	-1,06E-02	-6,03E-03	-4,55E-03
10,04	-7,39E-04	7,74E+00	-1,06E-02	-6,03E-03	-4,55E-03
10,08	-7,38E-04	7,74E+00	-1,06E-02	-6,03E-03	-4,56E-03
10,12	-7,37E-04	7,74E+00	-1,06E-02	-6,03E-03	-4,56E-03
10,16	-7,36E-04	7,74E+00	-1,06E-02	-6,03E-03	-4,56E-03
10,2	-7,35E-04	7,74E+00	-1,06E-02	-6,03E-03	-4,56E-03
10,24	-7,34E-04	7,74E+00	-1,06E-02	-6,03E-03	-4,56E-03
10,28	-7,33E-04	7,74E+00	-1,06E-02	-6,03E-03	-4,57E-03
10,32	-7,33E-04	7,74E+00	-1,06E-02	-6,03E-03	-4,57E-03
10,36	-7,32E-04	7,73E+00	-1,06E-02	-6,03E-03	-4,57E-03
10,4	-7,31E-04	7,73E+00	-1,06E-02	-6,04E-03	-4,58E-03
10,44	-7,30E-04	7,73E+00	-1,06E-02	-6,04E-03	-4,58E-03
10,48	-7,29E-04	7,73E+00	-1,06E-02	-6,04E-03	-4,58E-03
10,52	-7,29E-04	7,73E+00	-1,06E-02	-6,03E-03	-4,57E-03
10,56	-7,28E-04	7,73E+00	-1,06E-02	-6,03E-03	-4,57E-03
10,6	-7,27E-04	7,73E+00	-1,06E-02	-6,03E-03	-4,57E-03
10,64	-7,27E-04	7,73E+00	-1,06E-02	-6,03E-03	-4,57E-03
10,68	-7,26E-04	7,73E+00	-1,06E-02	-6,03E-03	-4,58E-03
10,72	-7,25E-04	7,72E+00	-1,06E-02	-6,03E-03	-4,58E-03
10,76	-7,25E-04	7,72E+00	-1,06E-02	-6,03E-03	-4,58E-03
10,8	-7,24E-04	7,72E+00	-1,06E-02	-6,02E-03	-4,58E-03
10,84	-7,24E-04	7,72E+00	-1,06E-02	-6,02E-03	-4,58E-03
10,88	-7,23E-04	7,72E+00	-1,06E-02	-6,02E-03	-4,58E-03
10,92	-7,23E-04	7,72E+00	-1,06E-02	-6,02E-03	-4,58E-03
10,96	-7,22E-04	7,72E+00	-1,06E-02	-6,02E-03	-4,57E-03
11	-7,22E-04	7,72E+00	-1,06E-02	-6,02E-03	-4,57E-03
11,04	-7,22E-04	7,72E+00	-1,06E-02	-6,03E-03	-4,59E-03
11,08	-7,21E-04	7,71E+00	-1,06E-02	-6,03E-03	-4,59E-03
11,12	-7,21E-04	7,71E+00	-1,07E-02	-6,05E-03	-4,61E-03
11,16	-7,20E-04	7,71E+00	-1,07E-02	-6,06E-03	-4,62E-03
11,2	-7,20E-04	7,71E+00	-1,07E-02	-6,06E-03	-4,62E-03
11,24	-7,19E-04	7,71E+00	-1,07E-02	-6,06E-03	-4,62E-03
11,28	-7,19E-04	7,71E+00	-1,07E-02	-6,06E-03	-4,62E-03
11,32	-7,19E-04	7,71E+00	-1,07E-02	-6,06E-03	-4,63E-03
11,36	-7,18E-04	7,71E+00	-1,07E-02	-6,06E-03	-4,63E-03
11,4	-7,18E-04	7,71E+00	-1,07E-02	-6,06E-03	-4,63E-03
11,44	-7,17E-04	7,71E+00	-1,07E-02	-6,06E-03	-4,63E-03
11,48	-7,17E-04	7,70E+00	-1,07E-02	-6,07E-03	-4,63E-03
11,52	-7,17E-04	7,70E+00	-1,07E-02	-6,07E-03	-4,63E-03
11,56	-7,17E-04	7,70E+00	-1,07E-02	-6,07E-03	-4,63E-03
11,6	-7,16E-04	7,70E+00	-1,07E-02	-6,07E-03	-4,64E-03
11,64	-7,16E-04	7,70E+00	-1,07E-02	-6,07E-03	-4,64E-03
11,68	-7,16E-04	7,70E+00	-1,07E-02	-6,07E-03	-4,64E-03
11,72	-7,15E-04	7,70E+00	-1,07E-02	-6,07E-03	-4,64E-03
11,76	-7,15E-04	7,70E+00	-1,07E-02	-6,07E-03	-4,64E-03
11,8	-7,15E-04	7,70E+00	-1,07E-02	-6,07E-03	-4,64E-03
11,84	-7,15E-04	7,70E+00	-1,07E-02	-6,07E-03	-4,64E-03
11,88	-7,14E-04	7,70E+00	-1,07E-02	-6,07E-03	-4,64E-03
11,92	-7,14E-04	7,70E+00	-1,07E-02	-6,07E-03	-4,64E-03
11,96	-7,14E-04	7,69E+00	-1,07E-02	-6,07E-03	-4,64E-03
12	-7,14E-04	7,69E+00	-1,07E-02	-6,07E-03	-4,64E-03
12,04	-7,13E-04	7,69E+00	-1,07E-02	-6,07E-03	-4,64E-03
12,08	-7,13E-04	7,69E+00	-1,07E-02	-6,07E-03	-4,65E-03
12,12	-7,13E-04	7,69E+00	-1,07E-02	-6,07E-03	-4,65E-03
12,16	-7,13E-04	7,69E+00	-1,07E-02	-6,08E-03	-4,65E-03
12,2	-7,12E-04	7,69E+00	-1,07E-02	-6,08E-03	-4,65E-03
12,24	-7,12E-04	7,69E+00	-1,07E-02	-6,08E-03	-4,65E-03
12,28	-7,12E-04	7,69E+00	-1,07E-02	-6,08E-03	-4,65E-03
12,32	-7,12E-04	7,69E+00	-1,07E-02	-6,08E-03	-4,66E-03
12,36	-7,11E-04	7,69E+00	-1,07E-02	-6,08E-03	-4,66E-03
12,4	-7,11E-04	7,69E+00	-1,07E-02	-6,08E-03	-4,66E-03
12,44	-7,11E-04	7,69E+00	-1,07E-02	-6,08E-03	-4,66E-03
12,48	-7,11E-04	7,68E+00	-1,07E-02	-6,08E-03	-4,66E-03
12,52	-7,10E-04	7,68E+00	-1,07E-02	-6,08E-03	-4,66E-03
12,56	-7,10E-04	7,68E+00	-1,07E-02	-6,08E-03	-4,66E-03
12,6	-7,10E-04	7,68E+00	-1,07E-02	-6,08E-03	-4,66E-03
12,64	-7,10E-04	7,68E+00	-1,07E-02	-6,08E-03	-4,66E-03
12,68	-7,09E-04	7,68E+00	-1,07E-02	-6,08E-03	-4,66E-03
12,72	-7,09E-04	7,68E+00	-1,07E-02	-6,08E-03	-4,67E-03
12,76	-7,09E-04	7,68E+00	-1,08E-02	-6,08E-03	-4,67E-03
12,8	-7,09E-04	7,68E+00	-1,08E-02	-6,09E-03	-4,67E-03
12,84	-7,09E-04	7,68E+00	-1,08E-02	-6,09E-03	-4,67E-03
12,88	-7,08E-04	7,68E+00	-1,08E-02	-6,09E-03	-4,67E-03
12,92	-7,08E-04	7,68E+00	-1,08E-02	-6,09E-03	-4,67E-03
12,96	-7,08E-04	7,68E+00	-1,08E-02	-6,09E-03	-4,67E-03
13	-7,08E-04	7,68E+00	-1,08E-02	-6,09E-03	-4,67E-03
13,04	-7,08E-04	7,68E+00	-1,08E-02	-6,09E-03	-4,68E-03
13,08	-7,07E-04	7,67E+00	-1,08E-02	-6,09E-03	-4,68E-03
13,12	-7,07E-04	7,67E+00	-1,08E-02	-6,09E-03	-4,68E-03
13,16	-7,07E-04	7,67E+00	-1,08E-02	-6,09E-03	-4,68E-03
13,2	-7,07E-04	7,67E+00	-1,08E-02	-6,09E-03	-4,68E-03
13,24	-7,07E-04	7,67E+00	-1,08E-02	-6,09E-03	-4,68E-03
13,28	-7,07E-04	7,67E+00	-1,08E-02	-6,09E-03	-4,68E-03
13,32	-7,06E-04	7,67E+00	-1,08E-02	-6,10E-03	-4,68E-03
13,36	-7,06E-04	7,67E+00	-1,08E-02	-6,10E-03	-4,68E-03
13,4	-7,06E-04	7,67E+00	-1,08E-02	-6,10E-03	-4,68E-03
13,44	-7,06E-04	7,67E+00	-1,08E-02	-6,10E-03	-4,68E-03
13,48	-7,06E-04	7,67E+00	-1,08E-02	-6,10E-03	-4,69E-03
13,52	-7,06E-04	7,67E+00	-1,08E-02	-6,10E-03	-4,69E-03
13,56	-7,05E-04	7,67E+00	-1,08E-02	-6,10E-03	-4,69E-03
13,6	-7,05E-04	7,67E+00	-1,08E-02	-6,10E-03	-4,69E-03
13,64	-7,05E-04	7,67E+00	-1,08E-02	-6,10E-03	-4,69E-03
13,68	-7,05E-04	7,67E+00	-1,08E-02	-6,10E-03	-4,69E-03
13,72	-7,05E-04	7,67E+00	-1,08E-02	-6,10E-03	-4,69E-03
13,76	-7,05E-04	7,67E+00	-1,08E-02	-6,10E-03	-4,69E-03
13,8	-7,05E-04	7,66E+00	-1,08E-02	-6,10E-03	-4,69E-03
13,84	-7,04E-04	7,66E+00	-1,08E-02	-6,10E-03	-4,69E-03
13,88	-7,04E-04	7,66E+00	-1,08E-02	-6,10E-03	-4,69E-03
13,92	-7,04E-04	7,66E+00	-1,08E-02	-6,10E-03	-4,69E-03
13,96	-7,04E-04	7,66E+00	-1,08E-02	-6,10E-03	-4,69E-03
14	-7,04E-04	7,66E+00	-1,08E-02	-6,10E-03	-4,69E-03
14,04	-7,04E-04	7,66E+00	-1,08E-02	-6,11E-03	-4,70E-03
14,08	-7,04E-04	7,66E+00	-1,08E-02	-6,11E-03	-4,70E-03
14,12	-7,04E-04	7,66E+00	-1,08E-02	-6,11E-03	-4,70E-03
14,16	-7,03E-04	7,66E+00	-1,08E-02	-6,11E-03	-4,70E-03
14,2	-7,03E-04	7,66E+00	-1,08E-02	-6,11E-03	-4,70E-03
14,24	-7,03E-04	7,66E+00	-1,08E-02	-6,11E-03	-4,70E-03
14,28	-7,03E-04	7,66E+00	-1,08E-02	-6,11E-03	-4,70E-03
14,32	-7,03E-04	7,66E+00	-1,08E-02	-6,11E-03	-4,70E-03
14,36	-7,03E-04	7,66E+00	-1,08E-02	-6,11E-03	-4,70E-03
14,4	-7,03E-04	7,66E+00	-1,08E-02	-6,11E-03	-4,70E-03
14,44	-7,03E-04	7,66E+00	-1,08E-02	-6,11E-03	-4,71E-03
14,48	-7,03E-04	7,66E+00	-1,08E-02	-6,11E-03	-4,71E-03
14,52	-7,03E-04	7,66E+00	-1,08E-02	-6,11E-03	-4,71E-03
14,56	-7,02E-04	7,66E+00	-1,08E-02	-6,11E-03	-4,71E-03
14,6	-7,02E-04	7,66E+00	-1,08E-02	-6,11E-03	-4,71E-03
14,64	-7,02E-04	7,66E+00	-1,08E-02	-6,11E-03	-4,71E-03
14,68	-7,02E-04	7,65E+00	-1,08E-02	-6,12E-03	-4,71E-03
14,72	-7,02E-04	7,65E+00	-1,08E-02	-6,12E-03	-4,72E-03
14,76	-7,02E-04	7,65E+00	-1,08E-02	-6,12E-03	-4,72E-03
14,8	-7,02E-04	7,65E+00	-1,08E-02	-6,12E-03	-4,71E-03
14,84	-7,02E-04	7,65E+00	-1,08E-02	-6,12E-03	-4,71E-03
14,88	-7,02E-04	7,65E+00	-1,08E-02	-6,12E-03	-4,71E-03
14,92	-7,02E-04	7,65E+00	-1,08E-02	-6,12E-03	-4,72E-03
14,96	-7,02E-04	7,65E+00	-1,08E-02	-6,12E-03	-4,71E-03
15	-7,01E-04	7,65E+00	-1,08E-02	-6,12E-03	-4,71E-03
15,04	-7,01E-04	7,65E+00	-1,08E-02	-6,12E-03	-4,71E-03
15,08	-7,01E-04	7,65E+00	-1,08E-02	-6,12E-03	-4,71E-03
15,12	-7,01E-04	7,65E+00	-1,08E-02	-6,12E-03	-4,72E-03
15,16	-7,01E-04	7,65E+00	-1,08E-02	-6,12E-03	-4,72E-03
15,2	-7,01E-04	7,65E+00	-1,08E-02	-6,12E-03	-4,72E-03
15,24	-7,01E-04	7,65E+00	-1,08E-02	-6,12E-03	-4,72E-03
15,28	-7,01E-04	7,65E+00	-1,08E-02	-6,12E-03	-4,72E-03
15,32	-7,01E-04	7,65E+00	-1,08E-02	-6,12E-03	-4,72E-03
15,36	-7,01E-04	7,65E+00	-1,08E-02	-6,12E-03	-4,72E-03
15,4	-7,01E-04	7,65E+00	-1,08E-02	-6,12E-03	-4,72E-03
15,44	-7,01E-04	7,65E+00	-1,08E-02	-6,12E-03	-4,72E-03
15,48	-7,01E-04	7,65E+00	-1,08E-02	-6,12E-03	-4,72E-03
15,52	-7,01E-04	7,65E+00	-1,08E-02	-6,12E-03	-4,72E-03
15,56	-7,01E-04	7,65E+00	-1,08E-02	-6,12E-03	-4,72E-03
15,6	-7,01E-04	7,65E+00	-1,08E-02	-6,12E-03	-4,72E-03
15,64	-7,00E-04	7,65E+00	-1,08E-02	-6,12E-03	-4,72E-03
15,68	-7,00E-04	7,65E+00	-1,08E-02	-6,12E-03	-4,72E-03
15,72	-7,00E-04	7,65E+00	-1,08E-02	-6,12E-03	-4,72E-03
15,76	-7,00E-04	7,64E+00	-1,08E-02	-6,12E-03	-4,72E-03
15,8	-7,00E-04	7,64E+00	-1,08E-02	-6,12E-03	-4,72E-03
15,84	-7,00E-04	7,64E+00	-1,08E-02	-6,12E-03	-4,72E-03
15,88	-7,00E-04	7,64E+00	-1,08E-02	-6,13E-03	-4,72E-03
15,92	-7,00E-04	7,64E+00	-1,08E-02	-6,12E-03	-4,72E-03
15,96	-7,00E-04	7,64E+00	-1,09E-02	-6,13E-03	-4,73E-03
16	-7,00E-04	7,64E+00	-1,09E-02	-6,13E-03	-4,73E-03
16,04	-7,00E-04	7,64E+00	-1,09E-02	-6,13E-03	-4,73E-03
16,08	-7,00E-04	7,64E+00	-1,09E-02	-6,13E-03	-4,73E-03
16,12	-7,00E-04	7,64E+00	-1,09E-02	-6,13E-03	-4,73E-03
16,16	-7,00E-04	7,64E+00	-1,09E-02	-6,13E-03	-4,73E-03
16,2	-7,00E-04	7,64E+00	-1,09E-02	-6,13E-03	-4,73E-03
16,24	-7,00E-04	7,64E+00	-1,09E-02	-6,13E-03	-4,73E-03
16,28	-7,00E-04	7,64E+00	-1,09E-02	-6,13E-03	-4,73E-03
16,32	-7,00E-04	7,64E+00	-1,09E-02	-6,13E-03	-4,73E-03
16,36	-7,00E-04	7,64E+00	-1,09E-02	-6,13E-03	-4,73E-03
16,4	-7,00E-04	7,64E+00	-1,09E-02	-6,13E-03	-4,73E-03
16,44	-7,00E-04	7,64E+00	-1,09E-02	-6,13E-03	-4,73E-03
16,48	-7,00E-04	7,64E+00	-1,09E-02	-6,13E-03	-4,73E-03
16,52	-7,00E-04	7,64E+00	-1,09E-02	-6,13E-03	-4,73E-03
16,56	-7,00E-04	7,64E+00	-1,09E-02	-6,13E-03	-4,73E-03
16,6	-7,00E-04	7,64E+00	-1,09E-02	-6,13E-03	-4,73E-03
16,64	-7,00E-04	7,64E+00	-1,09E-02	-6,13E-03	-4,73E-03
16,68	-7,00E-04	7,64E+00	-1,09E-02	-6,13E-03	-4,73E-03
16,72	-7,00E-04	7,64E+00	-1,09E-02	-6,13E-03	-4,74E-03
16,76	-7,00E-04	7,64E+00	-1,09E-02	-6,13E-03	-4,74E-03
16,8	-7,00E-04	7,64E+00	-1,09E-02	-6,14E-03	-4,74E-03
16,84	-7,00E-04	7,64E+00	-1,09E-02	-6,14E-03	-4,74E-03
16,88	-7,00E-04	7,64E+00	-1,09E-02	-6,14E-03	-4,74E-03
16,92	-7,00E-04	7,64E+00	-1,09E-02	-6,14E-03	-4,74E-03
16,96	-7,00E-04	7,64E+00	-1,09E-02	-6,14E-03	-4,74E-03
17	-7,00E-04	7,64E+00	-1,09E-02	-6,14E-03	-4,74E-03
17,04	-7,00E-04	7,64E+00	-1,09E-02	-6,14E-03	-4,74E-03
17,08	-7,00E-04	7,64E+00	-1,09E-02	-6,14E-03	-4,74E-03
17,12	-6,99E-04	7,64E+00	-1,09E-02	-6,14E-03	-4,74E-03
17,16	-6,99E-04	7,64E+00	-1,09E-02	-6,14E-03	-4,74E-03
17,2	-6,99E-04	7,63E+00	-1,09E-02	-6,14E-03	-4,74E-03
17,24	-6,99E-04	7,63E+00	-1,09E-02	-6,14E-03	-4,74E-03
17,28	-6,99E-04	7,63E+00	-1,09E-02	-6,14E-03	-4,74E-03
17,32	-6,99E-04	7,63E+00	-1,09E-02	-6,14E-03	-4,74E-03
17,36	-6,99E-04	7,63E+00	-1,09E-02	-6,14E-03	-4,74E-03
17,4	-6,99E-04	7,63E+00	-1,09E-02	-6,14E-03	-4,74E-03
17,44	-6,99E-04	7,63E+00	-1,09E-02	-6,14E-03	-4,74E-03
17,48	-6,99E-04	7,63E+00	-1,09E-02	-6,14E-03	-4,74E-03
17,52	-6,99E-04	7,63E+00	-1,09E-02	-6,14E-03	-4,74E-03
17,56	-6,99E-04	7,63E+00	-1,09E-02	-6,14E-03	-4,74E-03
17,6	-6,99E-04	7,63E+00	-1,09E-02	-6,14E-03	-4,74E-03
17,64	-6,99E-04	7,63E+00	-1,09E-02	-6,14E-03	-4,74E-03
17,68	-6,99E-04	7,63E+00	-1,09E-02	-6,14E-03	-4,74E-03
17,72	-6,99E-04	7,63E+00	-1,09E-02	-6,14E-03	-4,74E-03
17,76	-6,99E-04	7,63E+00	-1,09E-02	-6,14E-03	-4,74E-03
17,8	-6,99E-04	7,63E+00	-1,09E-02	-6,14E-03	-4,74E-03
17,84	-6,99E-04	7,63E+00	-1,09E-02	-6,14E-03	-4,74E-03
17,88	-6,99E-04	7,63E+00	-1,09E-02	-6,14E-03	-4,74E-03
17,92	-6,99E-04	7,63E+00	-1,09E-02	-6,14E-03	-4,74E-03
17,96	-6,99E-04	7,63E+00	-1,09E-02	-6,14E-03	-4,74E-03
18	-6,99E-04	7,63E+00	-1,09E-02	-6,14E-03	-4,74E-03
18,04	-6,99E-04	7,63E+00	-1,09E-02	-6,14E-03	-4,74E-03
18,08	-6,99E-04	7,63E+00	-1,09E-02	-6,14E-03	-4,74E-03
18,12	-6,99E-04	7,63E+00	-1,09E-02	-6,14E-03	-4,74E-03
18,16	-6,99E-04	7,63E+00	-1,09E-02	-6,14E-03	-4,74E-03
18,2	-6,99E-04	7,63E+00	-1,09E-02	-6,14E-03	-4,74E-03
18,24	-6,99E-04	7,63E+00	-1,09E-02	-6,14E-03	-4,75E-03
18,28	-6,99E-04	7,63E+00	-1,09E-02	-6,14E-03	-4,75E-03
18,32	-6,99E-04	7,63E+00	-1,09E-02	-6,14E-03	-4,75E-03
18,36	-6,99E-04	7,63E+00	-1,09E-02	-6,14E-03	-4,75E-03
18,4	-6,99E-04	7,63E+00	-1,09E-02	-6,14E-03	-4,75E-03
18,44	-6,99E-04	7,63E+00	-1,09E-02	-6,14E-03	-4,75E-03
18,48	-6,99E-04	7,63E+00	-1,09E-02	-6,15E-03	-4,75E-03
18,52	-6,99E-04	7,63E+00	-1,09E-02	-6,15E-03	-4,75E-03
18,56	-6,99E-04	7,63E+00	-1,09E-02	-6,15E-03	-4,75E-03
18,6	-6,99E-04	7,63E+00	-1,09E-02	-6,15E-03	-4,75E-03
18,64	-6,99E-04	7,63E+00	-1,09E-02	-6,15E-03	-4,75E-03
18,68	-6,99E-04	7,63E+00	-1,09E-02	-6,15E-03	-4,75E-03
18,72	-6,99E-04	7,63E+00	-1,09E-02	-6,15E-03	-4,75E-03
18,76	-6,99E-04	7,63E+00	-1,09E-02	-6,15E-03	-4,75E-03
18,8	-6,99E-04	7,63E+00	-1,09E-02	-6,15E-03	-4,75E-03
18,84	-6,99E-04	7,63E+00	-1,09E-02	-6,15E-03	-4,75E-03
18,88	-7,00E-04	7,63E+00	-1,09E-02	-6,15E-03	-4,75E-03
18,92	-7,00E-04	7,63E+00	-1,09E-02	-6,15E-03	-4,75E-03
18,96	-7,00E-04	7,63E+00	-1,09E-02	-6,15E-03	-4,75E-03
19	-7,00E-04	7,63E+00	-1,09E-02	-6,15E-03	-4,75E-03
19,04	-7,00E-04	7,63E+00	-1,09E-02	-6,15E-03	-4,75E-03
19,08	-7,00E-04	7,63E+00	-1,09E-02	-6,15E-03	-4,75E-03
19,12	-7,00E-04	7,63E+00	-1,09E-02	-6,15E-03	-4,75E-03
19,16	-7,00E-04	7,62E+00	-1,09E-02	-6,15E-03	-4,75E-03
19,2	-7,00E-04	7,62E+00	-1,09E-02	-6,15E-03	-4,75E-03
19,24	-7,00E-04	7,62E+00	-1,09E-02	-6,15E-03	-4,75E-03
19,28	-7,00E-04	7,62E+00	-1,09E-02	-6,15E-03	-4,75E-03
19,32	-7,00E-04	7,62E+00	-1,09E-02	-6,15E-03	-4,75E-03
19,36	-7,00E-04	7,62E+00	-1,09E-02	-6,15E-03	-4,75E-03
19,4	-7,00E-04	7,62E+00	-1,09E-02	-6,15E-03	-4,75E-03
19,44	-7,00E-04	7,62E+00	-1,09E-02	-6,15E-03	-4,75E-03
19,48	-7,00E-04	7,62E+00	-1,09E-02	-6,15E-03	-4,75E-03
19,52	-7,00E-04	7,62E+00	-1,09E-02	-6,15E-03	-4,75E-03
19,56	-7,00E-04	7,62E+00	-1,09E-02	-6,15E-03	-4,75E-03
19,6	-7,00E-04	7,62E+00	-1,09E-02	-6,15E-03	-4,75E-03
19,64	-7,00E-04	7,62E+00	-1,09E-02	-6,15E-03	-4,75E-03
19,68	-7,00E-04	7,62E+00	-1,09E-02	-6,15E-03	-4,75E-03
19,72	-7,00E-04	7,62E+00	-1,09E-02	-6,15E-03	-4,75E-03
19,76	-7,00E-04	7,62E+00	-1,09E-02	-6,15E-03	-4,75E-03
19,8	-7,00E-04	7,62E+00	-1,09E-02	-6,15E-03	-4,75E-03
19,84	-7,00E-04	7,62E+00	-1,09E-02	-6,15E-03	-4,75E-03
19,88	-7,00E-04	7,62E+00	-1,09E-02	-6,15E-03	-4,75E-03
19,92	-7,00E-04	7,62E+00	-1,09E-02	-6,15E-03	-4,75E-03
19,96	-7,00E-04	7,62E+00	-1,09E-02	-6,15E-03	-4,75E-03
20	-7,00E-04	7,62E+00	-1,09E-02	-6,15E-03	-4,75E-03
