/*--------------------------------*- C++ -*----------------------------------*\
| =========                 |                                                 |
| \\      /  F ield         | OpenFOAM: The Open Source CFD Toolbox           |
|  \\    /   O peration     | Version:  5.x                                   |
|   \\  /    A nd           | Web:      www.OpenFOAM.org                      |
|    \\/     M anipulation  |                                                 |
\*---------------------------------------------------------------------------*/
FoamFile
{
    version     2.0;
    format      ascii;
    class       volScalarField;
    location    "9.8";
    object      p;
}
// * * * * * * * * * * * * * * * * * * * * * * * * * * * * * * * * * * * * * //

dimensions      [0 2 -2 0 0 0 0];

internalField   nonuniform List<scalar> 
400
(
3.02361379e-07
2.45245919
3.4943228
3.89887898
4.10664695
4.2247064
4.294291
4.34027783
4.37633837
4.41011055
4.44675949
4.49091432
4.54765392
4.62448901
4.73479729
4.90459581
5.18237942
5.68420071
6.84131523
9.41172424
1.88670494
2.86728898
3.41988315
3.74774345
3.96518047
4.10974695
4.20767395
4.27899184
4.33674438
4.38961276
4.44424502
4.50657153
4.58333304
4.68329727
4.81972582
5.01367869
5.29402197
5.69846866
6.3384151
7.42837073
2.98207738
3.26252979
3.54233064
3.7706791
3.94570526
4.07571542
4.17322531
4.2500029
4.31527514
4.37623546
4.4389247
4.50902126
4.59257472
4.69678224
4.83084961
5.00663772
5.23632134
5.52393891
5.86049033
6.19823701
3.52778376
3.5853424
3.72178499
3.86537627
3.98906359
4.09083193
4.1746099
4.24571363
4.30952644
4.37102263
4.43477412
4.505204
4.58678812
4.68425415
4.80245066
4.94569218
5.11574899
5.3051476
5.47833658
5.55963846
3.84421663
3.82688008
3.88517945
3.96938249
4.05221922
4.12779047
4.19566819
4.25747743
4.31592246
4.37409172
4.4350645
4.50185711
4.57733077
4.66400566
4.76350352
4.87551047
4.99635855
5.11480144
5.19584556
5.18371539
4.04550054
4.00365833
4.02142567
4.0678494
4.12138182
4.17574032
4.22885426
4.2805373
4.33185975
4.38449118
4.44027035
4.50096748
4.56804833
4.64232598
4.72332589
4.80836581
4.89180618
4.96267744
4.99308018
4.94680753
4.18058509
4.13383028
4.13183831
4.15536811
4.18883296
4.227066
4.26772629
4.30987121
4.35363691
4.39973085
4.44903773
4.50233619
4.56001832
4.62172131
4.68578496
4.74862547
4.80455916
4.8446651
4.84862407
4.79367954
4.27565789
4.23084177
4.21965941
4.22967378
4.24984524
4.27635404
4.30712155
4.34098197
4.37757791
4.41699854
4.45945088
4.50499557
4.55328453
4.60324859
4.65270449
4.69801074
4.73425803
4.75484612
4.74555984
4.69204158
4.34467345
4.30373023
4.28862816
4.29082681
4.30237564
4.32057102
4.34372923
4.3707009
4.4008922
4.43401487
4.46982772
4.50791708
4.54748271
4.58710824
4.62451269
4.65641267
4.67889299
4.68733248
4.67187854
4.62321583
4.39525851
4.3585036
4.34215625
4.33995723
4.34598831
4.35836054
4.37576021
4.39714405
4.42182426
4.44929774
4.47905003
4.51038621
4.5422734
4.57319157
4.60099937
4.62292533
4.63599498
4.63709159
4.61932393
4.57637681
4.43196274
4.39925675
4.38305339
4.37850941
4.38106473
4.38939514
4.40248653
4.41942347
4.4395009
4.46210762
4.48658128
4.51208598
4.53750712
4.56136787
4.58177506
4.59648018
4.60329355
4.60017269
4.5822049
4.54489294
4.45777554
4.42889482
4.41357936
4.40794373
4.40837835
4.41394613
4.42386319
4.43733757
4.45368708
4.47225987
4.49232968
4.51301275
4.53320568
4.55155053
4.56643201
4.57606931
4.57888453
4.57357362
4.55655427
4.52447702
4.47482643
4.44957244
4.43556042
4.42961953
4.42885184
4.43259244
4.44023438
4.45109754
4.46454199
4.47991465
4.4964761
4.51334917
4.52949011
4.54368767
4.55459097
4.56080975
4.5612261
4.55503485
4.53957223
4.51225843
4.48472938
4.46295828
4.45049214
4.44475054
4.44341565
4.44602767
4.45212132
4.46111639
4.47242193
4.48540236
4.49932973
4.51335779
4.52651864
4.53774527
4.54591719
4.54995826
4.54909259
4.54285593
4.52925431
4.50627088
4.48877301
4.47040159
4.4596197
4.45439258
4.45292646
4.45493586
4.46007759
4.46786077
4.47774079
4.48910196
4.50123164
4.51331562
4.52445484
4.53370506
4.5401337
4.54291205
4.54152216
4.53574759
4.52413349
4.50513467
4.48806043
4.47305595
4.46400829
4.45945426
4.45813033
4.45992327
4.46460435
4.47176175
4.48088604
4.4913696
4.50250163
4.51348238
4.52345716
4.5315699
4.5370295
4.53919859
4.53776148
4.53270688
4.5230826
4.5078202
4.48366761
4.4720095
4.46463984
4.46076171
4.45970101
4.46153631
4.4661527
4.47320511
4.48219974
4.49251314
4.50340878
4.51406928
4.5236465
4.53132805
4.5364147
4.53841153
4.53716945
4.53287739
4.52512554
4.51341524
4.47685473
4.46838704
4.46242854
4.45901486
4.45816132
4.4601693
4.46503434
4.47245668
4.48192703
4.4927694
4.50418038
4.51527949
4.52517377
4.53303813
4.53820712
4.54027729
4.53923809
4.53549759
4.52928683
4.52085532
4.46928521
4.46319372
4.45767366
4.45396733
4.45292125
4.45508849
4.46054227
4.46896771
4.47977034
4.49214818
4.50515325
4.51775757
4.52893038
4.53773357
4.5434337
4.54563009
4.5444035
4.54041527
4.53469822
4.5286652
4.46344804
4.45752234
4.45036988
4.44492638
4.44290273
4.44509472
4.45156673
4.46187213
4.4752141
4.49055038
4.50667152
4.52227518
4.53605262
4.54679868
4.55355135
4.55576465
4.55351947
4.54774859
4.54035071
4.53446133
)
;

boundaryField
{
    walls
    {
        type            zeroGradient;
    }
    mov_wall
    {
        type            zeroGradient;
    }
    empty
    {
        type            empty;
    }
}


// ************************************************************************* //
