/*--------------------------------*- C++ -*----------------------------------*\
| =========                 |                                                 |
| \\      /  F ield         | OpenFOAM: The Open Source CFD Toolbox           |
|  \\    /   O peration     | Version:  5.x                                   |
|   \\  /    A nd           | Web:      www.OpenFOAM.org                      |
|    \\/     M anipulation  |                                                 |
\*---------------------------------------------------------------------------*/
FoamFile
{
    version     2.0;
    format      ascii;
    class       surfaceScalarField;
    location    "9.8";
    object      phi;
}
// * * * * * * * * * * * * * * * * * * * * * * * * * * * * * * * * * * * * * //

dimensions      [0 3 -1 0 0 0 0];

internalField   nonuniform List<scalar> 
760
(
0.00134817686
-0.001348177
0.00245763989
-0.00110946303
0.00313513475
-0.000677494856
0.00355971576
-0.00042458101
0.00383225134
-0.000272535578
0.00400945218
-0.000177200841
0.00412521452
-0.000115762347
0.00419921709
-7.40025671e-05
0.00424243236
-4.32152721e-05
0.0042605536
-1.8121225e-05
0.00425562237
4.93123231e-06
0.00422675779
2.88645709e-05
0.0041693894
5.73683808e-05
0.00407358505
9.58043575e-05
0.00391995094
0.000153634112
0.0036720193
0.000247931643
0.00326316024
0.000408859064
0.00257264077
0.00069051946
0.00140850173
0.00116413904
0.00140850173
-5.46951436e-05
-0.00129348186
0.000412592775
-0.00157675096
0.00103002991
-0.00129493199
0.00157871395
-0.000973265051
0.00201483276
-0.000708654383
0.00234477731
-0.000507145384
0.00258511635
-0.000356101388
0.00275126944
-0.000240155658
0.00285456781
-0.000146513652
0.00290179534
-6.53487471e-05
0.00289536662
1.13599589e-05
0.00283293038
9.13008136e-05
0.00270712575
0.000183173007
0.00250436375
0.000298566351
0.00220410989
0.000453887971
0.00178090173
0.000671139805
0.001217568
0.000972192802
0.000552812564
0.0013552749
1.30664838e-05
0.00170388512
0.00142156821
-0.000271734601
-0.00102174725
-0.000221026515
-0.00162745904
7.13678805e-05
-0.00158732639
0.000446285718
-0.00134818289
0.00081248974
-0.0010748584
0.00112929932
-0.000823954956
0.00138207835
-0.000608880421
0.00156800791
-0.000426085215
0.00168837698
-0.000266882731
0.00174468455
-0.000121656318
0.00173678977
1.9254742e-05
0.00166213443
0.000165956161
0.00151571289
0.000329594545
0.00129125425
0.000523024996
0.000985011694
0.000760130518
0.000605009654
0.00105114185
0.000189850712
0.00138735175
-0.000160045074
0.00170517069
-0.000261640625
0.00180548067
0.00115992758
-0.000227941563
-0.000793805689
-0.000361197276
-0.00149420332
-0.000308328169
-0.0016401955
-0.000134821158
-0.00152168991
8.92094284e-05
-0.00129888899
0.000314971908
-0.00104971743
0.000513263037
-0.000807171543
0.000668300049
-0.000581122224
0.00077199035
-0.000370573036
0.000820036134
-0.000169702108
0.000809727666
2.95632091e-05
0.000739201038
0.000236482795
0.000607935681
0.000460859908
0.000419110882
0.000711849794
0.000184524332
0.000994717063
-6.71911749e-05
0.00130285735
-0.000280617543
0.00160077812
-0.000369418477
0.00179397163
-0.000246993628
0.00168305583
0.000912933947
-0.000168965213
-0.000624840481
-0.000352016166
-0.00131115236
-0.000431557655
-0.00156065401
-0.000408908947
-0.00154433862
-0.000319435147
-0.0013883628
-0.000200095153
-0.00116905743
-7.98100545e-05
-0.000927456637
2.1578278e-05
-0.000682510549
9.14287201e-05
-0.000440423476
0.000122135403
-0.000200408797
0.000109757209
4.19413979e-05
5.36457258e-05
0.00029259428
-4.27489965e-05
0.000557254638
-0.000169694024
0.000838794826
-0.000307652425
0.00113267546
-0.000423468626
0.00141867354
-0.000470024872
0.00164733436
-0.000397824824
0.00172177158
-0.000196431025
0.00148166203
0.00071650292
-0.000124192138
-0.00050064835
-0.000308335632
-0.00112700886
-0.000450494088
-0.00141849555
-0.000523203997
-0.0014716287
-0.000535391035
-0.00137617577
-0.000508160798
-0.00119628767
-0.000463156867
-0.000972460569
-0.000418060917
-0.000727606492
-0.00038561899
-0.000472865396
-0.000373912049
-0.000212115739
-0.000386727914
5.4757255e-05
-0.000423459491
0.000329325851
-0.000478356364
0.000612151516
-0.000539178261
0.000899616732
-0.00058581887
0.00117931607
-0.000590512329
0.001423367
-0.00052308513
0.00157990716
-0.000366699084
0.00156538554
-0.000150585986
0.00126554894
0.000565916937
-9.45729317e-05
-0.000406075421
-0.000264649741
-0.000956932057
-0.00043073838
-0.0012524069
-0.00055697693
-0.00134539014
-0.000636793199
-0.00129635949
-0.000678141744
-0.00115493914
-0.000693943907
-0.000956658413
-0.000696929224
-0.000724621175
-0.000697274038
-0.000472520571
-0.000701661737
-0.000207728033
-0.000712860695
6.59562091e-05
-0.000729336352
0.000345801497
-0.0007447538
0.000627568961
-0.000747580293
0.000902443234
-0.000721469891
0.00115320568
-0.000647843382
0.00134974049
-0.000512876917
0.00144494069
-0.000321206279
0.00137371489
-0.000116485705
0.00106082837
0.00044943124
-7.53437296e-05
-0.000330731687
-0.000228206813
-0.000804068982
-0.000398353657
-0.00108226006
-0.000550539517
-0.00119320428
-0.000670626438
-0.00117627256
-0.000757578324
-0.00106798725
-0.000816784795
-0.000897451952
-0.000855587432
-0.000685818546
-0.000880624286
-0.000447483713
-0.000896360308
-0.000191991999
-0.000904270068
7.38659752e-05
-0.000902360298
0.000343891719
-0.0008849722
0.000610180852
-0.000843104156
0.000860575189
-0.000765820185
0.00107592172
-0.00064366473
0.00122758505
-0.000475103935
0.00127637989
-0.000276309844
0.0011749208
-9.21328644e-05
0.000876651381
0.00035729838
-6.22882996e-05
-0.000268443378
-0.000198541317
-0.000667815974
-0.00036289365
-0.000917907733
-0.000523850721
-0.00103224721
-0.000664415218
-0.00103570806
-0.000778128905
-0.000954273554
-0.000864812157
-0.000810768703
-0.000927165462
-0.000623465253
-0.000968399676
-0.000406249505
-0.000990721203
-0.000169670463
-0.000994436353
7.7581139e-05
-0.000977525724
0.000326981092
-0.000935694993
0.000568350111
-0.000863101235
0.00078798142
-0.000754123156
0.000966943639
-0.000606626304
0.0010800882
-0.000426950403
0.001096704
-0.000236038286
0.000984008676
-7.43490214e-05
0.00071496211
0.000282949358
-5.27689662e-05
-0.000215674403
-0.000173812785
-0.000546772155
-0.000327557401
-0.000764163125
-0.00048686598
-0.000872938636
-0.000634380185
-0.000888193851
-0.000760757846
-0.00082789588
-0.000862116646
-0.000709409894
-0.000937654746
-0.000547927159
-0.00098778322
-0.000356121046
-0.00101282396
-0.00014462973
-0.00101222275
7.69799474e-05
-0.000984240687
0.000298999038
-0.000926163054
0.000510272479
-0.000835158809
0.000696977164
-0.000709976089
0.00084176091
-0.000553597328
0.000923709444
-0.000376676977
0.000919783656
-0.000200960045
0.00080829175
-6.08626231e-05
0.000574864688
0.000222086729
-4.52979313e-05
-0.00017037647
-0.000152453971
-0.000439616106
-0.000293299609
-0.000623317488
-0.000444763103
-0.000721475152
-0.000590345844
-0.000742611117
-0.000719473354
-0.000698768364
-0.000826046337
-0.000602836897
-0.000906878198
-0.000467095292
-0.000960347568
-0.000302651685
-0.000985403149
-0.000119574164
-0.000980963157
7.2539954e-05
-0.000945732106
0.000263768
-0.000878480022
0.000443020408
-0.000778855052
0.000597352194
-0.00064878405
0.000711689896
-0.00049440355
0.000769328936
-0.000328204154
0.000753584263
-0.000170678366
0.000650765969
-5.02806528e-05
0.000454466981
0.000171806071
-3.90621898e-05
-0.000131314289
-0.000133403799
-0.000345274484
-0.000260349965
-0.000496371315
-0.000400388965
-0.000581436155
-0.000538431195
-0.0006045689
-0.000663692785
-0.00057350678
-0.000768938046
-0.000497591627
-0.00084952307
-0.000386510251
-0.000902500925
-0.000249673826
-0.000925934092
-9.61410088e-05
-0.000918488876
6.50947249e-05
-0.000879356194
0.000224635318
-0.000808535329
0.000372199557
-0.000707505263
0.000496322139
-0.000580261687
0.000584446319
-0.000434588337
0.000623655576
-0.000283248293
0.000602244213
-0.000144573364
0.000512091042
-4.1755184e-05
0.000351648808
0.000130050888
-3.36094168e-05
-9.77048852e-05
-0.000115973506
-0.000262910388
-0.000228685884
-0.000383658925
-0.000355331138
-0.000454790895
-0.000482448486
-0.000477451557
-0.000599656648
-0.000456298633
-0.000699324734
-0.000397923546
-0.000776050477
-0.000309784497
-0.000826127619
-0.000199596668
-0.000847124128
-7.51444983e-05
-0.000837646085
5.56166697e-05
-0.000797332205
0.000184321426
-0.000727102527
0.000301969881
-0.000629656427
0.000398876051
-0.000510163467
0.000464953368
-0.000377005138
0.000490497246
-0.000242314866
0.000467553933
-0.000121978235
0.000391754408
-3.47332179e-05
0.000264403791
9.5317675e-05
-2.86574939e-05
-6.9047398e-05
-9.96602318e-05
-0.000191907655
-0.000198117009
-0.000285202143
-0.000310357558
-0.000342550333
-0.000424616059
-0.00036319305
-0.000531265887
-0.000349648813
-0.000622765454
-0.000306423994
-0.000693446632
-0.000239103322
-0.000739258808
-0.00015378448
-0.000757558026
-5.68452658e-05
-0.000747003443
4.50620873e-05
-0.000707597936
0.000144915906
-0.000640884399
0.000235256334
-0.000550277062
0.000308268716
-0.000441462343
0.000356138659
-0.000322745853
0.000371780763
-0.000205166583
0.000349974662
-0.000102185442
0.000288773262
-2.88024207e-05
0.000191020766
6.65152582e-05
-2.39812044e-05
-4.50661881e-05
-8.39974392e-05
-0.000131891433
-0.000168257101
-0.000200942486
-0.000265595491
-0.000245211936
-0.000365935588
-0.000262852939
-0.000460594491
-0.000254989906
-0.000542423531
-0.000224594964
-0.000605821319
-0.000175705547
-0.000646681729
-0.000112924071
-0.000662339377
-4.11876054e-05
-0.000651561323
3.42840458e-05
-0.000614612938
0.00010796752
-0.000553400636
0.000174044021
-0.000471663895
0.000226531967
-0.000375154002
0.000259628768
-0.000271701949
0.000268328718
-0.000171058854
0.000249331572
-8.4417068e-05
0.000202131475
-2.35998674e-05
0.000130203561
4.29153907e-05
-1.93492177e-05
-2.57169568e-05
-6.84700342e-05
-8.27706255e-05
-0.000138506756
-0.000130905775
-0.000220638079
-0.000163080617
-0.000306428411
-0.000177062599
-0.000388228751
-0.000173189553
-0.00045947417
-0.000153349542
-0.000514859806
-0.00012031992
-0.000550429792
-7.7354097e-05
-0.000563627562
-2.79898356e-05
-0.00055334842
2.40049155e-05
-0.000520016425
7.46355354e-05
-0.000465682611
0.000119710206
-0.000394114913
0.000154964261
-0.000310822985
0.000176336834
-0.000222941262
0.000180446996
-0.000138894619
0.000165284934
-6.78135154e-05
0.000131050375
-1.87621124e-05
8.11521579e-05
2.41532758e-05
-1.45055272e-05
-1.12114192e-05
-5.25211072e-05
-4.47550423e-05
-0.000108122813
-7.53040742e-05
-0.000174687797
-9.65156432e-05
-0.000245343243
-0.000106407157
-0.000313520816
-0.000105011972
-0.000373387896
-9.34824495e-05
-0.000420129422
-7.35783924e-05
-0.000450116074
-4.73674544e-05
-0.000461009084
-1.70968348e-05
-0.000451841632
1.48374641e-05
-0.000423096901
4.58908135e-05
-0.000376775965
7.33892775e-05
-0.000316426451
9.46147461e-05
-0.00024707955
0.000106989928
-0.000175030353
0.000108397795
-0.000107403059
9.76576415e-05
-5.1485844e-05
7.5133164e-05
-1.39146199e-05
4.35809369e-05
1.02386541e-05
-9.20280439e-06
-2.00861544e-06
-3.56847395e-05
-1.82730962e-05
-7.64355269e-05
-3.45532824e-05
-0.000126811025
-4.6140151e-05
-0.000181408072
-5.18101188e-05
-0.00023481715
-5.16028969e-05
-0.000282132226
-4.61673652e-05
-0.000319263536
-3.64470724e-05
-0.00034311651
-2.35144795e-05
-0.000351700045
-8.5133064e-06
-0.000344207019
7.34442988e-06
-0.000321084429
2.27682245e-05
-0.000284086156
3.63910109e-05
-0.000236279531
4.68081273e-05
-0.000181958573
5.26689702e-05
-0.000126403747
5.28429645e-05
-7.5428541e-05
4.66824329e-05
-3.46816269e-05
3.43862505e-05
-8.71390709e-06
1.76132198e-05
1.52474722e-06
-3.43753203e-06
1.42890634e-06
-1.80438789e-05
-3.6667382e-06
-4.34060373e-05
-9.19111387e-06
-7.64336671e-05
-1.31125178e-05
-0.000113187159
-1.50566333e-05
-0.000149665118
-1.51249456e-05
-0.000182251548
-1.35809365e-05
-0.000207952845
-1.07457673e-05
-0.000224514091
-6.95322598e-06
-0.000230484758
-2.54263893e-06
-0.000225272646
2.13231141e-06
-0.000209197083
6.69265583e-06
-0.000183535357
1.07292856e-05
-0.000150536808
1.38095842e-05
-0.000113368291
1.55004577e-05
-7.59397583e-05
1.5414432e-05
-4.25472219e-05
1.32898938e-05
-1.72767372e-05
9.11576405e-06
-3.10385761e-06
3.44034067e-06
-1.57910914e-06
1.42889799e-06
-2.23784729e-06
-1.14289601e-05
-2.45414705e-05
-3.95980976e-05
-5.47230448e-05
-6.83039886e-05
-7.90497608e-05
-8.60029842e-05
-8.85456161e-05
-8.64133004e-05
-7.97206464e-05
-6.89913657e-05
-5.51817844e-05
-3.96813255e-05
-2.42668905e-05
-1.09769947e-05
-1.86123066e-06
1.57910913e-06
)
;

boundaryField
{
    walls
    {
        type            calculated;
        value           uniform 0;
    }
    mov_wall
    {
        type            calculated;
        value           uniform 0;
    }
    empty
    {
        type            empty;
        value           nonuniform 0();
    }
}


// ************************************************************************* //
