/*--------------------------------*- C++ -*----------------------------------*\
| =========                 |                                                 |
| \\      /  F ield         | OpenFOAM: The Open Source CFD Toolbox           |
|  \\    /   O peration     | Version:  5.x                                   |
|   \\  /    A nd           | Web:      www.OpenFOAM.org                      |
|    \\/     M anipulation  |                                                 |
\*---------------------------------------------------------------------------*/
FoamFile
{
    version     2.0;
    format      ascii;
    class       volVectorField;
    location    "9.8";
    object      U;
}
// * * * * * * * * * * * * * * * * * * * * * * * * * * * * * * * * * * * * * //

dimensions      [0 1 -1 0 0 0 0];

internalField   nonuniform List<vector> 
400
(
(0.291698428 0.149643813 0)
(0.388187175 0.128007691 0)
(0.557616073 0.075731825 0)
(0.674785704 0.0433044376 0)
(0.743766597 0.0251591047 0)
(0.787075024 0.0148802974 0)
(0.815462959 0.00893092164 0)
(0.83393956 0.00530992789 0)
(0.845365462 0.00289956115 0)
(0.851349265 0.0010848528 2.66526738e-34)
(0.852640749 -0.000502852727 -2.66526738e-34)
(0.849354293 -0.00216072007 0)
(0.840973371 -0.00421710572 0)
(0.826113773 -0.0072209862 0)
(0.802020426 -0.0122365013 0)
(0.763538946 -0.0213892101 0)
(0.699488892 -0.0388386149 0)
(0.584557336 -0.0722732743 0)
(0.407900534 -0.128436307 0)
(0.300688067 -0.152947536 0)
(0.00120418545 0.287432395 0)
(0.0133209658 0.293872117 0)
(0.140044448 0.20990485 0)
(0.264971591 0.14298616 0)
(0.364177743 0.0968019836 0)
(0.440120067 0.0654411217 0)
(0.496541041 0.0439762518 0)
(0.536691068 0.0287011561 0)
(0.563274466 0.0170798534 0)
(0.578137343 0.00742308613 0)
(0.582210288 -0.00150101216 0)
(0.575515253 -0.0107977543 0)
(0.557109249 -0.0217346523 0)
(0.524912995 -0.0361396923 0)
(0.475518408 -0.0569634977 0)
(0.404326004 -0.0889771521 0)
(0.305687294 -0.139150755 0)
(0.17449779 -0.215275202 0)
(0.034106584 -0.310801155 0)
(0.0108691561 -0.305909063 0)
(-0.0321467618 0.241773916 0)
(-0.0634303625 0.333547153 0)
(-0.0219361996 0.299502485 0)
(0.05059963 0.240051661 0)
(0.127397386 0.183020804 0)
(0.196818613 0.135454522 0)
(0.254167106 0.097452342 0)
(0.298088303 0.0668891703 0)
(0.328665677 0.041375823 0)
(0.346307827 0.0187814595 -2.35796957e-33)
(0.351211315 -0.00280949226 2.35796957e-33)
(0.34312675 -0.0252950463 0)
(0.321277581 -0.050829947 0)
(0.284432901 -0.0820948308 0)
(0.231328818 -0.122479775 0)
(0.161916762 -0.17565804 0)
(0.0798350202 -0.243208457 0)
(-0.00333734224 -0.317981961 0)
(-0.0578531339 -0.366363502 0)
(-0.0313893204 -0.270690675 0)
(-0.0261204148 0.182361571 0)
(-0.0666192762 0.316884129 0)
(-0.0735377798 0.330901735 0)
(-0.0481307169 0.295352906 0)
(-0.00567217218 0.244253503 0)
(0.041112479 0.192431739 0)
(0.0845451108 0.145095038 0)
(0.120424333 0.103006629 0)
(0.146585247 0.0651543622 0)
(0.16192548 0.0298884053 2.35546495e-33)
(0.165812819 -0.00469432355 -2.35546495e-33)
(0.157798803 -0.0406696193 0)
(0.137586499 -0.0803027382 0)
(0.105285212 -0.12597958 0)
(0.0620900271 -0.179774808 0)
(0.0116092691 -0.242029717 0)
(-0.0380283785 -0.307764354 0)
(-0.0720490943 -0.359579369 0)
(-0.0711639177 -0.355585637 0)
(-0.0287210563 -0.20917858 0)
(-0.017629683 0.140767913 0)
(-0.0549165446 0.281827199 0)
(-0.0828629936 0.324484356 0)
(-0.0880762229 0.312396796 0)
(-0.0751196881 0.274441978 0)
(-0.0526276242 0.226778426 0)
(-0.0275118468 0.177302817 0)
(-0.00458009053 0.129145424 0)
(0.0130234904 0.0829123605 0)
(0.0233567967 0.0379330305 -2.94545447e-34)
(0.0253097471 -0.0071013965 2.94545447e-34)
(0.0184152078 -0.0537995234 0)
(0.00288698527 -0.103801261 0)
(-0.0200872009 -0.158367937 0)
(-0.0477707934 -0.217530723 0)
(-0.0750614579 -0.278347554 0)
(-0.093626708 -0.331694803 0)
(-0.0922270555 -0.357398869 0)
(-0.063507467 -0.31887989 0)
(-0.0207312594 -0.162076724 0)
(-0.0116542796 0.11159225 0)
(-0.0431521993 0.243765264 0)
(-0.0782839953 0.2998594 0)
(-0.10057926 0.305000828 0)
(-0.108310589 0.280421263 0)
(-0.105716505 0.240369181 0)
(-0.0975361711 0.193277766 0)
(-0.087793446 0.143545369 0)
(-0.0795351899 0.093026074 0)
(-0.0748272168 0.0420752312 0)
(-0.0748481326 -0.00975925916 0)
(-0.0799345781 -0.0632506205 0)
(-0.0895000216 -0.119033275 0)
(-0.101812875 -0.176993444 0)
(-0.113690949 -0.23529792 0)
(-0.120284781 -0.288849073 0)
(-0.115237023 -0.327084783 0)
(-0.0922711134 -0.331566552 0)
(-0.0521876272 -0.275119691 0)
(-0.0142847854 -0.127260098 0)
(-0.00803185592 0.0899680188 0)
(-0.0343052821 0.207876695 0)
(-0.0703686584 0.267741355 0)
(-0.100959316 0.283509144 0)
(-0.121509108 0.269753779 0)
(-0.133061962 0.237807845 0)
(-0.138135835 0.195384123 0)
(-0.139450241 0.147216489 0)
(-0.139365664 0.0958906812 0)
(-0.13959923 0.042595758 0)
(-0.141114112 -0.0122625682 0)
(-0.144054664 -0.0685401674 0)
(-0.147657208 -0.125824596 0)
(-0.1501406 -0.182787207 0)
(-0.14866774 -0.236314556 0)
(-0.139565527 -0.280390168 0)
(-0.119015753 -0.304900546 0)
(-0.0848747402 -0.294957286 0)
(-0.0422046456 -0.232154477 0)
(-0.0100065907 -0.100709815 0)
(-0.00589818984 0.0731569048 0)
(-0.028051439 0.175459927 0)
(-0.062462076 0.233454967 0)
(-0.0961931095 0.25465069 0)
(-0.123784288 0.248662374 0)
(-0.144336446 0.22397832 0)
(-0.158622037 0.187072456 0)
(-0.168069545 0.142434104 0)
(-0.174171008 0.0929433373 0)
(-0.17809165 0.0403533003 0)
(-0.18045626 -0.0142245246 0)
(-0.181230006 -0.0698446782 0)
(-0.179647303 -0.125225756 0)
(-0.174205196 -0.178177563 0)
(-0.162809069 -0.224940954 0)
(-0.143212557 -0.259512836 0)
(-0.113841638 -0.273201303 0)
(-0.0753166177 -0.254896364 0)
(-0.0343188975 -0.192925778 0)
(-0.00728498518 -0.0799917718 0)
(-0.00459312251 0.0595160154 0)
(-0.0235441687 0.146542617 0)
(-0.0553429905 0.199662154 0)
(-0.0893196719 0.222701632 0)
(-0.120051817 0.221819414 0)
(-0.14560909 0.203131829 0)
(-0.16557065 0.171796548 0)
(-0.180317098 0.131775627 0)
(-0.190531073 0.0859405074 0)
(-0.196813733 0.0363510064 2.97711408e-34)
(-0.199448899 -0.0153915457 -2.97711408e-34)
(-0.19827563 -0.0677566434 0)
(-0.192646153 -0.118867799 0)
(-0.181489351 -0.166059309 0)
(-0.163546088 -0.205440872 0)
(-0.137858729 -0.231577793 0)
(-0.104503395 -0.237504907 0)
(-0.065663726 -0.215386226 0)
(-0.0281737978 -0.158249844 0)
(-0.00551069019 -0.0634668213 0)
(-0.00373314334 0.0480883404 0)
(-0.0201212337 0.120839397 0)
(-0.0490153878 0.167676441 0)
(-0.0816389783 0.190287497 0)
(-0.112989448 0.192487648 0)
(-0.140680559 0.178557129 4.67987906e-33)
(-0.163557391 0.152465448 0)
(-0.18124628 0.117554995 0)
(-0.193784173 0.0765047402 -4.74063652e-33)
(-0.20129697 0.0314709922 2.26596531e-36)
(-0.203789195 -0.0156743976 4.98649178e-36)
(-0.201035366 -0.0630555967 0)
(-0.192565929 -0.108481584 0)
(-0.177765513 -0.149141429 0)
(-0.156124907 -0.181360929 0)
(-0.127679783 -0.200524263 0)
(-0.0935645702 -0.201318537 0)
(-0.0566770442 -0.178463972 0)
(-0.0233146658 -0.128090141 0)
(-0.00429570471 -0.0500435345 0)
(-0.00311504119 0.0383306331 0)
(-0.0173631166 0.098050851 0)
(-0.0433176191 0.138129965 0)
(-0.0737180745 0.158979198 0)
(-0.104104452 0.162838221 0)
(-0.131970533 0.152618177 -4.67987906e-33)
(-0.155761613 0.1312957 0)
(-0.174612859 0.101603275 0)
(-0.188100216 0.0659289911 4.74063652e-33)
(-0.195997418 0.0263693594 1.49106801e-33)
(-0.198111612 -0.0151233217 -1.49832047e-33)
(-0.19420401 -0.0565442466 0)
(-0.183996558 -0.0956260399 0)
(-0.167277171 -0.129654844 0)
(-0.144124393 -0.155368917 0)
(-0.115252464 -0.169022499 0)
(-0.0823814087 -0.166713892 0)
(-0.0485941037 -0.145040226 0)
(-0.0193975956 -0.102103348 0)
(-0.00342090917 -0.0390050007 0)
(-0.0026339364 0.029926264 0)
(-0.0150226245 0.0779301286 0)
(-0.0380974212 0.11131111 0)
(-0.0658175668 0.129695793 0)
(-0.0942794737 0.134263876 0)
(-0.121044028 0.126925341 0)
(-0.144383609 0.109860566 0)
(-0.163148983 0.0852480437 0)
(-0.176619505 0.0551416362 0)
(-0.184335473 0.0214703136 2.9974256e-34)
(-0.185982937 -0.0138813668 -2.9974256e-34)
(-0.181343675 -0.0489515439 0)
(-0.170313963 -0.0815745589 0)
(-0.15299925 -0.109289272 0)
(-0.129891604 -0.129330738 0)
(-0.102114501 -0.138764248 0)
(-0.0716393813 -0.134816142 0)
(-0.0414365956 -0.11540729 0)
(-0.0161843493 -0.0798582227 0)
(-0.00276403308 -0.0298606584 0)
(-0.00223473674 0.0226800235 0)
(-0.0129541274 0.0602838571 0)
(-0.0332381486 0.0873308364 0)
(-0.0580555276 0.102954501 0)
(-0.0840353799 0.107621821 0)
(-0.108906084 0.102520707 0)
(-0.130914081 0.0892086475 0)
(-0.148775833 0.0693818637 0)
(-0.161603548 0.0447501621 0)
(-0.168801287 0.0170067322 3.00137148e-34)
(-0.169993545 -0.0121372156 -3.00137148e-34)
(-0.164999673 -0.040886183 0)
(-0.153857536 -0.0672953797 0)
(-0.13689908 -0.0892417092 0)
(-0.114876635 -0.104468704 0)
(-0.0891189068 -0.11074442 0)
(-0.0616328439 -0.106158118 0)
(-0.0351269756 -0.0895353384 0)
(-0.0135037431 -0.0609264432 0)
(-0.00225327254 -0.022257827 0)
(-0.00188545622 0.0164662556 0)
(-0.0110624851 0.0449645381 0)
(-0.0286411436 0.0662105052 0)
(-0.0504611288 0.0790278189 0)
(-0.0736531628 0.0834123315 0)
(-0.0961641787 0.080041489 0)
(-0.116305918 0.0699953576 0)
(-0.132763342 0.0545610857 0)
(-0.144575602 0.0351143604 0)
(-0.151082434 0.0130747329 0)
(-0.151887891 -0.0100881551 0)
(-0.146853003 -0.0328250796 0)
(-0.136119504 -0.0534823568 0)
(-0.120164255 -0.0703098582 0)
(-0.0998793391 -0.0815299524 0)
(-0.0766571197 -0.0854921392 0)
(-0.0524122102 -0.0809235404 0)
(-0.0295300338 -0.0672469522 0)
(-0.0112185733 -0.0449266651 0)
(-0.00184129768 -0.0159381055 0)
(-0.00156251755 0.0112077497 0)
(-0.0092698805 0.0318705358 0)
(-0.0242025214 0.0479368742 0)
(-0.0429884465 0.0580490707 0)
(-0.0632319148 0.0619115008 0)
(-0.0831208692 0.0598559189 0)
(-0.101086247 0.0526055545 0)
(-0.115849132 0.0411071721 0)
(-0.126440929 0.0264236317 0)
(-0.13218724 0.0096856059 0)
(-0.132697632 -0.00791671584 0)
(-0.127870716 -0.0251250504 0)
(-0.117915457 -0.0406102742 0)
(-0.103386533 -0.0529974542 0)
(-0.0852272529 -0.0609387018 0)
(-0.0648019881 -0.0632496918 0)
(-0.0438652624 -0.0591133868 0)
(-0.0244675005 -0.0483249908 0)
(-0.00920309299 -0.0315520073 0)
(-0.00149088389 -0.0107193786 0)
(-0.00124269118 0.00687236829 0)
(-0.0074972636 0.0209539388 0)
(-0.0197996778 0.0325014299 0)
(-0.0355241972 0.0400872989 0)
(-0.0527239655 0.0432717622 0)
(-0.0698331056 0.0421741834 0)
(-0.0854326576 0.0372606192 0)
(-0.0983251703 0.0291991485 0)
(-0.107580786 0.018767359 0)
(-0.112546723 0.00680864304 0)
(-0.112854336 -0.005780112 0)
(-0.108431629 -0.0180487578 0)
(-0.0995214479 -0.0289997732 0)
(-0.0867021664 -0.0376160645 0)
(-0.0709039775 -0.0429246751 0)
(-0.0534054934 -0.0441071892 0)
(-0.0357703083 -0.0406592896 0)
(-0.0197281039 -0.0325810801 0)
(-0.0073307281 -0.0205903316 0)
(-0.00116697592 -0.00649226838 0)
(-0.000899882347 0.00347704291 0)
(-0.00566093132 0.012224429 0)
(-0.0152978474 0.0199179412 0)
(-0.0279091954 0.0251886537 0)
(-0.0419708384 0.0275859291 0)
(-0.0561592826 0.0271262697 0)
(-0.0692274819 0.0240986732 0)
(-0.0800968174 0.0189454327 0)
(-0.0879159918 0.0121895931 0)
(-0.09208442 0.0044020647 0)
(-0.0922681515 -0.00380767825 0)
(-0.0884155137 -0.0117927663 0)
(-0.0807724909 -0.0188748765 0)
(-0.0698942038 -0.0243659733 0)
(-0.0566454532 -0.0276151926 0)
(-0.0421770502 -0.0280887052 0)
(-0.0278468991 -0.0254864187 0)
(-0.0150887329 -0.0198866115 0)
(-0.00547449428 -0.0119313568 0)
(-0.000833547203 -0.00322197459 0)
(-0.000507508206 0.00108920709 0)
(-0.00368889251 0.00574013985 0)
(-0.0105872254 0.0102223814 0)
(-0.0199879396 0.0134022148 0)
(-0.0307552966 0.0149400957 0)
(-0.0418076576 0.0148327183 0)
(-0.0521004765 0.0132501835 0)
(-0.060720594 0.0104516796 0)
(-0.0669425829 0.00673881668 0)
(-0.0702538288 0.0024372834 0)
(-0.0703711878 -0.00210635206 0)
(-0.0672558408 -0.00652338815 0)
(-0.0611263915 -0.0104252543 0)
(-0.0524664969 -0.0134154703 0)
(-0.0420201065 -0.0151167119 0)
(-0.0307626612 -0.015218351 0)
(-0.0198243282 -0.0135494054 0)
(-0.0103615211 -0.0101761662 0)
(-0.00352670139 -0.00555507457 0)
(-0.00045647031 -0.000945965966 0)
(-6.44917403e-05 -0.000176241907 0)
(-0.00159898981 0.00163661646 0)
(-0.00569518862 0.00359860168 0)
(-0.0117199315 0.00501067962 0)
(-0.0188880499 0.00571684699 0)
(-0.0263913894 0.00573382868 0)
(-0.0334549891 0.00514772107 0)
(-0.0394085024 0.00407326764 0)
(-0.0437225488 0.00263489202 0)
(-0.0460238842 0.000961862444 0)
(-0.0461058235 -0.000810104416 0)
(-0.0439388715 -0.00253598983 0)
(-0.0396813836 -0.00406056306 0)
(-0.0336869563 -0.00522175609 0)
(-0.0265027362 -0.00586030515 0)
(-0.0188496249 -0.0058382961 0)
(-0.0115675422 -0.00507039417 0)
(-0.00551559566 -0.0035709537 0)
(-0.00148203468 -0.00155258691 0)
(-3.10932318e-05 0.000233977754 0)
(0.000261395221 -0.000255578186 0)
(0.00015143928 0.000102072744 0)
(-0.0011749538 0.00054741526 0)
(-0.00348063203 0.000863516379 0)
(-0.00637558293 0.00102207839 0)
(-0.00946687275 0.00103797714 0)
(-0.0124000365 0.000936217976 0)
(-0.014881778 0.000743061461 0)
(-0.016686101 0.000483180406 0)
(-0.0176547257 0.000180088462 1.08300119e-33)
(-0.0176985201 -0.000142308033 -1.08300119e-33)
(-0.0168014858 -0.000458218646 0)
(-0.0150266292 -0.00073901959 0)
(-0.0125219009 -0.000953244894 0)
(-0.009523549 -0.00106773217 0)
(-0.0063530235 -0.00105052558 0)
(-0.00340014914 -0.00087678777 0)
(-0.0010836149 -0.000539615994 0)
(0.000206110997 -8.25144449e-05 0)
(0.000274563717 0.000266745574 0)
)
;

boundaryField
{
    walls
    {
        type            fixedValue;
        value           uniform (0 0 0);
    }
    mov_wall
    {
        type            fixedValue;
        value           uniform (1 0 0);
    }
    empty
    {
        type            empty;
    }
}


// ************************************************************************* //
