/*--------------------------------*- C++ -*----------------------------------*\
| =========                 |                                                 |
| \\      /  F ield         | OpenFOAM: The Open Source CFD Toolbox           |
|  \\    /   O peration     | Version:  5.x                                   |
|   \\  /    A nd           | Web:      www.OpenFOAM.org                      |
|    \\/     M anipulation  |                                                 |
\*---------------------------------------------------------------------------*/
FoamFile
{
    version     2.0;
    format      ascii;
    class       volScalarField;
    location    "1.4";
    object      p;
}
// * * * * * * * * * * * * * * * * * * * * * * * * * * * * * * * * * * * * * //

dimensions      [0 2 -2 0 0 0 0];

internalField   nonuniform List<scalar> 
400
(
3.23334882e-06
2.4524529
3.49430065
3.89884201
4.10660211
4.22466266
4.29425678
4.34025937
4.37633892
4.41013038
4.44679619
4.49096345
4.54770976
4.62454553
4.73484901
4.90463851
5.18241044
5.68421911
6.84132179
9.41172093
1.88671835
2.86729211
3.41987339
3.74772282
3.9651548
4.1097234
4.2076589
4.27898959
4.33675658
4.38963855
4.44428154
4.50661454
4.58337772
4.6833389
4.8197605
5.01370393
5.29403702
5.69847432
6.33841206
7.4283575
2.98210939
3.2625478
3.54233549
3.77067381
3.94569534
4.07570742
4.17322484
4.25001344
4.31529755
4.37626821
4.43896447
4.50906381
4.5926156
4.69681756
4.83087661
5.00665521
5.23632971
5.52393951
5.86048255
6.19821595
3.5278371
3.58537809
3.72180642
3.86538738
3.98906958
4.09083888
4.17462306
4.2457362
4.30955897
4.37106342
4.43481967
4.50525006
4.58683057
4.68428976
4.80247753
4.94570994
5.1157584
5.30514958
5.47832878
5.55961483
3.84428838
3.82693134
3.88521632
3.96940954
4.05224104
4.12781244
4.19569498
4.25751199
4.3159649
4.37414073
4.43511669
4.50190846
4.57737751
4.6640452
4.7635345
4.87553285
4.99637303
5.11480823
5.1958414
5.18369358
4.04558335
4.0037198
4.02147363
4.06788876
4.12141657
4.17577498
4.22889272
4.28058189
4.33191078
4.38454721
4.44032844
4.50102404
4.56810008
4.64237067
4.72336251
4.80839434
4.89182698
4.96269027
4.99308178
4.9467918
4.18066968
4.13389499
4.13189133
4.15541434
4.18887579
4.22710912
4.26777278
4.30992278
4.35369367
4.39979144
4.44909964
4.50239637
4.5600739
4.62177031
4.68582649
4.74865944
4.80458575
4.84468396
4.84863262
4.79367313
4.27573503
4.23090266
4.21971132
4.22972104
4.24989067
4.27640058
4.30717153
4.34103654
4.37763685
4.4170605
4.4595137
4.50505669
4.55334152
4.60329965
4.65274881
4.69804822
4.7342889
4.75487032
4.74557587
4.69204658
4.3447354
4.3037813
4.28867365
4.29087004
4.30241875
4.32061623
4.34377824
4.37075438
4.40094965
4.43407485
4.46988826
4.50797604
4.54753811
4.58715856
4.62455721
4.65645139
4.67892639
4.68736104
4.671902
4.6232332
4.39529996
4.35854067
4.34219156
4.33999273
4.34602544
4.35840076
4.37580462
4.39719296
4.421877
4.44935279
4.47910549
4.51044022
4.5423244
4.57323846
4.60104167
4.62296326
4.63602935
4.63712347
4.61935428
4.57640652
4.43198131
4.39927781
4.38307661
4.37853519
4.38109379
4.38942819
4.40252406
4.41946547
4.43954661
4.46215555
4.48662961
4.51213301
4.53755162
4.5614092
4.58181319
4.59651569
4.60332761
4.60020683
4.58224119
4.54493399
4.45777189
4.42890017
4.41359047
4.40795949
4.40839882
4.41397137
4.42389307
4.4373717
4.45372462
4.47229948
4.49236972
4.51305167
4.53324251
4.55158505
4.56646467
4.57610118
4.57891715
4.57360888
4.55659508
4.52452751
4.4748039
4.44956441
4.43556117
4.42962656
4.42886464
4.43261056
4.44025716
4.45112416
4.46457147
4.47994579
4.49650755
4.51337967
4.52951893
4.54371489
4.55461749
4.56083711
4.56125622
4.55506987
4.53961567
4.51231555
4.48469343
4.46294078
4.45048564
4.44475141
4.44342288
4.44604042
4.45213855
4.46113692
4.47244454
4.48542587
4.49935309
4.51338015
4.52653962
4.53776523
4.54593734
4.54998049
4.54911912
4.54288909
4.52929796
4.50633094
4.4887305
4.47037947
4.45960985
4.45439072
4.45293109
4.4549458
4.46009151
4.46787725
4.47775837
4.48911939
4.50124805
4.51333056
4.52446837
4.53371791
4.54014735
4.5429286
4.541544
4.53577709
4.52417454
4.5051933
4.48801869
4.47303428
4.46399919
4.45945338
4.45813579
4.45993347
4.46461767
4.47177657
4.48090073
4.49138281
4.50251252
4.5134908
4.52346364
4.53157564
4.53703632
4.53920878
4.53777745
4.53273092
4.52311823
4.50787283
4.48363343
4.4719929
4.46463517
4.46076527
4.45971066
4.46154997
4.46616831
4.47322075
4.48221363
4.49252383
4.50341546
4.51407201
4.52364622
4.53132647
4.53641408
4.53841445
4.53717836
4.53289435
4.52515333
4.51345781
4.47683296
4.46837891
4.46243118
4.45902574
4.45817819
4.4601895
4.46505516
4.47247566
4.48194209
4.492779
4.50418377
4.51527693
4.52516658
4.53302857
4.53819805
4.54027173
4.5392387
4.53550627
4.52930528
4.52088528
4.46927735
4.46319589
4.45768638
4.45398924
4.45294971
4.45511988
4.46057276
4.4689938
4.47978924
4.49215807
4.50515341
4.51774856
4.5289141
4.53771309
4.54341285
4.54561285
4.54439327
4.54041417
4.5347069
4.52868239
4.46345037
4.45753466
4.45039583
4.44496471
4.44294943
4.44514432
4.45161344
4.46191071
4.47524045
4.49056195
4.50666752
4.52225664
4.53602242
4.54676129
4.55351233
4.55572988
4.55349407
4.54773575
4.54035078
4.53446995
)
;

boundaryField
{
    walls
    {
        type            zeroGradient;
    }
    mov_wall
    {
        type            zeroGradient;
    }
    empty
    {
        type            empty;
    }
}


// ************************************************************************* //
