/*--------------------------------*- C++ -*----------------------------------*\
| =========                 |                                                 |
| \\      /  F ield         | OpenFOAM: The Open Source CFD Toolbox           |
|  \\    /   O peration     | Version:  5.x                                   |
|   \\  /    A nd           | Web:      www.OpenFOAM.org                      |
|    \\/     M anipulation  |                                                 |
\*---------------------------------------------------------------------------*/
FoamFile
{
    version     2.0;
    format      ascii;
    class       surfaceScalarField;
    location    "1.4";
    object      phi;
}
// * * * * * * * * * * * * * * * * * * * * * * * * * * * * * * * * * * * * * //

dimensions      [0 3 -1 0 0 0 0];

internalField   nonuniform List<scalar> 
760
(
0.00134818186
-0.00134818342
0.00245764469
-0.00110946284
0.00313512818
-0.000677483495
0.00355968797
-0.000424559841
0.00383219629
-0.000272508364
0.00400936834
-0.000177172074
0.00412510453
-0.000115736203
0.00419908682
-7.39822954e-05
0.00424228973
-4.32029292e-05
0.00426040738
-1.81176606e-05
0.00425548112
4.92626421e-06
0.00422662902
2.8852141e-05
0.00416927884
5.73502257e-05
0.00407349635
9.57825408e-05
0.00391988559
0.000153610807
0.00367197669
0.000247908958
0.00326313771
0.000408839029
0.00257263349
0.000690504285
0.00140850242
0.00116413116
0.00140850246
-5.46950991e-05
-0.00129348832
0.000412577684
-0.00157673565
0.00102997977
-0.0012948854
0.00157861115
-0.000973191072
0.00201466624
-0.000708563349
0.00234454427
-0.000507050063
0.00258482222
-0.000356014146
0.0027509266
-0.000240086645
0.00285419352
-0.000146469814
0.00290140941
-6.53335397e-05
0.00289498922
1.13464504e-05
0.00283257989
9.12614469e-05
0.00270681729
0.000183112792
0.00250410807
0.000298491722
0.00220391279
0.000453806036
0.00178076384
0.000671057828
0.00121748466
0.000972118075
0.000552773706
0.00135521504
1.30565851e-05
0.00170384812
0.00142155908
-0.000271744628
-0.00102174365
-0.000221071182
-0.00162740928
7.12643547e-05
-0.00158722093
0.000446103904
-0.00134803056
0.00081221835
-0.00107467772
0.00112893678
-0.000823768462
0.0013816329
-0.000608710286
0.00156749633
-0.000425950088
0.00168782237
-0.000266795846
0.00174411363
-0.000121624787
0.0017362301
1.92300044e-05
0.00166161181
0.000165879763
0.00151524919
0.000329475439
0.00129086579
0.000522875156
0.000984708185
0.000759963688
0.000604793482
0.00105097259
0.000189716448
0.00138719516
-0.000160110968
0.00170504245
-0.000261659557
0.00180539663
0.00115989952
-0.000227961447
-0.000793782105
-0.000361270362
-0.00149410052
-0.000308480484
-0.00164001086
-0.000135071044
-0.00152143999
8.88529736e-05
-0.00129860171
0.000314510131
-0.0010494256
0.00051270718
-0.00080690735
0.00066767019
-0.000580913121
0.000771313034
-0.0003704387
0.000819342013
-0.000169653756
0.000809048416
2.95236255e-05
0.000738566643
0.000236361571
0.00060737197
0.000460670152
0.000418637593
0.000711609567
0.000184153544
0.000994447757
-6.74561472e-05
0.0013025823
-0.000280782805
0.00160052186
-0.000369499967
0.00179375967
-0.000247016748
0.00168291341
0.000912882736
-0.000168992722
-0.000624789317
-0.000352109643
-0.00131098369
-0.000431743558
-0.00156037697
-0.000409203336
-0.00154398022
-0.000319843776
-0.00138796126
-0.000200613654
-0.00116865569
-8.04246417e-05
-0.000927096355
2.08894483e-05
-0.000682227212
9.06940959e-05
-0.000440243341
0.000121386758
-0.000200346395
0.000109027374
4.18830492e-05
5.29658854e-05
0.000292423116
-4.33517727e-05
0.000556987876
-0.00017019904
0.000838456895
-0.000308047038
0.00113229578
-0.000423749631
0.00141828488
-0.00047019939
0.00164697162
-0.000397910412
0.00172147075
-0.000196455273
0.00148145831
0.000716427423
-0.000124223007
-0.000500566273
-0.000308437454
-0.00112676929
-0.000450691927
-0.00141812248
-0.000523511079
-0.00147116105
-0.00053581008
-0.00137566225
-0.000508685012
-0.00119578075
-0.000463771068
-0.000972010302
-0.000418742817
-0.00072725547
-0.000386341197
-0.000472644966
-0.000374643887
-0.000212043703
-0.000387437999
5.46771765e-05
-0.000424118144
0.000329103291
-0.00047893796
0.000611807741
-0.000539663301
0.000899182293
-0.000586195837
0.00117882835
-0.000590779051
0.00142286808
-0.000523249499
0.00157944203
-0.000366778918
0.00156500019
-0.000150608254
0.0012652877
0.000565819141
-9.46027327e-05
-0.000405963516
-0.000264746747
-0.000956625309
-0.000430924477
-0.00125194471
-0.000557262277
-0.0013448232
-0.000637178213
-0.0012957463
-0.000678618537
-0.0011543404
-0.00069449764
-0.000956131192
-0.000697539416
-0.000724213698
-0.000697916099
-0.000472268284
-0.00070230868
-0.000207651118
-0.000713485123
6.58536272e-05
-0.000729912539
0.000345530718
-0.000745259736
0.000627154958
-0.000747999581
0.000901922172
-0.000721793376
0.00115262218
-0.000648070313
0.00134914502
-0.000513015386
0.00144438706
-0.000321272743
0.00137325756
-0.000116503928
0.00106051892
0.000449315199
-7.53685332e-05
-0.000330594947
-0.000228287002
-0.000803706882
-0.000398506216
-0.00108172547
-0.000550771373
-0.001192558
-0.000670936558
-0.00117558111
-0.000757959204
-0.00106731773
-0.000817223779
-0.000896866601
-0.000856067836
-0.000685369637
-0.000881126565
-0.000447209553
-0.000896863336
-0.000191914336
-0.000904752611
7.37429194e-05
-0.000902802613
0.000343580737
-0.000885357668
0.000609710026
-0.000843420811
0.000859985327
-0.000766061977
0.00107526336
-0.000643832317
0.00122691536
-0.00047520478
0.00127575951
-0.000276357469
0.00117441026
-9.21456389e-05
0.000876307121
0.000357169552
-6.23051353e-05
-0.000268289759
-0.000198595376
-0.000667416664
-0.000362995572
-0.000917325256
-0.000524004049
-0.00103154949
-0.000664618192
-0.00103496696
-0.000778375689
-0.000953560214
-0.000865093868
-0.000810148396
-0.000927470959
-0.000622992532
-0.000968716276
-0.000405964232
-0.000991035434
-0.000169595166
-0.00099473485
7.74423598e-05
-0.000977796252
0.000326642171
-0.000935927549
0.000567841352
-0.000863289095
0.000787346887
-0.000754263679
0.00096623795
-0.000606721293
0.00107937298
-0.00042700587
0.00109604408
-0.00023606354
0.000983467959
-7.43554658e-05
0.000714599068
0.000282814081
-5.27760449e-05
-0.00021551367
-0.00017383496
-0.000546357738
-0.000327597995
-0.000763562215
-0.000486925049
-0.000872222415
-0.000634455723
-0.000887436292
-0.000760846559
-0.00082716937
-0.000862214518
-0.000708780407
-0.000937757373
-0.00054744965
-0.000987885997
-0.000355835595
-0.00101292225
-0.000144558906
-0.00101231215
7.68322782e-05
-0.000984317375
0.000298647431
-0.000926224309
0.000509748328
-0.000835203478
0.000696326087
-0.00071000491
0.000841039392
-0.000553612884
0.000922980956
-0.000376683192
0.000919114392
-0.000200961216
0.000807746014
-6.08623205e-05
0.000574500189
0.000221951759
-4.52946992e-05
-0.000170218954
-0.00015244238
-0.000439210017
-0.000293275323
-0.000622729275
-0.000444722676
-0.000720775053
-0.00059028724
-0.000741871739
-0.000719396192
-0.000698060425
-0.000825951932
-0.000602224648
-0.000906769371
-0.000466632177
-0.000960228271
-0.00030237667
-0.000985278009
-0.000119509155
-0.000980837073
7.23913525e-05
-0.00094560994
0.000263420319
-0.00087836642
0.000442504846
-0.000778754342
0.000596714051
-0.000648700081
0.000710985157
-0.000494339317
0.0007686202
-0.000328161125
0.000752936204
-0.000170655547
0.00065024046
-5.02736454e-05
0.000454118295
0.000171678121
-3.90492727e-05
-0.000131169694
-0.000133360343
-0.000344898884
-0.000260264302
-0.000495825332
-0.000400254289
-0.000580785072
-0.000538245413
-0.000603880621
-0.000663458303
-0.000572847549
-0.00076866131
-0.00049702164
-0.000849213869
-0.000386079596
-0.000902171451
-0.000249419059
-0.00092559788
-9.60827047e-05
-0.000918159731
6.49532135e-05
-0.000879047215
0.00022430781
-0.000808258077
0.000371715728
-0.000707269079
0.000495725087
-0.000580073091
0.000583789204
-0.000434450407
0.000622997536
-0.000283159934
0.00060164574
-0.000144528499
0.000511609039
-4.17420032e-05
0.000351331793
0.000129936134
-3.35884842e-05
-9.75812463e-05
-0.000115903464
-0.000262583824
-0.000228548709
-0.000383180115
-0.000355116966
-0.000454216846
-0.000482154975
-0.000476842612
-0.000599288424
-0.000455714102
-0.000698892576
-0.000397417494
-0.000775570183
-0.000309401984
-0.000825618573
-0.000199370652
-0.000846607663
-7.5093595e-05
-0.000837143802
5.54893654e-05
-0.00079686437
0.000184028381
-0.000726686646
0.000301538005
-0.000629306037
0.000398344493
-0.000509887165
0.000464370362
-0.000376805791
0.000489916189
-0.000242188925
0.00046702889
-0.000121915149
0.000391335269
-3.47149232e-05
0.000264131547
9.52212347e-05
-2.86310624e-05
-6.8950243e-05
-9.95716438e-05
-0.000191643146
-0.000197943383
-0.000284808402
-0.000310086441
-0.000342073847
-0.00042424455
-0.000362684511
-0.000530799961
-0.000349158675
-0.000622218951
-0.000305998495
-0.000692839832
-0.000238781102
-0.0007386166
-0.00015359388
-0.000756907803
-5.6802384e-05
-0.000746372882
4.49544538e-05
-0.000707012862
0.000144668361
-0.00064036685
0.000234891984
-0.000549843652
0.000307821291
-0.000441123002
0.000355649724
-0.000322502944
0.000371296156
-0.000205014363
0.000349540326
-0.000102109777
0.000288430679
-2.87806181e-05
0.000190802354
6.64406443e-05
-2.39523998e-05
-4.49979213e-05
-8.39003222e-05
-0.000131695128
-0.000168065785
-0.000200642939
-0.000265295507
-0.000244844196
-0.000365523143
-0.000262456901
-0.000460075873
-0.000254605923
-0.000541814086
-0.000224260247
-0.000605143883
-0.000175451284
-0.000645964548
-0.000112773207
-0.000661613663
-4.11532671e-05
-0.000650858639
3.41994305e-05
-0.000613962636
0.000107772354
-0.000552827538
0.000173756869
-0.000471186339
0.00022618007
-0.000374782383
0.000259245758
-0.000271437827
0.000267951609
-0.000170894618
0.000248997124
-8.4336059e-05
0.000201872093
-2.35766817e-05
0.000130042921
4.28639806e-05
-1.93215163e-05
-2.56764883e-05
-6.83754537e-05
-8.26411299e-05
-0.000138318413
-0.000130699944
-0.000220340151
-0.000162822503
-0.000306015937
-0.000176781155
-0.00038770731
-0.00017291454
-0.000458858977
-0.000153108535
-0.000514174141
-0.000120136074
-0.000549702823
-7.72444949e-05
-0.000562891743
-2.79643381e-05
-0.000552636657
2.39443423e-05
-0.000519359269
7.44949554e-05
-0.000465105691
0.000119503269
-0.000393636798
0.000154711145
-0.00031045362
0.000176062554
-0.000222681116
0.000180179097
-0.000138734595
0.000165050598
-6.77355454e-05
0.000130873
-1.8740095e-05
8.10473959e-05
2.41238813e-05
-1.44824656e-05
-1.11940834e-05
-5.24400711e-05
-4.46835378e-05
-0.000107957915
-7.51820566e-05
-0.000174422664
-9.63577564e-05
-0.000244971678
-0.000106232168
-0.000313046874
-0.000104839358
-0.00037282515
-9.33302401e-05
-0.000419499482
-7.34617039e-05
-0.000449446478
-4.72974641e-05
-0.000460330739
-1.70800606e-05
-0.000451186007
1.47996062e-05
-0.000422493199
4.58021303e-05
-0.000376248511
7.32585566e-05
-0.000315992511
9.4455112e-05
-0.000246747757
0.00010681777
-0.000174799926
0.00010823125
-0.000107263926
9.75145897e-05
-5.1419686e-05
7.5028719e-05
-1.38965634e-05
4.35242067e-05
1.02273033e-05
-9.18759792e-06
-2.00649689e-06
-3.56268209e-05
-1.82444096e-05
-7.63118954e-05
-3.44969924e-05
-0.000126605888
-4.60637582e-05
-0.000181114406
-5.17236631e-05
-0.000234437091
-5.15167095e-05
-0.000281676486
-4.60908832e-05
-0.000318750079
-3.63881385e-05
-0.000342568671
-2.34788893e-05
-0.000351144271
-8.50447979e-06
-0.000343670368
7.32567645e-06
-0.000320592033
2.27237657e-05
-0.000283658826
3.63253255e-05
-0.000235931731
4.67280032e-05
-0.000181696943
5.25829854e-05
-0.000126226391
5.27607189e-05
-7.53252595e-05
4.66134834e-05
-3.46352106e-05
3.43386644e-05
-8.7024735e-06
1.75914569e-05
1.52485352e-06
-3.43224593e-06
1.42578667e-06
-1.80151691e-05
-3.66162351e-06
-4.33356725e-05
-9.17660161e-06
-7.63083899e-05
-1.30911154e-05
-0.00011300039
-1.50317147e-05
-0.000149417331
-1.50998223e-05
-0.000181949755
-1.35585184e-05
-0.000207609535
-1.07284133e-05
-0.000224145799
-6.94266651e-06
-0.000230110393
-2.53991108e-06
-0.000224911662
2.12692718e-06
-0.000208867589
6.67967946e-06
-0.000183252299
1.07100318e-05
-0.000150310379
1.37860949e-05
-0.000113202726
1.54753668e-05
-7.58327073e-05
1.53907559e-05
-4.24899018e-05
1.32707288e-05
-1.72550653e-05
9.1038289e-06
-3.10064891e-06
3.43703375e-06
-1.57576582e-06
1.42581499e-06
-2.23579618e-06
-1.14124014e-05
-2.45035225e-05
-3.95352299e-05
-5.46350327e-05
-6.81935301e-05
-7.89219294e-05
-8.58645905e-05
-8.84045028e-05
-8.62775856e-05
-7.95979293e-05
-6.88879323e-05
-5.51018755e-05
-3.96265354e-05
-2.42357819e-05
-1.09650422e-05
-1.86123772e-06
1.57576336e-06
)
;

boundaryField
{
    walls
    {
        type            calculated;
        value           uniform 0;
    }
    mov_wall
    {
        type            calculated;
        value           uniform 0;
    }
    empty
    {
        type            empty;
        value           nonuniform 0();
    }
}


// ************************************************************************* //
