/*--------------------------------*- C++ -*----------------------------------*\
| =========                 |                                                 |
| \\      /  F ield         | OpenFOAM: The Open Source CFD Toolbox           |
|  \\    /   O peration     | Version:  5.x                                   |
|   \\  /    A nd           | Web:      www.OpenFOAM.org                      |
|    \\/     M anipulation  |                                                 |
\*---------------------------------------------------------------------------*/
FoamFile
{
    version     2.0;
    format      ascii;
    class       volVectorField;
    location    "1.4";
    object      U;
}
// * * * * * * * * * * * * * * * * * * * * * * * * * * * * * * * * * * * * * //

dimensions      [0 1 -1 0 0 0 0];

internalField   nonuniform List<vector> 
400
(
(0.291699111 0.149644628 0)
(0.388188524 0.128008119 0)
(0.557616273 0.0757313431 0)
(0.674782591 0.0433031325 0)
(0.74375849 0.0251572831 0)
(0.787061137 0.0148783287 0)
(0.815443419 0.0089291409 0)
(0.833915256 0.00530858484 0)
(0.845337817 0.00289880161 0)
(0.851319996 0.00108472395 2.66528439e-34)
(0.852611634 -0.000502387003 -2.66528439e-34)
(0.849326974 -0.00215976026 0)
(0.840949195 -0.0042157877 0)
(0.826093695 -0.00721946344 0)
(0.802004965 -0.0122349253 0)
(0.763528189 -0.0213877175 0)
(0.699482514 -0.0388373324 0)
(0.584554619 -0.0722723519 0)
(0.407900285 -0.128435969 0)
(0.300688376 -0.152947827 0)
(0.00120462638 0.287434041 0)
(0.0133203581 0.293871458 0)
(0.140038787 0.209900311 0)
(0.264956969 0.142978164 0)
(0.364151168 0.0967918125 0)
(0.44008009 0.0654303583 0)
(0.496487938 0.0439664047 0)
(0.536626689 0.0286934329 0)
(0.563201872 0.0170750503 0)
(0.578060352 0.00742156726 0)
(0.582133001 -0.00149928675 0)
(0.575441617 -0.0107931584 0)
(0.557042681 -0.021727801 0)
(0.524856125 -0.0361313464 0)
(0.475472917 -0.0569544746 0)
(0.404292549 -0.0889682625 0)
(0.305665496 -0.139142795 0)
(0.174486266 -0.215269008 0)
(0.0341027451 -0.310797647 0)
(0.0108687386 -0.305908654 0)
(-0.0321471135 0.241774587 0)
(-0.0634345884 0.333541504 0)
(-0.0219499661 0.299488361 0)
(0.0505718243 0.240030188 0)
(0.127352405 0.182994781 0)
(0.196755105 0.135427406 0)
(0.25408574 0.0974275171 0)
(0.297991654 0.0668694521 0)
(0.328557846 0.0413631735 0)
(0.346193927 0.018776901 -2.35798897e-33)
(0.351096911 -0.00280587879 2.35798897e-33)
(0.343017299 -0.0252839956 0)
(0.321177946 -0.0508128303 0)
(0.284346977 -0.0820734407 0)
(0.23125926 -0.122456129 0)
(0.161864819 -0.175634233 0)
(0.0798004385 -0.243186615 0)
(-0.00335634563 -0.31796428 0)
(-0.0578601814 -0.366352206 0)
(-0.0313904607 -0.270687272 0)
(-0.0261216277 0.182359186 0)
(-0.0666271137 0.316869557 0)
(-0.0735591976 0.330873477 0)
(-0.0481702949 0.295313348 0)
(-0.00573260272 0.244207239 0)
(0.0410303947 0.192384299 0)
(0.0844426246 0.145051867 0)
(0.120304647 0.10297234 0)
(0.14645313 0.0651322503 0)
(0.161786783 0.0298802963 2.35548804e-33)
(0.165673918 -0.00468814712 -2.35548804e-33)
(0.157665999 -0.0406502509 0)
(0.137465489 -0.0802723816 0)
(0.105180649 -0.125941224 0)
(0.0620051735 -0.179731933 0)
(0.0115457378 -0.241986058 0)
(-0.0380708025 -0.307723798 0)
(-0.0720725421 -0.359545948 0)
(-0.0711728122 -0.355563384 0)
(-0.028722604 -0.209170786 0)
(-0.0176315308 0.140760641 0)
(-0.0549270068 0.281800445 0)
(-0.0828898214 0.324438552 0)
(-0.0881237553 0.312336186 0)
(-0.0751899616 0.274373149 0)
(-0.0527207545 0.22670898 0)
(-0.0276259988 0.177240186 0)
(-0.0047115982 0.129095947 0)
(0.012879717 0.0828806638 0)
(0.0232068566 0.0379217081 -2.94548831e-34)
(0.0251602721 -0.00709184207 2.94548831e-34)
(0.0182727403 -0.0537705196 0)
(0.00275746623 -0.103755846 0)
(-0.0201988845 -0.158310359 0)
(-0.047861204 -0.217466051 0)
(-0.0751289389 -0.278281377 0)
(-0.0936715914 -0.331633036 0)
(-0.0922517511 -0.357347647 0)
(-0.0635167811 -0.318845276 0)
(-0.0207328574 -0.162064035 0)
(-0.0116564369 0.111578959 0)
(-0.0431638145 0.243724449 0)
(-0.0783129285 0.299794284 0)
(-0.100629399 0.304917958 0)
(-0.108383319 0.280329348 0)
(-0.105811353 0.240277809 0)
(-0.0976509042 0.193196178 0)
(-0.0879242554 0.14348144 0)
(-0.0796770268 0.0929856132 0)
(-0.0749741725 0.0420615078 0)
(-0.0749938791 -0.0097455594 0)
(-0.0800728852 -0.0632112582 0)
(-0.0896252381 -0.11897211 0)
(-0.101920374 -0.176915988 0)
(-0.113777531 -0.235210869 0)
(-0.120349011 -0.288759931 0)
(-0.115279438 -0.32700157 0)
(-0.092294254 -0.331497519 0)
(-0.0521962394 -0.275072871 0)
(-0.0142862165 -0.127242637 0)
(-0.00803397989 0.0899484811 0)
(-0.0343164565 0.207821677 0)
(-0.0703960815 0.267657236 0)
(-0.101006232 0.283404927 0)
(-0.121576349 0.269640249 0)
(-0.133148692 0.237696395 0)
(-0.138239736 0.19528555 0)
(-0.139567724 0.147139953 0)
(-0.139492156 0.0958429245 0)
(-0.13972949 0.0425806166 0)
(-0.141242602 -0.012244293 0)
(-0.144175964 -0.0684905757 0)
(-0.147766436 -0.125748333 0)
(-0.150233812 -0.18269098 0)
(-0.148742294 -0.236206613 0)
(-0.139620384 -0.280279826 0)
(-0.119051637 -0.30479777 0)
(-0.0848941043 -0.294872225 0)
(-0.0422117379 -0.232096841 0)
(-0.0100077285 -0.100688214 0)
(-0.00589997791 0.073131755 0)
(-0.028060733 0.175392315 0)
(-0.0624846762 0.233354269 0)
(-0.0962314295 0.254528177 0)
(-0.123838713 0.24853066 0)
(-0.144406035 0.223850294 0)
(-0.158704728 0.186960146 0)
(-0.16816236 0.142347647 0)
(-0.174270274 0.0928901734 0)
(-0.178193239 0.0403376642 0)
(-0.180555861 -0.0142017843 0)
(-0.181323439 -0.069785984 0)
(-0.179730842 -0.125136449 0)
(-0.174275899 -0.1780654 0)
(-0.16286507 -0.224815529 0)
(-0.143253289 -0.259385012 0)
(-0.113867925 -0.273082647 0)
(-0.0753305812 -0.254798511 0)
(-0.0343239014 -0.192859671 0)
(-0.00728575313 -0.0799670093 0)
(-0.00459434942 0.0594865918 0)
(-0.0235504772 0.146465504 0)
(-0.0553581836 0.199549116 0)
(-0.0893451695 0.222565724 0)
(-0.120087645 0.221674625 0)
(-0.14565442 0.202992115 0)
(-0.165623974 0.171674772 0)
(-0.180376388 0.131682564 0)
(-0.190593919 0.0858840411 0)
(-0.196877484 0.0363356044 2.97715437e-34)
(-0.199510827 -0.0153650422 -2.97715437e-34)
(-0.198333118 -0.0676909287 0)
(-0.192696917 -0.118768762 0)
(-0.181531659 -0.165935516 0)
(-0.163578965 -0.205302941 0)
(-0.137882084 -0.23143773 0)
(-0.104518036 -0.237375401 0)
(-0.0656712301 -0.215279872 0)
(-0.028176355 -0.158178277 0)
(-0.00551104419 -0.0634401021 0)
(-0.0037336762 0.0480564655 0)
(-0.0201238815 0.120756926 0)
(-0.0490215673 0.167556608 0)
(-0.0816490052 0.190144429 0)
(-0.113003043 0.192336101 0)
(-0.140697152 0.178411602 4.67991825e-33)
(-0.163576234 0.152339185 0)
(-0.181266528 0.117459042 0)
(-0.193804925 0.0764471597 -4.74068918e-33)
(-0.201317298 0.0314563305 2.26697204e-36)
(-0.203808179 -0.0156453396 4.98559273e-36)
(-0.201052159 -0.0629856971 0)
(-0.192579849 -0.108377074 0)
(-0.177776142 -0.149011369 0)
(-0.156132189 -0.181216547 0)
(-0.127684058 -0.200378207 0)
(-0.0935665283 -0.20118406 0)
(-0.05667757 -0.178354043 0)
(-0.0233146074 -0.12801652 0)
(-0.00429562594 -0.0500161914 0)
(-0.00311484033 0.0382983683 0)
(-0.0173618876 0.0979676997 0)
(-0.043314255 0.138009556 0)
(-0.0737117492 0.158835891 0)
(-0.104094605 0.162686851 0)
(-0.131956917 0.152473201 -4.67991825e-33)
(-0.155744327 0.131170262 0)
(-0.174592339 0.101508308 0)
(-0.188077168 0.0658724672 4.74068918e-33)
(-0.195972727 0.0263557596 1.49108501e-33)
(-0.19808625 -0.0150932494 -1.49833757e-33)
(-0.194178963 -0.0564734444 0)
(-0.183972778 -0.0955208339 0)
(-0.167255556 -0.129524423 0)
(-0.144105768 -0.155224649 0)
(-0.115237534 -0.16887713 0)
(-0.0823706635 -0.166580649 0)
(-0.0485876698 -0.144931867 0)
(-0.019394939 -0.1020312 0)
(-0.00342040341 -0.0389784044 0)
(-0.00263304887 0.0298956613 0)
(-0.0150177449 0.0778509748 0)
(-0.0380850408 0.111196344 0)
(-0.0657957633 0.129559161 0)
(-0.0942474121 0.13411959 0)
(-0.121001763 0.126787232 0)
(-0.144332056 0.109741192 0)
(-0.163089811 0.0851578463 0)
(-0.17655497 0.0550882295 0)
(-0.184268207 0.0214579774 2.99745223e-34)
(-0.185915727 -0.0138519371 -2.99745223e-34)
(-0.181279256 -0.048883217 0)
(-0.170254833 -0.0814734878 0)
(-0.152947527 -0.10916439 0)
(-0.129848899 -0.129193074 0)
(-0.1020818 -0.1386261 0)
(-0.0716169291 -0.134690153 0)
(-0.0414237657 -0.115305456 0)
(-0.0161793063 -0.0797909282 0)
(-0.00276313411 -0.0298361223 0)
(-0.00223328518 0.0226528984 0)
(-0.0129462164 0.0602128735 0)
(-0.0332182278 0.0872272949 0)
(-0.0580207069 0.102830778 0)
(-0.0839845442 0.10749087 0)
(-0.108839509 0.102395196 0)
(-0.130833353 0.0891000968 0)
(-0.148683679 0.0692998668 0)
(-0.161503569 0.0447017256 0)
(-0.168697643 0.0169958043 3.00139241e-34)
(-0.169890616 -0.0121099902 -3.00139241e-34)
(-0.16490172 -0.0408234625 0)
(-0.153768399 -0.067202881 0)
(-0.136821913 -0.0891277387 0)
(-0.11481369 -0.104343499 0)
(-0.0890713603 -0.11061934 0)
(-0.0616006684 -0.106044718 0)
(-0.0351088583 -0.0894443851 0)
(-0.0134967303 -0.0608669621 0)
(-0.00225204731 -0.0222365051 0)
(-0.00188362455 0.0164439965 0)
(-0.0110524824 0.0449049599 0)
(-0.0286159331 0.0661225762 0)
(-0.0504170494 0.0789219732 0)
(-0.0735888126 0.0832997555 0)
(-0.0960799235 0.0799332391 0)
(-0.116203797 0.0699015366 0)
(-0.132646853 0.0544901253 0)
(-0.144449366 0.0350724355 0)
(-0.150951792 0.0130653401 0)
(-0.151758463 -0.0100644247 0)
(-0.146730241 -0.0327705555 0)
(-0.136008282 -0.0534020862 0)
(-0.120068506 -0.070211193 0)
(-0.0998017663 -0.0814219481 0)
(-0.0765989802 -0.085384797 0)
(-0.0523731982 -0.08082693 0)
(-0.029508254 -0.0671702626 0)
(-0.0112102125 -0.0448772705 0)
(-0.00183985097 -0.015920884 0)
(-0.0015605351 0.0111911707 0)
(-0.00925895745 0.0318243288 0)
(-0.024174824 0.0478673239 0)
(-0.0429397864 0.0579643438 0)
(-0.0631606001 0.0618206881 0)
(-0.0830272071 0.0597681433 0)
(-0.100972463 0.0525292052 0)
(-0.115719138 0.0410492722 0)
(-0.126299953 0.0263893409 0)
(-0.132041359 0.0096778659 0)
(-0.132553256 -0.00789737863 0)
(-0.127734058 -0.0250805492 0)
(-0.11779204 -0.040544805 0)
(-0.103280756 -0.0529171554 0)
(-0.0851420443 -0.0608511413 0)
(-0.0647385659 -0.0631632014 0)
(-0.0438230396 -0.0590362714 0)
(-0.0244441247 -0.0482646522 0)
(-0.0091941958 -0.031514042 0)
(-0.00148936032 -0.0107067653 0)
(-0.00124081667 0.00686160771 0)
(-0.00748672042 0.0209215912 0)
(-0.0197725829 0.0324511385 0)
(-0.0354761032 0.0400249178 0)
(-0.0526529021 0.0432041585 0)
(-0.0697391811 0.0421083715 0)
(-0.0853180105 0.0372030898 0)
(-0.0981937478 0.02915535 0)
(-0.107437958 0.0187413075 0)
(-0.112398791 0.00680264726 0)
(-0.112707978 -0.00576560767 0)
(-0.108293327 -0.0180152015 0)
(-0.0993969351 -0.028950395 0)
(-0.0865959541 -0.0375556211 0)
(-0.070818974 -0.0428590481 0)
(-0.0533427574 -0.0440428476 0)
(-0.0357289773 -0.0406026282 0)
(-0.0197055035 -0.0325376557 0)
(-0.00732225444 -0.0205640179 0)
(-0.00116555777 -0.00648429251 0)
(-0.000898386425 0.00347151616 0)
(-0.00565207508 0.0122048948 0)
(-0.0152744158 0.0198858466 0)
(-0.0278667654 0.0251477567 0)
(-0.0419072145 0.0275409394 0)
(-0.0560742801 0.0270820717 0)
(-0.0691229162 0.0240597999 0)
(-0.0799763001 0.018915691 0)
(-0.087784559 0.0121717968 0)
(-0.091948053 0.00439784745 0)
(-0.0921332294 -0.00379797426 0)
(-0.088288239 -0.0117701174 0)
(-0.0806583349 -0.0188415107 0)
(-0.0697974183 -0.0243252023 0)
(-0.0565686849 -0.0275711354 0)
(-0.0421210961 -0.0280459044 0)
(-0.0278106564 -0.0254493449 0)
(-0.0150693619 -0.0198590599 0)
(-0.00546747226 -0.011915708 0)
(-0.000832445044 -0.00321811803 0)
(-0.000506646758 0.00108763271 0)
(-0.00368287583 0.00573096644 0)
(-0.0105701026 0.0102056556 0)
(-0.0199556293 0.0133800058 0)
(-0.0307055271 0.0149151756 0)
(-0.041739954 0.0148079708 0)
(-0.0520161689 0.0132282677 0)
(-0.0606226317 0.0104348179 0)
(-0.0668352019 0.0067286533 0)
(-0.0701421273 0.0024347838 0)
(-0.0702606418 -0.00210096552 0)
(-0.0671517909 -0.00651065818 0)
(-0.06103354 -0.0104064588 0)
(-0.052388457 -0.0133925336 0)
(-0.0419590414 -0.0150920523 0)
(-0.0307190554 -0.0151946579 0)
(-0.0197969432 -0.0135293369 0)
(-0.0103475742 -0.0101619511 0)
(-0.00352207879 -0.00554795638 0)
(-0.000455895092 -0.000945159061 0)
(-6.44284261e-05 -0.000175734354 0)
(-0.00159651837 0.00163418653 0)
(-0.00568605963 0.00359282448 0)
(-0.0117008348 0.0050024255 0)
(-0.0188569783 0.00570732008 0)
(-0.0263477387 0.00572424565 0)
(-0.0333995439 0.00513917326 0)
(-0.0393432735 0.00406665141 0)
(-0.0436505152 0.00263086805 0)
(-0.0459486767 0.00096082445 0)
(-0.046031369 -0.000808054599 0)
(-0.0438690158 -0.00253105534 0)
(-0.0396195134 -0.00405324632 0)
(-0.0336356513 -0.00521283019 0)
(-0.0264634821 -0.0058507597 0)
(-0.0188226203 -0.00582925374 0)
(-0.011551647 -0.00506298957 0)
(-0.00550846251 -0.00356615608 0)
(-0.00148037374 -0.00155089092 0)
(-3.11693946e-05 0.000233294683 0)
(0.000260893851 -0.000255070147 0)
(0.000150943357 0.000102025962 0)
(-0.00117343202 0.000546611253 0)
(-0.00347539147 0.000862153806 0)
(-0.00636557269 0.00102042479 0)
(-0.0094517222 0.00103628275 0)
(-0.01238001 0.000934693314 0)
(-0.0148576777 0.000741872412 0)
(-0.0166591455 0.000482447705 0)
(-0.0176264135 0.000179885728 1.0830021e-33)
(-0.0176704829 -0.000141958362 -1.0830021e-33)
(-0.0167753308 -0.000457349184 0)
(-0.0150037778 -0.000737719336 0)
(-0.0125034337 -0.000951656475 0)
(-0.00951006869 -0.00106604475 0)
(-0.00634455217 -0.00104896258 0)
(-0.0033960816 -0.000875587073 0)
(-0.00108275762 -0.000538994125 0)
(0.00020542828 -8.25784184e-05 0)
(0.000274071722 0.000266254377 0)
)
;

boundaryField
{
    walls
    {
        type            fixedValue;
        value           uniform (0 0 0);
    }
    mov_wall
    {
        type            fixedValue;
        value           uniform (1 0 0);
    }
    empty
    {
        type            empty;
    }
}


// ************************************************************************* //
