/*--------------------------------*- C++ -*----------------------------------*\
| =========                 |                                                 |
| \\      /  F ield         | OpenFOAM: The Open Source CFD Toolbox           |
|  \\    /   O peration     | Version:  5.x                                   |
|   \\  /    A nd           | Web:      www.OpenFOAM.org                      |
|    \\/     M anipulation  |                                                 |
\*---------------------------------------------------------------------------*/
FoamFile
{
    version     2.0;
    format      ascii;
    class       volScalarField;
    location    "5.7";
    object      p;
}
// * * * * * * * * * * * * * * * * * * * * * * * * * * * * * * * * * * * * * //

dimensions      [0 2 -2 0 0 0 0];

internalField   nonuniform List<scalar> 
400
(
1.7023093e-06
2.45246123
3.49432494
3.89888113
4.10664911
4.22470857
4.29429316
4.34028
4.37634054
4.41011272
4.44676166
4.49091649
4.54765608
4.62449118
4.73479946
4.90459798
5.18238159
5.68420287
6.8413174
9.41172641
1.88670694
2.86729109
3.41988528
3.7477456
3.96518262
4.10974911
4.20767611
4.278994
4.33674654
4.38961493
4.44424719
4.5065737
4.5833352
4.68329943
4.81972799
5.01368085
5.29402414
5.69847082
6.33841726
7.4283729
2.98207951
3.26253192
3.54233277
3.77068124
3.94570741
4.07571758
4.17322748
4.25000506
4.3152773
4.37623762
4.43892686
4.50902343
4.59257688
4.6967844
4.83085178
5.00663989
5.2363235
5.52394108
5.86049249
6.19823918
3.52778591
3.58534454
3.72178713
3.86537841
3.98906574
4.09083409
4.17461207
4.2457158
4.3095286
4.37102479
4.43477629
4.50520617
4.58679028
4.68425631
4.80245282
4.94569435
5.11575116
5.30514976
5.47833874
5.55964062
3.84421879
3.82688224
3.88518161
3.96938464
4.05222137
4.12779263
4.19567036
4.2574796
4.31592462
4.37409388
4.43506666
4.50185928
4.57733294
4.66400782
4.76350568
4.87551264
4.99636073
5.11480361
5.19584772
5.18371755
4.04550271
4.00366049
4.02142783
4.06785156
4.12138397
4.17574248
4.22885643
4.28053947
4.33186191
4.38449333
4.44027252
4.50096965
4.5680505
4.64232815
4.72332805
4.80836797
4.89180835
4.96267962
4.99308235
4.94680969
4.18058726
4.13383244
4.13184047
4.15537028
4.18883512
4.22706816
4.26772845
4.30987338
4.35363907
4.39973301
4.44903989
4.50233836
4.56002049
4.62172348
4.68578713
4.74862762
4.80456132
4.84466727
4.84862624
4.7936817
4.27566005
4.23084394
4.21966158
4.22967594
4.2498474
4.2763562
4.30712371
4.34098414
4.37758008
4.4170007
4.45945304
4.50499774
4.5532867
4.60325076
4.65270666
4.6980129
4.73426019
4.75484828
4.745562
4.69204375
4.34467562
4.30373239
4.28863032
4.29082898
4.30237781
4.32057318
4.34373139
4.37070306
4.40089437
4.43401704
4.46982989
4.50791924
4.54748487
4.58711041
4.62451487
4.65641484
4.67889515
4.68733464
4.6718807
4.623218
4.39526068
4.35850577
4.34215841
4.33995939
4.34599048
4.35836271
4.37576237
4.39714621
4.42182643
4.44929991
4.4790522
4.51038838
4.54227556
4.57319373
4.60100154
4.6229275
4.63599715
4.63709376
4.61932609
4.57637898
4.43196492
4.39925892
4.38305556
4.37851158
4.3810669
4.38939731
4.4024887
4.41942563
4.43950306
4.46210978
4.48658345
4.51208816
4.53750929
4.56137003
4.58177722
4.59648235
4.60329572
4.60017486
4.58220706
4.54489511
4.45777771
4.42889699
4.41358153
4.4079459
4.40838051
4.4139483
4.42386536
4.43733974
4.45368924
4.47226203
4.49233185
4.51301492
4.53320785
4.5515527
4.56643417
4.57607148
4.5788867
4.57357579
4.55655644
4.52447919
4.4748286
4.44957461
4.43556259
4.4296217
4.428854
4.43259461
4.44023656
4.45109971
4.46454415
4.47991681
4.49647826
4.51335134
4.52949228
4.54368984
4.55459313
4.56081192
4.56122827
4.55503701
4.5395744
4.5122606
4.48473154
4.46296045
4.45049431
4.44475271
4.44341781
4.44602983
4.45212349
4.46111856
4.47242411
4.48540453
4.49933189
4.51335995
4.52652081
4.53774744
4.54591936
4.54996042
4.54909475
4.54285809
4.52925648
4.50627305
4.48877518
4.47040376
4.45962187
4.45439475
4.45292863
4.45493803
4.46007975
4.46786294
4.47774296
4.48910413
4.50123381
4.51331778
4.52445701
4.53370723
4.54013587
4.54291422
4.54152433
4.53574975
4.52413566
4.50513684
4.4880626
4.47305812
4.46401045
4.45945643
4.4581325
4.45992544
4.46460651
4.47176392
4.48088821
4.49137177
4.5025038
4.51348454
4.52345932
4.53157206
4.53703167
4.53920076
4.53776364
4.53270905
4.52308476
4.50782236
4.48366978
4.47201167
4.464642
4.46076388
4.45970318
4.46153848
4.46615487
4.47320727
4.4822019
4.49251531
4.50341095
4.51407145
4.52364866
4.53133022
4.53641686
4.5384137
4.53717162
4.53287955
4.52512771
4.5134174
4.4768569
4.46838921
4.46243071
4.45901703
4.45816349
4.46017147
4.46503651
4.47245885
4.4819292
4.49277156
4.50418255
4.51528166
4.52517594
4.5330403
4.53820928
4.54027946
4.53924026
4.53549976
4.529289
4.52085748
4.46928738
4.46319589
4.45767583
4.4539695
4.45292341
4.45509066
4.46054444
4.46896988
4.4797725
4.49215034
4.50515542
4.51775974
4.52893255
4.53773574
4.54343587
4.54563226
4.54440566
4.54041744
4.53470039
4.52866737
4.46345021
4.45752451
4.45037205
4.44492855
4.4429049
4.44509689
4.4515689
4.4618743
4.47521627
4.49055254
4.50667369
4.52227735
4.53605479
4.54680085
4.55355351
4.55576682
4.55352163
4.54775076
4.54035288
4.5344635
)
;

boundaryField
{
    walls
    {
        type            zeroGradient;
    }
    mov_wall
    {
        type            zeroGradient;
    }
    empty
    {
        type            empty;
    }
}


// ************************************************************************* //
