/*--------------------------------*- C++ -*----------------------------------*\
| =========                 |                                                 |
| \\      /  F ield         | OpenFOAM: The Open Source CFD Toolbox           |
|  \\    /   O peration     | Version:  5.x                                   |
|   \\  /    A nd           | Web:      www.OpenFOAM.org                      |
|    \\/     M anipulation  |                                                 |
\*---------------------------------------------------------------------------*/
FoamFile
{
    version     2.0;
    format      ascii;
    class       surfaceScalarField;
    location    "5.7";
    object      phi;
}
// * * * * * * * * * * * * * * * * * * * * * * * * * * * * * * * * * * * * * //

dimensions      [0 3 -1 0 0 0 0];

internalField   nonuniform List<scalar> 
760
(
0.00134817653
-0.00134817735
0.00245763973
-0.00110946319
0.00313513466
-0.000677494924
0.00355971571
-0.000424581046
0.00383225131
-0.000272535598
0.00400945216
-0.000177200851
0.00412521451
-0.000115762352
0.00419921707
-7.40025695e-05
0.00424243235
-4.3215274e-05
0.00426055359
-1.81212267e-05
0.00425562236
4.93123161e-06
0.00422675778
2.88645714e-05
0.0041693894
5.7368382e-05
0.00407358504
9.58043579e-05
0.00391995094
0.000153634111
0.0036720193
0.000247931642
0.00326316023
0.000408859065
0.00257264077
0.000690519462
0.00140850173
0.00116413904
0.00140850173
-5.46953219e-05
-0.00129348202
0.000412592599
-0.00157675112
0.00103002977
-0.0012949321
0.00157871385
-0.00097326512
0.00201483268
-0.000708654427
0.00234477725
-0.000507145411
0.00258511631
-0.000356101404
0.0027512694
-0.000240155668
0.00285456778
-0.000146513659
0.00290179531
-6.53487517e-05
0.0028953666
1.13599561e-05
0.00283293036
9.13008128e-05
0.00270712574
0.000183173008
0.00250436374
0.000298566352
0.00220410988
0.00045388797
0.00178090172
0.000671139805
0.001217568
0.000972192802
0.000552812561
0.0013552749
1.3066482e-05
0.00170388512
0.00142156821
-0.000271734681
-0.00102174734
-0.00022102663
-0.00162745916
7.13677657e-05
-0.0015873265
0.000446285616
-0.00134818297
0.000812489654
-0.00107485846
0.00112929925
-0.000823954996
0.0013820783
-0.000608880448
0.00156800786
-0.000426085233
0.00168837694
-0.000266882744
0.00174468452
-0.000121656328
0.00173678975
1.92547356e-05
0.00166213441
0.000165956157
0.00151571288
0.000329594544
0.00129125423
0.000523024995
0.000985011682
0.000760130517
0.000605009644
0.00105114184
0.000189850705
0.00138735175
-0.000160045078
0.00170517069
-0.000261640627
0.00180548067
0.00115992758
-0.0002279416
-0.000793805736
-0.000361197347
-0.00149420341
-0.000308328253
-0.00164019559
-0.000134821243
-0.00152168998
8.92093488e-05
-0.00129888906
0.000314971837
-0.00104971748
0.000513262976
-0.000807171578
0.000668299998
-0.00058112225
0.000771990306
-0.000370573054
0.000820036096
-0.000169702122
0.000809727633
2.95631988e-05
0.000739201011
0.000236482788
0.00060793566
0.000460859903
0.000419110865
0.00071184979
0.000184524317
0.00099471706
-6.71911863e-05
0.00130285735
-0.000280617551
0.00160077812
-0.000369418481
0.00179397163
-0.00024699363
0.00168305583
0.000912933946
-0.000168965231
-0.000624840508
-0.000352016208
-0.00131115242
-0.000431557712
-0.00156065408
-0.000408909011
-0.00154433868
-0.000319435213
-0.00138836286
-0.000200095216
-0.00116905748
-7.98101121e-05
-0.000927456676
2.15782276e-05
-0.00068251058
9.14286762e-05
-0.000440423499
0.000122135365
-0.000200408815
0.000109757174
4.19413844e-05
5.36456969e-05
0.000292594269
-4.27490195e-05
0.00055725463
-0.000169694042
0.000838794819
-0.00030765244
0.00113267546
-0.000423468637
0.00141867354
-0.00047002488
0.00164733436
-0.000397824827
0.00172177158
-0.000196431026
0.00148166203
0.000716502919
-0.000124192146
-0.000500648367
-0.000308335657
-0.00112700891
-0.000450494126
-0.0014184956
-0.000523204044
-0.00147162876
-0.000535391086
-0.00137617582
-0.00050816085
-0.00119628772
-0.000463156918
-0.000972460607
-0.000418060964
-0.000727606524
-0.000385619031
-0.000472865422
-0.000373912085
-0.00021211576
-0.000386727947
5.47572389e-05
-0.000423459519
0.000329325838
-0.000478356387
0.000612151505
-0.00053917828
0.000899616723
-0.000585818884
0.00117931607
-0.00059051234
0.00142336699
-0.000523085137
0.00157990715
-0.000366699088
0.00156538553
-0.000150585986
0.00126554894
0.000565916937
-9.45729361e-05
-0.000406075433
-0.000264649756
-0.000956932088
-0.000430738405
-0.00125240695
-0.000556976964
-0.00134539019
-0.000636793237
-0.00129635954
-0.000678141785
-0.00115493918
-0.000693943949
-0.000956658449
-0.000696929264
-0.000724621206
-0.000697274075
-0.000472520599
-0.00070166177
-0.000207728056
-0.000712860725
6.59561908e-05
-0.000729336378
0.000345801482
-0.000744753822
0.000627568948
-0.000747580311
0.000902443222
-0.000721469904
0.00115320567
-0.000647843392
0.00134974048
-0.000512876924
0.00144494068
-0.000321206282
0.00137371489
-0.000116485705
0.00106082836
0.000449431239
-7.53437321e-05
-0.000330731697
-0.000228206821
-0.000804069005
-0.000398353675
-0.00108226009
-0.000550539541
-0.00119320432
-0.000670626467
-0.0011762726
-0.000757578356
-0.00106798729
-0.000816784828
-0.000897451985
-0.000855587466
-0.000685818575
-0.000880624318
-0.000447483739
-0.000896360337
-0.000191992022
-0.000904270094
7.38659553e-05
-0.000902360321
0.000343891702
-0.00088497222
0.000610180838
-0.000843104173
0.000860575176
-0.000765820197
0.00107592171
-0.000643664739
0.00122758504
-0.000475103941
0.00127637988
-0.000276309848
0.00117492079
-9.21328654e-05
0.000876651376
0.000357298379
-6.22883013e-05
-0.000268443386
-0.000198541322
-0.000667815991
-0.000362893661
-0.000917907758
-0.000523850739
-0.00103224724
-0.000664415239
-0.00103570809
-0.000778128928
-0.000954273587
-0.000864812182
-0.000810768733
-0.000927165488
-0.00062346528
-0.000968399702
-0.00040624953
-0.000990721228
-0.000169670486
-0.000994436375
7.75811185e-05
-0.000977525743
0.000326981074
-0.00093569501
0.000568350096
-0.000863101249
0.000787981407
-0.000754123167
0.000966943627
-0.000606626312
0.00108008819
-0.000426950409
0.00109670399
-0.00023603829
0.000984008669
-7.43490233e-05
0.000714962105
0.000282949356
-5.27689673e-05
-0.000215674409
-0.000173812788
-0.000546772169
-0.000327557407
-0.000764163145
-0.000486865991
-0.00087293866
-0.0006343802
-0.000888193878
-0.000760757864
-0.000827895908
-0.000862116665
-0.000709409922
-0.000937654766
-0.000547927184
-0.000987783241
-0.000356121068
-0.00101282398
-0.00014462975
-0.00101222277
7.69799277e-05
-0.000984240703
0.00029899902
-0.000926163068
0.000510272463
-0.000835158822
0.00069697715
-0.000709976099
0.000841760897
-0.000553597336
0.000923709433
-0.000376676982
0.000919783647
-0.000200960048
0.000808291743
-6.0862625e-05
0.000574864683
0.000222086726
-4.52979316e-05
-0.000170376473
-0.000152453972
-0.000439616117
-0.000293299613
-0.000623317505
-0.000444763109
-0.000721475172
-0.000590345855
-0.000742611139
-0.000719473367
-0.000698768387
-0.000826046351
-0.000602836921
-0.000906878212
-0.000467095315
-0.000960347583
-0.000302651705
-0.000985403164
-0.000119574183
-0.000980963171
7.25399362e-05
-0.000945732119
0.000263767983
-0.000878480033
0.000443020392
-0.000778855062
0.000597352179
-0.000648784059
0.000711689883
-0.000494403556
0.000769328925
-0.000328204158
0.000753584254
-0.000170678368
0.000650765962
-5.02806538e-05
0.000454466977
0.000171806069
-3.90621892e-05
-0.00013131429
-0.000133403799
-0.000345274492
-0.000260349965
-0.000496371329
-0.000400388968
-0.000581436172
-0.000538431201
-0.000604568918
-0.000663692793
-0.0005735068
-0.000768938056
-0.000497591648
-0.000849523081
-0.000386510272
-0.000902500935
-0.000249673846
-0.000925934103
-9.61410262e-05
-0.000918488888
6.50947088e-05
-0.000879356205
0.000224635303
-0.000808535338
0.000372199542
-0.000707505271
0.000496322125
-0.000580261694
0.000584446306
-0.000434588343
0.000623655565
-0.000283248297
0.000602244204
-0.000144573366
0.000512091035
-4.17551841e-05
0.000351648803
0.000130050887
-3.36094153e-05
-9.77048852e-05
-0.000115973505
-0.000262910394
-0.000228685884
-0.000383658936
-0.000355331138
-0.000454790908
-0.000482448489
-0.000477451572
-0.000599656653
-0.000456298648
-0.00069932474
-0.000397923563
-0.000776050484
-0.000309784514
-0.000826127626
-0.000199596685
-0.000847124135
-7.51445143e-05
-0.000837646094
5.5616655e-05
-0.000797332213
0.000184321412
-0.000727102535
0.000301969868
-0.000629656433
0.000398876038
-0.000510163472
0.000464953357
-0.000377005143
0.000490497235
-0.000242314869
0.000467553924
-0.000121978237
0.000391754401
-3.47332179e-05
0.000264403787
9.5317674e-05
-2.86574924e-05
-6.90473992e-05
-9.96602298e-05
-0.000191907659
-0.000198117007
-0.00028520215
-0.000310357557
-0.000342550343
-0.000424616059
-0.000363193062
-0.000531265889
-0.000349648826
-0.000622765457
-0.000306424007
-0.000693446637
-0.000239103335
-0.000739258813
-0.000153784494
-0.000757558031
-5.68452797e-05
-0.000747003449
4.50620741e-05
-0.000707597942
0.000144915894
-0.000640884405
0.000235256322
-0.000550277068
0.000308268705
-0.000441462348
0.000356138649
-0.000322745857
0.000371780754
-0.000205166586
0.000349974653
-0.000102185445
0.000288773255
-2.88024213e-05
0.000191020762
6.65152571e-05
-2.39812036e-05
-4.50661909e-05
-8.39974371e-05
-0.000131891437
-0.000168257099
-0.000200942491
-0.000265595489
-0.000245211944
-0.000365935587
-0.000262852949
-0.00046059449
-0.000254989916
-0.000542423532
-0.000224594974
-0.000605821321
-0.000175705558
-0.000646681732
-0.000112924082
-0.00066233938
-4.11876164e-05
-0.000651561327
3.42840347e-05
-0.000614612942
0.00010796751
-0.00055340064
0.000174044011
-0.0004716639
0.000226531958
-0.000375154006
0.00025962876
-0.000271701952
0.000268328711
-0.000171058857
0.000249331565
-8.44170704e-05
0.000202131469
-2.35998686e-05
0.000130203557
4.29153892e-05
-1.93492178e-05
-2.57169601e-05
-6.84700325e-05
-8.27706285e-05
-0.000138506755
-0.000130905778
-0.000220638078
-0.000163080623
-0.00030642841
-0.000177062606
-0.000388228749
-0.000173189562
-0.000459474169
-0.00015334955
-0.000514859807
-0.000120319928
-0.000550429794
-7.73541047e-05
-0.000563627564
-2.79898434e-05
-0.000553348423
2.40049072e-05
-0.000520016428
7.46355268e-05
-0.000465682615
0.000119710198
-0.000394114917
0.000154964254
-0.000310822989
0.000176336827
-0.000222941265
0.00018044699
-0.000138894621
0.000165284929
-6.78135174e-05
0.000131050371
-1.87621135e-05
8.1152155e-05
2.41532742e-05
-1.45055273e-05
-1.12114214e-05
-5.25211056e-05
-4.47550451e-05
-0.000108122811
-7.53040774e-05
-0.000174687796
-9.6515647e-05
-0.000245343241
-0.000106407161
-0.000313520814
-0.000105011978
-0.000373387895
-9.34824558e-05
-0.000420129422
-7.35783983e-05
-0.000450116075
-4.73674597e-05
-0.000461009086
-1.70968399e-05
-0.000451841634
1.48374586e-05
-0.000423096903
4.58908076e-05
-0.000376775967
7.33892715e-05
-0.000316426453
9.46147406e-05
-0.000247079554
0.000106989923
-0.000175030356
0.00010839779
-0.000107403062
9.76576379e-05
-5.14858455e-05
7.5133161e-05
-1.39146206e-05
4.35809348e-05
1.0238653e-05
-9.20280335e-06
-2.00861615e-06
-3.56847373e-05
-1.82730984e-05
-7.64355246e-05
-3.45532847e-05
-0.000126811023
-4.61401534e-05
-0.00018140807
-5.18101218e-05
-0.000234817147
-5.16029007e-05
-0.000282132224
-4.6167369e-05
-0.000319263535
-3.64470758e-05
-0.00034311651
-2.35144824e-05
-0.000351700047
-8.51330927e-06
-0.00034420702
7.34442666e-06
-0.00032108443
2.2768221e-05
-0.000284086157
3.63910074e-05
-0.000236279533
4.68081241e-05
-0.000181958576
5.26689674e-05
-0.00012640375
5.28429619e-05
-7.54285433e-05
4.66824305e-05
-3.46816282e-05
3.43862485e-05
-8.71390741e-06
1.76132185e-05
1.52474677e-06
-3.43752988e-06
1.42890611e-06
-1.80438761e-05
-3.66673964e-06
-4.34060346e-05
-9.19111464e-06
-7.64336651e-05
-1.31125182e-05
-0.000113187157
-1.50566343e-05
-0.000149665117
-1.51249472e-05
-0.000182251546
-1.35809382e-05
-0.000207952844
-1.07457685e-05
-0.00022451409
-6.95322661e-06
-0.000230484758
-2.54263953e-06
-0.000225272647
2.1323104e-06
-0.000209197084
6.6926545e-06
-0.000183535358
1.07292843e-05
-0.000150536809
1.38095832e-05
-0.000113368293
1.55004569e-05
-7.59397603e-05
1.54144312e-05
-4.25472236e-05
1.3289893e-05
-1.72767383e-05
9.11576336e-06
-3.10385781e-06
3.44034031e-06
-1.57910902e-06
1.42889895e-06
-2.23784592e-06
-1.14289579e-05
-2.4541468e-05
-3.95980963e-05
-5.4723045e-05
-6.83039892e-05
-7.90497605e-05
-8.60029829e-05
-8.8545615e-05
-8.64133005e-05
-7.97206475e-05
-6.8991367e-05
-5.51817851e-05
-3.96813258e-05
-2.42668908e-05
-1.09769953e-05
-1.86123132e-06
1.57910901e-06
)
;

boundaryField
{
    walls
    {
        type            calculated;
        value           uniform 0;
    }
    mov_wall
    {
        type            calculated;
        value           uniform 0;
    }
    empty
    {
        type            empty;
        value           nonuniform 0();
    }
}


// ************************************************************************* //
