/*--------------------------------*- C++ -*----------------------------------*\
| =========                 |                                                 |
| \\      /  F ield         | OpenFOAM: The Open Source CFD Toolbox           |
|  \\    /   O peration     | Version:  5.x                                   |
|   \\  /    A nd           | Web:      www.OpenFOAM.org                      |
|    \\/     M anipulation  |                                                 |
\*---------------------------------------------------------------------------*/
FoamFile
{
    version     2.0;
    format      ascii;
    class       volVectorField;
    location    "5.7";
    object      U;
}
// * * * * * * * * * * * * * * * * * * * * * * * * * * * * * * * * * * * * * //

dimensions      [0 1 -1 0 0 0 0];

internalField   nonuniform List<vector> 
400
(
(0.29169839 0.149643854 0)
(0.388187116 0.128007713 0)
(0.557616045 0.0757318341 0)
(0.67478569 0.0433044419 0)
(0.743766588 0.0251591068 0)
(0.787075018 0.0148802983 0)
(0.815462955 0.00893092194 0)
(0.833939558 0.00530992803 0)
(0.84536546 0.00289956132 0)
(0.851349263 0.00108485297 2.66526868e-34)
(0.852640748 -0.000502852707 -2.66526868e-34)
(0.849354291 -0.00216072024 0)
(0.84097337 -0.0042171059 0)
(0.826113772 -0.00722098622 0)
(0.802020425 -0.0122365012 0)
(0.763538945 -0.02138921 0)
(0.699488891 -0.038838615 0)
(0.584557335 -0.0722732746 0)
(0.407900534 -0.128436308 0)
(0.300688067 -0.152947536 0)
(0.00120416141 0.287432452 0)
(0.0133209235 0.293872154 0)
(0.140044416 0.20990487 0)
(0.264971568 0.142986172 0)
(0.364177726 0.0968019902 0)
(0.440120054 0.0654411253 0)
(0.496541031 0.0439762536 0)
(0.536691061 0.0287011571 0)
(0.56327446 0.0170798542 0)
(0.578137338 0.00742308674 0)
(0.582210284 -0.00150101191 0)
(0.57551525 -0.0107977545 0)
(0.557109246 -0.0217346526 0)
(0.524912992 -0.0361396924 0)
(0.475518406 -0.0569634975 0)
(0.404326003 -0.088977152 0)
(0.305687293 -0.139150756 0)
(0.174497789 -0.215275202 0)
(0.0341065836 -0.310801156 0)
(0.010869156 -0.305909063 0)
(-0.0321467717 0.241773943 0)
(-0.0634303845 0.333547182 0)
(-0.0219362235 0.299502507 0)
(0.0505996081 0.240051677 0)
(0.127397367 0.183020815 0)
(0.196818598 0.135454529 0)
(0.254167093 0.0974523464 0)
(0.298088293 0.066889173 0)
(0.328665669 0.0413758249 0)
(0.34630782 0.0187814609 -2.35797073e-33)
(0.351211309 -0.00280949136 2.35797073e-33)
(0.343126745 -0.025295046 0)
(0.321277577 -0.050829947 0)
(0.284432897 -0.0820948309 0)
(0.231328816 -0.122479775 0)
(0.16191676 -0.17565804 0)
(0.0798350187 -0.243208457 0)
(-0.00333734331 -0.317981961 0)
(-0.0578531346 -0.366363502 0)
(-0.0313893207 -0.270690675 0)
(-0.026120419 0.182361583 0)
(-0.0666192878 0.316884149 0)
(-0.073537796 0.330901755 0)
(-0.0481307342 0.295352922 0)
(-0.00567218879 0.244253515 0)
(0.041112464 0.192431748 0)
(0.0845450977 0.145095045 0)
(0.120424322 0.103006633 0)
(0.146585237 0.0651543653 0)
(0.161925472 0.0298884076 2.35546611e-33)
(0.165812812 -0.00469432183 -2.35546611e-33)
(0.157798797 -0.0406696182 0)
(0.137586495 -0.0803027376 0)
(0.105285208 -0.12597958 0)
(0.0620900239 -0.179774808 0)
(0.0116092666 -0.242029717 0)
(-0.0380283802 -0.307764354 0)
(-0.0720490954 -0.359579369 0)
(-0.0711639184 -0.355585637 0)
(-0.0287210566 -0.20917858 0)
(-0.0176296847 0.140767919 0)
(-0.0549165506 0.281827214 0)
(-0.0828630039 0.324484373 0)
(-0.0880762356 0.312396811 0)
(-0.0751197014 0.274441991 0)
(-0.0526276372 0.226778436 0)
(-0.0275118588 0.177302824 0)
(-0.00458010135 0.12914543 0)
(0.0130234808 0.0829123646 0)
(0.0233567883 0.0379330336 -2.94545592e-34)
(0.0253097399 -0.00710139405 2.94545592e-34)
(0.0184152016 -0.0537995215 0)
(0.00288698016 -0.10380126 0)
(-0.0200872052 -0.158367936 0)
(-0.0477707968 -0.217530722 0)
(-0.0750614605 -0.278347554 0)
(-0.0936267098 -0.331694802 0)
(-0.0922270566 -0.357398869 0)
(-0.0635074676 -0.31887989 0)
(-0.0207312596 -0.162076724 0)
(-0.0116542802 0.111592254 0)
(-0.0431522024 0.243765274 0)
(-0.0782840017 0.299859413 0)
(-0.100579269 0.30500084 0)
(-0.108310599 0.280421275 0)
(-0.105716515 0.24036919 0)
(-0.0975361814 0.193277774 0)
(-0.0877934557 0.143545376 0)
(-0.0795351988 0.093026079 0)
(-0.0748272248 0.042075235 0)
(-0.0748481396 -0.00975925616 0)
(-0.0799345841 -0.063250618 0)
(-0.0895000266 -0.119033273 0)
(-0.101812879 -0.176993442 0)
(-0.113690952 -0.235297919 0)
(-0.120284783 -0.288849072 0)
(-0.115237025 -0.327084782 0)
(-0.0922711144 -0.331566551 0)
(-0.0521876275 -0.27511969 0)
(-0.0142847854 -0.127260098 0)
(-0.00803185623 0.0899680216 0)
(-0.0343052838 0.207876702 0)
(-0.0703686624 0.267741364 0)
(-0.100959322 0.283509155 0)
(-0.121509116 0.269753789 0)
(-0.133061971 0.237807854 0)
(-0.138135844 0.19538413 0)
(-0.139450249 0.147216496 0)
(-0.139365671 0.0958906866 0)
(-0.139599237 0.0425957623 0)
(-0.141114119 -0.0122625648 0)
(-0.144054669 -0.0685401645 0)
(-0.147657213 -0.125824594 0)
(-0.150140604 -0.182787204 0)
(-0.148667744 -0.236314554 0)
(-0.13956553 -0.280390166 0)
(-0.119015755 -0.304900545 0)
(-0.0848747412 -0.294957285 0)
(-0.0422046458 -0.232154476 0)
(-0.0100065906 -0.100709815 0)
(-0.00589819013 0.0731569068 0)
(-0.0280514401 0.175459932 0)
(-0.0624620784 0.233454975 0)
(-0.0961931135 0.254650698 0)
(-0.123784294 0.248662382 0)
(-0.144336453 0.223978328 0)
(-0.158622044 0.187072463 0)
(-0.168069552 0.14243411 0)
(-0.174171015 0.0929433429 0)
(-0.178091656 0.0403533049 0)
(-0.180456265 -0.0142245209 0)
(-0.181230011 -0.0698446751 0)
(-0.179647307 -0.125225753 0)
(-0.1742052 -0.178177561 0)
(-0.162809072 -0.224940952 0)
(-0.143212559 -0.259512834 0)
(-0.113841639 -0.273201302 0)
(-0.0753166187 -0.254896362 0)
(-0.0343188979 -0.192925777 0)
(-0.00728498515 -0.0799917716 0)
(-0.00459312281 0.0595160171 0)
(-0.0235441695 0.146542621 0)
(-0.055342992 0.19966216 0)
(-0.0893196745 0.222701639 0)
(-0.120051821 0.221819421 0)
(-0.145609095 0.203131836 0)
(-0.165570655 0.171796555 0)
(-0.180317104 0.131775633 0)
(-0.190531078 0.0859405126 0)
(-0.196813738 0.0363510111 2.97711553e-34)
(-0.199448904 -0.0153915417 -2.97711553e-34)
(-0.198275635 -0.0677566401 0)
(-0.192646157 -0.118867796 0)
(-0.181489354 -0.166059307 0)
(-0.16354609 -0.20544087 0)
(-0.137858731 -0.231577791 0)
(-0.104503397 -0.237504906 0)
(-0.0656637271 -0.215386224 0)
(-0.0281737983 -0.158249843 0)
(-0.00551069032 -0.063466821 0)
(-0.00373314354 0.0480883417 0)
(-0.0201212342 0.1208394 0)
(-0.0490153888 0.167676445 0)
(-0.08163898 0.190287503 0)
(-0.11298945 0.192487654 0)
(-0.140680563 0.178557136 4.67988138e-33)
(-0.163557395 0.152465454 0)
(-0.181246284 0.117555 0)
(-0.193784177 0.0765047449 -4.74063884e-33)
(-0.201296974 0.0314709968 2.26596592e-36)
(-0.203789199 -0.0156743935 4.98649195e-36)
(-0.201035369 -0.0630555932 0)
(-0.192565932 -0.108481581 0)
(-0.177765515 -0.149141426 0)
(-0.156124909 -0.181360926 0)
(-0.127679784 -0.200524261 0)
(-0.0935645714 -0.201318536 0)
(-0.0566770451 -0.178463971 0)
(-0.0233146664 -0.12809014 0)
(-0.00429570493 -0.050043534 0)
(-0.00311504114 0.0383306339 0)
(-0.0173631167 0.0980508534 0)
(-0.0433176197 0.138129969 0)
(-0.0737180756 0.158979202 0)
(-0.104104453 0.162838226 0)
(-0.131970535 0.152618182 -4.67988138e-33)
(-0.155761616 0.131295706 0)
(-0.174612862 0.101603279 0)
(-0.188100219 0.0659289953 4.74063884e-33)
(-0.195997421 0.0263693634 1.49106874e-33)
(-0.198111615 -0.0151233177 -1.4983212e-33)
(-0.194204013 -0.056544243 0)
(-0.18399656 -0.0956260368 0)
(-0.167277173 -0.129654841 0)
(-0.144124395 -0.155368914 0)
(-0.115252466 -0.169022497 0)
(-0.0823814096 -0.16671389 0)
(-0.0485941044 -0.145040225 0)
(-0.0193975961 -0.102103347 0)
(-0.00342090934 -0.0390050002 0)
(-0.0026339361 0.0299262644 0)
(-0.0150226242 0.0779301305 0)
(-0.0380974213 0.111311113 0)
(-0.0658175674 0.129695796 0)
(-0.0942794746 0.13426388 0)
(-0.121044029 0.126925345 0)
(-0.144383611 0.109860571 0)
(-0.163148985 0.0852480481 0)
(-0.176619507 0.0551416401 0)
(-0.184335475 0.0214703171 2.99742705e-34)
(-0.185982939 -0.0138813633 -2.99742705e-34)
(-0.181343677 -0.0489515404 0)
(-0.170313965 -0.0815745557 0)
(-0.152999252 -0.109289269 0)
(-0.129891605 -0.129330736 0)
(-0.102114502 -0.138764246 0)
(-0.0716393822 -0.13481614 0)
(-0.0414365961 -0.115407289 0)
(-0.0161843495 -0.0798582217 0)
(-0.00276403313 -0.029860658 0)
(-0.00223473636 0.0226800236 0)
(-0.0129541268 0.0602838586 0)
(-0.0332381484 0.0873308389 0)
(-0.0580555278 0.102954504 0)
(-0.0840353803 0.107621824 0)
(-0.108906085 0.102520711 0)
(-0.130914082 0.0892086513 0)
(-0.148775834 0.0693818675 0)
(-0.16160355 0.0447501657 0)
(-0.168801289 0.0170067353 3.00137293e-34)
(-0.169993546 -0.0121372126 -3.00137293e-34)
(-0.164999674 -0.0408861799 0)
(-0.153857537 -0.0672953767 0)
(-0.136899081 -0.0892417065 0)
(-0.114876636 -0.104468702 0)
(-0.089118908 -0.110744418 0)
(-0.0616328448 -0.106158117 0)
(-0.0351269761 -0.0895353369 0)
(-0.0135037432 -0.0609264422 0)
(-0.0022532725 -0.0222578267 0)
(-0.001885456 0.0164662557 0)
(-0.0110624846 0.0449645392 0)
(-0.0286411431 0.0662105071 0)
(-0.0504611285 0.0790278213 0)
(-0.0736531629 0.0834123341 0)
(-0.096164179 0.0800414917 0)
(-0.116305918 0.0699953605 0)
(-0.132763342 0.0545610889 0)
(-0.144575603 0.0351143636 0)
(-0.151082435 0.0130747358 0)
(-0.151887892 -0.0100881524 0)
(-0.146853004 -0.0328250771 0)
(-0.136119505 -0.0534823542 0)
(-0.120164256 -0.0703098557 0)
(-0.09987934 -0.0815299501 0)
(-0.0766571207 -0.0854921373 0)
(-0.0524122111 -0.0809235387 0)
(-0.0295300343 -0.0672469509 0)
(-0.0112185735 -0.0449266642 0)
(-0.00184129766 -0.0159381053 0)
(-0.00156251761 0.01120775 0)
(-0.00926988032 0.0318705366 0)
(-0.0242025209 0.0479368755 0)
(-0.0429884459 0.0580490725 0)
(-0.0632319146 0.061911503 0)
(-0.0831208692 0.0598559211 0)
(-0.101086248 0.0526055567 0)
(-0.115849132 0.0411071745 0)
(-0.126440929 0.0264236343 0)
(-0.132187241 0.00968560849 0)
(-0.132697633 -0.00791671349 0)
(-0.127870717 -0.0251250482 0)
(-0.117915458 -0.0406102722 0)
(-0.103386534 -0.0529974522 0)
(-0.0852272537 -0.0609386998 0)
(-0.0648019888 -0.0632496901 0)
(-0.0438652631 -0.0591133854 0)
(-0.0244675011 -0.0483249897 0)
(-0.0092030933 -0.0315520066 0)
(-0.00149088395 -0.0107193784 0)
(-0.00124269141 0.00687236884 0)
(-0.00749726371 0.0209539394 0)
(-0.0197996774 0.0325014307 0)
(-0.0355241966 0.0400873003 0)
(-0.052723965 0.0432717639 0)
(-0.0698331054 0.0421741853 0)
(-0.0854326576 0.037260621 0)
(-0.0983251703 0.0291991503 0)
(-0.107580786 0.0187673609 0)
(-0.112546723 0.00680864508 0)
(-0.112854336 -0.00578010997 0)
(-0.10843163 -0.018048756 0)
(-0.0995214487 -0.0289997715 0)
(-0.0867021671 -0.037616063 0)
(-0.0709039781 -0.0429246735 0)
(-0.0534054941 -0.0441071877 0)
(-0.0357703089 -0.0406592883 0)
(-0.0197281044 -0.0325810792 0)
(-0.00733072844 -0.020590331 0)
(-0.00116697603 -0.00649226809 0)
(-0.000899882475 0.00347704342 0)
(-0.00566093135 0.0122244294 0)
(-0.0152978471 0.0199179418 0)
(-0.0279091949 0.0251886546 0)
(-0.0419708378 0.0275859304 0)
(-0.0561592822 0.0271262712 0)
(-0.0692274817 0.0240986747 0)
(-0.0800968174 0.018945434 0)
(-0.0879159919 0.0121895943 0)
(-0.0920844201 0.00440206606 0)
(-0.0922681517 -0.00380767673 0)
(-0.0884155141 -0.0117927648 0)
(-0.0807724914 -0.0188748751 0)
(-0.0698942044 -0.0243659722 0)
(-0.0566454538 -0.0276151915 0)
(-0.0421770508 -0.0280887042 0)
(-0.0278468996 -0.0254864178 0)
(-0.0150887333 -0.0198866107 0)
(-0.00547449455 -0.0119313562 0)
(-0.0008335473 -0.00322197433 0)
(-0.00050750803 0.00108920742 0)
(-0.00368889213 0.00574014034 0)
(-0.0105872251 0.0102223818 0)
(-0.0199879393 0.0134022153 0)
(-0.0307552962 0.0149400964 0)
(-0.0418076571 0.0148327193 0)
(-0.052100476 0.0132501846 0)
(-0.0607205937 0.0104516804 0)
(-0.0669425829 0.00673881737 0)
(-0.0702538289 0.00243728411 0)
(-0.0703711879 -0.00210635116 0)
(-0.067255841 -0.00652338711 0)
(-0.0611263918 -0.0104252533 0)
(-0.0524664973 -0.0134154695 0)
(-0.042020107 -0.0151167112 0)
(-0.0307626618 -0.0152183504 0)
(-0.0198243287 -0.0135494048 0)
(-0.0103615215 -0.0101761657 0)
(-0.00352670157 -0.00555507419 0)
(-0.000456470362 -0.000945965802 0)
(-6.4491343e-05 -0.000176241738 0)
(-0.0015989891 0.00163661702 0)
(-0.00569518809 0.00359860204 0)
(-0.0117199311 0.00501067978 0)
(-0.0188880496 0.00571684723 0)
(-0.026391389 0.00573382917 0)
(-0.0334549887 0.00514772173 0)
(-0.0394085021 0.00407326819 0)
(-0.0437225487 0.00263489233 0)
(-0.0460238843 0.000961862617 0)
(-0.0461058236 -0.000810104145 0)
(-0.0439388716 -0.00253598937 0)
(-0.0396813838 -0.0040605625 0)
(-0.0336869565 -0.00522175561 0)
(-0.0265027365 -0.0058603048 0)
(-0.0188496253 -0.00583829584 0)
(-0.0115675426 -0.00507039393 0)
(-0.00551559593 -0.00357095346 0)
(-0.0014820348 -0.00155258673 0)
(-3.10932475e-05 0.000233977788 0)
(0.000261395377 -0.00025557812 0)
(0.000151439605 0.000102073038 0)
(-0.00117495341 0.000547415411 0)
(-0.00348063162 0.000863516362 0)
(-0.0063755826 0.00102207837 0)
(-0.00946687262 0.00103797724 0)
(-0.0124000365 0.000936218197 0)
(-0.014881778 0.000743061655 0)
(-0.0166861009 0.000483180465 0)
(-0.0176547255 0.000180088419 1.08300171e-33)
(-0.01769852 -0.000142308052 -1.08300171e-33)
(-0.0168014859 -0.000458218556 0)
(-0.0150266294 -0.000739019418 0)
(-0.0125219011 -0.000953244731 0)
(-0.00952354912 -0.00106773208 0)
(-0.00635302358 -0.00105052555 0)
(-0.00340014924 -0.000876787749 0)
(-0.00108361502 -0.00053961596 0)
(0.000206110928 -8.25144164e-05 0)
(0.000274563712 0.000266745558 0)
)
;

boundaryField
{
    walls
    {
        type            fixedValue;
        value           uniform (0 0 0);
    }
    mov_wall
    {
        type            fixedValue;
        value           uniform (1 0 0);
    }
    empty
    {
        type            empty;
    }
}


// ************************************************************************* //
