/*--------------------------------*- C++ -*----------------------------------*\
| =========                 |                                                 |
| \\      /  F ield         | OpenFOAM: The Open Source CFD Toolbox           |
|  \\    /   O peration     | Version:  5.x                                   |
|   \\  /    A nd           | Web:      www.OpenFOAM.org                      |
|    \\/     M anipulation  |                                                 |
\*---------------------------------------------------------------------------*/
FoamFile
{
    version     2.0;
    format      ascii;
    class       volScalarField;
    location    "5.8";
    object      p;
}
// * * * * * * * * * * * * * * * * * * * * * * * * * * * * * * * * * * * * * //

dimensions      [0 2 -2 0 0 0 0];

internalField   nonuniform List<scalar> 
400
(
1.62912323e-06
2.45246113
3.49432483
3.89888102
4.10664899
4.22470844
4.29429305
4.3402799
4.37634043
4.4101126
4.44676153
4.49091637
4.54765598
4.62449108
4.73479934
4.90459785
5.18238146
5.68420277
6.84131731
9.41172633
1.88670683
2.86729098
3.41988518
3.74774549
3.96518251
4.10974899
4.20767599
4.27899389
4.33674644
4.38961482
4.44424707
4.50657357
4.58333509
4.68329934
4.81972788
5.01368073
5.294024
5.6984707
6.33841715
7.42837281
2.9820794
3.2625318
3.54233266
3.77068114
3.94570731
4.07571746
4.17322735
4.25000494
4.3152772
4.37623752
4.43892675
4.5090233
4.59257675
4.69678429
4.83085168
5.00663979
5.23632338
5.52394094
5.86049237
6.19823908
3.5277858
3.58534442
3.72178702
3.86537831
3.98906564
4.09083398
4.17461194
4.24571566
4.30952849
4.3710247
4.43477619
4.50520604
4.58679015
4.68425619
4.80245272
4.94569425
5.11575105
5.30514963
5.47833861
5.55964051
3.84421868
3.82688211
3.88518148
3.96938453
4.05222127
4.12779253
4.19567024
4.25747946
4.3159245
4.37409378
4.43506657
4.50185917
4.5773328
4.66400769
4.76350557
4.87551254
4.99636063
5.1148035
5.19584759
5.18371742
4.04550261
4.00366037
4.0214277
4.06785143
4.12138387
4.17574239
4.22885633
4.28053934
4.33186177
4.38449321
4.44027242
4.50096955
4.56805039
4.64232801
4.72332792
4.80836787
4.89180825
4.96267951
4.99308223
4.94680956
4.18058716
4.13383234
4.13184035
4.15537014
4.188835
4.22706806
4.26772836
4.30987327
4.35363894
4.39973287
4.44903977
4.50233827
4.56002039
4.62172336
4.68578698
4.7486275
4.80456122
4.84466718
4.84862613
4.79368158
4.27565994
4.23084384
4.21966147
4.22967582
4.24984726
4.27635608
4.30712361
4.34098405
4.37757996
4.41700056
4.45945291
4.50499763
4.55328662
4.60325066
4.65270653
4.69801276
4.73426007
4.75484818
4.74556191
4.69204364
4.34467549
4.30373229
4.28863023
4.29082887
4.30237767
4.32057304
4.34373128
4.37070298
4.40089428
4.43401692
4.46982974
4.50791911
4.54748478
4.58711032
4.62451476
4.6564147
4.67889501
4.68733451
4.6718806
4.6232179
4.39526055
4.35850565
4.34215831
4.3399593
4.34599037
4.35836257
4.37576223
4.3971461
4.42182635
4.44929982
4.47905207
4.51038823
4.54227543
4.57319364
4.60100146
4.6229274
4.63599702
4.63709362
4.61932597
4.57637887
4.43196479
4.39925878
4.38305544
4.37851149
4.38106681
4.38939719
4.40248855
4.41942549
4.43950296
4.46210971
4.48658335
4.51208802
4.53750914
4.56136991
4.58177713
4.59648226
4.60329562
4.60017473
4.58220693
4.54489499
4.4577776
4.42889685
4.41358139
4.40794579
4.40838043
4.41394821
4.42386523
4.43733959
4.45368911
4.47226194
4.49233178
4.51301482
4.53320771
4.55155255
4.56643405
4.57607138
4.57888661
4.57357568
4.55655631
4.52447906
4.47482851
4.44957449
4.43556244
4.42962156
4.4288539
4.43259453
4.44023646
4.45109958
4.464544
4.47991668
4.49647817
4.51335126
4.52949217
4.5436897
4.55459299
4.5608118
4.56122817
4.55503692
4.53957429
4.51226048
4.48473145
4.46296035
4.45049419
4.44475256
4.44341767
4.44602973
4.45212341
4.46111847
4.47242397
4.48540438
4.49933177
4.51335986
4.52652073
4.53774733
4.54591923
4.54996029
4.54909463
4.54285799
4.52925638
4.50627294
4.48877507
4.47040367
4.45962177
4.45439462
4.45292848
4.4549379
4.46007966
4.46786286
4.47774286
4.48910399
4.50123366
4.51331766
4.52445692
4.53370714
4.54013576
4.54291409
4.5415242
4.53574963
4.52413555
4.50513673
4.48806247
4.47305801
4.46401037
4.45945633
4.45813236
4.45992529
4.46460638
4.47176382
4.48088812
4.49137167
4.50250367
4.5134844
4.5234592
4.53157197
4.53703157
4.53920065
4.53776352
4.53270892
4.52308465
4.50782225
4.48366964
4.47201155
4.4646419
4.46076379
4.45970308
4.46153835
4.46615473
4.47320715
4.48220181
4.49251522
4.50341083
4.51407132
4.52364853
4.5313301
4.53641676
4.5384136
4.53717151
4.53287943
4.52512759
4.51341729
4.47685678
4.46838907
4.46243059
4.45901693
4.4581634
4.46017136
4.46503637
4.47245871
4.48192908
4.49277147
4.50418245
4.51528155
4.52517581
4.53304017
4.53820917
4.54027936
4.53924015
4.53549965
4.52928888
4.52085737
4.46928728
4.46319577
4.4576757
4.45396937
4.45292331
4.45509056
4.46054433
4.46896975
4.47977237
4.49215023
4.50515532
4.51775964
4.52893244
4.53773562
4.54343574
4.54563214
4.54440555
4.54041733
4.53470028
4.52866725
4.46345012
4.4575244
4.45037193
4.44492842
4.44290478
4.44509679
4.4515688
4.46187419
4.47521614
4.49055242
4.50667357
4.52227724
4.53605468
4.54680074
4.55355339
4.55576669
4.55352152
4.54775065
4.54035277
4.53446339
)
;

boundaryField
{
    walls
    {
        type            zeroGradient;
    }
    mov_wall
    {
        type            zeroGradient;
    }
    empty
    {
        type            empty;
    }
}


// ************************************************************************* //
