/*--------------------------------*- C++ -*----------------------------------*\
| =========                 |                                                 |
| \\      /  F ield         | OpenFOAM: The Open Source CFD Toolbox           |
|  \\    /   O peration     | Version:  5.x                                   |
|   \\  /    A nd           | Web:      www.OpenFOAM.org                      |
|    \\/     M anipulation  |                                                 |
\*---------------------------------------------------------------------------*/
FoamFile
{
    version     2.0;
    format      ascii;
    class       surfaceScalarField;
    location    "5.8";
    object      phi;
}
// * * * * * * * * * * * * * * * * * * * * * * * * * * * * * * * * * * * * * //

dimensions      [0 3 -1 0 0 0 0];

internalField   nonuniform List<scalar> 
760
(
0.00134817655
-0.00134817733
0.00245763974
-0.00110946319
0.00313513466
-0.000677494922
0.00355971571
-0.000424581047
0.00383225131
-0.000272535598
0.00400945216
-0.000177200849
0.0041252145
-0.00011576235
0.00419921708
-7.40025686e-05
0.00424243236
-4.32152756e-05
0.00426055359
-1.81212287e-05
0.00425562236
4.93123169e-06
0.00422675778
2.88645738e-05
0.0041693894
5.73683837e-05
0.00407358504
9.5804357e-05
0.00391995094
0.000153634109
0.0036720193
0.000247931642
0.00326316023
0.000408859067
0.00257264076
0.000690519464
0.00140850173
0.00116413904
0.00140850173
-5.46953137e-05
-0.00129348201
0.000412592607
-0.00157675111
0.00103002978
-0.0012949321
0.00157871386
-0.000973265119
0.00201483269
-0.000708654426
0.00234477725
-0.00050714541
0.00258511631
-0.000356101401
0.0027512694
-0.000240155666
0.00285456779
-0.000146513659
0.00290179532
-6.53487537e-05
0.0028953666
1.1359955e-05
0.00283293036
9.13008141e-05
0.00270712573
0.00018317301
0.00250436374
0.000298566353
0.00220410988
0.000453887969
0.00178090172
0.000671139803
0.00121756799
0.000972192802
0.000552812558
0.0013552749
1.30664792e-05
0.00170388512
0.00142156821
-0.000271734677
-0.00102174733
-0.000221026626
-0.00162745915
7.13677706e-05
-0.00158732649
0.000446285623
-0.00134818297
0.000812489662
-0.00107485846
0.00112929925
-0.000823954996
0.0013820783
-0.000608880446
0.00156800786
-0.00042608523
0.00168837695
-0.000266882742
0.00174468452
-0.000121656328
0.00173678975
1.92547334e-05
0.00166213441
0.000165956157
0.00151571287
0.000329594546
0.00129125423
0.000523024997
0.000985011685
0.000760130517
0.000605009649
0.00105114184
0.000189850706
0.00138735175
-0.00016004508
0.00170517069
-0.00026164063
0.00180548067
0.00115992758
-0.000227941598
-0.000793805736
-0.000361197345
-0.0014942034
-0.000308328252
-0.00164019558
-0.000134821239
-0.00152168998
8.92093566e-05
-0.00129888905
0.000314971845
-0.00104971748
0.000513262978
-0.000807171578
0.000668299995
-0.000581122247
0.000771990305
-0.00037057305
0.0008200361
-0.00016970212
0.00080972764
2.95631969e-05
0.000739201014
0.000236482785
0.000607935657
0.000460859903
0.000419110862
0.000711849793
0.000184524318
0.000994717063
-6.71911813e-05
0.00130285735
-0.000280617547
0.00160077811
-0.000369418482
0.00179397162
-0.000246993632
0.00168305583
0.00091293395
-0.000168965228
-0.000624840509
-0.000352016206
-0.00131115242
-0.000431557712
-0.00156065407
-0.000408909012
-0.00154433868
-0.000319435208
-0.00138836285
-0.000200095208
-0.00116905748
-7.98101062e-05
-0.000927456677
2.15782271e-05
-0.000682510579
9.14286728e-05
-0.000440423495
0.000122135365
-0.00020040881
0.000109757181
4.19413846e-05
5.36457032e-05
0.000292594266
-4.27490194e-05
0.000557254627
-0.000169694046
0.000838794821
-0.000307652443
0.00113267546
-0.000423468635
0.00141867354
-0.000470024875
0.00164733436
-0.000397824826
0.00172177158
-0.000196431027
0.00148166203
0.00071650292
-0.000124192143
-0.000500648367
-0.000308335653
-0.00112700891
-0.000450494125
-0.0014184956
-0.000523204046
-0.00147162875
-0.000535391087
-0.00137617581
-0.000508160844
-0.00119628772
-0.00046315691
-0.000972460609
-0.00041806096
-0.000727606526
-0.000385619034
-0.00047286542
-0.000373912089
-0.000212115754
-0.000386727945
5.47572427e-05
-0.000423459512
0.000329325837
-0.000478356382
0.000612151501
-0.000539178282
0.000899616722
-0.000585818889
0.00117931607
-0.000590512342
0.001423367
-0.000523085134
0.00157990715
-0.000366699084
0.00156538553
-0.000150585984
0.00126554893
0.000565916935
-9.45729344e-05
-0.000406075431
-0.000264649751
-0.000956932088
-0.000430738402
-0.00125240695
-0.000556976965
-0.00134539019
-0.000636793241
-0.00129635954
-0.000678141785
-0.00115493917
-0.000693943942
-0.000956658448
-0.000696929256
-0.000724621209
-0.000697274074
-0.0004725206
-0.000701661774
-0.000207728053
-0.000712860728
6.59561969e-05
-0.000729336374
0.000345801485
-0.000744753814
0.000627568945
-0.000747580308
0.000902443218
-0.000721469907
0.00115320567
-0.000647843397
0.00134974049
-0.000512876925
0.00144494068
-0.000321206279
0.00137371489
-0.000116485702
0.00106082836
0.000449431235
-7.53437333e-05
-0.000330731693
-0.000228206818
-0.000804069004
-0.000398353669
-0.0010822601
-0.000550539539
-0.00119320432
-0.00067062647
-0.0011762726
-0.00075757836
-0.00106798728
-0.000816784827
-0.00089745198
-0.000855587457
-0.000685818576
-0.000880624311
-0.000447483744
-0.000896360338
-0.000191992023
-0.0009042701
7.38659601e-05
-0.000902360322
0.000343891709
-0.000884972214
0.00061018084
-0.000843104166
0.000860575173
-0.000765820196
0.0010759217
-0.000643664743
0.00122758503
-0.000475103945
0.00127637989
-0.000276309848
0.00117492079
-9.21328628e-05
0.000876651377
0.000357298377
-6.22883049e-05
-0.000268443382
-0.000198541322
-0.000667815987
-0.000362893657
-0.000917907758
-0.000523850732
-0.00103224724
-0.000664415238
-0.00103570809
-0.000778128934
-0.000954273583
-0.000864812186
-0.000810768726
-0.000927165485
-0.000623465276
-0.000968399693
-0.000406249532
-0.000990721223
-0.00016967049
-0.000994436379
7.75811183e-05
-0.000977525749
0.00032698108
-0.00093569501
0.000568350102
-0.000863101243
0.000787981408
-0.000754123161
0.000966943623
-0.000606626311
0.00108008819
-0.000426950413
0.00109670399
-0.000236038293
0.000984008673
-7.43490236e-05
0.000714962108
0.000282949357
-5.27689709e-05
-0.000215674407
-0.000173812792
-0.000546772165
-0.000327557406
-0.000764163141
-0.000486865984
-0.000872938661
-0.000634380194
-0.000888193882
-0.000760757865
-0.00082789591
-0.000862116672
-0.000709409917
-0.000937654769
-0.000547927177
-0.000987783235
-0.000356121065
-0.00101282397
-0.000144629755
-0.00101222277
7.69799226e-05
-0.000984240708
0.000298999021
-0.000926163074
0.00051027247
-0.000835158821
0.000696977156
-0.000709976093
0.000841760898
-0.000553597331
0.000923709429
-0.000376676982
0.000919783643
-0.000200960051
0.000808291742
-6.08626279e-05
0.000574864686
0.00022208673
-4.52979323e-05
-0.000170376476
-0.000152453977
-0.000439616115
-0.000293299617
-0.000623317498
-0.000444763107
-0.000721475168
-0.000590345847
-0.000742611141
-0.000719473361
-0.000698768393
-0.000826046354
-0.000602836922
-0.000906878219
-0.000467095309
-0.000960347585
-0.000302651698
-0.000985403157
-0.000119574181
-0.000980963163
7.25399312e-05
-0.000945732118
0.000263767978
-0.000878480039
0.000443020393
-0.000778855067
0.000597352186
-0.000648784058
0.000711689889
-0.000494403551
0.000769328925
-0.000328204155
0.00075358425
-0.000170678368
0.000650765959
-5.02806565e-05
0.000454466976
0.000171806071
-3.90621861e-05
-0.000131314295
-0.000133403801
-0.000345274494
-0.000260349972
-0.000496371324
-0.000400388973
-0.000581436164
-0.000538431197
-0.000604568914
-0.000663692785
-0.000573506803
-0.000768938052
-0.000497591653
-0.000849523086
-0.000386510272
-0.000902500943
-0.000249673839
-0.000925934104
-9.61410193e-05
-0.000918488881
6.50947094e-05
-0.000879356198
0.000224635298
-0.000808535338
0.000372199537
-0.000707505277
0.000496322126
-0.000580261698
0.000584446312
-0.000434588342
0.00062365557
-0.000283248293
0.000602244204
-0.000144573364
0.000512091033
-4.17551842e-05
0.000351648801
0.000130050886
-3.36094107e-05
-9.77048887e-05
-0.000115973502
-0.000262910398
-0.000228685887
-0.000383658937
-0.000355331145
-0.000454790904
-0.000482448492
-0.000477451565
-0.000599656648
-0.000456298646
-0.000699324732
-0.000397923567
-0.000776050482
-0.000309784519
-0.000826127632
-0.000199596685
-0.000847124142
-7.51445075e-05
-0.000837646093
5.56166614e-05
-0.000797332206
0.000184321412
-0.000727102529
0.000301969862
-0.000629656434
0.000398876034
-0.000510163477
0.000464953358
-0.000377005147
0.00049049724
-0.000242314868
0.000467553928
-0.000121978234
0.000391754402
-3.47332156e-05
0.000264403785
9.53176714e-05
-2.86574899e-05
-6.90473976e-05
-9.96602247e-05
-0.000191907662
-0.000198117005
-0.000285202156
-0.000310357562
-0.000342550345
-0.000424616066
-0.000363193057
-0.000531265891
-0.000349648819
-0.000622765451
-0.000306424006
-0.000693446629
-0.00023910334
-0.000739258812
-0.000153784499
-0.000757558037
-5.68452786e-05
-0.000747003454
4.50620807e-05
-0.000707597941
0.0001449159
-0.000640884399
0.000235256322
-0.000550277063
0.000308268701
-0.000441462349
0.000356138646
-0.000322745861
0.000371780754
-0.000205166588
0.000349974657
-0.000102185444
0.000288773259
-2.8802419e-05
0.000191020762
6.65152555e-05
-2.39812051e-05
-4.50661854e-05
-8.39974339e-05
-0.000131891435
-0.000168257094
-0.000200942496
-0.000265595488
-0.000245211949
-0.000365935592
-0.00026285295
-0.000460594497
-0.000254989911
-0.000542423533
-0.000224594968
-0.000605821315
-0.000175705557
-0.000646681726
-0.000112924087
-0.000662339381
-4.11876208e-05
-0.000651561333
3.42840362e-05
-0.000614612947
0.000107967516
-0.000553400639
0.000174044016
-0.000471663894
0.000226531958
-0.000375154002
0.000259628756
-0.000271701953
0.000268328708
-0.00017105886
0.000249331566
-8.44170719e-05
0.000202131472
-2.35998683e-05
0.000130203559
4.29153897e-05
-1.93492219e-05
-2.57169553e-05
-6.84700337e-05
-8.27706243e-05
-0.00013850675
-0.000130905778
-0.000220638072
-0.000163080627
-0.000306428409
-0.000177062611
-0.000388228755
-0.000173189561
-0.000459474175
-0.000153349545
-0.000514859807
-0.000120319923
-0.000550429788
-7.73541051e-05
-0.000563627559
-2.79898482e-05
-0.000553348424
2.40049036e-05
-0.000520016433
7.46355284e-05
-0.000465682618
0.000119710203
-0.000394114916
0.000154964257
-0.000310822985
0.000176336827
-0.000222941263
0.000180446988
-0.000138894622
0.000165284927
-6.78135193e-05
0.000131050371
-1.87621149e-05
8.11521564e-05
2.41532758e-05
-1.45055305e-05
-1.12114211e-05
-5.25211099e-05
-4.47550419e-05
-0.000108122811
-7.53040735e-05
-0.00017468779
-9.65156466e-05
-0.000245343236
-0.000106407165
-0.000313520814
-0.000105011981
-0.0003733879
-9.34824551e-05
-0.000420129426
-7.35783939e-05
-0.000450116073
-4.73674561e-05
-0.00046100908
-1.70968406e-05
-0.00045184163
1.48374548e-05
-0.000423096905
4.5890805e-05
-0.000376775972
7.33892727e-05
-0.000316426456
9.46147442e-05
-0.000247079552
0.000106989925
-0.000175030353
0.00010839779
-0.00010740306
9.76576361e-05
-5.14858461e-05
7.51331595e-05
-1.3914622e-05
4.35809347e-05
1.02386539e-05
-9.20280352e-06
-2.00861987e-06
-3.56847412e-05
-1.82730985e-05
-7.64355281e-05
-3.45532813e-05
-0.000126811022
-4.61401498e-05
-0.000181408065
-5.18101214e-05
-0.000234817144
-5.16029035e-05
-0.000282132225
-4.61673717e-05
-0.00031926354
-3.64470752e-05
-0.000343116513
-2.3514479e-05
-0.000351700045
-8.51330659e-06
-0.000344207016
7.34442613e-06
-0.000321084428
2.27682182e-05
-0.000284086159
3.63910054e-05
-0.000236279536
4.68081247e-05
-0.000181958577
5.26689697e-05
-0.000126403749
5.28429637e-05
-7.54285414e-05
4.66824307e-05
-3.46816274e-05
3.43862477e-05
-8.71390773e-06
1.76132178e-05
1.52474663e-06
-3.4375274e-06
1.4289027e-06
-1.80438769e-05
-3.66674238e-06
-4.34060381e-05
-9.19111479e-06
-7.6433668e-05
-1.31125159e-05
-0.000113187157
-1.50566318e-05
-0.000149665113
-1.51249472e-05
-0.000182251544
-1.35809405e-05
-0.000207952845
-1.07457704e-05
-0.000224514093
-6.953226e-06
-0.00023048476
-2.54263701e-06
-0.000225272646
2.13231221e-06
-0.000209197081
6.69265393e-06
-0.000183535356
1.07292822e-05
-0.00015053681
1.38095817e-05
-0.000113368294
1.55004572e-05
-7.59397611e-05
1.54144327e-05
-4.25472231e-05
1.32898941e-05
-1.72767375e-05
9.11576352e-06
-3.10385726e-06
3.44033984e-06
-1.57910947e-06
1.4289018e-06
-2.23784344e-06
-1.14289591e-05
-2.45414719e-05
-3.95980986e-05
-5.47230433e-05
-6.83039854e-05
-7.90497587e-05
-8.60029848e-05
-8.85456184e-05
-8.64133019e-05
-7.9720646e-05
-6.89913645e-05
-5.51817839e-05
-3.96813265e-05
-2.42668922e-05
-1.0976996e-05
-1.86123109e-06
1.57910951e-06
)
;

boundaryField
{
    walls
    {
        type            calculated;
        value           uniform 0;
    }
    mov_wall
    {
        type            calculated;
        value           uniform 0;
    }
    empty
    {
        type            empty;
        value           nonuniform 0();
    }
}


// ************************************************************************* //
