/*--------------------------------*- C++ -*----------------------------------*\
| =========                 |                                                 |
| \\      /  F ield         | OpenFOAM: The Open Source CFD Toolbox           |
|  \\    /   O peration     | Version:  5.x                                   |
|   \\  /    A nd           | Web:      www.OpenFOAM.org                      |
|    \\/     M anipulation  |                                                 |
\*---------------------------------------------------------------------------*/
FoamFile
{
    version     2.0;
    format      ascii;
    class       volVectorField;
    location    "5.8";
    object      U;
}
// * * * * * * * * * * * * * * * * * * * * * * * * * * * * * * * * * * * * * //

dimensions      [0 1 -1 0 0 0 0];

internalField   nonuniform List<vector> 
400
(
(0.291698392 0.149643852 0)
(0.388187119 0.128007711 0)
(0.557616047 0.0757318338 0)
(0.674785691 0.043304442 0)
(0.743766589 0.0251591068 0)
(0.787075018 0.0148802981 0)
(0.815462955 0.00893092166 0)
(0.833939558 0.00530992796 0)
(0.845365461 0.00289956152 0)
(0.851349263 0.00108485318 2.66526861e-34)
(0.852640748 -0.000502852762 -2.66526861e-34)
(0.849354291 -0.00216072051 0)
(0.84097337 -0.00421710607 0)
(0.826113773 -0.00722098609 0)
(0.802020426 -0.012236501 0)
(0.763538946 -0.02138921 0)
(0.699488891 -0.0388386153 0)
(0.584557335 -0.0722732749 0)
(0.407900534 -0.128436308 0)
(0.300688067 -0.152947536 0)
(0.00120416248 0.287432449 0)
(0.0133209255 0.293872152 0)
(0.140044418 0.209904869 0)
(0.26497157 0.142986172 0)
(0.364177727 0.0968019902 0)
(0.440120054 0.065441125 0)
(0.496541031 0.0439762532 0)
(0.536691061 0.0287011569 0)
(0.563274461 0.0170798544 0)
(0.578137339 0.00742308708 0)
(0.582210284 -0.00150101181 0)
(0.57551525 -0.0107977548 0)
(0.557109246 -0.0217346529 0)
(0.524912993 -0.0361396924 0)
(0.475518407 -0.0569634972 0)
(0.404326003 -0.0889771518 0)
(0.305687293 -0.139150756 0)
(0.174497789 -0.215275203 0)
(0.0341065831 -0.310801156 0)
(0.0108691557 -0.305909063 0)
(-0.0321467714 0.241773942 0)
(-0.0634303837 0.33354718 0)
(-0.0219362226 0.299502506 0)
(0.0505996094 0.240051677 0)
(0.127397369 0.183020815 0)
(0.196818599 0.135454529 0)
(0.254167093 0.0974523459 0)
(0.298088292 0.0668891725 0)
(0.328665669 0.0413758247 0)
(0.346307821 0.0187814612 -2.35797067e-33)
(0.35121131 -0.00280949105 2.35797067e-33)
(0.343126746 -0.0252950461 0)
(0.321277576 -0.0508299474 0)
(0.284432897 -0.0820948311 0)
(0.231328816 -0.122479775 0)
(0.161916761 -0.17565804 0)
(0.0798350192 -0.243208457 0)
(-0.00333734342 -0.317981961 0)
(-0.0578531351 -0.366363502 0)
(-0.031389321 -0.270690675 0)
(-0.0261204187 0.182361583 0)
(-0.0666192873 0.316884148 0)
(-0.0735377956 0.330901753 0)
(-0.0481307337 0.295352921 0)
(-0.00567218755 0.244253515 0)
(0.0411124655 0.192431748 0)
(0.0845450987 0.145095045 0)
(0.120424322 0.103006632 0)
(0.146585237 0.0651543647 0)
(0.161925472 0.0298884075 2.35546606e-33)
(0.165812813 -0.0046943214 -2.35546606e-33)
(0.157798798 -0.0406696179 0)
(0.137586494 -0.0803027378 0)
(0.105285207 -0.12597958 0)
(0.0620900237 -0.179774808 0)
(0.0116092672 -0.242029716 0)
(-0.0380283794 -0.307764354 0)
(-0.0720490951 -0.359579369 0)
(-0.0711639187 -0.355585637 0)
(-0.0287210569 -0.209178581 0)
(-0.0176296843 0.14076792 0)
(-0.0549165501 0.281827213 0)
(-0.0828630038 0.324484371 0)
(-0.0880762357 0.31239681 0)
(-0.075119701 0.27444199 0)
(-0.0526276359 0.226778436 0)
(-0.0275118574 0.177302824 0)
(-0.00458010086 0.129145429 0)
(0.0130234804 0.0829123638 0)
(0.0233567881 0.0379330331 -2.94545585e-34)
(0.0253097407 -0.00710139386 2.94545585e-34)
(0.0184152029 -0.0537995209 0)
(0.00288698075 -0.10380126 0)
(-0.0200872057 -0.158367937 0)
(-0.0477707975 -0.217530723 0)
(-0.0750614605 -0.278347554 0)
(-0.0936267091 -0.331694802 0)
(-0.092227056 -0.357398868 0)
(-0.0635074675 -0.31887989 0)
(-0.0207312598 -0.162076724 0)
(-0.0116542798 0.111592254 0)
(-0.0431522018 0.243765274 0)
(-0.0782840013 0.299859412 0)
(-0.100579269 0.305000839 0)
(-0.108310599 0.280421274 0)
(-0.105716515 0.24036919 0)
(-0.09753618 0.193277775 0)
(-0.0877934544 0.143545376 0)
(-0.0795351987 0.0930260783 0)
(-0.0748272255 0.042075234 0)
(-0.0748481397 -0.00975925654 0)
(-0.079934583 -0.0632506176 0)
(-0.0895000254 -0.119033273 0)
(-0.101812879 -0.176993442 0)
(-0.113690953 -0.23529792 0)
(-0.120284784 -0.288849072 0)
(-0.115237025 -0.327084782 0)
(-0.0922711137 -0.331566551 0)
(-0.052187627 -0.27511969 0)
(-0.0142847853 -0.127260098 0)
(-0.00803185598 0.0899680215 0)
(-0.0343052831 0.207876703 0)
(-0.0703686616 0.267741364 0)
(-0.100959322 0.283509154 0)
(-0.121509116 0.269753788 0)
(-0.133061971 0.237807853 0)
(-0.138135843 0.19538413 0)
(-0.139450247 0.147216497 0)
(-0.139365671 0.0958906865 0)
(-0.139599238 0.0425957614 0)
(-0.14111412 -0.0122625658 0)
(-0.144054669 -0.0685401646 0)
(-0.147657211 -0.125824593 0)
(-0.150140603 -0.182787204 0)
(-0.148667744 -0.236314555 0)
(-0.139565531 -0.280390167 0)
(-0.119015756 -0.304900546 0)
(-0.0848747409 -0.294957285 0)
(-0.0422046453 -0.232154476 0)
(-0.0100065903 -0.100709815 0)
(-0.00589819021 0.0731569062 0)
(-0.0280514398 0.175459932 0)
(-0.0624620775 0.233454975 0)
(-0.0961931127 0.254650698 0)
(-0.123784294 0.248662381 0)
(-0.144336453 0.223978327 0)
(-0.158622044 0.187072463 0)
(-0.168069551 0.142434111 0)
(-0.174171013 0.0929433435 0)
(-0.178091655 0.0403533046 0)
(-0.180456266 -0.014224522 0)
(-0.181230012 -0.069844676 0)
(-0.179647306 -0.125225753 0)
(-0.174205198 -0.17817756 0)
(-0.162809071 -0.224940952 0)
(-0.143212559 -0.259512835 0)
(-0.11384164 -0.273201303 0)
(-0.075316619 -0.254896363 0)
(-0.0343188976 -0.192925777 0)
(-0.00728498485 -0.0799917709 0)
(-0.00459312321 0.0595160162 0)
(-0.0235441698 0.14654262 0)
(-0.0553429916 0.19966216 0)
(-0.0893196733 0.22270164 0)
(-0.12005182 0.221819421 0)
(-0.145609096 0.203131835 0)
(-0.165570656 0.171796553 0)
(-0.180317104 0.131775633 0)
(-0.190531077 0.0859405134 0)
(-0.196813736 0.0363510117 2.97711543e-34)
(-0.199448903 -0.0153915422 -2.97711543e-34)
(-0.198275636 -0.0677566414 0)
(-0.192646158 -0.118867796 0)
(-0.181489353 -0.166059306 0)
(-0.163546089 -0.205440869 0)
(-0.13785873 -0.23157779 0)
(-0.104503397 -0.237504906 0)
(-0.0656637277 -0.215386225 0)
(-0.0281737986 -0.158249843 0)
(-0.00551069031 -0.0634668209 0)
(-0.003733144 0.0480883411 0)
(-0.020121235 0.120839399 0)
(-0.0490153891 0.167676445 0)
(-0.0816389792 0.190287503 0)
(-0.112989449 0.192487654 0)
(-0.140680562 0.178557135 4.67988124e-33)
(-0.163557395 0.152465452 0)
(-0.181246285 0.117554999 0)
(-0.193784177 0.076504745 -4.74063874e-33)
(-0.201296973 0.0314709977 2.26595846e-36)
(-0.203789197 -0.015674393 4.98649117e-36)
(-0.20103537 -0.0630555939 0)
(-0.192565933 -0.108481582 0)
(-0.177765516 -0.149141427 0)
(-0.156124908 -0.181360926 0)
(-0.127679783 -0.20052426 0)
(-0.0935645709 -0.201318535 0)
(-0.0566770454 -0.178463971 0)
(-0.023314667 -0.128090141 0)
(-0.00429570522 -0.0500435346 0)
(-0.00311504131 0.0383306341 0)
(-0.0173631173 0.0980508527 0)
(-0.0433176205 0.138129968 0)
(-0.0737180758 0.158979202 0)
(-0.104104452 0.162838227 0)
(-0.131970534 0.152618183 -4.67988124e-33)
(-0.155761616 0.131295705 0)
(-0.174612863 0.101603278 0)
(-0.18810022 0.0659289944 4.74063874e-33)
(-0.195997421 0.0263693638 1.49106871e-33)
(-0.198111614 -0.0151233167 -1.49832116e-33)
(-0.194204012 -0.0565442426 0)
(-0.183996561 -0.0956260376 0)
(-0.167277174 -0.129654843 0)
(-0.144124395 -0.155368915 0)
(-0.115252465 -0.169022497 0)
(-0.0823814087 -0.166713889 0)
(-0.0485941041 -0.145040224 0)
(-0.0193975963 -0.102103347 0)
(-0.00342090965 -0.0390050009 0)
(-0.00263393582 0.0299262653 0)
(-0.0150226242 0.0779301305 0)
(-0.0380974221 0.111311112 0)
(-0.0658175684 0.129695795 0)
(-0.0942794746 0.13426388 0)
(-0.121044028 0.126925346 0)
(-0.14438361 0.109860572 0)
(-0.163148985 0.0852480474 0)
(-0.176619509 0.0551416386 0)
(-0.184335476 0.0214703163 2.99742699e-34)
(-0.185982939 -0.0138813628 -2.99742699e-34)
(-0.181343676 -0.0489515394 0)
(-0.170313964 -0.0815745554 0)
(-0.152999253 -0.10928927 0)
(-0.129891606 -0.129330737 0)
(-0.102114502 -0.138764246 0)
(-0.0716393817 -0.134816139 0)
(-0.0414365954 -0.115407288 0)
(-0.0161843492 -0.0798582215 0)
(-0.00276403316 -0.0298606582 0)
(-0.00223473582 0.0226800246 0)
(-0.0129541262 0.0602838593 0)
(-0.0332381484 0.0873308385 0)
(-0.0580555289 0.102954502 0)
(-0.0840353814 0.107621823 0)
(-0.108906085 0.102520711 0)
(-0.130914081 0.0892086523 0)
(-0.148775833 0.069381868 0)
(-0.16160355 0.0447501649 0)
(-0.16880129 0.0170067339 3.00137285e-34)
(-0.169993547 -0.0121372133 -3.00137285e-34)
(-0.164999673 -0.0408861793 0)
(-0.153857536 -0.0672953757 0)
(-0.136899081 -0.0892417062 0)
(-0.114876637 -0.104468702 0)
(-0.0891189088 -0.110744419 0)
(-0.061632845 -0.106158117 0)
(-0.0351269757 -0.0895353367 0)
(-0.0135037427 -0.0609264418 0)
(-0.00225327226 -0.0222578263 0)
(-0.00188545563 0.016466256 0)
(-0.0110624838 0.0449645399 0)
(-0.0286411424 0.0662105078 0)
(-0.0504611288 0.0790278209 0)
(-0.0736531641 0.0834123328 0)
(-0.09616418 0.0800414909 0)
(-0.116305918 0.0699953609 0)
(-0.132763341 0.05456109 0)
(-0.144575602 0.035114364 0)
(-0.151082436 0.0130747349 0)
(-0.151887893 -0.0100881538 0)
(-0.146853004 -0.0328250776 0)
(-0.136119505 -0.0534823536 0)
(-0.120164255 -0.0703098548 0)
(-0.0998793397 -0.0815299499 0)
(-0.0766571212 -0.0854921379 0)
(-0.0524122117 -0.0809235396 0)
(-0.0295300345 -0.0672469513 0)
(-0.0112185732 -0.0449266641 0)
(-0.0018412974 -0.0159381048 0)
(-0.0015625177 0.0112077493 0)
(-0.00926987999 0.0318705367 0)
(-0.02420252 0.0479368766 0)
(-0.0429884452 0.0580490732 0)
(-0.063231915 0.0619115025 0)
(-0.0831208705 0.0598559198 0)
(-0.101086248 0.052605556 0)
(-0.115849131 0.041107175 0)
(-0.126440928 0.0264236353 0)
(-0.13218724 0.00968560879 0)
(-0.132697634 -0.00791671435 0)
(-0.127870718 -0.0251250494 0)
(-0.117915458 -0.0406102726 0)
(-0.103386533 -0.0529974516 0)
(-0.0852272528 -0.060938699 0)
(-0.0648019886 -0.0632496899 0)
(-0.0438652635 -0.0591133858 0)
(-0.0244675015 -0.0483249903 0)
(-0.00920309342 -0.0315520068 0)
(-0.0014908839 -0.0107193782 0)
(-0.00124269186 0.00687236775 0)
(-0.00749726407 0.0209539388 0)
(-0.0197996771 0.0325014312 0)
(-0.0355241955 0.0400873014 0)
(-0.0527239643 0.0432717645 0)
(-0.0698331059 0.0421741847 0)
(-0.0854326588 0.0372606198 0)
(-0.0983251709 0.0291991497 0)
(-0.107580785 0.0187673615 0)
(-0.112546722 0.00680864604 0)
(-0.112854336 -0.00578010978 0)
(-0.108431631 -0.0180487567 0)
(-0.0995214496 -0.0289997725 0)
(-0.0867021673 -0.0376160633 0)
(-0.0709039775 -0.0429246731 0)
(-0.0534054934 -0.0441071871 0)
(-0.0357703087 -0.0406592881 0)
(-0.0197281046 -0.0325810795 0)
(-0.00733072875 -0.0205903314 0)
(-0.00116697617 -0.00649226832 0)
(-0.000899882904 0.00347704287 0)
(-0.00566093209 0.0122244287 0)
(-0.0152978475 0.0199179414 0)
(-0.0279091943 0.025188655 0)
(-0.0419708367 0.0275859312 0)
(-0.0561592817 0.0271262715 0)
(-0.0692274823 0.024098674 0)
(-0.0800968184 0.018945433 0)
(-0.0879159922 0.012189594 0)
(-0.0920844194 0.00440206666 0)
(-0.0922681508 -0.00380767596 0)
(-0.0884155139 -0.0117927647 0)
(-0.080772492 -0.0188748758 0)
(-0.0698942051 -0.0243659729 0)
(-0.0566454539 -0.0276151917 0)
(-0.0421770503 -0.0280887039 0)
(-0.0278468991 -0.0254864173 0)
(-0.0150887332 -0.0198866105 0)
(-0.00547449472 -0.0119313564 0)
(-0.000833547459 -0.0032219746 0)
(-0.000507508158 0.00108920774 0)
(-0.00368889269 0.00574014003 0)
(-0.0105872258 0.0102223811 0)
(-0.0199879395 0.0134022149 0)
(-0.0307552956 0.0149400968 0)
(-0.0418076562 0.01483272 0)
(-0.0521004758 0.0132501848 0)
(-0.0607205944 0.0104516799 0)
(-0.0669425837 0.00673881666 0)
(-0.070253829 0.00243728392 0)
(-0.0703711873 -0.0021063507 0)
(-0.0672558403 -0.00652338655 0)
(-0.0611263917 -0.0104252533 0)
(-0.0524664978 -0.0134154699 0)
(-0.0420201074 -0.0151167117 0)
(-0.0307626618 -0.0152183505 0)
(-0.0198243284 -0.0135494047 0)
(-0.0103615212 -0.0101761654 0)
(-0.00352670152 -0.00555507412 0)
(-0.000456470403 -0.000945965884 0)
(-6.44911826e-05 -0.000176240998 0)
(-0.00159898915 0.00163661714 0)
(-0.00569518852 0.00359860159 0)
(-0.0117199317 0.00501067918 0)
(-0.0188880498 0.00571684702 0)
(-0.0263913886 0.00573382952 0)
(-0.0334549881 0.00514772222 0)
(-0.039408502 0.00407326825 0)
(-0.0437225492 0.00263489187 0)
(-0.0460238848 0.000961862121 0)
(-0.0461058237 -0.000810104197 0)
(-0.0439388712 -0.00253598898 0)
(-0.0396813833 -0.00406056211 0)
(-0.0336869565 -0.00522175557 0)
(-0.0265027368 -0.0058603051 0)
(-0.0188496256 -0.00583829617 0)
(-0.0115675426 -0.00507039403 0)
(-0.00551559578 -0.00357095337 0)
(-0.00148203467 -0.00155258661 0)
(-3.10931918e-05 0.000233977848 0)
(0.000261395763 -0.000255577663 0)
(0.000151440131 0.000102073263 0)
(-0.00117495332 0.00054741534 0)
(-0.00348063217 0.000863516037 0)
(-0.00637558326 0.00102207809 0)
(-0.00946687268 0.00103797729 0)
(-0.012400036 0.000936218515 0)
(-0.0148817774 0.000743061881 0)
(-0.0166861009 0.000483180349 0)
(-0.017654726 0.00018008809 1.08300168e-33)
(-0.0176985205 -0.00014230825 -1.08300168e-33)
(-0.0168014859 -0.000458218444 0)
(-0.015026629 -0.000739019142 0)
(-0.0125219007 -0.000953244569 0)
(-0.00952354909 -0.00106773215 0)
(-0.0063530238 -0.00105052574 0)
(-0.00340014945 -0.000876787879 0)
(-0.00108361506 -0.000539615958 0)
(0.000206110999 -8.25143456e-05 0)
(0.00027456377 0.000266745615 0)
)
;

boundaryField
{
    walls
    {
        type            fixedValue;
        value           uniform (0 0 0);
    }
    mov_wall
    {
        type            fixedValue;
        value           uniform (1 0 0);
    }
    empty
    {
        type            empty;
    }
}


// ************************************************************************* //
