/*--------------------------------*- C++ -*----------------------------------*\
| =========                 |                                                 |
| \\      /  F ield         | OpenFOAM: The Open Source CFD Toolbox           |
|  \\    /   O peration     | Version:  5.x                                   |
|   \\  /    A nd           | Web:      www.OpenFOAM.org                      |
|    \\/     M anipulation  |                                                 |
\*---------------------------------------------------------------------------*/
FoamFile
{
    version     2.0;
    format      ascii;
    class       volScalarField;
    location    "0.3";
    object      p;
}
// * * * * * * * * * * * * * * * * * * * * * * * * * * * * * * * * * * * * * //

dimensions      [0 2 -2 0 0 0 0];

internalField   nonuniform List<scalar> 
400
(
7.37089612e-08
2.44858199
3.48531658
3.88577178
4.09211616
4.21192392
4.28613932
4.33888894
4.38287917
4.4247452
4.46873729
4.51875062
4.57935289
4.65782632
4.76760067
4.93500014
5.20902731
5.7063891
6.8590352
9.4254672
1.89017278
2.86696039
3.41555491
3.74069325
3.95769473
4.10437439
4.20659241
4.28365675
4.34776277
4.40676186
4.46658548
4.53262214
4.61131106
4.71136525
4.84625355
5.03747358
5.3144983
5.71566644
6.35235428
7.43814466
2.99134625
3.2672033
3.54316653
3.76917342
3.94398538
4.07608738
4.17757611
4.25947291
4.3301753
4.39610502
4.46267743
4.53515611
4.6194127
4.72273303
4.85466128
5.02758574
5.25428586
5.53923033
5.87275806
6.20542555
3.54291971
3.59528875
3.72794478
3.86939761
3.99287601
4.09650863
4.18386212
4.25953093
4.32809598
4.39379057
4.46061553
4.53264464
4.61426993
4.71039909
4.82628811
4.96678565
5.13414846
5.32104852
5.49090734
5.56667758
3.86352853
3.84084985
3.89580997
3.97833615
4.06112493
4.13840213
4.20944077
4.27524473
4.33780497
4.39951954
4.46296532
4.53087075
4.60606677
4.69128928
4.78856368
4.89804163
5.01641364
5.13241856
5.21008069
5.19248033
4.06629762
4.01968715
4.03484471
4.08022765
4.13405341
4.19010314
4.24606501
4.3012453
4.35610821
4.41174628
4.46956233
4.5310914
4.5977973
4.67070507
4.74969717
4.83247172
4.91365505
4.98224962
5.00965115
4.95886558
4.20019785
4.14987524
4.14618181
4.16935302
4.20352886
4.24354235
4.28684733
4.33209612
4.37893615
4.42760796
4.47864023
4.53262593
4.58996906
4.65049641
4.71285247
4.77377173
4.82779754
4.8660394
4.86781269
4.80995035
4.29202941
4.24524108
4.23335363
4.24365603
4.26493844
4.29334651
4.32662263
4.36328087
4.40258052
4.44424422
4.48820125
4.5343739
4.58243684
4.63148983
4.6796153
4.72345608
4.75832387
4.77771532
4.76734985
4.71278019
4.35661397
4.31542499
4.30060872
4.30366436
4.31665509
4.33684302
4.36239481
4.39191257
4.42450743
4.45961087
4.49677379
4.53548802
4.57498944
4.61401851
4.6505352
4.68152266
4.703287
4.71134636
4.69600934
4.64812178
4.40246078
4.36707636
4.35191242
4.35104188
4.35876027
4.3731689
4.39284035
4.41654613
4.44337678
4.47262059
4.50361468
4.53560881
4.56762167
4.59828453
4.62568001
4.64728813
4.66034693
4.66189109
4.64534334
4.60473303
4.43486297
4.40485233
4.39056534
4.38771251
4.39211584
4.40247448
4.41769961
4.43674684
4.45875081
4.48295086
4.50858568
4.53479762
4.56053831
4.58447885
4.60493419
4.61988737
4.62733984
4.62538897
4.60952435
4.57571273
4.45733689
4.43207822
4.41920008
4.41550189
4.41786638
4.42540841
4.43730507
4.45268332
4.4707517
4.4907576
4.51191651
4.53335058
4.5540343
4.57275299
4.58808124
4.59844321
4.60242095
4.59882431
4.58450752
4.55664427
4.47230586
4.45116553
4.43988016
4.43600448
4.43717639
4.44279869
4.45225236
4.46481364
4.47977461
4.49642133
4.51398962
4.53163056
4.54838646
4.56318225
4.57483568
4.5821296
4.58406948
4.57993062
4.56747467
4.54464896
4.48146622
4.46388349
4.45420907
4.45054872
4.45109977
4.45546918
4.46319453
4.47367793
4.48629236
4.50037406
4.51519832
4.52996574
4.54380034
4.55576256
4.56487752
4.57020757
4.57106141
4.5670179
4.55645869
4.53784905
4.48601644
4.47154827
4.46343045
4.46020821
4.46052541
4.46414461
4.47072719
4.47977926
4.49074404
4.50300499
4.51587756
4.52861171
4.54040621
4.55043624
4.55789223
4.56204894
4.56243356
4.5588316
4.55008004
4.53502695
4.4868354
4.47517341
4.46852245
4.46583849
4.4661698
4.46941478
4.47533809
4.48352969
4.49348606
4.50462353
4.51628424
4.52775205
4.5382794
4.5471255
4.55360293
4.55714428
4.55743907
4.55443131
4.54734499
4.53537516
4.48466516
4.47562013
4.47031112
4.46815669
4.46863003
4.47176834
4.4774275
4.48526142
4.49479739
4.50546153
4.51659879
4.52750068
4.53744241
4.54572993
4.55175448
4.5550612
4.55546569
4.55305764
4.54745874
4.53826661
4.48033067
4.47371765
4.46951355
4.46773281
4.46834516
4.47154255
4.47725982
4.48518973
4.4948603
4.50567588
4.51695146
4.52795096
4.53793261
4.54620432
4.55218814
4.55549717
4.55604455
4.55407398
4.54967764
4.54300163
4.47497554
4.4701515
4.46631486
4.46436259
4.46487311
4.46820261
4.47432589
4.48291831
4.49345043
4.50524868
4.5175426
4.52951019
4.54032801
4.5492328
4.55559805
4.55902917
4.55948698
4.55738019
4.55339661
4.5485456
4.47036835
4.46566842
4.46066224
4.45749322
4.45739788
4.46086562
4.46782277
4.47782489
4.49019126
4.50408744
4.51857958
4.53267841
4.54538658
4.55576217
4.56300873
4.5665991
4.56644475
4.56309934
4.55791748
4.55318185
)
;

boundaryField
{
    walls
    {
        type            zeroGradient;
    }
    mov_wall
    {
        type            zeroGradient;
    }
    empty
    {
        type            empty;
    }
}


// ************************************************************************* //
