/*--------------------------------*- C++ -*----------------------------------*\
| =========                 |                                                 |
| \\      /  F ield         | OpenFOAM: The Open Source CFD Toolbox           |
|  \\    /   O peration     | Version:  5.x                                   |
|   \\  /    A nd           | Web:      www.OpenFOAM.org                      |
|    \\/     M anipulation  |                                                 |
\*---------------------------------------------------------------------------*/
FoamFile
{
    version     2.0;
    format      ascii;
    class       surfaceScalarField;
    location    "0.3";
    object      phi;
}
// * * * * * * * * * * * * * * * * * * * * * * * * * * * * * * * * * * * * * //

dimensions      [0 3 -1 0 0 0 0];

internalField   nonuniform List<scalar> 
760
(
0.00134980036
-0.0013498004
0.00245825725
-0.00110845682
0.00313088103
-0.000672623785
0.00354737901
-0.000416497917
0.0038099523
-0.000262573302
0.00397678231
-0.000166830049
0.00408309085
-0.000106308603
0.00414959242
-6.65015903e-05
0.00418795772
-3.8365317e-05
0.00420424028
-1.62825293e-05
0.00420052401
3.71626697e-06
0.00417569857
2.48254124e-05
0.00412471576
5.09828434e-05
0.00403698883
8.77269675e-05
0.00389234996
0.000144638848
0.00365349889
0.000238851039
0.00325294177
0.000400557111
0.00256896907
0.000683972716
0.00140850557
0.00116046352
0.00140850558
-5.54727266e-05
-0.00129432772
0.000405215975
-0.00156914548
0.00100919313
-0.00127660103
0.00153864797
-0.000945952773
0.0019519827
-0.000675907933
0.00225826276
-0.000473110103
0.00247668626
-0.000324732107
0.00262492642
-0.000214741685
0.00271600163
-0.000129440543
0.0027577276
-5.80085529e-05
0.00275288072
8.56311498e-06
0.00269881797
7.88881571e-05
0.00258732423
0.000162476549
0.00240347165
0.000271579465
0.00212502665
0.000423083762
0.00172457726
0.000639300386
0.00118281644
0.00094231789
0.000536160614
0.00133062847
8.6176962e-06
0.00168800634
0.00141712329
-0.000275996377
-0.00101833136
-0.000237961654
-0.00160718009
3.38901524e-05
-0.00154845284
0.000382075244
-0.00129413787
0.000717888768
-0.00101172155
0.00100363295
-0.000758854291
0.00122771156
-0.000548810706
0.00139003905
-0.000377069187
0.00149407193
-0.000233473439
0.00154274681
-0.000106683409
0.00153655004
1.47598906e-05
0.00147274444
0.000142693741
0.00134537344
0.000289847525
0.00114654434
0.000470408548
0.000870330088
0.000699297997
0.000522131061
0.000987499407
0.000137567591
0.00132688139
-0.000186184312
0.0016543804
-0.000269343383
0.00177116538
0.00114777992
-0.000234828395
-0.000783503004
-0.000385203442
-0.00145680506
-0.00035720144
-0.00157645487
-0.000214082917
-0.00143725636
-2.33830235e-05
-0.00120242152
0.00016898377
-0.000951221081
0.000336726368
-0.000716553281
0.000466755083
-0.000507097903
0.000553198137
-0.000319916504
0.000593300755
-0.000146786018
0.000585114082
2.29465806e-05
0.00052669139
0.000201116445
0.000416605573
0.000399933339
0.000256356799
0.000630657306
5.53803935e-05
0.000900274387
-0.000160634083
0.00120351388
-0.00033965431
0.00150590166
-0.000398967675
0.00171369382
-0.00025555957
0.00162775727
0.000892220358
-0.000177081256
-0.000606421736
-0.000378667082
-0.00125521929
-0.000483760895
-0.00147136103
-0.000491075522
-0.0014299417
-0.000433502351
-0.00125999467
-0.000345499922
-0.00103922348
-0.000253494524
-0.000808558684
-0.000175001808
-0.000585590637
-0.000120709156
-0.000374209149
-9.67956882e-05
-0.000170699462
-0.000106469769
3.26206634e-05
-0.000150410383
0.000245057034
-0.000225992015
0.000475514943
-0.000325073586
0.000729738866
-0.000430420133
0.00100562094
-0.000511785026
0.0012848788
-0.000525398686
0.00151951536
-0.000425270087
0.00161356528
-0.000204332716
0.00140681991
0.000687887645
-0.000131825597
-0.000474596133
-0.00033287956
-0.00105416533
-0.000497621451
-0.00130661909
-0.000596052376
-0.00133151081
-0.000634968568
-0.00122107845
-0.000633500272
-0.00104069178
-0.000611388778
-0.000830670176
-0.000584537614
-0.000612441793
-0.000564162364
-0.000394584377
-0.000557221927
-0.000177639883
-0.000566910206
4.23089263e-05
-0.000592656205
0.000270803008
-0.000629422919
0.000512281659
-0.000666368275
0.000766684242
-0.000685418595
0.00102467129
-0.000661359397
0.00126081964
-0.000566880869
0.00142503685
-0.000388014294
0.00143469874
-0.000156555861
0.00117536146
0.000531331784
-0.000100417466
-0.000374178589
-0.000283261798
-0.000871320947
-0.000466019651
-0.00112386123
-0.000610780952
-0.00118674952
-0.00070940667
-0.00112245267
-0.000768516041
-0.00098158238
-0.000799796593
-0.000799389615
-0.000814826928
-0.000597411456
-0.000822779934
-0.000386631368
-0.000829590243
-0.000170829581
-0.000837640848
5.03595029e-05
-0.000845468468
0.000278630615
-0.000847319881
0.000514133088
-0.00083276773
0.000752132102
-0.000787045304
0.000978948889
-0.000693498608
0.00116727297
-0.000540353958
0.00127189218
-0.000334128491
0.0012284733
-0.000119924202
0.000961157166
0.000411407584
-7.86509883e-05
-0.000295527601
-0.000238618142
-0.000711353814
-0.000417748776
-0.000944730629
-0.000579543923
-0.00102495435
-0.000709020041
-0.000992976549
-0.000804511717
-0.000886090706
-0.000870865937
-0.00073303539
-0.00091491478
-0.000553362605
-0.000942836239
-0.000358709883
-0.00095874713
-0.000154918672
-0.000963964402
5.55767738e-05
-0.000956600895
0.000271267112
-0.000931413866
0.000488946061
-0.000880133637
0.000700851856
-0.000792818019
0.00089163328
-0.000661138914
0.00103559388
-0.000484619625
0.00109537285
-0.000280179072
0.00102403279
-9.29225199e-05
0.000773900615
0.000318485082
-6.2864139e-05
-0.00023266344
-0.00020011549
-0.000574102435
-0.000365279725
-0.000779566378
-0.000526545209
-0.000863688815
-0.000666855432
-0.000852666325
-0.000779836734
-0.000773109407
-0.000865433455
-0.000647438668
-0.00092644397
-0.000492352094
-0.000966132874
-0.000319020975
-0.000986738141
-0.000134313415
-0.000988618979
5.74575996e-05
-0.000969875912
0.000252524052
-0.000926430926
0.000445501072
-0.000852748876
0.000627169792
-0.000743554322
0.000782438734
-0.000596985792
0.000889025377
-0.000419424297
0.000917811319
-0.000231461997
0.000836070553
-7.27277113e-05
0.000615166344
0.000245757399
-5.08605514e-05
-0.00018180292
-0.000167268836
-0.000457694119
-0.000314284296
-0.00063255094
-0.000465370072
-0.000712603071
-0.000603861526
-0.000714174899
-0.000721161922
-0.000655809029
-0.000814112942
-0.000554487662
-0.000882548397
-0.000423916638
-0.000927383699
-0.000274185662
-0.000949300189
-0.000112396928
-0.000947966603
5.61240153e-05
-0.000921747383
0.000226304846
-0.000867921711
0.000391675389
-0.000783531311
0.000542779394
-0.000667033129
0.000665940547
-0.000520877347
0.000742869633
-0.000354849354
0.000751783294
-0.000189415417
0.000670636679
-5.73004149e-05
0.000483051355
0.000188456987
-4.14379409e-05
-0.000140365023
-0.000139430085
-0.000359701989
-0.000267434046
-0.000504546985
-0.000403746659
-0.000576290491
-0.000533199709
-0.000584721839
-0.000646520107
-0.000542488624
-0.00073883227
-0.0004621755
-0.000808028507
-0.000354720386
-0.000853358305
-0.000228855847
-0.000874388779
-9.13664495e-05
-0.000870380728
5.2115983e-05
-0.000840096395
0.000196020527
-0.000782073614
0.000333652578
-0.00069542761
0.000456133397
-0.000581229868
0.00055174278
-0.000444407399
0.000606047204
-0.000295860683
0.000603236553
-0.000154119498
0.000528895532
-4.53654242e-05
0.000374297288
0.000143091549
-3.39184492e-05
-0.000106446574
-0.000116008573
-0.00027761188
-0.000225869264
-0.000394686278
-0.000345897303
-0.00045626244
-0.000462798546
-0.000467820564
-0.00056750624
-0.000437780937
-0.000654386272
-0.000375295478
-0.000720208745
-0.0002888979
-0.000763170951
-0.000185893634
-0.000782138785
-7.23986185e-05
-0.00077619096
4.61681829e-05
-0.000744510445
0.00016434003
-0.000686655056
0.000275797166
-0.000603226687
0.000372705046
-0.000496915843
0.000445431906
-0.000373791701
0.00048292311
-0.000244533345
0.00047397819
-0.000125093933
0.000409456126
-3.60980434e-05
0.000285301402
0.000106993508
-2.78665047e-05
-7.85800979e-05
-9.64135177e-05
-0.00020906485
-0.00018978771
-0.00030131209
-0.000293760309
-0.00035228983
-0.000396934001
-0.000364646878
-0.000490904305
-0.000343810694
-0.000569889901
-0.000296309908
-0.000630126819
-0.000228660964
-0.000669234213
-0.000146786221
-0.0006856986
-5.59342143e-05
-0.000678566384
3.90360095e-05
-0.000647395255
0.000133168925
-0.000592488396
0.000220890308
-0.000515405513
0.000295622185
-0.000419694401
0.000349720759
-0.00031170118
0.000374929927
-0.000201208472
0.000363485476
-0.000101561655
0.000309809287
-2.89013693e-05
0.000212641098
7.80921164e-05
-2.2939044e-05
-5.56411013e-05
-7.99797288e-05
-0.000152024127
-0.000158719534
-0.000222572304
-0.000247696917
-0.000263312445
-0.000337282508
-0.000275061331
-0.000419932782
-0.000261160483
-0.000490078091
-0.000226164599
-0.000543808117
-0.000174930888
-0.000578494494
-0.000112099799
-0.000592466723
-4.19619394e-05
-0.000584821683
3.13910205e-05
-0.000555413244
0.000103760487
-0.000505037735
0.0001705148
-0.000435796596
0.000226381052
-0.000351570815
0.000265494944
-0.000258481386
0.000281840515
-0.000165150024
0.000270154092
-8.25522027e-05
0.00022721143
-2.32815922e-05
0.000153370484
5.48105166e-05
-1.88101455e-05
-3.68309566e-05
-6.5927745e-05
-0.0001049065
-0.00013169415
-0.000156805897
-0.000206954047
-0.000188052557
-0.00028366922
-0.000198346204
-0.000355210099
-0.000189619617
-0.000416409554
-0.000164965091
-0.000463449541
-0.000127890836
-0.000493669104
-8.18802079e-05
-0.000505381935
-3.02490897e-05
-0.000497771016
2.37801221e-05
-0.000470900119
7.68895661e-05
-0.000425851729
0.000125466427
-0.000364967955
0.000165497278
-0.000292131339
0.000192658295
-0.000212983322
0.0002026925
-0.000134949845
0.000192120616
-6.69573937e-05
0.000159218958
-1.87823321e-05
0.000105195427
3.60282072e-05
-1.51352725e-05
-2.16956614e-05
-5.3361353e-05
-6.66804286e-05
-0.000107377046
-0.00010279017
-0.000170005951
-0.000125423667
-0.000234623512
-0.000133728679
-0.000295494173
-0.000128748947
-0.000347947012
-0.000112512207
-0.000388402088
-8.74357452e-05
-0.000414305678
-5.59766483e-05
-0.000424044588
-2.05101899e-05
-0.000416897423
1.66329555e-05
-0.000393056867
5.30489594e-05
-0.00035372868
8.613824e-05
-0.000301283294
0.000113051859
-0.000239402731
0.000130777674
-0.000173140472
0.000136430209
-0.000108801019
0.000127781202
-5.35761626e-05
0.000103994095
-1.49510528e-05
6.65703148e-05
2.10771269e-05
-1.15433003e-05
-1.01523696e-05
-4.1313097e-05
-3.69106537e-05
-8.4226474e-05
-5.98767508e-05
-0.000134850084
-7.48000766e-05
-0.000187813502
-8.07653066e-05
-0.000238237889
-7.83245855e-05
-0.000282010388
-6.87397138e-05
-0.000315900815
-5.35453419e-05
-0.000337573
-3.43045006e-05
-0.00034555548
-1.25276989e-05
-0.000339224509
1.03019905e-05
-0.000318829755
3.26541223e-05
-0.000285565851
5.28743043e-05
-0.000241667031
6.91530319e-05
-0.000190473231
7.95839045e-05
-0.000136398171
8.23551522e-05
-8.47242296e-05
7.61072798e-05
-4.11795589e-05
6.04493675e-05
-1.13297324e-05
3.67205624e-05
9.74739311e-06
-7.65640399e-06
-2.49598794e-06
-2.88637035e-05
-1.57033493e-05
-6.07223664e-05
-2.80180591e-05
-9.93228354e-05
-3.61996321e-05
-0.000140423505
-3.96646806e-05
-0.000180010931
-3.87371668e-05
-0.000214633272
-3.41173411e-05
-0.000241551334
-2.66272679e-05
-0.000258775509
-1.70803738e-05
-0.000265056309
-6.24696793e-06
-0.000259878381
5.1239794e-06
-0.000243483813
1.62594948e-05
-0.000216927116
2.63176503e-05
-0.000182140843
3.4366747e-05
-0.000141967286
3.94102894e-05
-0.000100094792
4.04826295e-05
-6.08278088e-05
3.6840408e-05
-2.86370197e-05
2.82585551e-05
-7.47338367e-06
1.55569381e-05
2.2740205e-06
-3.24947302e-06
7.53504995e-07
-1.55037784e-05
-3.44901916e-06
-3.58298713e-05
-7.69195881e-06
-6.15499575e-05
-1.04795291e-05
-8.95367609e-05
-1.16778341e-05
-0.000116806259
-1.14676062e-05
-0.000140807628
-1.01159448e-05
-0.000159534514
-7.90043978e-06
-0.00017153952
-5.07545078e-06
-0.00017591665
-1.86983662e-06
-0.000172292055
1.49939129e-06
-0.000160840712
4.80810035e-06
-0.000142330341
7.8072401e-06
-0.000118175528
1.02119189e-05
-9.04691577e-05
1.1703967e-05
-6.19427186e-05
1.19561447e-05
-3.57898344e-05
1.06875357e-05
-1.52866392e-05
7.75536089e-06
-3.11466269e-06
3.38495769e-06
-8.40592861e-07
7.53559672e-07
-2.69540973e-06
-1.03873224e-05
-2.08668276e-05
-3.25446632e-05
-4.4012273e-05
-5.41282142e-05
-6.20286678e-05
-6.71041542e-05
-6.89739985e-05
-6.74746267e-05
-6.26665462e-05
-5.48592816e-05
-4.46473875e-05
-3.29434009e-05
-2.09872518e-05
-1.02996954e-05
-2.54432213e-06
8.40592803e-07
)
;

boundaryField
{
    walls
    {
        type            calculated;
        value           uniform 0;
    }
    mov_wall
    {
        type            calculated;
        value           uniform 0;
    }
    empty
    {
        type            empty;
        value           nonuniform 0();
    }
}


// ************************************************************************* //
