/*--------------------------------*- C++ -*----------------------------------*\
| =========                 |                                                 |
| \\      /  F ield         | OpenFOAM: The Open Source CFD Toolbox           |
|  \\    /   O peration     | Version:  5.x                                   |
|   \\  /    A nd           | Web:      www.OpenFOAM.org                      |
|    \\/     M anipulation  |                                                 |
\*---------------------------------------------------------------------------*/
FoamFile
{
    version     2.0;
    format      ascii;
    class       volVectorField;
    location    "0.3";
    object      U;
}
// * * * * * * * * * * * * * * * * * * * * * * * * * * * * * * * * * * * * * //

dimensions      [0 1 -1 0 0 0 0];

internalField   nonuniform List<vector> 
400
(
(0.291933727 0.149873034 0)
(0.388555005 0.128071194 0)
(0.55738574 0.0754805045 0)
(0.673233084 0.0427862532 0)
(0.740359551 0.0244838721 0)
(0.781577654 0.014168838 0)
(0.807931256 0.00828848148 0)
(0.824671645 0.00481444939 0)
(0.834835241 0.00259948805 0)
(0.840136802 0.00100125252 2.67628504e-34)
(0.841365769 -0.000372816557 -2.67628504e-34)
(0.83861638 -0.0018402499 0)
(0.831299559 -0.00374439298 0)
(0.817915666 -0.00664522673 0)
(0.795564421 -0.0116126542 0)
(0.758928538 -0.0207732982 0)
(0.696657672 -0.0382870112 0)
(0.583267484 -0.0718539398 0)
(0.407699433 -0.128251909 0)
(0.300787795 -0.153040149 0)
(0.00129232613 0.287806045 0)
(0.0128325258 0.293310923 0)
(0.137518826 0.207998847 0)
(0.25910335 0.139944754 0)
(0.354003392 0.0930765771 0)
(0.425178876 0.0615507033 0)
(0.476923515 0.0404036003 0)
(0.512991719 0.0258354278 0)
(0.536490513 0.0151926736 0)
(0.5495414 0.00666336374 0)
(0.553214413 -0.001102145 0)
(0.547536575 -0.00931617427 0)
(0.53144679 -0.0193375501 0)
(0.502641691 -0.0330666216 0)
(0.457404755 -0.0535039333 0)
(0.390767219 -0.0854490228 0)
(0.296675996 -0.135889668 0)
(0.169613345 -0.212647391 0)
(0.0324086439 -0.309222916 0)
(0.010658265 -0.305636685 0)
(-0.0323533986 0.241626743 0)
(-0.0651391538 0.330989904 0)
(-0.0270362248 0.29405821 0)
(0.0406679541 0.232202718 0)
(0.111634036 0.173716234 0)
(0.1747693 0.125810225 0)
(0.225998506 0.0885486924 0)
(0.264564074 0.0596402773 0)
(0.291052455 0.0364584213 0)
(0.306239675 0.0166030589 -2.36963811e-33)
(0.310531448 -0.00211493085 2.36963811e-33)
(0.30372253 -0.0218536792 0)
(0.284920372 -0.04500049 0)
(0.2526327 -0.0744284787 0)
(0.205211165 -0.113672249 0)
(0.142122766 -0.166502999 0)
(0.0664494109 -0.234569292 0)
(-0.0108253158 -0.310790875 0)
(-0.0606984942 -0.361599746 0)
(-0.031869433 -0.269131995 0)
(-0.0265760888 0.181056535 0)
(-0.0692745799 0.311231196 0)
(-0.0804895463 0.320733032 0)
(-0.0607416923 0.281548494 0)
(-0.024774892 0.228291503 0)
(0.0152048868 0.176040922 0)
(0.0521047521 0.129980769 0)
(0.0823022444 0.0906530458 0)
(0.104137455 0.0566985571 0)
(0.116893518 0.0260502838 2.36846748e-33)
(0.120173508 -0.0036356157 -2.36846748e-33)
(0.113598467 -0.0348679747 0)
(0.0967717603 -0.0703098273 0)
(0.0695420036 -0.112688591 0)
(0.032697621 -0.164350376 0)
(-0.0106864822 -0.225838984 0)
(-0.0531135766 -0.292328366 0)
(-0.0805053388 -0.346546627 0)
(-0.0744313825 -0.346663899 0)
(-0.0293062608 -0.205899753 0)
(-0.0182009698 0.137901352 0)
(-0.0579619947 0.272475111 0)
(-0.0904511286 0.309103464 0)
(-0.101364771 0.292368955 0)
(-0.0947054133 0.251759591 0)
(-0.0786491331 0.203718246 0)
(-0.0596120059 0.156124435 0)
(-0.0419083532 0.111849597 0)
(-0.0282403361 0.0710672512 0)
(-0.0202025672 0.0325661389 -2.96328558e-34)
(-0.0186846252 -0.0055550011 2.96328558e-34)
(-0.0240791149 -0.0455021444 0)
(-0.036255743 -0.0894790088 0)
(-0.0542682442 -0.13924628 0)
(-0.0757717971 -0.195250298 0)
(-0.0961908286 -0.254876248 0)
(-0.107822617 -0.309250768 0)
(-0.100115436 -0.338377139 0)
(-0.0665206687 -0.305727173 0)
(-0.021259485 -0.157083433 0)
(-0.0122063438 0.107092416 0)
(-0.0459984832 0.230739761 0)
(-0.0852159975 0.279511974 0)
(-0.112482051 0.279250391 0)
(-0.125550939 0.251730138 0)
(-0.128291365 0.211466865 0)
(-0.125064162 0.166868556 0)
(-0.119518971 0.122046807 0)
(-0.114363045 0.0783619576 0)
(-0.111388508 0.0355346517 0)
(-0.111595491 -0.00760322485 0)
(-0.115259831 -0.0525641105 0)
(-0.121866972 -0.100696405 0)
(-0.129895564 -0.152535073 0)
(-0.136508921 -0.206801949 0)
(-0.137324046 -0.258845825 0)
(-0.126534876 -0.298436253 0)
(-0.0984457382 -0.307331113 0)
(-0.0544877684 -0.25836074 0)
(-0.0146679475 -0.120839333 0)
(-0.00846096747 0.0840782695 0)
(-0.036483254 0.191790006 0)
(-0.075601998 0.243357676 0)
(-0.109820756 0.253226624 0)
(-0.13416908 0.236414097 0)
(-0.149433972 0.204475095 0)
(-0.157887293 0.165077703 0)
(-0.162008233 0.12264859 0)
(-0.163936552 0.0792409486 0)
(-0.165207642 0.0353435314 0)
(-0.166664996 -0.00944372082 0)
(-0.168416455 -0.0558255678 0)
(-0.169760372 -0.104225208 0)
(-0.169083509 -0.154086949 0)
(-0.163820462 -0.20296751 0)
(-0.150657856 -0.245387415 0)
(-0.126187748 -0.27161085 0)
(-0.0886703392 -0.266927846 0)
(-0.0435517896 -0.212857641 0)
(-0.0102098903 -0.0933298546 0)
(-0.00614555098 0.0663322446 0)
(-0.0292858301 0.157341436 0)
(-0.0653753006 0.206453759 0)
(-0.101027317 0.221507714 0)
(-0.130549533 0.212466799 0)
(-0.152916998 0.187992313 0)
(-0.168794134 0.154492345 0)
(-0.179505135 0.116136977 0)
(-0.186442663 0.0752546281 0)
(-0.190686789 0.03286198 0)
(-0.192806829 -0.010790464 0)
(-0.192758528 -0.0556785659 0)
(-0.189825839 -0.101440251 0)
(-0.182620466 -0.146744168 0)
(-0.169224069 -0.188576888 0)
(-0.14761119 -0.221521231 0)
(-0.11643924 -0.23726726 0)
(-0.076521705 -0.224831835 0)
(-0.0346563765 -0.172369846 0)
(-0.00730807062 -0.0721902909 0)
(-0.00464404127 0.0523040278 0)
(-0.023759301 0.127616453 0)
(-0.055760878 0.171687499 0)
(-0.0898576267 0.188579371 0)
(-0.120589447 0.184730331 0)
(-0.146037849 0.166391471 0)
(-0.165808982 0.138640534 0)
(-0.180308247 0.10511918 0)
(-0.190233232 0.0681469815 0)
(-0.196191395 0.0290389361 2.99468219e-34)
(-0.198471848 -0.0114853099 -2.99468219e-34)
(-0.196927986 -0.0528495102 0)
(-0.190943946 -0.0941373323 0)
(-0.179501499 -0.13358287 0)
(-0.161410318 -0.16807125 0)
(-0.135781445 -0.192758306 0)
(-0.102733732 -0.201027667 0)
(-0.0644340304 -0.185096063 0)
(-0.0275840849 -0.137717719 0)
(-0.00537593868 -0.0557639732 0)
(-0.0036070292 0.041026044 0)
(-0.0194039154 0.102316159 0)
(-0.0471371522 0.14034613 0)
(-0.0782222626 0.157017342 0)
(-0.107807214 0.156391104 0)
(-0.133647989 0.142862786 4.69479843e-33)
(-0.15473966 0.120319826 0)
(-0.170848249 0.0917956081 0)
(-0.182126219 0.0594351534 -4.76246502e-33)
(-0.188785516 0.0246673466 2.7636849e-36)
(-0.190887522 -0.0115053432 4.81015565e-36)
(-0.18823785 -0.048155306 0)
(-0.180375856 -0.0840494009 0)
(-0.166673525 -0.117272319 0)
(-0.14658222 -0.144910814 0)
(-0.120059141 -0.162905442 0)
(-0.088107181 -0.166231805 0)
(-0.0534242326 -0.14957947 0)
(-0.0219724637 -0.108712554 0)
(-0.00403890357 -0.0428830209 0)
(-0.00285233733 0.0318708192 0)
(-0.0159077002 0.0809695334 0)
(-0.039599507 0.112839181 0)
(-0.067114963 0.128138502 0)
(-0.0943025441 0.12935099 0)
(-0.118909179 0.119502018 -4.69479843e-33)
(-0.139633374 0.101496698 0)
(-0.155845164 0.077782269 0)
(-0.167318419 0.0502474123 4.76246502e-33)
(-0.173977119 0.020301801 1.49840768e-33)
(-0.175724725 -0.0109293269 -1.50598152e-33)
(-0.172362152 -0.0423475899 0)
(-0.163593642 -0.0726018529 0)
(-0.149130963 -0.0998295803 0)
(-0.128914624 -0.121478644 0)
(-0.103452977 -0.134297039 0)
(-0.0741915724 -0.134596673 0)
(-0.0438729343 -0.118863492 0)
(-0.017525569 -0.0847603176 0)
(-0.00308349755 -0.0327198042 0)
(-0.00228413415 0.0243960218 0)
(-0.0130763361 0.0630618632 0)
(-0.0331297847 0.0891086517 0)
(-0.0570248318 0.102477511 0)
(-0.0812789272 0.104610751 0)
(-0.103789015 0.0975454447 0)
(-0.123158796 0.0834110083 0)
(-0.138546068 0.0641347895 0)
(-0.149490214 0.0413198775 0)
(-0.155729018 0.0162687725 3.01015966e-34)
(-0.157071626 -0.00989300696 -3.01015966e-34)
(-0.153340796 -0.036037803 0)
(-0.144387738 -0.0608417766 0)
(-0.130185599 -0.082619013 0)
(-0.111007065 -0.099236285 0)
(-0.0876710594 -0.108173448 0)
(-0.0617715673 -0.106792926 0)
(-0.0358468303 -0.092836169 0)
(-0.0140162767 -0.0651342162 0)
(-0.00238715958 -0.0246600176 0)
(-0.00184745768 0.0182669497 0)
(-0.0107730038 0.0480931091 0)
(-0.027641796 0.0688659102 0)
(-0.0481271223 0.0801104175 0)
(-0.0693398187 0.0825833196 0)
(-0.089395084 0.0776184238 0)
(-0.106921349 0.0667480072 0)
(-0.120990263 0.0514581241 0)
(-0.131015742 0.0330670968 0)
(-0.136630128 0.0127175949 3.01274657e-34)
(-0.137596293 -0.00854980773 -3.01274657e-34)
(-0.133770548 -0.0296778176 0)
(-0.125120605 -0.0494643776 0)
(-0.111801189 -0.0664633952 0)
(-0.0942853068 -0.0789565868 0)
(-0.0735305655 -0.0850420294 0)
(-0.0511048013 -0.0828747815 0)
(-0.0292399598 -0.0710516541 0)
(-0.0112580945 -0.0491087327 0)
(-0.00187392052 -0.0182305915 0)
(-0.00150504098 0.0132244741 0)
(-0.00888166528 0.0356145952 0)
(-0.0229935542 0.0517363405 0)
(-0.0403827404 0.0608723965 0)
(-0.0586715629 0.0633308254 0)
(-0.0762125394 0.059951014 0)
(-0.0917231869 0.0518130497 0)
(-0.104268807 0.0400375566 0)
(-0.113212903 0.025674656 0)
(-0.118139592 0.00968018931 0)
(-0.118797203 -0.00704391622 0)
(-0.115076866 -0.0235740215 0)
(-0.10702992 -0.03888384 0)
(-0.0949244967 -0.0517892936 0)
(-0.0793357926 -0.0609515257 0)
(-0.0612494791 -0.0649692522 0)
(-0.0421168201 -0.0625795131 0)
(-0.0238429449 -0.0529501818 0)
(-0.00908325272 -0.0360333679 0)
(-0.00149049695 -0.0130665245 0)
(-0.00122573554 0.00907535533 0)
(-0.00728749256 0.0252578294 0)
(-0.0189938989 0.0373533229 0)
(-0.0335998064 0.0445057671 0)
(-0.0491670109 0.0467382675 0)
(-0.0642795002 0.0445498552 0)
(-0.0777736629 0.0386830939 0)
(-0.088755335 0.0299603571 0)
(-0.0965859319 0.0191873151 0)
(-0.100838955 0.00712365897 0)
(-0.101267033 -0.00549672258 0)
(-0.0977914431 -0.0179189742 0)
(-0.0905172346 -0.0293176302 0)
(-0.0797730501 -0.0387682043 0)
(-0.0661689625 -0.0452638979 0)
(-0.0506540732 -0.0477988211 0)
(-0.0345258098 -0.0455286799 0)
(-0.0193819933 -0.0379928586 0)
(-0.00732978486 -0.0253763913 0)
(-0.00119368535 -0.00889751866 0)
(-0.000978593491 0.00569356024 0)
(-0.00586815761 0.016757982 0)
(-0.0154118455 0.0254202303 0)
(-0.0274799348 0.0307597579 0)
(-0.0405160548 0.0326372901 0)
(-0.0533185947 0.031328332 0)
(-0.0648534276 0.0273277702 0)
(-0.0742938973 0.0212165431 0)
(-0.0810304755 0.0135819889 0)
(-0.0846507445 0.00499022392 0)
(-0.0849224514 -0.00400430022 0)
(-0.0817899508 -0.0128299708 0)
(-0.0753866588 -0.0208677536 0)
(-0.0660619895 -0.027437159 0)
(-0.0544159445 -0.0318154648 0)
(-0.0413257035 -0.0333051928 0)
(-0.0279268481 -0.0313576809 0)
(-0.015545278 -0.0257418668 0)
(-0.00583528075 -0.0167509287 0)
(-0.000943499049 -0.0055446227 0)
(-0.000730248029 0.00302529753 0)
(-0.00449434134 0.00996537013 0)
(-0.0119947679 0.0157402261 0)
(-0.0216629822 0.0194450416 0)
(-0.0322792413 0.0208814209 0)
(-0.0428370539 0.020192175 0)
(-0.0524364305 0.017693509 0)
(-0.0603381809 0.0137710773 0)
(-0.0659863291 0.00881990953 0)
(-0.0690020399 0.00322347388 0)
(-0.0691760293 -0.00264094585 0)
(-0.0664686548 -0.0083839846 0)
(-0.0610200288 -0.0135854034 0)
(-0.0531683723 -0.0177865711 0)
(-0.0434700241 -0.0205056212 0)
(-0.0327076222 -0.0212857923 0)
(-0.0218570176 -0.0197839584 0)
(-0.0120089281 -0.015895243 0)
(-0.00443773786 -0.00992314251 0)
(-0.000699776266 -0.00292067041 0)
(-0.000445429688 0.00109163851 0)
(-0.00304219511 0.00484106779 0)
(-0.00850396024 0.00822177196 0)
(-0.0157828518 0.0104621908 0)
(-0.0239580307 0.0113972384 0)
(-0.0322071372 0.0111045194 0)
(-0.0397779633 0.00977086158 0)
(-0.046045865 0.00762253921 0)
(-0.05053754 0.00488799237 0)
(-0.0529300216 0.00178644647 0)
(-0.0530467174 -0.00146757476 0)
(-0.050858504 -0.00465261513 0)
(-0.04649195 -0.00752871888 0)
(-0.0402428723 -0.0098324503 0)
(-0.0325892471 -0.0112850609 0)
(-0.0241920426 -0.0116205414 0)
(-0.015860756 -0.0106395813 0)
(-0.00847574034 -0.00829057072 0)
(-0.00298783706 -0.00480232582 0)
(-0.000422250707 -0.00102899103 0)
(-0.000104953597 -1.17856251e-05 0)
(-0.00145182138 0.00148599106 0)
(-0.00480450715 0.00298199309 0)
(-0.0095629474 0.00398332112 0)
(-0.0150788821 0.00441814469 0)
(-0.0207339995 0.00433583061 0)
(-0.0259681252 0.00382656104 0)
(-0.0303218963 0.00299002267 0)
(-0.0334499995 0.00192095148 0)
(-0.0351179398 0.00070660779 0)
(-0.0351976903 -0.000569336601 0)
(-0.0336680085 -0.00182049579 0)
(-0.0306208459 -0.0029517608 0)
(-0.0262722705 -0.00385598708 0)
(-0.0209732169 -0.00441591027 0)
(-0.0152117093 -0.00451432876 0)
(-0.00959040312 -0.00405616353 0)
(-0.00476769653 -0.0030050488 0)
(-0.00140854115 -0.00146321413 0)
(-8.88884471e-05 4.0614562e-05 0)
(0.000175557656 -0.000169693314 0)
(-8.14152117e-06 0.000137146796 0)
(-0.00116787906 0.000482973771 0)
(-0.00304752624 0.000709460183 0)
(-0.00532322597 0.000808105875 0)
(-0.00769072609 0.000798874327 0)
(-0.00989191569 0.00070595627 0)
(-0.0117254507 0.000551861635 0)
(-0.0130445418 0.00035551247 0)
(-0.0137507683 0.000132832024 1.08606404e-33)
(-0.0137897605 -0.000101621192 -1.08606404e-33)
(-0.0131506131 -0.000332820398 0)
(-0.0118692375 -0.000543573227 0)
(-0.0100348448 -0.000713288677 0)
(-0.00779773973 -0.000817696859 0)
(-0.00537493623 -0.000830139258 0)
(-0.00304710259 -0.00072529844 0)
(-0.00113889314 -0.000486550699 0)
(1.79023817e-05 -0.000130345084 0)
(0.000183965165 0.00017673559 0)
)
;

boundaryField
{
    walls
    {
        type            fixedValue;
        value           uniform (0 0 0);
    }
    mov_wall
    {
        type            fixedValue;
        value           uniform (1 0 0);
    }
    empty
    {
        type            empty;
    }
}


// ************************************************************************* //
