/*--------------------------------*- C++ -*----------------------------------*\
| =========                 |                                                 |
| \\      /  F ield         | OpenFOAM: The Open Source CFD Toolbox           |
|  \\    /   O peration     | Version:  5.x                                   |
|   \\  /    A nd           | Web:      www.OpenFOAM.org                      |
|    \\/     M anipulation  |                                                 |
\*---------------------------------------------------------------------------*/
FoamFile
{
    version     2.0;
    format      ascii;
    class       volScalarField;
    location    "1.2";
    object      p;
}
// * * * * * * * * * * * * * * * * * * * * * * * * * * * * * * * * * * * * * //

dimensions      [0 2 -2 0 0 0 0];

internalField   nonuniform List<scalar> 
400
(
1.93227727e-06
2.45243451
3.49425751
3.89877676
4.10652519
4.2245872
4.29419489
4.34022003
4.37632695
4.41014615
4.4468361
4.49102099
4.54777668
4.62461327
4.73490983
4.90468638
5.18244156
5.68423212
6.84131774
9.41170264
1.88672817
2.8672858
3.41984697
3.7476801
3.96510476
4.10967662
4.2076245
4.27897363
4.33676147
4.38966312
4.44432162
4.50666385
4.58342919
4.68338576
4.81979727
5.01372721
5.29404582
5.69846978
6.33839492
7.42832508
2.98214396
3.26256243
3.54233015
3.77065329
3.94566815
4.07568332
4.1732119
4.25001643
4.31531761
4.37630313
4.43900947
4.50911263
4.59266172
4.69685532
4.83090217
5.00666703
5.23632853
5.52392736
5.86045849
6.19817252
3.52790107
3.58541757
3.72182495
3.86539073
3.98906565
4.09083674
4.17463031
4.24575718
4.30959423
4.3711104
4.43487333
4.50530424
4.58687922
4.68432819
4.8025031
4.94572232
5.11575882
5.3051394
5.4783047
5.5595681
3.84437803
3.82699259
3.88525686
3.96943592
4.05226015
4.12783222
4.19572227
4.25755084
4.31601509
4.37420017
4.4351804
4.50197065
4.57743276
4.66408971
4.76356643
4.87555234
4.99638117
5.11480524
5.19582279
5.18365
4.04568828
4.00379514
4.02152979
4.06793286
4.12145447
4.17581326
4.22893709
4.28063561
4.33197396
4.38461742
4.44040124
4.50109426
4.56816304
4.64242313
4.7234031
4.80842321
4.89184473
4.96269637
4.99307181
4.94675754
4.18077675
4.13397454
4.1319545
4.15546823
4.1889254
4.22715966
4.26782874
4.30998665
4.35376537
4.39986863
4.4491784
4.50247219
4.56014275
4.62182941
4.68587464
4.74869666
4.80461228
4.84469916
4.84863307
4.79365281
4.27583119
4.23097644
4.2197727
4.22977638
4.24994408
4.27645607
4.30723245
4.34110457
4.3777116
4.41713974
4.45959395
4.50513405
4.55341252
4.60336193
4.65280129
4.69809088
4.73432199
4.75489361
4.74558749
4.69204305
4.34480977
4.30384085
4.28872574
4.29091951
4.30246881
4.32066979
4.34383763
4.37082057
4.40102193
4.43415104
4.46996522
4.50805038
4.54760688
4.58721979
4.62461009
4.65649607
4.67896347
4.68739101
4.6719247
4.62324777
4.39534517
4.35858014
4.34222906
4.34003105
4.34606677
4.35844703
4.37585726
4.39725232
4.4219421
4.44942148
4.47917493
4.51050745
4.54238695
4.57329478
4.60109136
4.62300689
4.63606805
4.63715856
4.61938727
4.57643901
4.43199416
4.39929447
4.38309688
4.37855952
4.38112328
4.3894639
4.40256661
4.41951468
4.43960127
4.46221358
4.48668844
4.5121901
4.53760497
4.56145773
4.58185698
4.59655587
4.60336594
4.60024541
4.58228299
4.54498288
4.45775336
4.42889447
4.41359357
4.40796951
4.40841576
4.41399546
4.42392426
4.43740934
4.45376733
4.47234527
4.4924163
4.51309692
4.53328492
4.55162405
4.56650086
4.57613625
4.57895345
4.57364917
4.55664354
4.52458989
4.4747588
4.44953965
4.43554954
4.42962416
4.42887042
4.43262401
4.44027765
4.45115064
4.4646024
4.47997929
4.49654163
4.51341265
4.52954981
4.54374363
4.55464519
4.56086594
4.56128902
4.55510986
4.5396679
4.51238722
4.48462958
4.46290249
4.45046355
4.44474021
4.44342059
4.44604583
4.45215052
4.46115409
4.47246525
4.48544831
4.49937557
4.51340144
4.52655923
4.53778366
4.54595615
4.55000225
4.54914698
4.54292653
4.52935047
4.50640658
4.48865765
4.4703346
4.45958272
4.45437541
4.45292496
4.45494695
4.46009832
4.46788804
4.47777136
4.48913283
4.50126053
4.51334126
4.52447736
4.53372622
4.54015698
4.54294242
4.54156536
4.53580948
4.52422344
4.50526678
4.48794722
4.47299027
4.46397286
4.4594391
4.45813059
4.45993486
4.46462341
4.47178459
4.48090906
4.49138973
4.50251686
4.51349217
4.52346264
4.53157385
4.53703622
4.53921353
4.53779049
4.53275562
4.52315948
4.50793777
4.48357273
4.47195649
4.4646151
4.46075695
4.45971112
4.46155618
4.46617734
4.47322992
4.48222062
4.49252685
4.50341352
4.51406513
4.52363555
4.53131422
4.5364033
4.53840868
4.53718117
4.53290886
4.52518332
4.51350839
4.47678959
4.46835489
4.46242178
4.45902776
4.45818872
4.46020496
4.46507176
4.47248988
4.481951
4.49278055
4.50417704
4.51526234
4.52514592
4.53300482
4.53817502
4.54025359
4.53922933
4.53550861
4.52932161
4.52091763
4.46925321
4.46318646
4.45769162
4.45400715
4.4529767
4.45515113
4.46060305
4.46901824
4.47980386
4.49216022
4.50514213
4.51772474
4.52888041
4.53767374
4.54337302
4.54557801
4.54436833
4.5404024
4.53470911
4.52869645
4.46344018
4.45753871
4.45041904
4.44500527
4.44300171
4.44520076
4.45166612
4.4619524
4.47526541
4.4905665
4.50665048
4.52221951
4.53596927
4.54669836
4.55344725
4.55567071
4.55344805
4.54770765
4.54034102
4.53447204
)
;

boundaryField
{
    walls
    {
        type            zeroGradient;
    }
    mov_wall
    {
        type            zeroGradient;
    }
    empty
    {
        type            empty;
    }
}


// ************************************************************************* //
