/*--------------------------------*- C++ -*----------------------------------*\
| =========                 |                                                 |
| \\      /  F ield         | OpenFOAM: The Open Source CFD Toolbox           |
|  \\    /   O peration     | Version:  5.x                                   |
|   \\  /    A nd           | Web:      www.OpenFOAM.org                      |
|    \\/     M anipulation  |                                                 |
\*---------------------------------------------------------------------------*/
FoamFile
{
    version     2.0;
    format      ascii;
    class       surfaceScalarField;
    location    "1.2";
    object      phi;
}
// * * * * * * * * * * * * * * * * * * * * * * * * * * * * * * * * * * * * * //

dimensions      [0 3 -1 0 0 0 0];

internalField   nonuniform List<scalar> 
760
(
0.00134819048
-0.00134819115
0.00245765262
-0.00110946203
0.00313511948
-0.000677466985
0.00355964867
-0.000424529287
0.00383211775
-0.000272469066
0.0040092483
-0.000177130465
0.00412494664
-0.00011569831
0.00419889941
-7.39528113e-05
0.00424208421
-4.31848529e-05
0.00426019646
-1.81122905e-05
0.00425527723
4.91922369e-06
0.004226443
2.88342288e-05
0.00416911902
5.73239782e-05
0.00407336804
9.57509728e-05
0.00391979096
0.000153577076
0.00367191485
0.000247876094
0.00326310492
0.000408809905
0.00257262284
0.000690482044
0.00140850339
0.00116411941
0.00140850338
-5.46942395e-05
-0.0012934968
0.000412557105
-0.00157671361
0.00102990862
-0.00129481873
0.00157846414
-0.000973084845
0.00201442723
-0.000708432145
0.00234420895
-0.000506912198
0.00258439811
-0.000355887542
0.0027504313
-0.000239986092
0.0028536519
-0.000146405507
0.00290085025
-6.53106478e-05
0.00289444184
1.13276511e-05
0.0028320711
9.12050076e-05
0.00270636915
0.000183025967
0.00250373627
0.000298383878
0.00220362584
0.000453687521
0.00178056275
0.000670939172
0.00121736285
0.000972009796
0.000552716819
0.00135512808
1.30421839e-05
0.00170379407
0.00142154553
-0.000271758749
-0.00102173813
-0.000221134449
-0.00162733797
7.11166118e-05
-0.00158706986
0.000445843485
-0.00134781174
0.000811828634
-0.00107441728
0.00112841508
-0.000823498638
0.00138099069
-0.000608463187
0.00156675749
-0.000425752958
0.00168702012
-0.000266668187
0.0017432867
-0.000121577257
0.00173541855
1.91957896e-05
0.00166085328
0.000165770301
0.00151457562
0.000329303653
0.00129030108
0.000522658448
0.000984266562
0.000759722035
0.000604478573
0.00105072713
0.00018952055
0.00138696778
-0.000160207269
0.00170485588
-0.000261687186
0.00180527397
0.00115985833
-0.000227989938
-0.000793748296
-0.000361374527
-0.00149395341
-0.000308698035
-0.0016397464
-0.000135428633
-0.00152108115
8.83419707e-05
-0.00129818785
0.000313846974
-0.0010490036
0.000511907583
-0.00080652379
0.000666762703
-0.000580608099
0.00077033573
-0.00037024124
0.000818339162
-0.000169580704
0.000808065979
2.94689722e-05
0.000737648252
0.000236188039
0.00060655528
0.000460396636
0.00041795144
0.000711262285
0.000183615652
0.000994057793
-6.78407867e-05
0.00130218353
-0.000281022895
0.00160014985
-0.0003696185
0.00179345146
-0.000247050401
0.00168270585
0.000912807919
-0.000169032072
-0.000624716274
-0.000352242846
-0.00131074262
-0.000432008692
-0.00155998059
-0.000409623632
-0.00154346622
-0.000320427876
-0.00138738357
-0.000201355859
-0.00116807559
-8.13056534e-05
-0.000926573985
1.99006049e-05
-0.000681814367
8.96381522e-05
-0.000439978801
0.000120309406
-0.000200251965
0.000107976057
4.18023282e-05
5.19858134e-05
0.000292178302
-4.42212741e-05
0.000556603743
-0.000170927866
0.000837968875
-0.000308616732
0.00113174663
-0.000424155382
0.00141772213
-0.000470451377
0.00164644584
-0.000398034049
0.00172103413
-0.000196490349
0.00148116214
0.000716317569
-0.000124266973
-0.000500449341
-0.000308582174
-0.00112642741
-0.000450973273
-0.00141758953
-0.00052394804
-0.00147049147
-0.000536406802
-0.00137492476
-0.000509432296
-0.00119505006
-0.000464647633
-0.000971358616
-0.00041971711
-0.000726744866
-0.00038737421
-0.000472321683
-0.000375691682
-0.000211934475
-0.000388455443
5.45661167e-05
-0.000425062422
0.000328785318
-0.000479772043
0.000611313398
-0.00054035901
0.000898555846
-0.000586736519
0.0011781241
-0.000591161487
0.00142214706
-0.000523484983
0.00157876935
-0.000366893224
0.00156444238
-0.000150640161
0.00126490907
0.000565677408
-9.46449745e-05
-0.000405804386
-0.000264884071
-0.000956188319
-0.000431188041
-0.00125128559
-0.000557666531
-0.00134401299
-0.00063772386
-0.0012948674
-0.000679294739
-0.00115347917
-0.000695283603
-0.000955369732
-0.000698406227
-0.000723622216
-0.000698828884
-0.000471899006
-0.000703229007
-0.000207534337
-0.000714373832
6.57109649e-05
-0.000730732759
0.00034514428
-0.00074597989
0.000626560563
-0.000748596188
0.000901172146
-0.000722253392
0.00115178126
-0.000648392712
0.00134828635
-0.00051321177
0.00144358843
-0.000321366838
0.00137259748
-0.000116529706
0.00106007194
0.000449147701
-7.54035093e-05
-0.000330400885
-0.000228399901
-0.000803191946
-0.000398721044
-0.00108096447
-0.000551097859
-0.00119163618
-0.000671373211
-0.00117459203
-0.000758495639
-0.00106635674
-0.00081784228
-0.000896023076
-0.000856744937
-0.000684719529
-0.000881834704
-0.000446809214
-0.000897572645
-0.000191796378
-0.000905432993
7.35713362e-05
-0.000903426043
0.000343137367
-0.000885900562
0.000609035117
-0.000843866268
0.000859137855
-0.000766401589
0.00107431655
-0.000644067209
0.00122595194
-0.000475345679
0.00127486693
-0.000276423774
0.0011736756
-9.2163363e-05
0.000875811532
0.00035698433
-6.23286883e-05
-0.000268072205
-0.00019867082
-0.000666849844
-0.00036313771
-0.000916497586
-0.000524217723
-0.00103055615
-0.000664900774
-0.00103390896
-0.000778719055
-0.000952538471
-0.000865485624
-0.000809256491
-0.000927895534
-0.000622309571
-0.000969155958
-0.000405548744
-0.000991471421
-0.000169480882
-0.000995148485
7.72484347e-05
-0.000978170476
0.000326159407
-0.000936248479
0.000567113166
-0.000863547522
0.000786436909
-0.000754456191
0.000965225191
-0.000606850717
0.00107834646
-0.000427080864
0.00109509712
-0.000236097376
0.000982692136
-7.43639973e-05
0.000714078152
0.000282620319
-5.27857023e-05
-0.000215286514
-0.000173865047
-0.000545770532
-0.000327652781
-0.000762709835
-0.000487004366
-0.000871204546
-0.000634556519
-0.000886356795
-0.000760964191
-0.000826130809
-0.000862343435
-0.000707877226
-0.000937891566
-0.000546761378
-0.000988019289
-0.000355420957
-0.00101304851
-0.00014445161
-0.00101242562
7.66255925e-05
-0.000984413181
0.000298147024
-0.000926299126
0.000508999167
-0.000835256192
0.000695393997
-0.000710036994
0.000840005984
-0.000553628275
0.000921937747
-0.000376687538
0.000918156424
-0.000200960546
0.000806965161
-6.08611905e-05
0.000573978786
0.000221759116
-4.52897523e-05
-0.000169996767
-0.000152424727
-0.000438635582
-0.000293238262
-0.000621896264
-0.000444661046
-0.000719781733
-0.000590197901
-0.000740819937
-0.000719278498
-0.000697050224
-0.000825807792
-0.000601347912
-0.000906602993
-0.000465966118
-0.00096004564
-0.000301978244
-0.000985086217
-0.000119410981
-0.000980643676
7.21830967e-05
-0.000945422488
0.00026292589
-0.000878192177
0.000441768907
-0.00077860007
0.000595801914
-0.000648571705
0.000709977618
-0.000494241314
0.000767607373
-0.000328095586
0.000752010731
-0.000170620887
0.000649490468
-5.02630278e-05
0.000453620916
0.000171496088
-3.90306774e-05
-0.000130966086
-0.00013329788
-0.000344368398
-0.000260140824
-0.000495053268
-0.000400059852
-0.000579862679
-0.000537976796
-0.00060290301
-0.000663118685
-0.000571908355
-0.000768259747
-0.000496206834
-0.000848764374
-0.000385461445
-0.000901691681
-0.000249050888
-0.000925107577
-9.59950498e-05
-0.000917679128
6.47546767e-05
-0.000878595586
0.000223842381
-0.000807852514
0.00037102587
-0.000706923455
0.000494872872
-0.0005797971
0.000582851265
-0.000434248586
0.000622058879
-0.000283030669
0.00060079284
-0.000144462916
0.000510922715
-4.17227421e-05
0.000350880742
0.000129773361
-3.35586399e-05
-9.74074345e-05
-0.000115803809
-0.000262123246
-0.000228353087
-0.000382503931
-0.000354811075
-0.000453404669
-0.000481735253
-0.000475978878
-0.000598761121
-0.000454882523
-0.000698272762
-0.000396695184
-0.000774880286
-0.000308853885
-0.00082488638
-0.000199044763
-0.000845863949
-7.50174633e-05
-0.000836419849
5.5310588e-05
-0.000796189598
0.000183612148
-0.000726086525
0.000300922818
-0.000628800318
0.000397586679
-0.000509488411
0.000463539367
-0.000376518173
0.000489088663
-0.000242007303
0.000466281982
-0.000121824255
0.000390739661
-3.46885728e-05
0.000263745073
9.5084805e-05
-2.85935256e-05
-6.88138912e-05
-9.94461875e-05
-0.00019127061
-0.000197697039
-0.000284253027
-0.000309701181
-0.000341400507
-0.000423716027
-0.000361964095
-0.000530136308
-0.000348462296
-0.000621439492
-0.000305391997
-0.000691973243
-0.000238320098
-0.000737698382
-0.000153319591
-0.00075597725
-5.67385777e-05
-0.000745469846
4.48031955e-05
-0.000706174596
0.000144316913
-0.000639625169
0.000234373412
-0.000549222557
0.00030718409
-0.000440636833
0.000354953666
-0.000322155095
0.00037060695
-0.000204796543
0.000348923426
-0.000102001622
0.000287944723
-2.87494637e-05
0.000190492925
6.63353347e-05
-2.3911576e-05
-4.49022943e-05
-8.37631245e-05
-0.000131419098
-0.000167795161
-0.000200220963
-0.000264870522
-0.000244325122
-0.000364938148
-0.000261896526
-0.000459339439
-0.000254061064
-0.000540947646
-0.000223783797
-0.000604179668
-0.000175088042
-0.00064494273
-0.000112556488
-0.000660578861
-4.11024189e-05
-0.000649856131
3.40804842e-05
-0.00061303461
0.000107495408
-0.000552009669
0.000173348492
-0.000470504953
0.000225679407
-0.000374252368
0.000258701121
-0.000271061369
0.000267415983
-0.000170660757
0.000248522801
-8.42208473e-05
0.00020150479
-2.35437182e-05
0.000129815795
4.27915914e-05
-1.92823328e-05
-2.5619944e-05
-6.82420062e-05
-8.2459447e-05
-0.000138052509
-0.000130410477
-0.000219918954
-0.000162458662
-0.000305432072
-0.000176383438
-0.000386968328
-0.000172524847
-0.000457986135
-0.000152766004
-0.000513200283
-0.000119873882
-0.000548669369
-7.70873828e-05
-0.000561844983
-2.7926796e-05
-0.000551623679
2.38591774e-05
-0.000518423869
7.42955875e-05
-0.000464284603
0.000119209225
-0.000392956574
0.0001543514
-0.000309928411
0.000175673002
-0.000222311509
0.000179799117
-0.000138507515
0.000164718798
-6.76250582e-05
0.000130622324
-1.87089185e-05
8.08996599e-05
2.40826775e-05
-1.44499704e-05
-1.11699741e-05
-5.23258334e-05
-4.45835571e-05
-0.000107725447
-7.50109226e-05
-0.000174048466
-9.61356639e-05
-0.000244446597
-0.000105985329
-0.000312376267
-0.000104595197
-0.000372027951
-9.31143356e-05
-0.000418606171
-7.32956718e-05
-0.000448496134
-4.71974339e-05
-0.000459367392
-1.70555617e-05
-0.000450254604
1.47463569e-05
-0.000421635517
4.56764642e-05
-0.000375499342
7.30730298e-05
-0.000315376473
9.42285497e-05
-0.000246277075
0.000106573659
-0.000174473374
0.000107995472
-0.000107067052
9.73124894e-05
-5.13262341e-05
7.48815291e-05
-1.38710979e-05
4.34445542e-05
1.02116305e-05
-9.16636684e-06
-2.00364328e-06
-3.5545323e-05
-1.82045055e-05
-7.6137904e-05
-3.44183987e-05
-0.000126316932
-4.59567087e-05
-0.000180700226
-5.16020822e-05
-0.000233900332
-5.13951048e-05
-0.000281032018
-4.59826433e-05
-0.000318023199
-3.63044811e-05
-0.000341792464
-2.34281651e-05
-0.00035035637
-8.49166542e-06
-0.000342909369
7.2993293e-06
-0.000319893821
2.2660877e-05
-0.000283053103
3.62322781e-05
-0.000235439066
4.66145127e-05
-0.000181326692
5.24613237e-05
-0.000125975748
5.26445651e-05
-7.51796074e-05
4.65163523e-05
-3.45699121e-05
3.42718527e-05
-8.68643347e-06
1.7561109e-05
1.52522909e-06
-3.425104e-06
1.4213915e-06
-1.79750206e-05
-3.65445481e-06
-4.32370209e-05
-9.15634635e-06
-7.61325181e-05
-1.30612135e-05
-0.000112737827
-1.49967928e-05
-0.00014906847
-1.5064476e-05
-0.00018152426
-1.35268566e-05
-0.00020712492
-1.07038177e-05
-0.000223625439
-6.9276409e-06
-0.000229581145
-2.53596266e-06
-0.000224401216
2.11937972e-06
-0.000208401745
6.66136142e-06
-0.000182852325
1.06828075e-05
-0.000149990709
1.37528804e-05
-0.000112969287
1.54399339e-05
-7.56820872e-05
1.53574112e-05
-4.24095593e-05
1.32438432e-05
-1.72248613e-05
9.08717571e-06
-3.09623384e-06
3.43250918e-06
-1.57099498e-06
1.42135378e-06
-2.23314517e-06
-1.13895291e-05
-2.44507662e-05
-3.94475729e-05
-5.45120563e-05
-6.80389125e-05
-7.87427207e-05
-8.56703479e-05
-8.82063061e-05
-8.60869436e-05
-7.9425616e-05
-6.8742828e-05
-5.49899193e-05
-3.95499244e-05
-2.41924903e-05
-1.09486851e-05
-1.86152084e-06
1.57100447e-06
)
;

boundaryField
{
    walls
    {
        type            calculated;
        value           uniform 0;
    }
    mov_wall
    {
        type            calculated;
        value           uniform 0;
    }
    empty
    {
        type            empty;
        value           nonuniform 0();
    }
}


// ************************************************************************* //
