/*--------------------------------*- C++ -*----------------------------------*\
| =========                 |                                                 |
| \\      /  F ield         | OpenFOAM: The Open Source CFD Toolbox           |
|  \\    /   O peration     | Version:  5.x                                   |
|   \\  /    A nd           | Web:      www.OpenFOAM.org                      |
|    \\/     M anipulation  |                                                 |
\*---------------------------------------------------------------------------*/
FoamFile
{
    version     2.0;
    format      ascii;
    class       volVectorField;
    location    "1.2";
    object      U;
}
// * * * * * * * * * * * * * * * * * * * * * * * * * * * * * * * * * * * * * //

dimensions      [0 1 -1 0 0 0 0];

internalField   nonuniform List<vector> 
400
(
(0.291700235 0.149645646 0)
(0.388190741 0.128008686 0)
(0.557616736 0.0757306414 0)
(0.674778257 0.0433012593 0)
(0.743746969 0.0251546693 0)
(0.787041292 0.0148755018 0)
(0.815415407 0.00892658214 0)
(0.833880326 0.0053066509 0)
(0.845298011 0.00289770227 0)
(0.851277795 0.00108453132 2.66530115e-34)
(0.852569618 -0.000501720804 -2.66530115e-34)
(0.849287521 -0.00215837944 0)
(0.84091426 -0.00421389047 0)
(0.826064662 -0.00721727319 0)
(0.801982588 -0.0122326606 0)
(0.763512596 -0.0213855723 0)
(0.699473245 -0.0388354816 0)
(0.584550654 -0.0722710046 0)
(0.407899911 -0.128435457 0)
(0.300688824 -0.15294824 0)
(0.00120534456 0.287436153 0)
(0.0133196908 0.293870448 0)
(0.140030858 0.209893799 0)
(0.26493613 0.142966673 0)
(0.364113098 0.0967771528 0)
(0.440022645 0.0654147989 0)
(0.496411449 0.0439521295 0)
(0.536533767 0.0286821964 0)
(0.563096906 0.0170680165 0)
(0.577948864 0.00741928308 0)
(0.582020958 -0.00149686121 0)
(0.575334762 -0.0107865563 0)
(0.556946001 -0.0217179156 0)
(0.524773462 -0.0361192868 0)
(0.475406728 -0.0569414298 0)
(0.404243803 -0.0889554049 0)
(0.305633671 -0.139131265 0)
(0.174469402 -0.215259997 0)
(0.0340971278 -0.310792499 0)
(0.0108681394 -0.305908022 0)
(-0.032147591 0.241775436 0)
(-0.0634405406 0.333533397 0)
(-0.0219695495 0.299468135 0)
(0.0505320729 0.239999342 0)
(0.127287906 0.182957263 0)
(0.196663824 0.13538817 0)
(0.253968551 0.0973914654 0)
(0.297852193 0.0668406956 0)
(0.328401986 0.0413445984 0)
(0.346029054 0.0187700381 -2.35801035e-33)
(0.350931104 -0.00280086987 2.35801035e-33)
(0.342858507 -0.025268155 0)
(0.32103327 -0.0507881413 0)
(0.284222109 -0.0820425104 0)
(0.231158092 -0.122421892 0)
(0.161789193 -0.175599728 0)
(0.0797500183 -0.243154919 0)
(-0.00338410161 -0.317938563 0)
(-0.0578704835 -0.366335706 0)
(-0.0313921171 -0.270682256 0)
(-0.0261233636 0.182355729 0)
(-0.0666382914 0.316848688 0)
(-0.0735897549 0.330832987 0)
(-0.0482268684 0.295256519 0)
(-0.00581914073 0.244140548 0)
(0.0409126332 0.192315658 0)
(0.0842953321 0.144989155 0)
(0.120132347 0.102922301 0)
(0.146262636 0.0650997436 0)
(0.161586518 0.0298680614 2.35551497e-33)
(0.165473117 -0.0046796257 -2.35551497e-33)
(0.157473819 -0.0406225119 0)
(0.137290229 -0.0802286051 0)
(0.1050291 -0.125885752 0)
(0.0618821117 -0.179669823 0)
(0.0114535412 -0.241922731 0)
(-0.0381324144 -0.307664891 0)
(-0.0721066304 -0.359497316 0)
(-0.0711857571 -0.355530914 0)
(-0.0287248499 -0.20915937 0)
(-0.0176341693 0.14075024 0)
(-0.054941928 0.281762174 0)
(-0.0829280645 0.324372965 0)
(-0.0881915711 0.31224919 0)
(-0.0752903335 0.274274035 0)
(-0.0528539536 0.226608607 0)
(-0.0277895056 0.177149292 0)
(-0.00490023667 0.129023792 0)
(0.0126731965 0.0828340802 0)
(0.022991201 0.03790459 -2.94552949e-34)
(0.0249450498 -0.00707865232 2.94552948e-34)
(0.0180674241 -0.0537290175 0)
(0.00257067935 -0.103690406 0)
(-0.0203600365 -0.158227148 0)
(-0.0479917125 -0.217372437 0)
(-0.0752263718 -0.278185467 0)
(-0.0937364019 -0.331543408 0)
(-0.0922874162 -0.357273209 0)
(-0.0635302402 -0.318794875 0)
(-0.0207351607 -0.162045529 0)
(-0.0116595011 0.111560001 0)
(-0.0431803317 0.243666148 0)
(-0.078354063 0.299701171 0)
(-0.100700715 0.30479919 0)
(-0.108486833 0.280197203 0)
(-0.105946474 0.240145963 0)
(-0.0978145412 0.193077964 0)
(-0.0881110416 0.143388348 0)
(-0.0798797934 0.0929262192 0)
(-0.0751844798 0.0420407203 0)
(-0.0752026426 -0.00972659411 0)
(-0.080271128 -0.063154988 0)
(-0.089804799 -0.118884083 0)
(-0.102074564 -0.176804195 0)
(-0.113901724 -0.235085041 0)
(-0.120441125 -0.288630955 0)
(-0.115340229 -0.32688106 0)
(-0.0923273939 -0.331397432 0)
(-0.0522085662 -0.275004892 0)
(-0.0142882568 -0.127217276 0)
(-0.00803698104 0.0899206683 0)
(-0.0343322812 0.207743221 0)
(-0.0704349132 0.267537156 0)
(-0.101072684 0.283255836 0)
(-0.121671615 0.269477344 0)
(-0.133271639 0.237535898 0)
(-0.13838714 0.195143014 0)
(-0.139734542 0.147028722 0)
(-0.139671915 0.0957729418 0)
(-0.139914742 0.0425576412 0)
(-0.141425443 -0.0122189164 0)
(-0.144348635 -0.0684197593 0)
(-0.147921933 -0.125638744 0)
(-0.150366477 -0.182552329 0)
(-0.148848349 -0.236050875 0)
(-0.139698355 -0.280120513 0)
(-0.119102571 -0.304649297 0)
(-0.0849215384 -0.294749252 0)
(-0.0422217643 -0.232013436 0)
(-0.0100093258 -0.100656968 0)
(-0.00590249201 0.0730960238 0)
(-0.0280738259 0.175296073 0)
(-0.0625165015 0.233210784 0)
(-0.0962853893 0.254353254 0)
(-0.123915343 0.248342051 0)
(-0.144504024 0.223666324 0)
(-0.158821206 0.186798109 0)
(-0.16829315 0.142222284 0)
(-0.174410205 0.0928124411 0)
(-0.178336482 0.0403139153 0)
(-0.180696314 -0.0141701159 0)
(-0.181455167 -0.0697022578 0)
(-0.179848555 -0.125008323 0)
(-0.174375428 -0.177904088 0)
(-0.16294379 -0.224634943 0)
(-0.143310436 -0.259200889 0)
(-0.113904706 -0.27291169 0)
(-0.0753500495 -0.254657477 0)
(-0.0343308456 -0.192764337 0)
(-0.00728680577 -0.0799313353 0)
(-0.00459606246 0.0594448763 0)
(-0.0235592917 0.146355939 0)
(-0.055379383 0.199388346 0)
(-0.0893807183 0.222372051 0)
(-0.12013755 0.221467717 0)
(-0.145717508 0.202791786 0)
(-0.165698145 0.17149948 0)
(-0.180458812 0.131547948 0)
(-0.19068123 0.08580169 0)
(-0.196965984 0.0363122126 2.97720558e-34)
(-0.199596704 -0.0153280422 -2.97720558e-34)
(-0.198412722 -0.0675972788 0)
(-0.192767064 -0.118626901 0)
(-0.181589959 -0.165757817 0)
(-0.163624099 -0.205104778 0)
(-0.137913985 -0.231236463 0)
(-0.1045379 -0.237189316 0)
(-0.0656813196 -0.215127049 0)
(-0.0281797489 -0.158075421 0)
(-0.00551149883 -0.0634017598 0)
(-0.00373440443 0.0480113714 0)
(-0.0201274886 0.120639964 0)
(-0.0490299358 0.167386481 0)
(-0.0816625123 0.189940929 0)
(-0.113021249 0.192119957 0)
(-0.140719228 0.178203369 4.67996211e-33)
(-0.16360114 0.152157837 0)
(-0.181293104 0.11732058 0)
(-0.193831953 0.0763634086 -4.74075326e-33)
(-0.201343542 0.0314340903 2.26849707e-36)
(-0.203832432 -0.015604696 4.98427452e-36)
(-0.201073325 -0.0628861731 0)
(-0.192597065 -0.108227596 0)
(-0.177788925 -0.148825016 0)
(-0.156140555 -0.18100955 0)
(-0.127688564 -0.200168821 0)
(-0.0935681923 -0.200991336 0)
(-0.0566776557 -0.178196541 0)
(-0.0233142571 -0.127911052 0)
(-0.00429546507 -0.0499770984 0)
(-0.00311453273 0.038252815 0)
(-0.0173600119 0.0978499829 0)
(-0.0433091207 0.137838903 0)
(-0.0737021013 0.158632404 0)
(-0.104079599 0.162471349 0)
(-0.13193616 0.152266154 -4.67996211e-33)
(-0.155717953 0.130990472 0)
(-0.174560991 0.101371585 0)
(-0.188041908 0.0657904747 4.74075326e-33)
(-0.195934903 0.0263351824 1.49110586e-33)
(-0.198047358 -0.0150511265 -1.49835863e-33)
(-0.19414053 -0.0563727201 0)
(-0.18393629 -0.0953705671 0)
(-0.16722242 -0.129337867 0)
(-0.144077263 -0.155018219 0)
(-0.115214732 -0.168669186 0)
(-0.0823542872 -0.166390164 0)
(-0.0485778873 -0.144777036 0)
(-0.0193909125 -0.101928151 0)
(-0.00341964305 -0.0389405087 0)
(-0.00263177676 0.0298525341 0)
(-0.0150107339 0.077739101 0)
(-0.0380672189 0.111033945 0)
(-0.0657643155 0.129365461 0)
(-0.0942010997 0.133914509 0)
(-0.12094061 0.12659033 0)
(-0.144257322 0.109570413 0)
(-0.16300387 0.0850282629 0)
(-0.176461073 0.0550109603 0)
(-0.184170178 0.0214393852 2.99748311e-34)
(-0.185817645 -0.0138106666 -2.99748311e-34)
(-0.181185135 -0.0487860867 0)
(-0.170168363 -0.0813293046 0)
(-0.152871846 -0.108986026 0)
(-0.1297864 -0.128996435 0)
(-0.102033947 -0.138428879 0)
(-0.0715840793 -0.134510437 0)
(-0.041405003 -0.115160304 0)
(-0.0161719387 -0.0796950707 0)
(-0.00276182786 -0.0298012712 0)
(-0.00223122398 0.0226147369 0)
(-0.0129349625 0.0601126967 0)
(-0.0331898514 0.0870809865 0)
(-0.0579710192 0.10265563 0)
(-0.0839119066 0.107305015 0)
(-0.10874425 0.102216525 0)
(-0.130717665 0.0889450554 0)
(-0.148551408 0.0691822853 0)
(-0.161359857 0.0446318156 0)
(-0.168548474 0.0169794163 3.001415e-34)
(-0.16974232 -0.0120717726 -3.001415e-34)
(-0.164760479 -0.0407343567 0)
(-0.153639794 -0.0670710665 0)
(-0.136710542 -0.0889651728 0)
(-0.114722842 -0.10416493 0)
(-0.08900275 -0.110441081 0)
(-0.0615542563 -0.105883272 0)
(-0.035082742 -0.0893150238 0)
(-0.013486632 -0.0607824389 0)
(-0.0022502928 -0.022206305 0)
(-0.00188103289 0.0164127325 0)
(-0.0110383153 0.0448209968 0)
(-0.028580198 0.0659984859 0)
(-0.0503544674 0.0787723215 0)
(-0.0734973318 0.083140189 0)
(-0.0959599981 0.0797793517 0)
(-0.116058248 0.0697677268 0)
(-0.132480599 0.0543885353 0)
(-0.144268974 0.0350120515 0)
(-0.150764906 0.0130513296 0)
(-0.151573159 -0.0100310857 0)
(-0.14655438 -0.0326931317 0)
(-0.1358489 -0.0532877993 0)
(-0.119931285 -0.0700706168 0)
(-0.0996906122 -0.0812681118 0)
(-0.0765157046 -0.0852320459 0)
(-0.0523173537 -0.0806896197 0)
(-0.0294771048 -0.0670613952 0)
(-0.0111982695 -0.0448072306 0)
(-0.00183779608 -0.0158965523 0)
(-0.00155773486 0.0111679254 0)
(-0.00924352169 0.031759306 0)
(-0.0241356744 0.0477692909 0)
(-0.0428709098 0.0578446898 0)
(-0.0630595231 0.0616921248 0)
(-0.0828942962 0.0596435218 0)
(-0.100810799 0.0524204612 0)
(-0.11553422 0.0409665032 0)
(-0.12609919 0.0263400449 0)
(-0.131833417 0.00966638105 0)
(-0.132347317 -0.00787019688 0)
(-0.127539049 -0.0250173861 0)
(-0.117615903 -0.0404516651 0)
(-0.10312981 -0.0528028613 0)
(-0.0850204902 -0.0607265698 0)
(-0.0646481422 -0.0630402867 0)
(-0.0437628897 -0.058926835 0)
(-0.0244108603 -0.0481791453 0)
(-0.00918155194 -0.0314603161 0)
(-0.00148720758 -0.010688986 0)
(-0.00123817413 0.00684655289 0)
(-0.00747184129 0.0208761564 0)
(-0.0197343502 0.0323803539 0)
(-0.0354081658 0.0399369291 0)
(-0.0525523858 0.0431085694 0)
(-0.0696061616 0.0420150566 0)
(-0.0851554459 0.0371212679 0)
(-0.0980071835 0.0290928379 0)
(-0.107234997 0.0187039287 0)
(-0.112188405 0.00679379873 0)
(-0.112499712 -0.00574521357 0)
(-0.108096465 -0.0179675974 0)
(-0.099219702 -0.0288802029 0)
(-0.0864448098 -0.0374696732 0)
(-0.0706980712 -0.0427657886 0)
(-0.0532535915 -0.0439515305 0)
(-0.035670294 -0.0405223419 0)
(-0.0196734572 -0.0324762308 0)
(-0.00731025924 -0.020526865 0)
(-0.0011635632 -0.00647308599 0)
(-0.000896288392 0.00346381047 0)
(-0.00563959627 0.0121775339 0)
(-0.0152413934 0.0198407711 0)
(-0.0278069254 0.025090169 0)
(-0.0418173726 0.0274774224 0)
(-0.0559540904 0.0270195014 0)
(-0.0689748769 0.0240046072 0)
(-0.0798054819 0.0188733252 0)
(-0.087598089 0.0121463256 0)
(-0.091754438 0.00439166553 0)
(-0.0919415722 -0.00378432671 0)
(-0.088107409 -0.0117380091 0)
(-0.0804961619 -0.0187941277 0)
(-0.0696599775 -0.0242672971 0)
(-0.0564597416 -0.0275086147 0)
(-0.0420417642 -0.027985256 0)
(-0.0277593372 -0.0253969118 0)
(-0.0150419786 -0.0198201793 0)
(-0.00545756822 -0.0118936871 0)
(-0.000830903388 -0.00321274191 0)
(-0.000505457569 0.00108546068 0)
(-0.00367443056 0.0057181754 0)
(-0.010546015 0.0101822505 0)
(-0.0199101474 0.0133488245 0)
(-0.0306353875 0.0148800784 0)
(-0.0416444077 0.0147730131 0)
(-0.0518970268 0.0131972205 0)
(-0.0604840233 0.010410858 0)
(-0.0666831152 0.00671415057 0)
(-0.0699838059 0.00243114658 0)
(-0.0701038896 -0.00209339286 0)
(-0.0670042325 -0.006492635 0)
(-0.0609018918 -0.0103798089 0)
(-0.0522778698 -0.0133600145 0)
(-0.0418725833 -0.0150571263 0)
(-0.030657392 -0.0151611595 0)
(-0.0197582856 -0.0135010285 0)
(-0.010327933 -0.0101419589 0)
(-0.00351559172 -0.00553799644 0)
(-0.000455099229 -0.000944079739 0)
(-6.43699866e-05 -0.00017500798 0)
(-0.00159309488 0.0016308195 0)
(-0.00567327879 0.00358478115 0)
(-0.0116740497 0.00499089129 0)
(-0.0188133346 0.00569395704 0)
(-0.0262863324 0.00571075511 0)
(-0.0333214279 0.00512710019 0)
(-0.0392512495 0.00405727737 0)
(-0.04354878 0.00262514454 0)
(-0.0458423765 0.000959323075 0)
(-0.0459260893 -0.000805179599 0)
(-0.0437702349 -0.0025240869 0)
(-0.0395320558 -0.00404289851 0)
(-0.0335631829 -0.00520020799 0)
(-0.0264080998 -0.00583727837 0)
(-0.018784587 -0.0058165125 0)
(-0.0115293248 -0.00505259003 0)
(-0.00549849379 -0.00355944971 0)
(-0.00147807929 -0.00154855334 0)
(-3.12890388e-05 0.000232302764 0)
(0.000260177659 -0.000254356242 0)
(0.000150213022 0.00010196665 0)
(-0.00117135571 0.000545506229 0)
(-0.00346812641 0.000860274216 0)
(-0.00635163612 0.0010181339 0)
(-0.00943057564 0.00103392419 0)
(-0.0123520017 0.000932561786 0)
(-0.014823915 0.000740204081 0)
(-0.0166213312 0.000481415883 0)
(-0.0175866588 0.000179596219 1.0830006e-33)
(-0.0176310971 -0.0001414727 -1.0830006e-33)
(-0.016738593 -0.000456133124 0)
(-0.0149717013 -0.000735897629 0)
(-0.0124775405 -0.000949431094 0)
(-0.0094911999 -0.00106368488 0)
(-0.00633273269 -0.00104678533 0)
(-0.00339045592 -0.000873925594 0)
(-0.00108162637 -0.000538146062 0)
(0.000204437096 -8.26872103e-05 0)
(0.000273376288 0.000265556528 0)
)
;

boundaryField
{
    walls
    {
        type            fixedValue;
        value           uniform (0 0 0);
    }
    mov_wall
    {
        type            fixedValue;
        value           uniform (1 0 0);
    }
    empty
    {
        type            empty;
    }
}


// ************************************************************************* //
