/*--------------------------------*- C++ -*----------------------------------*\
| =========                 |                                                 |
| \\      /  F ield         | OpenFOAM: The Open Source CFD Toolbox           |
|  \\    /   O peration     | Version:  5.x                                   |
|   \\  /    A nd           | Web:      www.OpenFOAM.org                      |
|    \\/     M anipulation  |                                                 |
\*---------------------------------------------------------------------------*/
FoamFile
{
    version     2.0;
    format      ascii;
    class       volScalarField;
    location    "9.1";
    object      p;
}
// * * * * * * * * * * * * * * * * * * * * * * * * * * * * * * * * * * * * * //

dimensions      [0 2 -2 0 0 0 0];

internalField   nonuniform List<scalar> 
400
(
4.06594268e-07
2.45245934
3.49432294
3.89887911
4.10664709
4.22470657
4.29429119
4.34027801
4.37633851
4.41011067
4.44675964
4.4909145
4.5476541
4.62448917
4.73479742
4.90459596
5.18237959
5.68420088
6.84131539
9.41172439
1.88670508
2.86728915
3.41988333
3.7477436
3.96518059
4.10974709
4.20767412
4.27899203
4.33674455
4.3896129
4.44424515
4.50657168
4.58333322
4.68329745
4.81972597
5.01367882
5.29402212
5.69846884
6.33841527
7.4283709
2.98207753
3.26252995
3.54233082
3.77067927
3.9457054
4.07571554
4.17322545
4.25000308
4.31527533
4.37623562
4.43892482
4.50902139
4.59257489
4.69678243
4.83084978
5.00663786
5.23632147
5.52393907
5.86049051
6.19823719
3.5277839
3.58534254
3.72178517
3.86537646
3.98906376
4.09083206
4.17461002
4.24571379
4.30952664
4.37102282
4.43477426
4.50520411
4.58678826
4.68425434
4.80245085
4.94569233
5.11574911
5.30514773
5.47833675
5.55963865
3.84421678
3.8268802
3.8851796
3.96938268
4.05221942
4.12779063
4.1956683
4.25747755
4.31592264
4.37409193
4.43506468
4.50185723
4.57733088
4.66400583
4.76350373
4.87551066
4.99635869
5.11480156
5.1958457
5.18371556
4.04550072
4.00365845
4.02142579
4.06784956
4.12138203
4.17574052
4.2288544
4.2805374
4.33185988
4.38449138
4.44027057
4.50096763
4.56804843
4.6423261
4.72332607
4.80836603
4.89180636
4.96267758
4.9930803
4.94680767
4.1805853
4.13383043
4.13183842
4.15536823
4.18883315
4.22706622
4.26772648
4.30987132
4.353637
4.399731
4.44903795
4.5023364
4.56001845
4.6217214
4.68578509
4.74862566
4.80455938
4.84466528
4.8486242
4.79367966
4.27565809
4.23084196
4.21965954
4.22967387
4.24984536
4.27635424
4.30712178
4.34098213
4.37757799
4.41699863
4.45945107
4.50499582
4.55328473
4.60324869
4.65270458
4.69801088
4.73425823
4.75484633
4.74556001
4.69204171
4.34467362
4.30373044
4.28862834
4.29082692
4.30237572
4.32057117
4.34372946
4.37070113
4.40089234
4.43401494
4.46982783
4.50791729
4.54748296
4.58710842
4.62451279
4.65641275
4.67889313
4.68733267
4.67187874
4.62321601
4.39525864
4.3585038
4.34215647
4.3399574
4.3459884
4.35836063
4.37576038
4.3971443
4.42182448
4.44929785
4.47905009
4.51038634
4.54227363
4.57319182
4.60099955
4.62292543
4.63599507
4.63709174
4.61932412
4.57637701
4.43196284
4.3992569
4.38305362
4.37850964
4.38106488
4.38939521
4.40248662
4.41942367
4.43950116
4.46210782
4.48658137
4.51208604
4.53750726
4.5613681
4.5817753
4.59648035
4.60329366
4.60017279
4.58220505
4.54489313
4.45777564
4.42889492
4.41357953
4.40794397
4.40837857
4.41394626
4.42386325
4.43733768
4.4536873
4.47226013
4.49232987
4.51301283
4.53320574
4.55155068
4.56643224
4.57606954
4.5788847
4.57357374
4.55655439
4.52447717
4.47482659
4.44957253
4.43556052
4.42961972
4.42885209
4.43259266
4.44023449
4.45109759
4.46454211
4.47991488
4.49647636
4.51334934
4.52949018
4.54368774
4.55459112
4.56080997
4.56122632
4.55503501
4.53957236
4.51225856
4.48472959
4.46295841
4.45049222
4.44475065
4.44341585
4.44602793
4.45212152
4.46111648
4.47242199
4.4854025
4.49932997
4.51335804
4.52651881
4.53774536
4.54591728
4.54995841
4.54909279
4.54285613
4.52925448
4.50627102
4.48877325
4.47040178
4.45961981
4.45439265
4.45292658
4.45493608
4.46007784
4.46786095
4.47774087
4.48910202
4.50123179
4.51331586
4.52445508
4.53370522
4.5401338
4.54291215
4.54152232
4.53574778
4.52413368
4.50513483
4.48806063
4.47305618
4.46400846
4.45945436
4.4581304
4.45992341
4.46460458
4.471762
4.48088621
4.49136968
4.50250171
4.51348253
4.52345738
4.53157012
4.53702966
4.53919871
4.53776159
4.53270703
4.52308277
4.50782037
4.48366775
4.47200972
4.46464006
4.46076188
4.45970111
4.46153639
4.46615285
4.47320534
4.48219997
4.4925133
4.50340887
4.51406938
4.52364666
4.53132827
4.5364149
4.5384117
4.53716958
4.53287752
4.5251257
4.51341541
4.47685483
4.46838721
4.46242876
4.45901508
4.45816148
4.4601694
4.46503443
4.47245684
4.48192726
4.49276962
4.50418053
4.5152796
4.52517388
4.53303829
4.53820732
4.54027749
4.53923825
4.53549773
4.52928698
4.52085547
4.4692853
4.46319385
4.45767384
4.45396754
4.45292146
4.45508865
4.46054238
4.46896782
4.4797705
4.49214839
4.50515346
4.51775773
4.52893051
4.5377337
4.54343386
4.54563027
4.54440368
4.54041543
4.53469838
4.52866535
4.46344814
4.45752244
4.45037
4.44492655
4.44290294
4.44509493
4.45156689
4.46187225
4.47521421
4.49055054
4.50667172
4.52227538
4.53605278
4.54679881
4.55355148
4.5557648
4.55351964
4.54774876
4.54035087
4.53446149
)
;

boundaryField
{
    walls
    {
        type            zeroGradient;
    }
    mov_wall
    {
        type            zeroGradient;
    }
    empty
    {
        type            empty;
    }
}


// ************************************************************************* //
