/*--------------------------------*- C++ -*----------------------------------*\
| =========                 |                                                 |
| \\      /  F ield         | OpenFOAM: The Open Source CFD Toolbox           |
|  \\    /   O peration     | Version:  5.x                                   |
|   \\  /    A nd           | Web:      www.OpenFOAM.org                      |
|    \\/     M anipulation  |                                                 |
\*---------------------------------------------------------------------------*/
FoamFile
{
    version     2.0;
    format      ascii;
    class       surfaceScalarField;
    location    "9.1";
    object      phi;
}
// * * * * * * * * * * * * * * * * * * * * * * * * * * * * * * * * * * * * * //

dimensions      [0 3 -1 0 0 0 0];

internalField   nonuniform List<scalar> 
760
(
0.00134817683
-0.00134817703
0.00245763988
-0.00110946305
0.00313513474
-0.000677494863
0.00355971576
-0.000424581013
0.00383225134
-0.000272535578
0.00400945218
-0.000177200838
0.00412521452
-0.000115762347
0.00419921709
-7.40025696e-05
0.00424243236
-4.32152751e-05
0.00426055359
-1.8121225e-05
0.00425562236
4.93123464e-06
0.00422675779
2.88645732e-05
0.0041693894
5.73683801e-05
0.00407358505
9.58043551e-05
0.00391995094
0.000153634111
0.0036720193
0.000247931644
0.00326316024
0.000408859066
0.00257264077
0.00069051946
0.00140850173
0.00116413903
0.00140850173
-5.46951591e-05
-0.00129348187
0.000412592762
-0.00157675097
0.0010300299
-0.001294932
0.00157871394
-0.000973265058
0.00201483275
-0.000708654387
0.0023447773
-0.000507145385
0.00258511635
-0.000356101387
0.00275126944
-0.000240155659
0.00285456781
-0.000146513654
0.00290179533
-6.53487487e-05
0.00289536661
1.13599592e-05
0.00283293038
9.1300815e-05
0.00270712575
0.000183173008
0.00250436375
0.00029856635
0.00220410989
0.000453887969
0.00178090173
0.000671139805
0.001217568
0.000972192803
0.000552812565
0.0013552749
1.3066486e-05
0.00170388512
0.00142156821
-0.000271734609
-0.00102174726
-0.000221026524
-0.00162745905
7.13678729e-05
-0.0015873264
0.000446285713
-0.0013481829
0.000812489734
-0.00107485841
0.00112929931
-0.000823954958
0.00138207835
-0.000608880421
0.00156800791
-0.000426085215
0.00168837698
-0.000266882733
0.00174468455
-0.000121656321
0.00173678977
1.92547408e-05
0.00166213443
0.000165956162
0.00151571289
0.000329594547
0.00129125425
0.000523024996
0.000985011695
0.000760130516
0.000605009653
0.00105114184
0.000189850709
0.00138735175
-0.000160045075
0.00170517069
-0.000261640624
0.00180548067
0.00115992758
-0.000227941566
-0.000793805694
-0.000361197284
-0.00149420333
-0.000308328176
-0.0016401955
-0.000134821163
-0.00152168991
8.9209425e-05
-0.001298889
0.000314971903
-0.00104971744
0.00051326303
-0.000807171545
0.000668300043
-0.000581122224
0.000771990348
-0.000370573036
0.000820036134
-0.00016970211
0.000809727665
2.95632065e-05
0.000739201034
0.000236482795
0.000607935677
0.000460859909
0.000419110881
0.000711849795
0.000184524333
0.000994717062
-6.71911743e-05
0.00130285735
-0.000280617545
0.00160077812
-0.000369418479
0.00179397163
-0.000246993629
0.00168305583
0.000912933948
-0.000168965211
-0.000624840486
-0.000352016171
-0.00131115237
-0.000431557661
-0.00156065401
-0.000408908952
-0.00154433862
-0.000319435149
-0.00138836281
-0.000200095155
-0.00116905744
-7.98100595e-05
-0.000927456641
2.15782709e-05
-0.00068251055
9.14287152e-05
-0.000440423476
0.000122135403
-0.000200408799
0.00010975721
4.19413946e-05
5.36457237e-05
0.000292594278
-4.27490014e-05
0.000557254638
-0.000169694027
0.000838794828
-0.000307652425
0.00113267546
-0.000423468624
0.00141867354
-0.000470024872
0.00164733436
-0.000397824826
0.00172177158
-0.000196431028
0.00148166204
0.000716502922
-0.000124192133
-0.000500648353
-0.000308335634
-0.00112700887
-0.000450494093
-0.00141849555
-0.000523204003
-0.0014716287
-0.000535391038
-0.00137617577
-0.000508160798
-0.00119628768
-0.000463156869
-0.000972460574
-0.000418060923
-0.000727606495
-0.000385618997
-0.000472865395
-0.000373912052
-0.000212115739
-0.000386727913
5.47572528e-05
-0.000423459489
0.000329325847
-0.000478356367
0.000612151514
-0.000539178267
0.000899616733
-0.000585818872
0.00117931608
-0.000590512328
0.001423367
-0.000523085127
0.00157990716
-0.000366699084
0.00156538553
-0.000150585988
0.00126554894
0.000565916939
-9.45729285e-05
-0.000406075421
-0.00026464974
-0.000956932061
-0.000430738382
-0.00125240691
-0.000556976936
-0.00134539015
-0.000636793204
-0.0012963595
-0.000678141745
-0.00115493914
-0.000693943906
-0.000956658418
-0.000696929225
-0.000724621179
-0.000697274045
-0.000472520573
-0.000701661743
-0.000207728032
-0.000712860696
6.59562096e-05
-0.000729336349
0.000345801494
-0.000744753799
0.000627568956
-0.000747580297
0.000902443232
-0.000721469896
0.00115320568
-0.000647843383
0.00134974049
-0.000512876915
0.00144494069
-0.000321206277
0.00137371489
-0.000116485705
0.00106082836
0.000449431239
-7.53437304e-05
-0.000330731685
-0.00022820681
-0.000804068985
-0.000398353657
-0.00108226006
-0.000550539521
-0.00119320428
-0.000670626445
-0.00117627257
-0.000757578328
-0.00106798725
-0.000816784794
-0.000897451955
-0.00085558743
-0.000685818551
-0.000880624288
-0.000447483717
-0.000896360315
-0.000191991998
-0.000904270074
7.38659779e-05
-0.000902360297
0.000343891719
-0.000884972196
0.000610180848
-0.000843104156
0.000860575184
-0.000765820189
0.00107592172
-0.000643664735
0.00122758505
-0.000475103935
0.00127637989
-0.000276309842
0.0011749208
-9.21328616e-05
0.000876651378
0.000357298377
-6.2288305e-05
-0.000268443375
-0.000198541316
-0.000667815974
-0.000362893647
-0.000917907738
-0.000523850721
-0.00103224721
-0.000664415223
-0.00103570806
-0.000778128912
-0.000954273553
-0.000864812159
-0.000810768702
-0.000927165458
-0.000623465256
-0.000968399673
-0.000406249512
-0.000990721207
-0.000169670467
-0.000994436361
7.75811405e-05
-0.000977525728
0.000326981096
-0.00093569499
0.000568350111
-0.000863101231
0.000787981416
-0.000754123156
0.000966943634
-0.000606626308
0.0010800882
-0.000426950407
0.001096704
-0.000236038286
0.000984008679
-7.4349018e-05
0.00071496211
0.000282949355
-5.27689732e-05
-0.000215674402
-0.000173812787
-0.000546772154
-0.000327557398
-0.000764163127
-0.000486865976
-0.000872938641
-0.000634380185
-0.000888193856
-0.000760757853
-0.000827895881
-0.000862116653
-0.000709409892
-0.000937654746
-0.000547927159
-0.000987783215
-0.00035612105
-0.00101282396
-0.000144629736
-0.00101222276
7.69799443e-05
-0.000984240694
0.000298999041
-0.000926163057
0.000510272483
-0.000835158806
0.000696977164
-0.000709976085
0.000841760905
-0.000553597329
0.000923709439
-0.000376676981
0.000919783655
-0.000200960047
0.000808291752
-6.08626224e-05
0.00057486469
0.000222086729
-4.5297935e-05
-0.000170376472
-0.000152453975
-0.000439616105
-0.00029329961
-0.000623317487
-0.000444763099
-0.000721475155
-0.00059034584
-0.000742611123
-0.000719473356
-0.000698768368
-0.000826046344
-0.000602836897
-0.000906878203
-0.000467095288
-0.000960347566
-0.000302651684
-0.000985403143
-0.000119574169
-0.000980963156
7.25399472e-05
-0.000945732111
0.000263767998
-0.000878480028
0.000443020411
-0.000778855054
0.000597352198
-0.000648784047
0.000711689896
-0.000494403546
0.000769328931
-0.000328204155
0.000753584258
-0.000170678369
0.000650765968
-5.02806555e-05
0.000454466983
0.000171806074
-3.90621869e-05
-0.000131314294
-0.000133403802
-0.000345274484
-0.000260349969
-0.000496371312
-0.000400388965
-0.000581436154
-0.00053843119
-0.000604568903
-0.000663692781
-0.000573506787
-0.000768938049
-0.000497591631
-0.000849523078
-0.000386510249
-0.000902500929
-0.000249673822
-0.000925934088
-9.61410085e-05
-0.00091848887
6.50947194e-05
-0.000879356194
0.000224635312
-0.000808535335
0.000372199554
-0.000707505269
0.000496322142
-0.000580261688
0.000584446322
-0.000434588334
0.000623655576
-0.000283248291
0.000602244209
-0.000144573365
0.000512091039
-4.17551875e-05
0.000351648807
0.00013005089
-3.36094088e-05
-9.77048892e-05
-0.000115973506
-0.00026291039
-0.000228685889
-0.000383658924
-0.000355331141
-0.000454790892
-0.000482448485
-0.000477451556
-0.000599656642
-0.000456298637
-0.000699324731
-0.000397923553
-0.000776050481
-0.0003097845
-0.000826127627
-0.000199596666
-0.00084712413
-7.51444937e-05
-0.000837646081
5.56166699e-05
-0.0007973322
0.00018432142
-0.000727102527
0.000301969874
-0.000629656432
0.000398876049
-0.000510163471
0.000464953371
-0.000377005138
0.000490497249
-0.000242314863
0.000467553933
-0.000121978234
0.000391754405
-3.4733219e-05
0.000264403789
9.53176748e-05
-2.86574865e-05
-6.90473984e-05
-9.96602286e-05
-0.000191907659
-0.00019811701
-0.000285202145
-0.000310357563
-0.000342550332
-0.000424616062
-0.000363193046
-0.000531265884
-0.000349648812
-0.000622765447
-0.000306423999
-0.00069344663
-0.000239103328
-0.000739258813
-0.000153784483
-0.000757558033
-5.68452626e-05
-0.000747003445
4.50620919e-05
-0.000707597931
0.000144915906
-0.000640884394
0.000235256329
-0.000550277063
0.00030826871
-0.000441462347
0.000356138658
-0.000322745856
0.000371780765
-0.000205166583
0.000349974664
-0.00010218544
0.000288773262
-2.88024187e-05
0.000191020764
6.65152562e-05
-2.39812029e-05
-4.50661846e-05
-8.3997435e-05
-0.000131891435
-0.000168257099
-0.00020094249
-0.000265595493
-0.000245211938
-0.000365935594
-0.000262852937
-0.000460594493
-0.000254989902
-0.000542423527
-0.000224594963
-0.000605821313
-0.000175705552
-0.000646681728
-0.000112924077
-0.000662339382
-4.11876075e-05
-0.000651561329
3.42840491e-05
-0.000614612939
0.000107967525
-0.000553400632
0.000174044021
-0.000471663892
0.000226531963
-0.000375154002
0.000259628763
-0.000271701952
0.000268328717
-0.000171058856
0.000249331574
-8.44170677e-05
0.000202131477
-2.35998649e-05
0.000130203561
4.29153891e-05
-1.93492229e-05
-2.57169524e-05
-6.84700321e-05
-8.27706247e-05
-0.000138506752
-0.000130905777
-0.000220638077
-0.000163080621
-0.000306428415
-0.000177062601
-0.000388228756
-0.000173189551
-0.000459474171
-0.000153349538
-0.000514859802
-0.000120319919
-0.000550429787
-7.73541011e-05
-0.000563627561
-2.7989841e-05
-0.000553348425
2.40049138e-05
-0.00052001643
7.46355382e-05
-0.000465682611
0.000119710209
-0.00039411491
0.000154964261
-0.000310822983
0.000176336831
-0.000222941263
0.000180446993
-0.000138894621
0.000165284933
-6.78135168e-05
0.000131050376
-1.87621116e-05
8.1152159e-05
2.41532758e-05
-1.4505535e-05
-1.12114173e-05
-5.25211081e-05
-4.47550404e-05
-0.00010812281
-7.53040739e-05
-0.000174687793
-9.65156458e-05
-0.000245343242
-0.000106407161
-0.000313520819
-0.000105011974
-0.000373387901
-9.34824472e-05
-0.000420129423
-7.35783886e-05
-0.00045011607
-4.73674535e-05
-0.00046100908
-1.70968381e-05
-0.000451841632
1.48374596e-05
-0.000423096905
4.5890812e-05
-0.000376775969
7.33892796e-05
-0.000316426451
9.46147489e-05
-0.000247079548
0.000106989928
-0.000175030351
0.000108397793
-0.00010740306
9.76576393e-05
-5.14858455e-05
7.51331632e-05
-1.3914621e-05
4.35809374e-05
1.0238655e-05
-9.20280973e-06
-2.00861687e-06
-3.56847414e-05
-1.82730953e-05
-7.6435527e-05
-3.45532803e-05
-0.000126811022
-4.61401502e-05
-0.000181408068
-5.18101211e-05
-0.000234817149
-5.1602901e-05
-0.000282132229
-4.61673672e-05
-0.00031926354
-3.64470705e-05
-0.00034311651
-2.35144759e-05
-0.000351700042
-8.5133051e-06
-0.000344207015
7.34442755e-06
-0.000321084429
2.2768221e-05
-0.000284086159
3.63910093e-05
-0.000236279533
4.68081286e-05
-0.000181958573
5.26689724e-05
-0.000126403745
5.28429653e-05
-7.542854e-05
4.6682432e-05
-3.46816273e-05
3.43862492e-05
-8.7139085e-06
1.76132193e-05
1.52474779e-06
-3.43753351e-06
1.42890416e-06
-1.80438796e-05
-3.66673739e-06
-4.34060391e-05
-9.19111018e-06
-7.64336674e-05
-1.31125129e-05
-0.000113187156
-1.50566313e-05
-0.000149665115
-1.51249486e-05
-0.000182251547
-1.35809418e-05
-0.000207952848
-1.07457697e-05
-0.000224514094
-6.95322333e-06
-0.000230484758
-2.54263415e-06
-0.000225272644
2.13231342e-06
-0.000209197081
6.69265347e-06
-0.000183535357
1.07292816e-05
-0.00015053681
1.38095823e-05
-0.000113368293
1.55004589e-05
-7.59397584e-05
1.54144345e-05
-4.2547221e-05
1.32898952e-05
-1.72767368e-05
9.11576378e-06
-3.10385811e-06
3.44033965e-06
-1.57910958e-06
1.42889972e-06
-2.23784704e-06
-1.14289628e-05
-2.4541474e-05
-3.95980982e-05
-5.47230416e-05
-6.83039848e-05
-7.90497602e-05
-8.60029871e-05
-8.85456194e-05
-8.64133008e-05
-7.97206441e-05
-6.89913633e-05
-5.5181784e-05
-3.96813269e-05
-2.42668919e-05
-1.0976995e-05
-1.86123005e-06
1.57910958e-06
)
;

boundaryField
{
    walls
    {
        type            calculated;
        value           uniform 0;
    }
    mov_wall
    {
        type            calculated;
        value           uniform 0;
    }
    empty
    {
        type            empty;
        value           nonuniform 0();
    }
}


// ************************************************************************* //
