/*--------------------------------*- C++ -*----------------------------------*\
| =========                 |                                                 |
| \\      /  F ield         | OpenFOAM: The Open Source CFD Toolbox           |
|  \\    /   O peration     | Version:  5.x                                   |
|   \\  /    A nd           | Web:      www.OpenFOAM.org                      |
|    \\/     M anipulation  |                                                 |
\*---------------------------------------------------------------------------*/
FoamFile
{
    version     2.0;
    format      ascii;
    class       volVectorField;
    location    "9.1";
    object      U;
}
// * * * * * * * * * * * * * * * * * * * * * * * * * * * * * * * * * * * * * //

dimensions      [0 1 -1 0 0 0 0];

internalField   nonuniform List<vector> 
400
(
(0.291698425 0.149643816 0)
(0.388187171 0.128007693 0)
(0.557616071 0.0757318258 0)
(0.674785703 0.0433044379 0)
(0.743766596 0.0251591047 0)
(0.787075023 0.0148802973 0)
(0.815462959 0.0089309216 0)
(0.833939561 0.00530992806 0)
(0.845365462 0.00289956135 0)
(0.851349264 0.00108485281 2.66526746e-34)
(0.852640749 -0.000502852939 -2.66526746e-34)
(0.849354292 -0.00216072025 0)
(0.840973371 -0.00421710567 0)
(0.826113773 -0.00722098601 0)
(0.802020426 -0.0122365013 0)
(0.763538946 -0.0213892102 0)
(0.699488892 -0.038838615 0)
(0.584557336 -0.0722732743 0)
(0.407900535 -0.128436307 0)
(0.300688068 -0.152947536 0)
(0.00120418361 0.287432399 0)
(0.0133209627 0.293872119 0)
(0.140044445 0.209904852 0)
(0.26497159 0.142986161 0)
(0.364177742 0.096801984 0)
(0.440120065 0.0654411216 0)
(0.49654104 0.0439762517 0)
(0.536691068 0.0287011563 0)
(0.563274466 0.0170798538 0)
(0.578137343 0.0074230863 0)
(0.582210287 -0.00150101239 0)
(0.575515253 -0.0107977547 0)
(0.557109249 -0.0217346523 0)
(0.524912995 -0.036139692 0)
(0.475518408 -0.0569634975 0)
(0.404326004 -0.0889771522 0)
(0.305687294 -0.139150756 0)
(0.17449779 -0.215275202 0)
(0.0341065842 -0.310801155 0)
(0.0108691562 -0.305909063 0)
(-0.0321467627 0.241773918 0)
(-0.0634303643 0.333547155 0)
(-0.0219362013 0.299502487 0)
(0.0505996287 0.240051663 0)
(0.127397385 0.183020805 0)
(0.196818612 0.135454523 0)
(0.254167104 0.0974523421 0)
(0.298088302 0.0668891704 0)
(0.328665677 0.0413758233 0)
(0.346307826 0.0187814599 -2.35796965e-33)
(0.351211315 -0.00280949216 2.35796965e-33)
(0.34312675 -0.0252950466 0)
(0.32127758 -0.0508299472 0)
(0.284432901 -0.0820948308 0)
(0.231328818 -0.122479775 0)
(0.161916762 -0.17565804 0)
(0.0798350198 -0.243208457 0)
(-0.00333734253 -0.317981961 0)
(-0.057853134 -0.366363502 0)
(-0.0313893204 -0.270690675 0)
(-0.0261204151 0.182361572 0)
(-0.0666192772 0.31688413 0)
(-0.0735377812 0.330901736 0)
(-0.0481307181 0.295352907 0)
(-0.00567217306 0.244253504 0)
(0.0411124781 0.19243174 0)
(0.0845451096 0.145095039 0)
(0.120424332 0.103006629 0)
(0.146585246 0.0651543624 0)
(0.16192548 0.0298884057 2.35546504e-33)
(0.165812819 -0.00469432319 -2.35546504e-33)
(0.157798803 -0.0406696193 0)
(0.137586499 -0.0803027384 0)
(0.105285211 -0.12597958 0)
(0.0620900271 -0.179774808 0)
(0.0116092692 -0.242029717 0)
(-0.0380283786 -0.307764354 0)
(-0.0720490946 -0.35957937 0)
(-0.071163918 -0.355585637 0)
(-0.0287210564 -0.20917858 0)
(-0.0176296829 0.140767913 0)
(-0.0549165449 0.2818272 0)
(-0.0828629947 0.324484357 0)
(-0.0880762241 0.312396798 0)
(-0.0751196889 0.274441979 0)
(-0.0526276248 0.226778427 0)
(-0.0275118476 0.177302817 0)
(-0.00458009167 0.129145424 0)
(0.0130234893 0.0829123605 0)
(0.0233567962 0.0379330309 -2.9454546e-34)
(0.025309747 -0.00710139596 2.9454546e-34)
(0.0184152075 -0.0537995231 0)
(0.00288698462 -0.103801261 0)
(-0.0200872017 -0.158367938 0)
(-0.0477707937 -0.217530723 0)
(-0.0750614578 -0.278347554 0)
(-0.0936267079 -0.331694802 0)
(-0.0922270557 -0.357398869 0)
(-0.0635074674 -0.31887989 0)
(-0.0207312596 -0.162076724 0)
(-0.0116542793 0.111592251 0)
(-0.0431521992 0.243765265 0)
(-0.078283996 0.299859401 0)
(-0.100579261 0.305000828 0)
(-0.108310589 0.280421264 0)
(-0.105716505 0.240369182 0)
(-0.0975361714 0.193277767 0)
(-0.0877934467 0.14354537 0)
(-0.079535191 0.093026074 0)
(-0.0748272177 0.0420752313 0)
(-0.0748481328 -0.00975925865 0)
(-0.079934578 -0.0632506199 0)
(-0.0895000218 -0.119033275 0)
(-0.101812876 -0.176993444 0)
(-0.11369095 -0.235297921 0)
(-0.120284781 -0.288849073 0)
(-0.115237023 -0.327084783 0)
(-0.0922711132 -0.331566552 0)
(-0.0521876274 -0.275119691 0)
(-0.0142847856 -0.127260098 0)
(-0.00803185573 0.0899680191 0)
(-0.0343052818 0.207876696 0)
(-0.0703686586 0.267741355 0)
(-0.100959316 0.283509145 0)
(-0.121509109 0.26975378 0)
(-0.133061963 0.237807846 0)
(-0.138135835 0.195384124 0)
(-0.139450241 0.14721649 0)
(-0.139365665 0.0958906813 0)
(-0.139599231 0.0425957579 0)
(-0.141114113 -0.012262568 0)
(-0.144054664 -0.0685401667 0)
(-0.147657208 -0.125824595 0)
(-0.150140601 -0.182787206 0)
(-0.148667741 -0.236314556 0)
(-0.139565528 -0.280390168 0)
(-0.119015753 -0.304900546 0)
(-0.0848747399 -0.294957285 0)
(-0.0422046454 -0.232154477 0)
(-0.0100065907 -0.100709816 0)
(-0.00589818993 0.0731569046 0)
(-0.0280514389 0.175459927 0)
(-0.0624620758 0.233454968 0)
(-0.0961931098 0.25465069 0)
(-0.123784289 0.248662374 0)
(-0.144336447 0.22397832 0)
(-0.158622038 0.187072457 0)
(-0.168069545 0.142434105 0)
(-0.174171008 0.0929433379 0)
(-0.178091651 0.0403533001 0)
(-0.180456261 -0.0142245249 0)
(-0.181230007 -0.069844678 0)
(-0.179647302 -0.125225755 0)
(-0.174205196 -0.178177562 0)
(-0.162809069 -0.224940954 0)
(-0.143212558 -0.259512836 0)
(-0.113841638 -0.273201304 0)
(-0.0753166176 -0.254896363 0)
(-0.0343188971 -0.192925778 0)
(-0.00728498498 -0.0799917715 0)
(-0.00459312288 0.0595160149 0)
(-0.023544169 0.146542617 0)
(-0.0553429901 0.199662155 0)
(-0.0893196716 0.222701633 0)
(-0.120051817 0.221819414 0)
(-0.145609091 0.203131829 0)
(-0.165570651 0.171796549 0)
(-0.180317098 0.131775628 0)
(-0.190531073 0.0859405084 0)
(-0.196813733 0.0363510068 2.97711413e-34)
(-0.1994489 -0.015391546 -2.97711413e-34)
(-0.198275632 -0.0677566438 0)
(-0.192646154 -0.118867798 0)
(-0.18148935 -0.166059309 0)
(-0.163546087 -0.205440871 0)
(-0.137858729 -0.231577793 0)
(-0.104503396 -0.237504908 0)
(-0.0656637264 -0.215386226 0)
(-0.0281737976 -0.158249843 0)
(-0.00551068997 -0.0634668208 0)
(-0.00373314378 0.04808834 0)
(-0.0201212343 0.120839397 0)
(-0.0490153877 0.167676441 0)
(-0.0816389778 0.190287498 0)
(-0.112989448 0.192487648 0)
(-0.14068056 0.178557129 4.67987914e-33)
(-0.163557392 0.152465448 0)
(-0.18124628 0.117554995 0)
(-0.193784172 0.0765047412 -4.74063678e-33)
(-0.20129697 0.0314709932 2.26594624e-36)
(-0.203789195 -0.0156743974 4.98648893e-36)
(-0.201035367 -0.0630555972 0)
(-0.19256593 -0.108481584 0)
(-0.177765513 -0.149141429 0)
(-0.156124906 -0.181360928 0)
(-0.127679782 -0.200524263 0)
(-0.0935645705 -0.201318537 0)
(-0.0566770447 -0.178463973 0)
(-0.023314666 -0.128090141 0)
(-0.00429570467 -0.0500435341 0)
(-0.00311504138 0.0383306332 0)
(-0.0173631171 0.0980508507 0)
(-0.0433176194 0.138129965 0)
(-0.0737180743 0.158979199 0)
(-0.104104451 0.162838222 0)
(-0.131970533 0.152618178 -4.67987914e-33)
(-0.155761614 0.1312957 0)
(-0.17461286 0.101603274 0)
(-0.188100216 0.0659289915 4.74063678e-33)
(-0.195997418 0.0263693605 1.49106807e-33)
(-0.198111612 -0.0151233207 -1.4983205e-33)
(-0.194204011 -0.0565442465 0)
(-0.183996559 -0.0956260405 0)
(-0.167277172 -0.129654844 0)
(-0.144124393 -0.155368916 0)
(-0.115252464 -0.169022499 0)
(-0.0823814084 -0.166713891 0)
(-0.048594104 -0.145040226 0)
(-0.0193975961 -0.102103348 0)
(-0.00342090936 -0.0390050009 0)
(-0.00263393616 0.0299262647 0)
(-0.0150226245 0.0779301285 0)
(-0.0380974218 0.11131111 0)
(-0.0658175671 0.129695793 0)
(-0.0942794733 0.134263877 0)
(-0.121044027 0.126925342 0)
(-0.144383609 0.109860567 0)
(-0.163148984 0.0852480434 0)
(-0.176619506 0.0551416359 0)
(-0.184335473 0.021470314 2.99742575e-34)
(-0.185982937 -0.0138813657 -2.99742575e-34)
(-0.181343675 -0.048951543 0)
(-0.170313963 -0.0815745589 0)
(-0.152999251 -0.109289272 0)
(-0.129891604 -0.129330739 0)
(-0.1021145 -0.138764248 0)
(-0.0716393808 -0.134816141 0)
(-0.0414365954 -0.11540729 0)
(-0.0161843495 -0.0798582228 0)
(-0.00276403331 -0.0298606589 0)
(-0.0022347362 0.0226800244 0)
(-0.0129541269 0.0602838574 0)
(-0.033238149 0.0873308362 0)
(-0.0580555283 0.1029545 0)
(-0.0840353801 0.107621821 0)
(-0.108906084 0.102520708 0)
(-0.13091408 0.0892086485 0)
(-0.148775833 0.0693818639 0)
(-0.161603549 0.0447501616 0)
(-0.168801288 0.0170067318 3.00137165e-34)
(-0.169993545 -0.0121372152 -3.00137165e-34)
(-0.164999672 -0.0408861819 0)
(-0.153857535 -0.0672953789 0)
(-0.13689908 -0.0892417092 0)
(-0.114876636 -0.104468705 0)
(-0.0891189072 -0.110744421 0)
(-0.0616328437 -0.106158118 0)
(-0.0351269752 -0.0895353378 0)
(-0.013503743 -0.060926443 0)
(-0.0022532726 -0.0222578272 0)
(-0.00188545576 0.016466256 0)
(-0.0110624843 0.0449645387 0)
(-0.0286411435 0.0662105054 0)
(-0.0504611293 0.0790278185 0)
(-0.0736531635 0.0834123311 0)
(-0.0961641788 0.0800414893 0)
(-0.116305917 0.0699953585 0)
(-0.132763341 0.0545610866 0)
(-0.144575602 0.0351143604 0)
(-0.151082435 0.0130747322 0)
(-0.151887891 -0.0100881555 0)
(-0.146853002 -0.0328250791 0)
(-0.136119504 -0.0534823558 0)
(-0.120164255 -0.0703098575 0)
(-0.0998793394 -0.0815299525 0)
(-0.0766571204 -0.0854921396 0)
(-0.0524122106 -0.0809235405 0)
(-0.0295300336 -0.067246952 0)
(-0.011218573 -0.0449266647 0)
(-0.00184129754 -0.0159381053 0)
(-0.00156251751 0.0112077493 0)
(-0.00926988011 0.0318705363 0)
(-0.0242025209 0.0479368747 0)
(-0.0429884464 0.0580490707 0)
(-0.0632319155 0.0619115004 0)
(-0.0831208699 0.0598559184 0)
(-0.101086247 0.0526055548 0)
(-0.115849131 0.0411071731 0)
(-0.126440928 0.0264236324 0)
(-0.13218724 0.00968560585 0)
(-0.132697633 -0.00791671649 0)
(-0.127870716 -0.0251250507 0)
(-0.117915457 -0.0406102738 0)
(-0.103386532 -0.0529974534 0)
(-0.0852272526 -0.0609387012 0)
(-0.0648019884 -0.0632496919 0)
(-0.0438652629 -0.0591133871 0)
(-0.0244675007 -0.048324991 0)
(-0.00920309281 -0.0315520072 0)
(-0.00149088373 -0.0107193782 0)
(-0.00124269157 0.00687236751 0)
(-0.00749726384 0.0209539389 0)
(-0.0197996773 0.0325014304 0)
(-0.0355241967 0.0400872995 0)
(-0.0527239655 0.0432717622 0)
(-0.0698331063 0.0421741829 0)
(-0.0854326583 0.0372606188 0)
(-0.0983251701 0.0291991488 0)
(-0.107580785 0.0187673599 0)
(-0.112546722 0.00680864373 0)
(-0.112854336 -0.00578011209 0)
(-0.10843163 -0.0180487584 0)
(-0.0995214484 -0.0289997735 0)
(-0.0867021662 -0.0376160642 0)
(-0.070903977 -0.0429246744 0)
(-0.0534054932 -0.0441071888 0)
(-0.0357703085 -0.0406592896 0)
(-0.0197281042 -0.0325810804 0)
(-0.00733072821 -0.0205903317 0)
(-0.00116697588 -0.0064922682 0)
(-0.000899882839 0.00347704232 0)
(-0.00566093192 0.0122244287 0)
(-0.0152978473 0.0199179414 0)
(-0.0279091948 0.0251886542 0)
(-0.0419708379 0.0275859296 0)
(-0.0561592828 0.0271262697 0)
(-0.0692274826 0.0240986727 0)
(-0.080096818 0.0189454323 0)
(-0.0879159916 0.0121895934 0)
(-0.0920844193 0.00440206547 0)
(-0.0922681511 -0.00380767769 0)
(-0.088415514 -0.0117927664 0)
(-0.0807724915 -0.0188748769 0)
(-0.0698942041 -0.0243659736 0)
(-0.0566454531 -0.0276151924 0)
(-0.0421770499 -0.0280887048 0)
(-0.027846899 -0.0254864184 0)
(-0.015088733 -0.0198866115 0)
(-0.0054744945 -0.0119313569 0)
(-0.000833547285 -0.00322197467 0)
(-0.000507508465 0.00108920706 0)
(-0.00368889293 0.00574013964 0)
(-0.0105872256 0.0102223812 0)
(-0.0199879394 0.0134022149 0)
(-0.0307552961 0.0149400962 0)
(-0.0418076572 0.0148327188 0)
(-0.0521004766 0.0132501835 0)
(-0.0607205945 0.0104516791 0)
(-0.0669425833 0.00673881629 0)
(-0.0702538286 0.00243728358 0)
(-0.0703711872 -0.00210635147 0)
(-0.0672558405 -0.0065233877 0)
(-0.0611263917 -0.0104252544 0)
(-0.0524664974 -0.0134154707 0)
(-0.0420201067 -0.0151167121 0)
(-0.0307626611 -0.0152183509 0)
(-0.019824328 -0.0135494052 0)
(-0.010361521 -0.010176166 0)
(-0.00352670151 -0.00555507458 0)
(-0.000456470397 -0.000945966111 0)
(-6.44917054e-05 -0.000176241589 0)
(-0.00159898981 0.00163661643 0)
(-0.00569518879 0.0035986013 0)
(-0.0117199317 0.00501067921 0)
(-0.0188880498 0.00571684703 0)
(-0.0263913889 0.00573382923 0)
(-0.0334549887 0.00514772164 0)
(-0.0394085025 0.00407326767 0)
(-0.0437225493 0.00263489154 0)
(-0.0460238846 0.000961861987 0)
(-0.0461058234 -0.00081010437 0)
(-0.0439388711 -0.00253598937 0)
(-0.0396813834 -0.00406056265 0)
(-0.0336869564 -0.00522175606 0)
(-0.0265027365 -0.0058603054 0)
(-0.0188496251 -0.00583829632 0)
(-0.0115675422 -0.00507039417 0)
(-0.00551559555 -0.00357095357 0)
(-0.00148203466 -0.00155258681 0)
(-3.10932464e-05 0.000233977717 0)
(0.000261395379 -0.000255577997 0)
(0.000151439473 0.000102072761 0)
(-0.00117495399 0.000547415067 0)
(-0.00348063262 0.000863516062 0)
(-0.00637558337 0.00102207823 0)
(-0.00946687256 0.00103797732 0)
(-0.0124000359 0.000936218341 0)
(-0.0148817775 0.000743061647 0)
(-0.0166861012 0.00048318024 0)
(-0.0176547262 0.000180088137 1.08300124e-33)
(-0.0176985205 -0.000142308183 -1.08300124e-33)
(-0.0168014857 -0.000458218496 0)
(-0.0150266288 -0.000739019319 0)
(-0.0125219006 -0.000953244756 0)
(-0.00952354908 -0.00106773224 0)
(-0.00635302376 -0.00105052574 0)
(-0.00340014931 -0.000876787854 0)
(-0.00108361489 -0.000539615973 0)
(0.00020611108 -8.25143886e-05 0)
(0.000274563762 0.000266745591 0)
)
;

boundaryField
{
    walls
    {
        type            fixedValue;
        value           uniform (0 0 0);
    }
    mov_wall
    {
        type            fixedValue;
        value           uniform (1 0 0);
    }
    empty
    {
        type            empty;
    }
}


// ************************************************************************* //
