/*--------------------------------*- C++ -*----------------------------------*\
| =========                 |                                                 |
| \\      /  F ield         | OpenFOAM: The Open Source CFD Toolbox           |
|  \\    /   O peration     | Version:  5.x                                   |
|   \\  /    A nd           | Web:      www.OpenFOAM.org                      |
|    \\/     M anipulation  |                                                 |
\*---------------------------------------------------------------------------*/
FoamFile
{
    version     2.0;
    format      ascii;
    class       volScalarField;
    location    "5.6";
    object      p;
}
// * * * * * * * * * * * * * * * * * * * * * * * * * * * * * * * * * * * * * //

dimensions      [0 2 -2 0 0 0 0];

internalField   nonuniform List<scalar> 
400
(
1.78030898e-06
2.45246135
3.49432506
3.89888125
4.10664923
4.22470869
4.29429329
4.34028012
4.37634065
4.41011283
4.44676178
4.49091661
4.5476562
4.6244913
4.73479958
4.9045981
5.18238171
5.68420299
6.84131751
9.41172652
1.88670705
2.86729121
3.4198854
3.74774571
3.96518274
4.10974923
4.20767624
4.27899412
4.33674666
4.38961505
4.44424731
4.50657382
4.58333532
4.68329956
4.8197281
5.01368097
5.29402426
5.69847095
6.33841738
7.42837302
2.98207963
3.26253204
3.54233289
3.77068136
3.94570753
4.0757177
4.1732276
4.25000518
4.31527742
4.37623774
4.43892698
4.50902355
4.592577
4.69678452
4.83085189
5.00664001
5.23632362
5.5239412
5.86049262
6.1982393
3.52778603
3.58534466
3.72178726
3.86537854
3.98906586
4.0908342
4.17461218
4.24571592
4.30952873
4.37102491
4.4347764
4.50520628
4.5867904
4.68425643
4.80245294
4.94569446
5.11575127
5.30514988
5.47833887
5.55964075
3.84421891
3.82688235
3.88518173
3.96938477
4.0522215
4.12779275
4.19567047
4.25747972
4.31592475
4.37409401
4.43506678
4.50185939
4.57733305
4.66400795
4.76350581
4.87551276
4.99636084
5.11480373
5.19584784
5.18371767
4.04550283
4.0036606
4.02142795
4.06785168
4.1213841
4.1757426
4.22885654
4.28053958
4.33186203
4.38449346
4.44027264
4.50096976
4.56805061
4.64232826
4.72332818
4.8083681
4.89180846
4.96267973
4.99308247
4.94680981
4.18058738
4.13383256
4.13184059
4.15537039
4.18883525
4.22706829
4.26772857
4.30987349
4.35363919
4.39973313
4.44904002
4.50233848
4.5600206
4.62172359
4.68578725
4.74862776
4.80456145
4.84466739
4.84862635
4.79368182
4.27566018
4.23084406
4.21966169
4.22967606
4.24984752
4.27635633
4.30712383
4.34098425
4.37758018
4.41700082
4.45945317
4.50499787
4.55328682
4.60325087
4.65270678
4.69801303
4.73426032
4.75484841
4.74556212
4.69204386
4.34467574
4.30373252
4.28863044
4.29082909
4.30237792
4.32057331
4.34373153
4.37070319
4.40089448
4.43401715
4.46983001
4.50791937
4.547485
4.58711052
4.62451497
4.65641495
4.67889528
4.68733477
4.67188083
4.62321812
4.3952608
4.35850589
4.34215854
4.33995951
4.34599059
4.35836282
4.3757625
4.39714634
4.42182655
4.44930002
4.47905231
4.5103885
4.5422757
4.57319386
4.60100166
4.62292761
4.63599726
4.63709388
4.61932622
4.5763791
4.43196503
4.39925904
4.38305569
4.3785117
4.38106701
4.38939741
4.40248881
4.41942576
4.4395032
4.4621099
4.48658356
4.51208826
4.53750941
4.56137016
4.58177735
4.59648247
4.60329583
4.60017497
4.58220719
4.54489523
4.45777782
4.4288971
4.41358165
4.40794603
4.40838064
4.41394841
4.42386546
4.43733986
4.45368938
4.47226216
4.49233197
4.51301503
4.53320796
4.55155282
4.5664343
4.5760716
4.57888681
4.5735759
4.55655655
4.52447931
4.47482872
4.44957472
4.4355627
4.42962183
4.42885413
4.43259473
4.44023666
4.45109982
4.46454428
4.47991694
4.49647839
4.51335145
4.52949238
4.54368995
4.55459326
4.56081205
4.56122839
4.55503713
4.53957451
4.51226072
4.48473167
4.46296056
4.45049442
4.44475283
4.44341794
4.44602996
4.45212361
4.46111867
4.47242421
4.48540465
4.49933202
4.51336008
4.52652093
4.53774755
4.54591948
4.54996055
4.54909488
4.54285822
4.5292566
4.50627317
4.48877531
4.47040388
4.45962198
4.45439486
4.45292875
4.45493816
4.46007988
4.46786305
4.47774307
4.48910424
4.50123393
4.51331791
4.52445713
4.53370735
4.54013598
4.54291433
4.54152445
4.53574988
4.52413578
4.50513695
4.48806273
4.47305825
4.46401057
4.45945653
4.45813261
4.45992557
4.46460664
4.47176404
4.48088832
4.49137188
4.50250392
4.51348467
4.52345945
4.53157219
4.53703179
4.53920087
4.53776376
4.53270917
4.52308489
4.50782248
4.48366991
4.4720118
4.46464213
4.46076399
4.45970329
4.4615386
4.46615499
4.4732074
4.48220203
4.49251542
4.50341105
4.51407156
4.52364879
4.53133035
4.53641699
4.53841382
4.53717174
4.53287967
4.52512783
4.51341752
4.47685702
4.46838934
4.46243084
4.45901715
4.4581636
4.46017158
4.46503662
4.47245897
4.48192933
4.49277169
4.50418266
4.51528178
4.52517606
4.53304042
4.53820941
4.54027958
4.53924038
4.53549987
4.52928912
4.5208576
4.46928749
4.46319601
4.45767596
4.45396963
4.45292354
4.45509077
4.46054455
4.46896999
4.47977263
4.49215047
4.50515554
4.51775986
4.52893267
4.53773586
4.54343599
4.54563238
4.54440579
4.54041755
4.53470051
4.52866749
4.46345032
4.45752462
4.45037217
4.44492867
4.44290503
4.44509701
4.45156902
4.46187442
4.47521638
4.49055267
4.50667381
4.52227747
4.5360549
4.54680097
4.55355363
4.55576694
4.55352176
4.54775088
4.540353
4.53446362
)
;

boundaryField
{
    walls
    {
        type            zeroGradient;
    }
    mov_wall
    {
        type            zeroGradient;
    }
    empty
    {
        type            empty;
    }
}


// ************************************************************************* //
