/*--------------------------------*- C++ -*----------------------------------*\
| =========                 |                                                 |
| \\      /  F ield         | OpenFOAM: The Open Source CFD Toolbox           |
|  \\    /   O peration     | Version:  5.x                                   |
|   \\  /    A nd           | Web:      www.OpenFOAM.org                      |
|    \\/     M anipulation  |                                                 |
\*---------------------------------------------------------------------------*/
FoamFile
{
    version     2.0;
    format      ascii;
    class       surfaceScalarField;
    location    "5.6";
    object      phi;
}
// * * * * * * * * * * * * * * * * * * * * * * * * * * * * * * * * * * * * * //

dimensions      [0 3 -1 0 0 0 0];

internalField   nonuniform List<scalar> 
760
(
0.00134817652
-0.00134817737
0.00245763972
-0.0011094632
0.00313513464
-0.000677494921
0.0035597157
-0.000424581037
0.00383225131
-0.000272535593
0.00400945217
-0.000177200857
0.00412521451
-0.000115762364
0.00419921707
-7.40025754e-05
0.00424243234
-4.32152673e-05
0.00426055358
-1.81212156e-05
0.00425562237
4.93123254e-06
0.00422675779
2.88645604e-05
0.0041693894
5.73683713e-05
0.00407358503
9.58043606e-05
0.00391995093
0.000153634124
0.00367201931
0.000247931651
0.00326316025
0.000408859057
0.00257264078
0.000690519442
0.00140850173
0.00116413902
0.00140850173
-5.46953276e-05
-0.00129348203
0.000412592594
-0.00157675113
0.00103002976
-0.00129493211
0.00157871383
-0.000973265116
0.00201483267
-0.000708654417
0.00234477726
-0.00050714541
0.00258511632
-0.000356101415
0.00275126941
-0.000240155681
0.00285456777
-0.000146513658
0.0029017953
-6.53487386e-05
0.0028953666
1.13599664e-05
0.00283293038
9.13008074e-05
0.00270712575
0.000183172993
0.00250436373
0.000298566346
0.00220410986
0.000453887981
0.00178090171
0.000671139821
0.001217568
0.000972192808
0.000552812577
0.00135527489
1.30664949e-05
0.00170388511
0.0014215682
-0.000271734682
-0.00102174734
-0.000221026626
-0.00162745918
7.13677644e-05
-0.00158732651
0.000446285602
-0.00134818298
0.000812489635
-0.00107485845
0.00112929924
-0.000823954986
0.00138207831
-0.000608880451
0.00156800788
-0.000426085248
0.00168837694
-0.000266882754
0.0017446845
-0.000121656321
0.00173678973
1.92547507e-05
0.00166213442
0.000165956162
0.0015157129
0.000329594532
0.00129125424
0.00052302498
0.000985011669
0.000760130516
0.000605009626
0.00105114186
0.000189850701
0.00138735176
-0.000160045065
0.00170517069
-0.000261640609
0.00180548066
0.00115992757
-0.000227941608
-0.000793805733
-0.000361197342
-0.00149420341
-0.000308328244
-0.0016401956
-0.000134821245
-0.00152169
8.92093305e-05
-0.00129888906
0.000314971818
-0.00104971747
0.000513262975
-0.00080717157
0.000668300014
-0.000581122258
0.000771990318
-0.000370573072
0.000820036084
-0.000169702128
0.00080972761
2.95632113e-05
0.000739201002
0.000236482804
0.000607935675
0.000460859902
0.000419110884
0.000711849773
0.000184524317
0.000994717047
-6.71912041e-05
0.00130285735
-0.000280617566
0.00160077813
-0.000369418479
0.00179397164
-0.000246993615
0.00168305582
0.000912933937
-0.000168965246
-0.000624840504
-0.000352016212
-0.00131115242
-0.000431557701
-0.00156065409
-0.000408909
-0.0015443387
-0.00031943522
-0.00138836287
-0.00020009524
-0.00116905747
-7.98101292e-05
-0.000927456659
2.15782354e-05
-0.000682510574
9.14286976e-05
-0.000440423515
0.00012213537
-0.000200408834
0.000109757154
4.19413841e-05
5.36456732e-05
0.000292594288
-4.27490194e-05
0.000557254644
-0.00016969402
0.000838794811
-0.000307652424
0.00113267544
-0.000423468645
0.00141867353
-0.000470024899
0.00164733437
-0.000397824839
0.00172177159
-0.000196431023
0.00148166204
0.000716502915
-0.000124192163
-0.000500648367
-0.000308335673
-0.0011270089
-0.000450494124
-0.0014184956
-0.000523204026
-0.00147162877
-0.000535391075
-0.00137617584
-0.000508160864
-0.00119628773
-0.000463156946
-0.000972460594
-0.000418060974
-0.000727606505
-0.000385619012
-0.000472865423
-0.000373912063
-0.000212115782
-0.000386727951
5.4757221e-05
-0.000423459547
0.000329325846
-0.000478356407
0.000612151528
-0.00053917827
0.000899616734
-0.000585818859
0.00117931605
-0.00059051233
0.00142336697
-0.00052308515
0.00157990715
-0.000366699107
0.00156538554
-0.000150585996
0.00126554895
0.000565916942
-9.45729438e-05
-0.000406075441
-0.000264649776
-0.000956932082
-0.000430738419
-0.00125240693
-0.000556976954
-0.00134539019
-0.000636793214
-0.00129635956
-0.000678141778
-0.0011549392
-0.000693943973
-0.000956658454
-0.000696929293
-0.000724621186
-0.000697274076
-0.00047252058
-0.000701661742
-0.000207728064
-0.000712860705
6.59561633e-05
-0.000729336392
0.000345801468
-0.000744753854
0.000627568963
-0.000747580324
0.000902443248
-0.000721469887
0.00115320568
-0.000647843368
0.00134974046
-0.000512876919
0.00144494066
-0.000321206297
0.00137371488
-0.000116485721
0.00106082837
0.00044943125
-7.5343724e-05
-0.000330731709
-0.000228206833
-0.000804069011
-0.000398353698
-0.00108226008
-0.000550539551
-0.0011932043
-0.000670626448
-0.0011762726
-0.000757578329
-0.00106798731
-0.00081678483
-0.00089745201
-0.000855587498
-0.000685818571
-0.000880624344
-0.000447483713
-0.000896360326
-0.000191992006
-0.000904270061
7.38659385e-05
-0.000902360307
0.000343891672
-0.000884972242
0.000610180829
-0.000843104204
0.000860575197
-0.000765820204
0.00107592173
-0.00064366472
0.00122758504
-0.000475103921
0.00127637986
-0.000276309845
0.00117492077
-9.21328743e-05
0.000876651372
0.000357298386
-6.22882806e-05
-0.000268443395
-0.000198541314
-0.000667816009
-0.00036289368
-0.000917907761
-0.000523850766
-0.00103224722
-0.000664415242
-0.00103570807
-0.0007781289
-0.000954273592
-0.000864812157
-0.000810768763
-0.0009271655
-0.000623465302
-0.00096839974
-0.000406249518
-0.000990721247
-0.000169670455
-0.000994436354
7.75811293e-05
-0.000977525709
0.000326981051
-0.000935695003
0.000568350065
-0.000863101275
0.000787981402
-0.000754123195
0.00096694365
-0.000606626314
0.00108008822
-0.00042695039
0.00109670399
-0.000236038272
0.000984008653
-7.43490178e-05
0.00071496209
0.000282949352
-5.27689477e-05
-0.000215674406
-0.000173812763
-0.000546772187
-0.000327557405
-0.000764163166
-0.000486866018
-0.000872938658
-0.000634380228
-0.000888193852
-0.000760757858
-0.000827895887
-0.00086211663
-0.000709409934
-0.000937654745
-0.000547927219
-0.000987783262
-0.000356121085
-0.00101282402
-0.000144629731
-0.00101222278
7.69799601e-05
-0.000984240675
0.000298999026
-0.000926163037
0.000510272436
-0.00083515882
0.00069697712
-0.000709976125
0.000841760895
-0.000553597359
0.000923709455
-0.000376676982
0.000919783668
-0.000200960031
0.000808291745
-6.08626105e-05
0.000574864671
0.000222086716
-4.52979287e-05
-0.00017037646
-0.000152453948
-0.000439616121
-0.000293299588
-0.00062331753
-0.000444763115
-0.000721475193
-0.000590345889
-0.000742611131
-0.000719473392
-0.000698768356
-0.000826046335
-0.000602836903
-0.000906878173
-0.000467095334
-0.000960347569
-0.000302651742
-0.000985403192
-0.000119574195
-0.000980963209
7.25399615e-05
-0.000945732123
0.000263768015
-0.000878480003
0.000443020394
-0.000778855034
0.000597352151
-0.00064878406
0.000711689856
-0.00049440358
0.000769328922
-0.000328204177
0.000753584272
-0.000170678368
0.00065076598
-5.02806441e-05
0.000454466979
0.000171806062
-3.90622076e-05
-0.000131314275
-0.000133403795
-0.000345274477
-0.000260349936
-0.000496371338
-0.000400388945
-0.000581436202
-0.000538431214
-0.000604568938
-0.000663692832
-0.000573506785
-0.000768938075
-0.000497591614
-0.000849523057
-0.000386510258
-0.000902500897
-0.00024967387
-0.000925934096
-9.61410618e-05
-0.00091848892
6.50947021e-05
-0.000879356238
0.000224635331
-0.000808535338
0.000372199571
-0.000707505243
0.000496322125
-0.000580261671
0.000584446281
-0.000434588345
0.000623655541
-0.000283248316
0.000602244201
-0.000144573381
0.000512091049
-4.17551875e-05
0.000351648816
0.000130050889
-3.36094424e-05
-9.77048812e-05
-0.000115973527
-0.00026291037
-0.000228685874
-0.00038365892
-0.000355331103
-0.000454790923
-0.000482448469
-0.000477451606
-0.000599656674
-0.000456298666
-0.00069932478
-0.000397923543
-0.000776050496
-0.00030978448
-0.000826127597
-0.000199596677
-0.0008471241
-7.51445419e-05
-0.000837646092
5.56166221e-05
-0.000797332245
0.000184321409
-0.000727102563
0.000301969894
-0.000629656431
0.000398876064
-0.000510163448
0.000464953357
-0.000377005124
0.000490497215
-0.000242314871
0.000467553905
-0.000121978252
0.000391754398
-3.47332296e-05
0.000264403796
9.53176817e-05
-2.86575068e-05
-6.90474111e-05
-9.96602614e-05
-0.000191907648
-0.000198117025
-0.000285202123
-0.00031035754
-0.000342550329
-0.000424616022
-0.000363193081
-0.000531265874
-0.00034964886
-0.000622765484
-0.00030642402
-0.000693446674
-0.000239103312
-0.000739258818
-0.000153784462
-0.000757558
-5.68452752e-05
-0.000747003418
4.50620465e-05
-0.000707597944
0.000144915865
-0.000640884434
0.000235256321
-0.000550277091
0.000308268729
-0.000441462345
0.000356138671
-0.000322745837
0.000371780755
-0.000205166572
0.000349974638
-0.000102185446
0.000288773241
-2.88024296e-05
0.000191020759
6.6515262e-05
-2.39811932e-05
-4.50662097e-05
-8.39974523e-05
-0.000131891448
-0.000168257131
-0.000200942476
-0.000265595504
-0.000245211914
-0.000365935565
-0.000262852937
-0.000460594454
-0.000254989937
-0.000542423524
-0.000224595007
-0.00060582135
-0.000175705566
-0.000646681765
-0.000112924058
-0.000662339381
-4.11875881e-05
-0.000651561298
3.42840365e-05
-0.000614612917
0.000107967485
-0.000553400644
0.000174043986
-0.000471663923
0.000226531957
-0.000375154023
0.000259628778
-0.00027170195
0.000268328728
-0.000171058843
0.000249331567
-8.44170601e-05
0.00020213146
-2.35998671e-05
0.000130203548
4.29153877e-05
-1.93491917e-05
-2.57169694e-05
-6.8470019e-05
-8.27706526e-05
-0.000138506772
-0.000130905789
-0.000220638109
-0.000163080606
-0.000306428419
-0.000177062578
-0.000388228724
-0.000173189553
-0.000459474137
-0.000153349571
-0.000514859804
-0.000120319957
-0.000550429822
-7.73541096e-05
-0.00056362759
-2.79898214e-05
-0.00055334842
2.40049308e-05
-0.000520016403
7.46355276e-05
-0.000465682595
0.000119710177
-0.000394114921
0.000154964234
-0.000310823007
0.000176336825
-0.000222941278
0.000180447003
-0.000138894619
0.000165284942
-6.78135073e-05
0.000131050373
-1.87621062e-05
8.11521495e-05
2.41532698e-05
-1.45055081e-05
-1.12114126e-05
-5.25210767e-05
-4.47550588e-05
-0.000108122802
-7.53041022e-05
-0.000174687816
-9.65156568e-05
-0.00024534327
-0.000106407145
-0.000313520818
-0.000105011953
-0.00037338787
-9.34824496e-05
-0.000420129396
-7.35784176e-05
-0.000450116076
-4.7367483e-05
-0.00046100911
-1.70968427e-05
-0.000451841654
1.48374773e-05
-0.0004230969
4.58908266e-05
-0.000376775948
7.33892724e-05
-0.000316426439
9.46147255e-05
-0.000247079557
0.000106989908
-0.000175030369
0.000108397788
-0.00010740307
9.76576458e-05
-5.14858441e-05
7.51331688e-05
-1.39146152e-05
4.35809363e-05
1.02386506e-05
-9.2028062e-06
-2.00859815e-06
-3.56847191e-05
-1.827309e-05
-7.64355006e-05
-3.45532995e-05
-0.000126811018
-4.61401764e-05
-0.00018140809
-5.18101288e-05
-0.00023481717
-5.16028847e-05
-0.000282132224
-4.61673482e-05
-0.000319263513
-3.6447073e-05
-0.000343116491
-2.35144999e-05
-0.00035170005
-8.5133279e-06
-0.000344207039
7.34442567e-06
-0.000321084445
2.27682364e-05
-0.000284086154
3.63910222e-05
-0.000236279519
4.68081251e-05
-0.000181958567
5.26689567e-05
-0.000126403752
5.28429514e-05
-7.54285512e-05
4.66824283e-05
-3.46816331e-05
3.43862528e-05
-8.71390735e-06
1.76132227e-05
1.52474731e-06
-3.43754761e-06
1.42892058e-06
-1.80438815e-05
-3.66672211e-06
-4.34060199e-05
-9.19111109e-06
-7.6433646e-05
-1.31125309e-05
-0.000113187155
-1.50566482e-05
-0.000149665134
-1.51249469e-05
-0.000182251562
-1.35809244e-05
-0.000207952842
-1.07457566e-05
-0.000224514074
-6.95322936e-06
-0.000230484745
-2.54265329e-06
-0.00022527265
2.13230011e-06
-0.000209197098
6.69265713e-06
-0.000183535367
1.07292955e-05
-0.000150536807
1.38095915e-05
-0.000113368284
1.5500456e-05
-7.59397547e-05
1.54144243e-05
-4.25472248e-05
1.32898873e-05
-1.72767426e-05
9.11576256e-06
-3.10386039e-06
3.44034244e-06
-1.57910751e-06
1.42888405e-06
-2.23786082e-06
-1.14289612e-05
-2.45414574e-05
-3.95980846e-05
-5.47230452e-05
-6.83040004e-05
-7.90497701e-05
-8.60029811e-05
-8.85456048e-05
-8.64132929e-05
-7.97206492e-05
-6.89913745e-05
-5.51817905e-05
-3.96813252e-05
-2.42668867e-05
-1.09769926e-05
-1.86123143e-06
1.57910761e-06
)
;

boundaryField
{
    walls
    {
        type            calculated;
        value           uniform 0;
    }
    mov_wall
    {
        type            calculated;
        value           uniform 0;
    }
    empty
    {
        type            empty;
        value           nonuniform 0();
    }
}


// ************************************************************************* //
