/*--------------------------------*- C++ -*----------------------------------*\
| =========                 |                                                 |
| \\      /  F ield         | OpenFOAM: The Open Source CFD Toolbox           |
|  \\    /   O peration     | Version:  5.x                                   |
|   \\  /    A nd           | Web:      www.OpenFOAM.org                      |
|    \\/     M anipulation  |                                                 |
\*---------------------------------------------------------------------------*/
FoamFile
{
    version     2.0;
    format      ascii;
    class       volVectorField;
    location    "5.6";
    object      U;
}
// * * * * * * * * * * * * * * * * * * * * * * * * * * * * * * * * * * * * * //

dimensions      [0 1 -1 0 0 0 0];

internalField   nonuniform List<vector> 
400
(
(0.291698388 0.149643857 0)
(0.388187113 0.128007714 0)
(0.557616043 0.0757318338 0)
(0.674785689 0.0433044409 0)
(0.743766588 0.0251591063 0)
(0.787075019 0.0148802991 0)
(0.815462957 0.00893092336 0)
(0.833939558 0.00530992862 0)
(0.845365458 0.00289956043 0)
(0.851349261 0.00108485167 2.66526875e-34)
(0.852640748 -0.00050285278 -2.66526875e-34)
(0.849354294 -0.0021607189 0)
(0.840973371 -0.0042171047 0)
(0.826113771 -0.00722098662 0)
(0.802020423 -0.0122365028 0)
(0.763538945 -0.0213892109 0)
(0.699488893 -0.0388386141 0)
(0.584557338 -0.0722732724 0)
(0.407900536 -0.128436306 0)
(0.300688068 -0.152947536 0)
(0.00120416064 0.287432456 0)
(0.0133209223 0.293872157 0)
(0.140044414 0.20990487 0)
(0.264971566 0.14298617 0)
(0.364177723 0.0968019887 0)
(0.440120053 0.065441126 0)
(0.496541033 0.0439762563 0)
(0.536691062 0.0287011591 0)
(0.563274459 0.0170798533 0)
(0.578137335 0.00742308403 0)
(0.582210282 -0.00150101301 0)
(0.575515251 -0.0107977525 0)
(0.557109249 -0.0217346498 0)
(0.524912993 -0.0361396922 0)
(0.475518403 -0.0569635003 0)
(0.404325999 -0.0889771546 0)
(0.305687293 -0.139150755 0)
(0.174497792 -0.215275199 0)
(0.0341065869 -0.310801152 0)
(0.0108691575 -0.305909062 0)
(-0.032146772 0.241773945 0)
(-0.0634303843 0.333547185 0)
(-0.021936223 0.29950251 0)
(0.0505996067 0.240051677 0)
(0.127397364 0.183020813 0)
(0.196818595 0.135454528 0)
(0.254167093 0.097452348 0)
(0.298088295 0.0668891759 0)
(0.32866567 0.0413758259 0)
(0.346307817 0.0187814588 -2.35797079e-33)
(0.351211306 -0.002809494 2.35797079e-33)
(0.343126744 -0.0252950459 0)
(0.321277579 -0.0508299442 0)
(0.2844329 -0.0820948287 0)
(0.231328815 -0.122479776 0)
(0.161916757 -0.175658043 0)
(0.0798350162 -0.243208459 0)
(-0.00333734231 -0.31798196 0)
(-0.057853131 -0.366363499 0)
(-0.0313893186 -0.270690673 0)
(-0.0261204199 0.182361583 0)
(-0.0666192882 0.316884151 0)
(-0.0735377944 0.330901758 0)
(-0.0481307333 0.295352924 0)
(-0.00567219096 0.244253515 0)
(0.0411124598 0.192431746 0)
(0.0845450954 0.145095044 0)
(0.120424324 0.103006636 0)
(0.146585241 0.0651543683 0)
(0.161925472 0.0298884076 2.35546617e-33)
(0.165812808 -0.00469432478 -2.35546617e-33)
(0.157798794 -0.0406696204 0)
(0.137586495 -0.0803027362 0)
(0.105285212 -0.125979576 0)
(0.062090026 -0.179774806 0)
(0.0116092645 -0.242029719 0)
(-0.0380283839 -0.307764357 0)
(-0.0720490967 -0.35957937 0)
(-0.0711639163 -0.355585636 0)
(-0.0287210548 -0.209178578 0)
(-0.0176296866 0.140767918 0)
(-0.054916553 0.281827213 0)
(-0.0828630031 0.324484375 0)
(-0.0880762329 0.312396815 0)
(-0.0751197008 0.274441992 0)
(-0.0526276405 0.226778434 0)
(-0.0275118634 0.177302822 0)
(-0.00458010235 0.12914543 0)
(0.0130234842 0.0829123682 0)
(0.0233567914 0.0379330364 -2.945456e-34)
(0.0253097382 -0.00710139542 2.945456e-34)
(0.0184151966 -0.0537995252 0)
(0.00288697752 -0.103801261 0)
(-0.0200872026 -0.158367934 0)
(-0.0477707926 -0.217530718 0)
(-0.0750614597 -0.278347553 0)
(-0.0936267129 -0.331694805 0)
(-0.0922270599 -0.357398871 0)
(-0.0635074681 -0.31887989 0)
(-0.020731259 -0.162076722 0)
(-0.0116542822 0.111592253 0)
(-0.0431522062 0.243765273 0)
(-0.0782840033 0.299859413 0)
(-0.100579266 0.305000843 0)
(-0.108310595 0.280421278 0)
(-0.105716515 0.240369191 0)
(-0.0975361861 0.193277771 0)
(-0.08779346 0.143545373 0)
(-0.0795351978 0.0930260807 0)
(-0.0748272201 0.0420752394 0)
(-0.0748481374 -0.00975925432 0)
(-0.0799345877 -0.0632506209 0)
(-0.089500032 -0.119033277 0)
(-0.10181288 -0.176993443 0)
(-0.113690948 -0.235297915 0)
(-0.120284779 -0.288849068 0)
(-0.115237025 -0.327084782 0)
(-0.0922711179 -0.331566554 0)
(-0.0521876306 -0.275119693 0)
(-0.0142847864 -0.127260098 0)
(-0.008031857 0.0899680223 0)
(-0.0343052868 0.207876701 0)
(-0.0703686662 0.267741362 0)
(-0.100959322 0.283509156 0)
(-0.121509112 0.269753793 0)
(-0.133061967 0.237807858 0)
(-0.138135846 0.195384129 0)
(-0.139450255 0.147216492 0)
(-0.139365675 0.0958906847 0)
(-0.139599234 0.0425957656 0)
(-0.141114113 -0.01226256 0)
(-0.144054669 -0.0685401639 0)
(-0.147657218 -0.125824598 0)
(-0.150140609 -0.182787208 0)
(-0.148667743 -0.236314554 0)
(-0.139565525 -0.280390162 0)
(-0.119015752 -0.304900542 0)
(-0.0848747423 -0.294957285 0)
(-0.0422046493 -0.232154479 0)
(-0.0100065925 -0.100709817 0)
(-0.00589818891 0.0731569089 0)
(-0.02805144 0.175459932 0)
(-0.0624620823 0.233454972 0)
(-0.0961931174 0.254650696 0)
(-0.123784293 0.248662384 0)
(-0.144336447 0.223978333 0)
(-0.158622041 0.187072466 0)
(-0.168069556 0.142434108 0)
(-0.174171021 0.092943338 0)
(-0.178091657 0.0403533042 0)
(-0.18045626 -0.0142245161 0)
(-0.181230006 -0.0698446704 0)
(-0.179647308 -0.125225754 0)
(-0.174205205 -0.178177566 0)
(-0.162809076 -0.224940956 0)
(-0.143212558 -0.259512833 0)
(-0.113841635 -0.273201298 0)
(-0.0753166163 -0.25489636 0)
(-0.0343188989 -0.192925778 0)
(-0.00728498637 -0.0799917735 0)
(-0.00459312014 0.0595160193 0)
(-0.0235441658 0.146542623 0)
(-0.0553429931 0.199662159 0)
(-0.0893196797 0.222701635 0)
(-0.120051824 0.221819419 0)
(-0.145609092 0.203131839 0)
(-0.165570649 0.17179656 0)
(-0.180317102 0.131775635 0)
(-0.190531084 0.0859405084 0)
(-0.196813744 0.0363510061 2.9771156e-34)
(-0.199448903 -0.0153915409 -2.9771156e-34)
(-0.198275629 -0.0677566343 0)
(-0.192646153 -0.118867791 0)
(-0.181489356 -0.166059309 0)
(-0.163546096 -0.205440875 0)
(-0.137858734 -0.231577794 0)
(-0.104503395 -0.237504904 0)
(-0.0656637231 -0.21538622 0)
(-0.028173796 -0.158249841 0)
(-0.00551068988 -0.0634668213 0)
(-0.00373314121 0.0480883425 0)
(-0.0201212291 0.120839404 0)
(-0.0490153858 0.167676447 0)
(-0.0816389829 0.190287501 0)
(-0.112989457 0.192487649 0)
(-0.140680565 0.178557134 4.6798815e-33)
(-0.16355739 0.152465458 0)
(-0.181246277 0.117555006 0)
(-0.193784177 0.0765047454 -4.74063897e-33)
(-0.201296981 0.0314709912 2.26596444e-36)
(-0.203789204 -0.0156743981 4.98649168e-36)
(-0.201035367 -0.0630555912 0)
(-0.192565926 -0.108481575 0)
(-0.177765512 -0.149141423 0)
(-0.156124912 -0.181360928 0)
(-0.12767979 -0.200524266 0)
(-0.0935645738 -0.201318538 0)
(-0.0566770431 -0.17846397 0)
(-0.0233146629 -0.128090137 0)
(-0.00429570328 -0.0500435325 0)
(-0.00311504103 0.0383306323 0)
(-0.0173631139 0.0980508558 0)
(-0.0433176142 0.138129974 0)
(-0.0737180734 0.158979204 0)
(-0.104104458 0.162838223 0)
(-0.131970542 0.152618177 -4.6798815e-33)
(-0.155761617 0.131295705 0)
(-0.174612856 0.101603285 0)
(-0.188100213 0.0659290011 4.74063897e-33)
(-0.195997423 0.0263693625 1.49106878e-33)
(-0.198111622 -0.015123324 -1.49832123e-33)
(-0.194204018 -0.056544247 0)
(-0.183996557 -0.0956260339 0)
(-0.167277167 -0.129654835 0)
(-0.144124392 -0.155368911 0)
(-0.115252468 -0.169022499 0)
(-0.0823814142 -0.166713894 0)
(-0.0485941062 -0.145040227 0)
(-0.0193975946 -0.102103346 0)
(-0.00342090805 -0.0390049984 0)
(-0.00263393859 0.0299262614 0)
(-0.0150226263 0.0779301293 0)
(-0.0380974177 0.111311117 0)
(-0.0658175614 0.129695802 0)
(-0.0942794735 0.134263882 0)
(-0.121044035 0.12692534 0)
(-0.144383617 0.109860565 0)
(-0.163148984 0.0852480487 0)
(-0.1766195 0.0551416467 0)
(-0.18433547 0.0214703222 2.99742713e-34)
(-0.185982942 -0.0138813654 -2.99742713e-34)
(-0.181343684 -0.0489515469 0)
(-0.170313968 -0.0815745591 0)
(-0.152999249 -0.109289266 0)
(-0.1298916 -0.12933073 0)
(-0.1021145 -0.138764243 0)
(-0.0716393846 -0.134816141 0)
(-0.0414365998 -0.115407292 0)
(-0.0161843512 -0.0798582235 0)
(-0.00276403331 -0.0298606576 0)
(-0.00223473972 0.0226800215 0)
(-0.0129541327 0.0602838545 0)
(-0.0332381497 0.0873308382 0)
(-0.0580555227 0.102954508 0)
(-0.0840353742 0.10762183 0)
(-0.108906085 0.102520711 0)
(-0.130914089 0.0892086455 0)
(-0.14877584 0.0693818624 0)
(-0.161603548 0.0447501675 0)
(-0.168801281 0.0170067422 3.00137302e-34)
(-0.169993542 -0.0121372084 -3.00137302e-34)
(-0.164999678 -0.0408861827 0)
(-0.153857544 -0.0672953828 0)
(-0.136899084 -0.0892417093 0)
(-0.114876633 -0.104468699 0)
(-0.0891189033 -0.110744413 0)
(-0.0616328431 -0.106158114 0)
(-0.035126978 -0.0895353381 0)
(-0.0135037462 -0.0609264446 0)
(-0.0022532738 -0.0222578278 0)
(-0.00188545758 0.0164662564 0)
(-0.0110624896 0.0449645354 0)
(-0.0286411486 0.0662105025 0)
(-0.0504611286 0.0790278213 0)
(-0.0736531568 0.0834123397 0)
(-0.0961641734 0.0800414973 0)
(-0.11630592 0.0699953598 0)
(-0.132763349 0.0545610827 0)
(-0.144575607 0.0351143592 0)
(-0.151082432 0.0130747383 0)
(-0.151887885 -0.0100881458 0)
(-0.146853001 -0.0328250736 0)
(-0.136119509 -0.053482357 0)
(-0.120164262 -0.0703098611 0)
(-0.0998793421 -0.0815299526 0)
(-0.0766571182 -0.0854921351 0)
(-0.0524122075 -0.080923535 0)
(-0.0295300331 -0.067246949 0)
(-0.0112185748 -0.0449266649 0)
(-0.00184129873 -0.0159381066 0)
(-0.0015625161 0.0112077532 0)
(-0.00926988038 0.0318705366 0)
(-0.024202526 0.0479368708 0)
(-0.0429884511 0.0580490678 0)
(-0.0632319137 0.0619115037 0)
(-0.0831208627 0.059855927 0)
(-0.101086243 0.0526055616 0)
(-0.115849134 0.0411071729 0)
(-0.126440936 0.0264236282 0)
(-0.132187244 0.0096856049 0)
(-0.13269763 -0.00791671067 0)
(-0.127870711 -0.0251250423 0)
(-0.117915456 -0.0406102693 0)
(-0.103386537 -0.0529974546 0)
(-0.0852272582 -0.0609387042 0)
(-0.0648019904 -0.0632496921 0)
(-0.0438652612 -0.0591133839 0)
(-0.0244674985 -0.0483249871 0)
(-0.00920309222 -0.0315520053 0)
(-0.00149088393 -0.0107193787 0)
(-0.00124268812 0.0068723719 0)
(-0.00749725883 0.0209539432 0)
(-0.0197996779 0.0325014302 0)
(-0.0355242022 0.0400872953 0)
(-0.0527239695 0.0432717595 0)
(-0.0698331035 0.0421741865 0)
(-0.0854326513 0.0372606268 0)
(-0.0983251666 0.0291991543 0)
(-0.107580789 0.0187673588 0)
(-0.112546729 0.00680863956 0)
(-0.112854339 -0.0057801128 0)
(-0.108431627 -0.0180487533 0)
(-0.0995214438 -0.0289997666 0)
(-0.0867021655 -0.0376160606 0)
(-0.0709039806 -0.0429246753 0)
(-0.0534054974 -0.0441071911 0)
(-0.03577031 -0.0406592899 0)
(-0.019728103 -0.0325810784 0)
(-0.00733072652 -0.0205903294 0)
(-0.00116697523 -0.00649226742 0)
(-0.000899880214 0.00347704363 0)
(-0.00566092591 0.0122244336 0)
(-0.015297843 0.0199179457 0)
(-0.0279091962 0.0251886538 0)
(-0.0419708433 0.0275859255 0)
(-0.0561592857 0.0271262674 0)
(-0.0692274793 0.0240986763 0)
(-0.0800968118 0.0189454391 0)
(-0.0879159893 0.0121895974 0)
(-0.0920844231 0.00440206396 0)
(-0.0922681566 -0.00380768139 0)
(-0.0884155158 -0.011792767 0)
(-0.0807724887 -0.018874873 0)
(-0.0698942007 -0.0243659683 0)
(-0.0566454528 -0.0276151896 0)
(-0.0421770526 -0.0280887053 0)
(-0.0278469019 -0.02548642 0)
(-0.015088734 -0.0198866118 0)
(-0.00547449364 -0.0119313559 0)
(-0.000833546616 -0.00322197361 0)
(-0.000507508541 0.00108920455 0)
(-0.00368889071 0.0057401409 0)
(-0.0105872205 0.0102223861 0)
(-0.0199879361 0.0134022189 0)
(-0.0307552979 0.0149400955 0)
(-0.0418076618 0.0148327149 0)
(-0.0521004784 0.0132501816 0)
(-0.0607205912 0.0104516821 0)
(-0.0669425784 0.00673882179 0)
(-0.0702538273 0.0024372865 0)
(-0.0703711905 -0.00210635302 0)
(-0.0672558446 -0.00652339086 0)
(-0.0611263929 -0.0104252551 0)
(-0.0524664953 -0.013415468 0)
(-0.0420201045 -0.0151167084 0)
(-0.0307626611 -0.0152183489 0)
(-0.0198243298 -0.0135494054 0)
(-0.0103615228 -0.010176167 0)
(-0.00352670196 -0.00555507486 0)
(-0.000456470263 -0.000945965652 0)
(-6.44937433e-05 -0.000176245427 0)
(-0.00159899214 0.00163661376 0)
(-0.00569518704 0.00359860298 0)
(-0.0117199273 0.00501068372 0)
(-0.0188880473 0.00571684981 0)
(-0.0263913908 0.0057338276 0)
(-0.0334549924 0.00514771782 0)
(-0.0394085036 0.00407326626 0)
(-0.0437225466 0.00263489437 0)
(-0.0460238811 0.00096186631 0)
(-0.0461058226 -0.000810102606 0)
(-0.0439388735 -0.00253599119 0)
(-0.0396813863 -0.00406056549 0)
(-0.0336869572 -0.00522175689 0)
(-0.0265027353 -0.00586030368 0)
(-0.0188496238 -0.00583829388 0)
(-0.0115675422 -0.00507039291 0)
(-0.00551559656 -0.00357095374 0)
(-0.00148203554 -0.00155258743 0)
(-3.10935121e-05 0.000233977514 0)
(0.000261393606 -0.000255579788 0)
(0.000151436161 0.000102070758 0)
(-0.00117495532 0.000547414807 0)
(-0.00348063065 0.000863517786 0)
(-0.00637558016 0.00102208011 0)
(-0.00946687151 0.00103797735 0)
(-0.0124000379 0.000936216592 0)
(-0.0148817802 0.000743060125 0)
(-0.0166861016 0.00048318064 0)
(-0.0176547241 0.000180090034 1.08300174e-33)
(-0.0176985181 -0.000142306706 -1.08300174e-33)
(-0.0168014854 -0.000458218731 0)
(-0.0150266305 -0.000739020733 0)
(-0.0125219025 -0.000953245827 0)
(-0.00952354955 -0.00106773209 0)
(-0.00635302303 -0.00105052476 0)
(-0.00340014854 -0.000876787027 0)
(-0.00108361481 -0.000539615798 0)
(0.00020611071 -8.25146464e-05 0)
(0.000274563544 0.000266745375 0)
)
;

boundaryField
{
    walls
    {
        type            fixedValue;
        value           uniform (0 0 0);
    }
    mov_wall
    {
        type            fixedValue;
        value           uniform (1 0 0);
    }
    empty
    {
        type            empty;
    }
}


// ************************************************************************* //
