/*--------------------------------*- C++ -*----------------------------------*\
| =========                 |                                                 |
| \\      /  F ield         | OpenFOAM: The Open Source CFD Toolbox           |
|  \\    /   O peration     | Version:  5.x                                   |
|   \\  /    A nd           | Web:      www.OpenFOAM.org                      |
|    \\/     M anipulation  |                                                 |
\*---------------------------------------------------------------------------*/
FoamFile
{
    version     2.0;
    format      ascii;
    class       volScalarField;
    location    "6.6";
    object      p;
}
// * * * * * * * * * * * * * * * * * * * * * * * * * * * * * * * * * * * * * //

dimensions      [0 2 -2 0 0 0 0];

internalField   nonuniform List<scalar> 
400
(
1.16214424e-06
2.45246045
3.49432413
3.8988803
4.10664824
4.2247077
4.29429233
4.3402792
4.37633973
4.41011186
4.44676078
4.49091563
4.54765528
4.62449039
4.73479862
4.90459709
5.18238071
5.68420207
6.84131666
9.41172569
1.88670615
2.86729027
3.41988448
3.7477448
3.96518179
4.10974824
4.20767524
4.27899318
4.33674575
4.38961412
4.44424633
4.50657281
4.58333436
4.68329865
4.8197272
5.01368
5.29402323
5.69846993
6.33841643
7.42837215
2.98207868
3.26253107
3.54233195
3.77068045
3.94570662
4.07571673
4.17322659
4.25000419
4.31527649
4.37623684
4.43892604
4.50902254
4.59257599
4.69678358
4.83085101
5.0066391
5.23632263
5.52394016
5.86049162
6.19823839
3.52778509
3.58534368
3.72178628
3.8653776
3.98906496
4.09083328
4.17461119
4.2457149
4.30952776
4.37102401
4.43477551
4.50520531
4.58678937
4.68425543
4.80245203
4.94569359
5.11575035
5.30514888
5.47833784
5.55963978
3.84421799
3.82688138
3.88518072
3.96938379
4.05222058
4.12779186
4.19566953
4.2574787
4.31592373
4.37409306
4.43506591
4.50185849
4.57733205
4.6640069
4.76350483
4.87551187
4.99635997
5.11480279
5.19584683
5.18371666
4.04550192
4.00365967
4.02142696
4.06785066
4.12138313
4.17574171
4.22885566
4.28053861
4.33186099
4.38449245
4.44027173
4.5009689
4.56804968
4.64232723
4.72332713
4.80836714
4.89180759
4.96267884
4.99308151
4.9468088
4.18058645
4.13383166
4.13183964
4.15536938
4.18883423
4.22706734
4.26772771
4.3098726
4.35363818
4.39973207
4.44903903
4.50233761
4.56001975
4.62172264
4.68578619
4.74862671
4.80456051
4.84466651
4.84862545
4.79368085
4.2756592
4.23084315
4.2196608
4.22967509
4.24984648
4.2763553
4.30712292
4.34098341
4.37757927
4.41699978
4.4594521
4.50499691
4.55328597
4.60325001
4.6527058
4.69801197
4.73425929
4.75484747
4.74556123
4.69204296
4.34467472
4.30373157
4.28862957
4.2908282
4.30237692
4.32057224
4.34373052
4.37070231
4.40089365
4.43401621
4.46982894
4.50791831
4.54748407
4.58710969
4.6245141
4.65641396
4.67889422
4.68733375
4.67187988
4.62321722
4.39525978
4.35850489
4.34215762
4.33995866
4.34598969
4.3583618
4.37576142
4.39714535
4.42182571
4.44929919
4.47905134
4.51038741
4.54227464
4.57319295
4.60100082
4.62292673
4.63599627
4.63709285
4.61932521
4.57637816
4.43196405
4.399258
4.38305468
4.37851081
4.38106618
4.3893965
4.40248775
4.41942468
4.43950224
4.46210908
4.48658272
4.51208727
4.53750832
4.56136912
4.58177644
4.59648162
4.60329494
4.600174
4.58220617
4.54489424
4.45777692
4.42889609
4.41358059
4.40794503
4.40837977
4.41394758
4.42386452
4.43733877
4.45368829
4.47226123
4.49233116
4.51301417
4.53320696
4.55155174
4.56643327
4.57607068
4.57888595
4.573575
4.55655558
4.5244783
4.47482786
4.44957379
4.43556166
4.42962075
4.42885316
4.43259389
4.44023584
4.45109885
4.46454318
4.47991588
4.49647748
4.51335063
4.52949151
4.54368895
4.55459219
4.56081103
4.56122747
4.55503624
4.53957359
4.51225975
4.48473077
4.4629597
4.45049348
4.44475176
4.44341686
4.44602901
4.45212278
4.46111783
4.47242323
4.48540355
4.49933097
4.51335917
4.5265201
4.53774666
4.54591848
4.5499595
4.54909387
4.54285728
4.52925569
4.50627224
4.48877432
4.47040301
4.45962113
4.4543939
4.45292767
4.45493709
4.46007894
4.46786223
4.47774221
4.48910324
4.50123285
4.51331688
4.52445622
4.53370649
4.54013508
4.54291334
4.54152343
4.53574888
4.52413483
4.50513603
4.48806166
4.47305729
4.46400973
4.45945569
4.45813163
4.45992448
4.46460558
4.47176312
4.48088749
4.491371
4.50250292
4.5134836
4.52345843
4.53157127
4.53703091
4.53919996
4.53776278
4.53270817
4.52308391
4.50782154
4.48366885
4.47201075
4.4646412
4.46076316
4.45970243
4.46153761
4.46615392
4.47320637
4.48220111
4.49251457
4.50341016
4.51407057
4.52364774
4.53132934
4.53641606
4.53841292
4.53717081
4.5328787
4.52512685
4.51341656
4.47685605
4.46838827
4.4624298
4.45901622
4.45816275
4.4601707
4.46503563
4.47245792
4.48192831
4.49277077
4.50418179
4.51528086
4.52517507
4.5330394
4.53820842
4.54027864
4.53923945
4.53549894
4.52928816
4.52085663
4.46928664
4.46319502
4.4576749
4.4539686
4.4529226
4.45508989
4.46054365
4.46896901
4.4797716
4.49214948
4.50515461
4.51775896
4.52893174
4.53773488
4.543435
4.5456314
4.54440484
4.54041662
4.53469956
4.52866653
4.46344953
4.45752375
4.4503712
4.44492764
4.44290402
4.44509607
4.45156813
4.4618735
4.4752154
4.49055165
4.50667283
4.52227653
4.53605399
4.54680004
4.55355267
4.55576596
4.55352078
4.54774992
4.54035205
4.53446267
)
;

boundaryField
{
    walls
    {
        type            zeroGradient;
    }
    mov_wall
    {
        type            zeroGradient;
    }
    empty
    {
        type            empty;
    }
}


// ************************************************************************* //
