/*--------------------------------*- C++ -*----------------------------------*\
| =========                 |                                                 |
| \\      /  F ield         | OpenFOAM: The Open Source CFD Toolbox           |
|  \\    /   O peration     | Version:  5.x                                   |
|   \\  /    A nd           | Web:      www.OpenFOAM.org                      |
|    \\/     M anipulation  |                                                 |
\*---------------------------------------------------------------------------*/
FoamFile
{
    version     2.0;
    format      ascii;
    class       surfaceScalarField;
    location    "6.6";
    object      phi;
}
// * * * * * * * * * * * * * * * * * * * * * * * * * * * * * * * * * * * * * //

dimensions      [0 3 -1 0 0 0 0];

internalField   nonuniform List<scalar> 
760
(
0.00134817666
-0.00134817721
0.00245763979
-0.00110946313
0.00313513469
-0.000677494894
0.00355971573
-0.000424581034
0.00383225133
-0.000272535597
0.00400945217
-0.000177200852
0.0041252145
-0.000115762348
0.00419921707
-7.40025617e-05
0.00424243236
-4.32152699e-05
0.0042605536
-1.81212303e-05
0.00425562236
4.9312248e-06
0.00422675778
2.8864571e-05
0.00416938939
5.73683878e-05
0.00407358505
9.5804361e-05
0.00391995095
0.000153634105
0.0036720193
0.000247931634
0.00326316022
0.000408859066
0.00257264075
0.000690519475
0.00140850172
0.00116413905
0.00140850174
-5.46952524e-05
-0.00129348196
0.000412592663
-0.00157675105
0.00103002982
-0.00129493205
0.00157871389
-0.000973265088
0.00201483272
-0.000708654412
0.00234477728
-0.000507145408
0.00258511632
-0.000356101402
0.00275126941
-0.000240155661
0.00285456779
-0.000146513648
0.00290179533
-6.53487475e-05
0.00289536661
1.13599513e-05
0.00283293037
9.13008069e-05
0.00270712573
0.00018317301
0.00250436373
0.00029856636
0.00220410989
0.000453887973
0.00178090174
0.000671139796
0.001217568
0.00097219279
0.000552812551
0.0013552749
1.30664676e-05
0.00170388513
0.00142156822
-0.000271734642
-0.00102174731
-0.000221026585
-0.00162745912
7.13678021e-05
-0.00158732645
0.000446285648
-0.00134818293
0.00081248969
-0.00107485844
0.00112929928
-0.000823954985
0.00138207832
-0.000608880446
0.00156800787
-0.000426085229
0.00168837695
-0.000266882732
0.00174468453
-0.000121656317
0.00173678977
1.9254736e-05
0.00166213443
0.00016595615
0.00151571288
0.000329594541
0.00129125422
0.000523025003
0.000985011682
0.000760130528
0.000605009661
0.00105114185
0.000189850722
0.00138735174
-0.000160045077
0.00170517068
-0.00026164064
0.00180548067
0.00115992759
-0.000227941576
-0.000793805721
-0.000361197312
-0.00149420338
-0.000308328224
-0.00164019556
-0.000134821222
-0.00152168995
8.92093734e-05
-0.00129888902
0.000314971873
-0.00104971746
0.000513263013
-0.000807171573
0.000668300019
-0.000581122248
0.00077199031
-0.000370573045
0.000820036099
-0.000169702106
0.000809727652
2.95632079e-05
0.000739201038
0.000236482783
0.000607935673
0.000460859893
0.000419110858
0.000711849792
0.000184524307
0.000994717074
-6.71911801e-05
0.00130285736
-0.000280617532
0.00160077811
-0.000369418469
0.00179397161
-0.000246993633
0.00168305582
0.000912933952
-0.00016896522
-0.000624840495
-0.000352016181
-0.0013111524
-0.000431557684
-0.00156065406
-0.000408908995
-0.00154433866
-0.000319435201
-0.00138836283
-0.000200095194
-0.00116905745
-7.98100758e-05
-0.000927456663
2.157826e-05
-0.00068251058
9.14286878e-05
-0.000440423497
0.000122135362
-0.0002004088
0.000109757181
4.19414027e-05
5.36457222e-05
0.000292594274
-4.27489929e-05
0.000557254619
-0.000169694036
0.000838794809
-0.000307652453
0.00113267546
-0.000423468646
0.00141867356
-0.000470024871
0.00164733437
-0.000397824811
0.00172177157
-0.000196431019
0.00148166202
0.000716502914
-0.000124192149
-0.000500648352
-0.00030833564
-0.00112700889
-0.000450494098
-0.00141849559
-0.000523204023
-0.00147162875
-0.000535391081
-0.0013761758
-0.000508160844
-0.00119628769
-0.000463156894
-0.000972460585
-0.000418060926
-0.00072760652
-0.000385619005
-0.000472865427
-0.000373912086
-0.000212115754
-0.000386727955
5.47572598e-05
-0.000423459508
0.000329325857
-0.000478356357
0.000612151505
-0.000539178256
0.000899616707
-0.000585818886
0.00117931606
-0.000590512356
0.001423367
-0.000523085144
0.00157990717
-0.000366699078
0.00156538554
-0.000150585974
0.00126554893
0.000565916925
-9.45729502e-05
-0.00040607542
-0.000264649753
-0.000956932068
-0.000430738382
-0.00125240693
-0.000556976936
-0.00134539019
-0.000636793226
-0.00129635953
-0.00067814179
-0.00115493915
-0.000693943945
-0.000956658419
-0.000696929235
-0.00072462119
-0.000697274037
-0.000472520603
-0.000701661754
-0.000207728064
-0.000712860736
6.59562011e-05
-0.000729336388
0.000345801509
-0.000744753806
0.000627568967
-0.000747580279
0.000902443217
-0.000721469886
0.00115320565
-0.0006478434
0.00134974048
-0.00051287694
0.00144494069
-0.000321206287
0.00137371491
-0.000116485698
0.00106082837
0.000449431232
-7.53437479e-05
-0.000330731691
-0.000228206832
-0.000804068986
-0.000398353665
-0.00108226007
-0.000550539512
-0.00119320431
-0.000670626443
-0.00117627261
-0.000757578356
-0.00106798728
-0.000816784841
-0.000897451958
-0.000855587459
-0.000685818545
-0.000880624282
-0.00044748373
-0.000896360302
-0.000191992034
-0.00090427009
7.38659466e-05
-0.00090236034
0.000343891718
-0.000884972229
0.000610180869
-0.000843104153
0.000860575194
-0.000765820167
0.0010759217
-0.000643664727
0.00122758502
-0.000475103951
0.00127637988
-0.000276309862
0.0011749208
-9.21328692e-05
0.000876651392
0.000357298384
-6.22883063e-05
-0.00026844339
-0.000198541337
-0.000667815978
-0.000362893669
-0.000917907734
-0.000523850721
-0.00103224722
-0.000664415206
-0.00103570809
-0.000778128911
-0.000954273593
-0.000864812194
-0.000810768722
-0.000927165505
-0.000623465249
-0.00096839969
-0.000406249502
-0.000990721188
-0.000169670484
-0.000994436346
7.75811e-05
-0.000977525749
0.000326981066
-0.000935695033
0.000568350116
-0.000863101256
0.000787981439
-0.000754123147
0.000966943643
-0.000606626286
0.00108008818
-0.000426950401
0.00109670397
-0.000236038299
0.000984008663
-7.43490336e-05
0.000714962114
0.000282949368
-5.27689543e-05
-0.00021567442
-0.000173812795
-0.000546772169
-0.000327557426
-0.000764163126
-0.000486865996
-0.000872938633
-0.000634380175
-0.000888193865
-0.00076075783
-0.000827895916
-0.000862116657
-0.000709409932
-0.000937654788
-0.00054792717
-0.000987783258
-0.000356121033
-0.00101282396
-0.000144629725
-0.00101222273
7.69799225e-05
-0.00098424068
0.000298998997
-0.000926163081
0.000510272456
-0.000835158846
0.000696977172
-0.000709976104
0.000841760929
-0.000553597317
0.000923709447
-0.000376676962
0.000919783638
-0.000200960042
0.000808291727
-6.08626314e-05
0.000574864678
0.000222086734
-4.52979064e-05
-0.000170376482
-0.000152453961
-0.000439616128
-0.000293299627
-0.0006233175
-0.000444763133
-0.000721475147
-0.000590345854
-0.000742611111
-0.000719473335
-0.000698768381
-0.000826046318
-0.000602836937
-0.000906878214
-0.000467095326
-0.000960347612
-0.000302651687
-0.000985403179
-0.000119574145
-0.000980963149
7.2539959e-05
-0.00094573208
0.000263767973
-0.000878480016
0.000443020368
-0.000778855077
0.000597352173
-0.000648784081
0.000711689905
-0.00049440356
0.000769328953
-0.000328204144
0.000753584267
-0.000170678352
0.000650765956
-5.02806499e-05
0.000454466965
0.000171806066
-3.90621689e-05
-0.000131314287
-0.000133403775
-0.000345274504
-0.000260349962
-0.00049637134
-0.000400388991
-0.000581436163
-0.000538431225
-0.000604568888
-0.000663692786
-0.000573506772
-0.000768938018
-0.000497591647
-0.000849523053
-0.000386510293
-0.000902500945
-0.000249673856
-0.000925934135
-9.61410048e-05
-0.000918488899
6.50947469e-05
-0.00087935618
0.000224635323
-0.000808535304
0.00037219953
-0.000707505259
0.000496322102
-0.000580261709
0.0005844463
-0.000434588362
0.000623655583
-0.000283248301
0.000602244228
-0.000144573356
0.000512091047
-4.17551741e-05
0.000351648799
0.000130050878
-3.36094168e-05
-9.77048697e-05
-0.000115973485
-0.000262910393
-0.000228685861
-0.000383658952
-0.00035533114
-0.000454790921
-0.000482448518
-0.00047745156
-0.000599656676
-0.000456298615
-0.000699324727
-0.000397923537
-0.000776050445
-0.00030978452
-0.000826127604
-0.00019959671
-0.000847124151
-7.51445242e-05
-0.000837646125
5.56166777e-05
-0.000797332222
0.000184321448
-0.000727102512
0.000301969885
-0.000629656404
0.000398876027
-0.000510163464
0.000464953336
-0.000377005155
0.000490497229
-0.000242314884
0.000467553937
-0.000121978241
0.000391754419
-3.47332116e-05
0.000264403795
9.53176695e-05
-2.86575174e-05
-6.90473804e-05
-9.96602296e-05
-0.000191907643
-0.000198116982
-0.000285202155
-0.000310357535
-0.000342550364
-0.000424616068
-0.000363193075
-0.000531265922
-0.00034964881
-0.000622765477
-0.000306423972
-0.000693446618
-0.000239103313
-0.000739258775
-0.000153784504
-0.000757558015
-5.68453055e-05
-0.000747003467
4.50620653e-05
-0.00070759797
0.000144915915
-0.000640884411
0.000235256355
-0.000550277048
0.000308268721
-0.000441462324
0.00035613864
-0.00032274585
0.000371780737
-0.000205166595
0.000349974648
-0.000102185456
0.000288773264
-2.88024236e-05
0.000191020773
6.65152606e-05
-2.39812351e-05
-4.50661832e-05
-8.39974589e-05
-0.000131891415
-0.000168257091
-0.000200942476
-0.00026559546
-0.000245211952
-0.000365935568
-0.000262852973
-0.000460594505
-0.000254989929
-0.000542423566
-0.000224594957
-0.000605821337
-0.000175705524
-0.000646681712
-0.000112924063
-0.000662339347
-4.11876277e-05
-0.000651561315
3.42840103e-05
-0.00061461296
0.000107967502
-0.000553400664
0.000174044029
-0.000471663904
0.000226531985
-0.00037515399
0.000259628772
-0.000271701935
0.000268328704
-0.000171058852
0.000249331553
-8.4417077e-05
0.000202131465
-2.35998755e-05
0.000130203562
4.29153958e-05
-1.93492321e-05
-2.57169702e-05
-6.8470061e-05
-8.27706161e-05
-0.00013850677
-0.000130905753
-0.000220638065
-0.000163080608
-0.000306428379
-0.000177062616
-0.000388228734
-0.000173189586
-0.000459474186
-0.000153349562
-0.000514859838
-0.000120319912
-0.000550429805
-7.73540742e-05
-0.000563627545
-2.79898278e-05
-0.000553348395
2.40048963e-05
-0.00052001642
7.46355057e-05
-0.000465682629
0.000119710191
-0.000394114935
0.000154964267
-0.000310822992
0.000176336848
-0.000222941254
0.000180447001
-0.000138894609
0.000165284926
-6.78135142e-05
0.000131050363
-1.87621178e-05
8.11521517e-05
2.41532775e-05
-1.45055133e-05
-1.12114426e-05
-5.25211208e-05
-4.47550513e-05
-0.000108122838
-7.53040618e-05
-0.000174687808
-9.65156211e-05
-0.000245343226
-0.000106407147
-0.000313520786
-0.000105011988
-0.000373387884
-9.34824784e-05
-0.000420129439
-7.35784089e-05
-0.000450116101
-4.73674458e-05
-0.000461009093
-1.70968148e-05
-0.000451841617
1.48374713e-05
-0.000423096881
4.58907991e-05
-0.000376775961
7.33892548e-05
-0.000316426464
9.46147341e-05
-0.000247079566
0.000106989932
-0.000175030358
0.000108397805
-0.000107403054
9.76576456e-05
-5.14858378e-05
7.51331595e-05
-1.39146194e-05
4.35809302e-05
1.02386517e-05
-9.20277116e-06
-2.00863495e-06
-3.5684731e-05
-1.82731187e-05
-7.64355416e-05
-3.45532912e-05
-0.000126811048
-4.61401389e-05
-0.00018140808
-5.18100965e-05
-0.000234817133
-5.16028863e-05
-0.000282132201
-4.61673776e-05
-0.000319263528
-3.64470966e-05
-0.000343116525
-2.35144927e-05
-0.000351700066
-8.51329863e-06
-0.000344207024
7.34444709e-06
-0.000321084417
2.27682319e-05
-0.000284086142
3.63910014e-05
-0.000236279529
4.68081109e-05
-0.000181958583
5.26689609e-05
-0.000126403758
5.28429665e-05
-7.54285442e-05
4.66824395e-05
-3.46816236e-05
3.43862539e-05
-8.71390392e-06
1.76132183e-05
1.52474452e-06
-3.43749998e-06
1.42889738e-06
-1.80438566e-05
-3.66676481e-06
-4.34060314e-05
-9.19113965e-06
-7.64336803e-05
-1.31125262e-05
-0.000113187178
-1.50566205e-05
-0.000149665124
-1.5124926e-05
-0.000182251534
-1.35809299e-05
-0.000207952826
-1.07457798e-05
-0.000224514085
-6.95324437e-06
-0.000230484769
-2.54264524e-06
-0.000225272661
2.13232137e-06
-0.000209197087
6.6926702e-06
-0.000183535349
1.07292902e-05
-0.000150536799
1.38095764e-05
-0.00011336829
1.55004464e-05
-7.59397642e-05
1.54144267e-05
-4.2547228e-05
1.32898961e-05
-1.72767387e-05
9.11576867e-06
-3.10385581e-06
3.4403427e-06
-1.57910987e-06
1.42891147e-06
-2.23782627e-06
-1.14289411e-05
-2.45414658e-05
-3.95981093e-05
-5.47230602e-05
-6.83039921e-05
-7.90497496e-05
-8.60029705e-05
-8.85456132e-05
-8.64133094e-05
-7.97206569e-05
-6.89913684e-05
-5.51817792e-05
-3.96813196e-05
-2.42668893e-05
-1.09769977e-05
-1.86123331e-06
1.57910889e-06
)
;

boundaryField
{
    walls
    {
        type            calculated;
        value           uniform 0;
    }
    mov_wall
    {
        type            calculated;
        value           uniform 0;
    }
    empty
    {
        type            empty;
        value           nonuniform 0();
    }
}


// ************************************************************************* //
