/*--------------------------------*- C++ -*----------------------------------*\
| =========                 |                                                 |
| \\      /  F ield         | OpenFOAM: The Open Source CFD Toolbox           |
|  \\    /   O peration     | Version:  5.x                                   |
|   \\  /    A nd           | Web:      www.OpenFOAM.org                      |
|    \\/     M anipulation  |                                                 |
\*---------------------------------------------------------------------------*/
FoamFile
{
    version     2.0;
    format      ascii;
    class       volVectorField;
    location    "6.6";
    object      U;
}
// * * * * * * * * * * * * * * * * * * * * * * * * * * * * * * * * * * * * * //

dimensions      [0 1 -1 0 0 0 0];

internalField   nonuniform List<vector> 
400
(
(0.291698404 0.149643838 0)
(0.388187139 0.128007704 0)
(0.557616056 0.0757318301 0)
(0.674785696 0.0433044403 0)
(0.743766593 0.0251591067 0)
(0.787075021 0.0148802986 0)
(0.815462956 0.00893092176 0)
(0.833939558 0.00530992727 0)
(0.845365461 0.00289956075 0)
(0.851349265 0.00108485323 2.66526816e-34)
(0.852640749 -0.000502851968 -2.66526816e-34)
(0.849354292 -0.00216071999 0)
(0.840973369 -0.00421710639 0)
(0.826113772 -0.00722098665 0)
(0.802020426 -0.0122365008 0)
(0.763538947 -0.0213892092 0)
(0.699488891 -0.038838615 0)
(0.584557333 -0.0722732758 0)
(0.407900532 -0.128436309 0)
(0.300688067 -0.152947537 0)
(0.00120417092 0.28743243 0)
(0.0133209397 0.293872139 0)
(0.140044427 0.209904861 0)
(0.264971577 0.142986167 0)
(0.364177733 0.0968019885 0)
(0.44012006 0.0654411254 0)
(0.496541035 0.0439762534 0)
(0.536691063 0.0287011557 0)
(0.563274461 0.0170798526 0)
(0.57813734 0.00742308656 0)
(0.582210287 -0.00150101063 0)
(0.575515252 -0.0107977536 0)
(0.557109246 -0.0217346533 0)
(0.524912992 -0.0361396936 0)
(0.475518406 -0.0569634974 0)
(0.404326005 -0.0889771503 0)
(0.305687295 -0.139150754 0)
(0.174497789 -0.215275203 0)
(0.0341065811 -0.310801158 0)
(0.0108691546 -0.305909065 0)
(-0.0321467671 0.241773934 0)
(-0.0634303751 0.333547171 0)
(-0.0219362149 0.299502498 0)
(0.050599615 0.24005167 0)
(0.127397374 0.183020811 0)
(0.196818605 0.135454528 0)
(0.2541671 0.0974523461 0)
(0.298088297 0.0668891719 0)
(0.32866567 0.0413758227 0)
(0.346307821 0.0187814593 -2.3579703e-33)
(0.351211312 -0.00280949093 2.3579703e-33)
(0.343126749 -0.0252950445 0)
(0.321277579 -0.0508299468 0)
(0.284432897 -0.0820948325 0)
(0.231328815 -0.122479776 0)
(0.161916762 -0.17565804 0)
(0.0798350219 -0.243208455 0)
(-0.00333734141 -0.31798196 0)
(-0.0578531356 -0.366363503 0)
(-0.0313893218 -0.270690677 0)
(-0.0261204165 0.18236158 0)
(-0.0666192816 0.316884143 0)
(-0.0735377892 0.330901747 0)
(-0.048130729 0.295352914 0)
(-0.00567218428 0.244253509 0)
(0.0411124697 0.192431745 0)
(0.0845451049 0.145095044 0)
(0.120424328 0.103006633 0)
(0.14658524 0.0651543633 0)
(0.161925473 0.0298884049 2.35546569e-33)
(0.165812814 -0.0046943229 -2.35546569e-33)
(0.157798802 -0.0406696169 0)
(0.137586499 -0.0803027362 0)
(0.105285209 -0.12597958 0)
(0.0620900222 -0.17977481 0)
(0.011609266 -0.242029718 0)
(-0.038028378 -0.307764353 0)
(-0.0720490922 -0.359579367 0)
(-0.0711639173 -0.355585636 0)
(-0.0287210568 -0.209178582 0)
(-0.0176296838 0.140767917 0)
(-0.054916547 0.281827209 0)
(-0.0828629982 0.324484368 0)
(-0.0880762307 0.312396805 0)
(-0.0751196985 0.274441984 0)
(-0.052627634 0.226778431 0)
(-0.0275118532 0.177302822 0)
(-0.00458009437 0.12914543 0)
(0.0130234856 0.0829123636 0)
(0.0233567893 0.0379330306 -2.94545539e-34)
(0.0253097399 -0.00710139692 2.94545539e-34)
(0.0184152044 -0.0537995216 0)
(0.00288698531 -0.103801258 0)
(-0.0200872016 -0.158367935 0)
(-0.0477707973 -0.217530724 0)
(-0.0750614628 -0.278347557 0)
(-0.0936267101 -0.331694803 0)
(-0.0922270541 -0.357398867 0)
(-0.063507465 -0.318879888 0)
(-0.0207312587 -0.162076724 0)
(-0.0116542808 0.111592251 0)
(-0.0431522015 0.243765271 0)
(-0.0782839972 0.29985941 0)
(-0.100579263 0.305000836 0)
(-0.108310596 0.280421269 0)
(-0.105716514 0.240369185 0)
(-0.0975361787 0.193277771 0)
(-0.0877934496 0.143545375 0)
(-0.0795351922 0.0930260793 0)
(-0.0748272219 0.0420752331 0)
(-0.0748481404 -0.00975926015 0)
(-0.0799345842 -0.0632506206 0)
(-0.0895000228 -0.119033272 0)
(-0.101812873 -0.17699344 0)
(-0.11369095 -0.235297919 0)
(-0.120284785 -0.288849075 0)
(-0.115237027 -0.327084786 0)
(-0.0922711143 -0.331566552 0)
(-0.0521876253 -0.275119689 0)
(-0.0142847842 -0.127260096 0)
(-0.00803185776 0.0899680189 0)
(-0.0343052853 0.207876699 0)
(-0.0703686601 0.267741362 0)
(-0.100959316 0.283509153 0)
(-0.121509111 0.269753786 0)
(-0.13306197 0.237807849 0)
(-0.138135844 0.195384125 0)
(-0.139450246 0.147216494 0)
(-0.139365665 0.0958906875 0)
(-0.139599232 0.0425957627 0)
(-0.141114118 -0.0122625678 0)
(-0.144054672 -0.0685401692 0)
(-0.147657212 -0.125824596 0)
(-0.1501406 -0.182787202 0)
(-0.148667738 -0.236314551 0)
(-0.139565529 -0.280390166 0)
(-0.119015757 -0.304900549 0)
(-0.0848747435 -0.294957288 0)
(-0.0422046459 -0.232154477 0)
(-0.0100065901 -0.100709814 0)
(-0.00589819147 0.073156905 0)
(-0.0280514427 0.175459928 0)
(-0.0624620789 0.233454971 0)
(-0.0961931099 0.254650697 0)
(-0.123784288 0.248662381 0)
(-0.14433645 0.223978325 0)
(-0.158622045 0.187072458 0)
(-0.168069553 0.142434106 0)
(-0.174171011 0.0929433422 0)
(-0.178091649 0.040353307 0)
(-0.180456261 -0.0142245208 0)
(-0.181230013 -0.0698446793 0)
(-0.17964731 -0.125225758 0)
(-0.174205199 -0.178177562 0)
(-0.162809067 -0.224940949 0)
(-0.143212555 -0.259512831 0)
(-0.113841639 -0.273201302 0)
(-0.0753166211 -0.254896366 0)
(-0.0343189 -0.19292578 0)
(-0.0072849858 -0.0799917715 0)
(-0.00459312284 0.059516017 0)
(-0.0235441711 0.146542618 0)
(-0.0553429945 0.199662155 0)
(-0.089319674 0.222701636 0)
(-0.120051816 0.221819421 0)
(-0.14560909 0.203131836 0)
(-0.165570654 0.171796551 0)
(-0.180317106 0.131775627 0)
(-0.190531079 0.0859405086 0)
(-0.196813733 0.0363510121 2.97711493e-34)
(-0.199448896 -0.0153915387 -2.97711493e-34)
(-0.198275632 -0.0677566406 0)
(-0.19264616 -0.118867801 0)
(-0.181489357 -0.166059312 0)
(-0.163546089 -0.20544087 0)
(-0.137858726 -0.231577788 0)
(-0.104503393 -0.237504903 0)
(-0.065663727 -0.215386225 0)
(-0.0281738004 -0.158249845 0)
(-0.0055106915 -0.0634668227 0)
(-0.00373314189 0.0480883434 0)
(-0.0201212331 0.120839399 0)
(-0.0490153913 0.167676441 0)
(-0.0816389828 0.190287498 0)
(-0.112989449 0.192487652 0)
(-0.140680556 0.178557137 4.67988046e-33)
(-0.16355739 0.152465454 0)
(-0.181246285 0.117554995 0)
(-0.193784181 0.0765047385 -4.74063801e-33)
(-0.201296974 0.0314709937 2.2659451e-36)
(-0.203789193 -0.0156743912 4.98649034e-36)
(-0.201035363 -0.0630555898 0)
(-0.192565931 -0.108481582 0)
(-0.177765519 -0.149141432 0)
(-0.156124912 -0.181360931 0)
(-0.127679783 -0.200524262 0)
(-0.0935645674 -0.201318533 0)
(-0.0566770422 -0.178463969 0)
(-0.0233146663 -0.12809014 0)
(-0.00429570547 -0.0500435359 0)
(-0.00311503869 0.0383306361 0)
(-0.017363113 0.0980508547 0)
(-0.0433176197 0.138129966 0)
(-0.0737180794 0.158979197 0)
(-0.104104456 0.162838222 0)
(-0.131970533 0.152618182 -4.67988046e-33)
(-0.155761609 0.131295708 0)
(-0.174612858 0.101603279 0)
(-0.188100222 0.0659289901 4.74063801e-33)
(-0.195997426 0.0263693568 1.4910685e-33)
(-0.198111615 -0.0151233198 -1.49832094e-33)
(-0.194204007 -0.0565442397 0)
(-0.183996554 -0.0956260333 0)
(-0.167277173 -0.129654843 0)
(-0.144124398 -0.15536892 0)
(-0.115252468 -0.169022502 0)
(-0.0823814088 -0.16671389 0)
(-0.0485941013 -0.145040222 0)
(-0.0193975937 -0.102103345 0)
(-0.00342090871 -0.0390050006 0)
(-0.00263393457 0.0299262651 0)
(-0.0150226201 0.0779301328 0)
(-0.0380974183 0.111311114 0)
(-0.0658175689 0.129695793 0)
(-0.0942794795 0.134263874 0)
(-0.121044031 0.126925341 0)
(-0.144383607 0.109860572 0)
(-0.163148978 0.0852480515 0)
(-0.176619505 0.0551416397 0)
(-0.184335479 0.0214703112 2.99742655e-34)
(-0.185982944 -0.0138813697 -2.99742655e-34)
(-0.181343676 -0.0489515418 0)
(-0.170313959 -0.0815745521 0)
(-0.152999247 -0.109289266 0)
(-0.129891605 -0.129330737 0)
(-0.102114505 -0.13876425 0)
(-0.0716393847 -0.134816144 0)
(-0.0414365955 -0.115407289 0)
(-0.0161843472 -0.0798582203 0)
(-0.00276403197 -0.0298606568 0)
(-0.00223473709 0.0226800217 0)
(-0.0129541256 0.0602838596 0)
(-0.033238144 0.0873308418 0)
(-0.0580555253 0.102954504 0)
(-0.0840353832 0.10762182 0)
(-0.108906091 0.102520705 0)
(-0.130914084 0.0892086484 0)
(-0.148775829 0.0693818701 0)
(-0.161603543 0.0447501696 0)
(-0.168801287 0.0170067345 3.00137235e-34)
(-0.169993551 -0.0121372187 -3.00137235e-34)
(-0.164999679 -0.0408861859 0)
(-0.153857536 -0.0672953776 0)
(-0.136899076 -0.089241703 0)
(-0.114876632 -0.104468699 0)
(-0.0891189081 -0.110744419 0)
(-0.0616328476 -0.10615812 0)
(-0.0351269781 -0.08953534 0)
(-0.0135037431 -0.0609264428 0)
(-0.00225327193 -0.0222578254 0)
(-0.00188545874 0.0164662522 0)
(-0.0110624875 0.0449645373 0)
(-0.0286411408 0.0662105092 0)
(-0.0504611235 0.0790278248 0)
(-0.073653161 0.0834123344 0)
(-0.0961641831 0.080041487 0)
(-0.116305924 0.0699953543 0)
(-0.132763343 0.0545610869 0)
(-0.144575597 0.035114367 0)
(-0.151082429 0.0130747397 0)
(-0.151887892 -0.0100881535 0)
(-0.146853009 -0.0328250828 0)
(-0.136119509 -0.0534823596 0)
(-0.120164255 -0.0703098564 0)
(-0.0998793356 -0.0815299472 0)
(-0.0766571174 -0.0854921348 0)
(-0.0524122112 -0.0809235393 0)
(-0.0295300365 -0.0672469535 0)
(-0.0112185751 -0.0449266663 0)
(-0.00184129809 -0.0159381052 0)
(-0.00156252049 0.0112077474 0)
(-0.00926988561 0.0318705326 0)
(-0.0242025226 0.0479368742 0)
(-0.0429884424 0.0580490753 0)
(-0.0632319094 0.0619115068 0)
(-0.0831208683 0.0598559211 0)
(-0.101086252 0.0526055516 0)
(-0.115849137 0.0411071686 0)
(-0.126440929 0.026423633 0)
(-0.132187235 0.00968561217 0)
(-0.132697628 -0.00791670985 0)
(-0.127870717 -0.0251250493 0)
(-0.117915462 -0.0406102772 0)
(-0.103386537 -0.0529974567 0)
(-0.0852272528 -0.0609387005 0)
(-0.0648019854 -0.0632496878 0)
(-0.0438652606 -0.0591133834 0)
(-0.0244675012 -0.0483249899 0)
(-0.00920309483 -0.0315520082 0)
(-0.00149088478 -0.0107193794 0)
(-0.00124269231 0.00687236921 0)
(-0.00749726751 0.020953936 0)
(-0.0197996821 0.0325014266 0)
(-0.0355241974 0.0400872993 0)
(-0.0527239608 0.0432717672 0)
(-0.0698331005 0.0421741891 0)
(-0.0854326574 0.0372606207 0)
(-0.0983251752 0.0291991453 0)
(-0.107580791 0.0187673557 0)
(-0.112546723 0.00680864433 0)
(-0.112854331 -0.00578010648 0)
(-0.108431626 -0.0180487528 0)
(-0.0995214491 -0.0289997723 0)
(-0.0867021705 -0.037616067 0)
(-0.0709039805 -0.0429246771 0)
(-0.0534054933 -0.0441071884 0)
(-0.0357703064 -0.0406592868 0)
(-0.0197281027 -0.0325810778 0)
(-0.0073307285 -0.020590331 0)
(-0.00116697644 -0.00649226903 0)
(-0.000899880718 0.0034770467 0)
(-0.00566093098 0.012224429 0)
(-0.0152978512 0.0199179378 0)
(-0.0279091992 0.0251886503 0)
(-0.0419708379 0.0275859297 0)
(-0.0561592779 0.0271262745 0)
(-0.0692274774 0.0240986783 0)
(-0.0800968177 0.0189454336 0)
(-0.0879159963 0.0121895899 0)
(-0.0920844239 0.00440206173 0)
(-0.092268151 -0.0038076772 0)
(-0.0884155101 -0.0117927619 0)
(-0.0807724883 -0.0188748725 0)
(-0.0698942047 -0.0243659726 0)
(-0.0566454563 -0.0276151944 0)
(-0.0421770525 -0.0280887068 0)
(-0.0278468991 -0.0254864183 0)
(-0.0150887317 -0.0198866098 0)
(-0.00547449349 -0.0119313554 0)
(-0.000833547074 -0.00322197449 0)
(-0.000507504859 0.00108921134 0)
(-0.00368888813 0.0057401431 0)
(-0.0105872259 0.0102223811 0)
(-0.0199879435 0.0134022114 0)
(-0.0307552999 0.0149400923 0)
(-0.0418076568 0.0148327186 0)
(-0.0521004721 0.0132501876 0)
(-0.0607205904 0.0104516837 0)
(-0.0669425835 0.00673881728 0)
(-0.0702538325 0.00243728061 0)
(-0.0703711906 -0.00210635465 0)
(-0.0672558403 -0.00652338759 0)
(-0.0611263888 -0.0104252511 0)
(-0.0524664951 -0.0134154674 0)
(-0.0420201072 -0.0151167113 0)
(-0.0307626634 -0.0152183522 0)
(-0.0198243297 -0.0135494066 0)
(-0.0103615211 -0.0101761661 0)
(-0.00352670064 -0.00555507377 0)
(-0.000456469929 -0.000945965461 0)
(-6.44887619e-05 -0.000176239144 0)
(-0.00159898444 0.00163662129 0)
(-0.00569518566 0.00359860526 0)
(-0.0117199321 0.00501067941 0)
(-0.0188880532 0.00571684352 0)
(-0.0263913921 0.00573382549 0)
(-0.0334549885 0.00514772143 0)
(-0.0394084991 0.00407327122 0)
(-0.0437225462 0.00263489531 0)
(-0.0460238847 0.000961862486 0)
(-0.0461058262 -0.000810107088 0)
(-0.0439388736 -0.00253599215 0)
(-0.0396813833 -0.00406056279 0)
(-0.0336869545 -0.00522175377 0)
(-0.0265027351 -0.00586030302 0)
(-0.0188496253 -0.00583829564 0)
(-0.0115675435 -0.00507039499 0)
(-0.00551559646 -0.00357095451 0)
(-0.00148203464 -0.00155258701 0)
(-3.10930427e-05 0.000233978049 0)
(0.000261396502 -0.000255577356 0)
(0.000151442676 0.000102075197 0)
(-0.0011749498 0.000547417824 0)
(-0.00348062957 0.000863517346 0)
(-0.00637558363 0.00102207724 0)
(-0.00946687558 0.00103797516 0)
(-0.0124000385 0.000936217148 0)
(-0.0148817772 0.000743062551 0)
(-0.0166860984 0.000483182244 0)
(-0.0176547239 0.000180089239 1.0830015e-33)
(-0.0176985207 -0.000142308905 -1.0830015e-33)
(-0.0168014879 -0.000458220106 0)
(-0.0150266306 -0.000739020196 0)
(-0.0125219006 -0.000953244249 0)
(-0.00952354783 -0.00106773106 0)
(-0.00635302275 -0.00105052498 0)
(-0.00340014933 -0.000876787921 0)
(-0.0010836155 -0.000539616431 0)
(0.000206110671 -8.25146774e-05 0)
(0.000274563677 0.000266745617 0)
)
;

boundaryField
{
    walls
    {
        type            fixedValue;
        value           uniform (0 0 0);
    }
    mov_wall
    {
        type            fixedValue;
        value           uniform (1 0 0);
    }
    empty
    {
        type            empty;
    }
}


// ************************************************************************* //
