/*--------------------------------*- C++ -*----------------------------------*\
| =========                 |                                                 |
| \\      /  F ield         | OpenFOAM: The Open Source CFD Toolbox           |
|  \\    /   O peration     | Version:  5.x                                   |
|   \\  /    A nd           | Web:      www.OpenFOAM.org                      |
|    \\/     M anipulation  |                                                 |
\*---------------------------------------------------------------------------*/
FoamFile
{
    version     2.0;
    format      ascii;
    class       volScalarField;
    location    "0.4";
    object      p;
}
// * * * * * * * * * * * * * * * * * * * * * * * * * * * * * * * * * * * * * //

dimensions      [0 2 -2 0 0 0 0];

internalField   nonuniform List<scalar> 
400
(
7.17305249e-11
2.45044405
3.48951042
3.89171194
4.09849338
4.2172398
4.28905788
4.33843307
4.37851536
4.41639345
4.45673169
4.50376579
4.56231119
4.63977935
4.74960439
4.91799236
5.19372086
5.69318487
6.84799127
9.41639189
1.88845079
2.86706005
3.41744082
3.74367686
3.96066566
4.10613393
4.20613325
4.2803113
4.34125156
4.39718164
4.45436114
4.518434
4.59599612
4.6958072
4.83126157
5.02366725
5.3022127
5.70492645
6.34318597
7.43103274
2.98694415
3.26494901
3.54258904
3.76949791
3.9441889
4.07509471
4.17452325
4.25384033
4.32181901
4.3852284
4.44976966
4.52090835
4.60461603
4.70816024
4.84094859
5.01513379
5.24320478
5.52940647
5.86437789
6.19950452
3.53597184
3.59066765
3.72491863
3.86714449
3.99048191
4.09301611
4.17850511
4.25186489
4.31803616
4.38158048
4.44675167
4.51780584
4.59918848
4.69574762
4.81257217
4.95427186
5.12286098
5.3109223
5.48233353
5.56069825
3.85494868
3.83453241
3.89080946
3.97385834
4.05640962
4.13265797
4.20202603
4.26579523
4.32627565
4.3861616
4.44821875
4.5153806
4.59048513
4.67618786
4.77435102
4.88491765
5.0043959
5.12149984
5.20067112
5.18550954
4.05736589
4.01260975
4.02868457
4.07427456
4.12769684
4.18272553
4.23716798
4.2905543
4.34361027
4.39767454
4.45433607
4.51525614
4.581914
4.65525979
4.73503018
4.8187496
4.90090246
4.97046795
4.99911205
4.95016894
4.19206479
4.1429301
4.13969606
4.16276007
4.19635209
4.23531925
4.27721482
4.32086684
4.36612912
4.41343875
4.46347854
4.51693311
4.57421693
4.6350901
4.69807128
4.7597465
4.81453435
4.85349488
4.85604539
4.79915307
4.28546514
4.23907853
4.22718586
4.23710539
4.25765129
4.28499012
4.31694732
4.35217288
4.39008508
4.43055853
4.47364149
4.51932353
4.56728211
4.61655596
4.66511602
4.70947089
4.74481282
4.76456397
4.75440507
4.69986397
4.3519402
4.31038445
4.2951382
4.29758906
4.30973549
4.32885346
4.35317502
4.38140459
4.41277312
4.4468265
4.48320353
4.5214418
4.5607713
4.59987402
4.63660792
4.6678313
4.68973607
4.69775453
4.68205858
4.63335272
4.39960059
4.36320658
4.34726523
4.3456256
4.35243732
4.36580117
4.38433591
4.40688608
4.43262991
4.46093925
4.49121303
4.52272841
4.5544896
4.58507055
4.6124599
4.63402313
4.64689463
4.64802626
4.630647
4.58857025
4.43345321
4.40198014
4.38666952
4.38294077
4.38641437
4.39577445
4.40995977
4.4279741
4.44901356
4.47237604
4.49734084
4.52306275
4.5484721
4.57218428
4.59242933
4.60708926
4.6140778
4.61142214
4.59439569
4.55871315
4.45685788
4.42989419
4.41585611
4.41123048
4.41267461
4.41927851
4.43023179
4.44468989
4.46190196
4.48115408
4.50168559
4.52261963
4.54290481
4.561274
4.57622759
4.58610506
4.58941973
4.58492866
4.56927464
4.53937659
4.47219738
4.44930548
4.43682814
4.43202399
4.43231115
4.43706461
4.44566813
4.45741254
4.47161478
4.48758418
4.50456746
4.52170827
4.53802066
4.55238172
4.56354688
4.57023207
4.57139367
4.56627309
4.5524453
4.52762649
4.48121497
4.46199441
4.45118345
4.44663564
4.44635752
4.4499324
4.45689676
4.46665907
4.47860597
4.49208523
4.50637313
4.52065658
4.53403031
4.54551222
4.55407709
4.55873795
4.55877331
4.55374685
4.54189219
4.52148568
4.48521252
4.46933461
4.46019874
4.45615949
4.45571543
4.45861577
4.46452242
4.47294442
4.4833312
4.49506872
4.50746535
4.51975215
4.53109778
4.54063969
4.54752898
4.55100745
4.55058964
4.54606433
4.53616798
4.51961391
4.48520344
4.47242549
4.46490928
4.46149162
4.46113165
4.4637299
4.46905765
4.4767081
4.48617909
4.49688191
4.50814398
4.51922457
4.52934395
4.53772667
4.54365497
4.54654302
4.54608401
4.54224394
4.53419938
4.52107218
4.48208015
4.47223022
4.46621234
4.4634013
4.46324298
4.46579638
4.47093354
4.47831458
4.4874646
4.49779721
4.50863391
4.51923378
4.52883524
4.53670965
4.54222409
4.54491748
4.54462459
4.54147696
4.53510508
4.5250985
4.47682674
4.46968808
4.4649008
4.46251098
4.46252466
4.46517913
4.47043775
4.47800364
4.48739888
4.49800618
4.50910537
4.51991638
4.52965158
4.53758003
4.54310166
4.54583266
4.54572055
4.54307332
4.53804975
4.53085382
4.47074876
4.46559641
4.46121137
4.45861848
4.45850021
4.46128881
4.46700346
4.47533355
4.48573639
4.49750171
4.50980431
4.5217571
4.53247134
4.54113071
4.54708088
4.54993562
4.54970705
4.54689918
4.542331
4.53716089
4.46582769
4.46081719
4.45511937
4.45114113
4.45028174
4.45314828
4.45973179
4.46960297
4.48205357
4.49618662
4.5109798
4.52534105
4.53817092
4.5484438
4.55531623
4.55826813
4.55728446
4.55306123
4.54714394
4.54210441
)
;

boundaryField
{
    walls
    {
        type            zeroGradient;
    }
    mov_wall
    {
        type            zeroGradient;
    }
    empty
    {
        type            empty;
    }
}


// ************************************************************************* //
