/*--------------------------------*- C++ -*----------------------------------*\
| =========                 |                                                 |
| \\      /  F ield         | OpenFOAM: The Open Source CFD Toolbox           |
|  \\    /   O peration     | Version:  5.x                                   |
|   \\  /    A nd           | Web:      www.OpenFOAM.org                      |
|    \\/     M anipulation  |                                                 |
\*---------------------------------------------------------------------------*/
FoamFile
{
    version     2.0;
    format      ascii;
    class       surfaceScalarField;
    location    "0.4";
    object      phi;
}
// * * * * * * * * * * * * * * * * * * * * * * * * * * * * * * * * * * * * * //

dimensions      [0 3 -1 0 0 0 0];

internalField   nonuniform List<scalar> 
760
(
0.00134909228
-0.00134909229
0.00245818091
-0.0011090886
0.00313327661
-0.000675095695
0.00355372521
-0.000420448584
0.00382107929
-0.000267354076
0.00399283396
-0.000171754692
0.00410361
-0.000110776066
0.00417366093
-7.00509369e-05
0.00421434846
-4.06875397e-05
0.00423156176
-1.72132867e-05
0.0042273524
4.20936716e-06
0.00420069391
2.66584793e-05
0.0041467319
5.39620238e-05
0.00405516287
9.1569047e-05
0.00390617356
0.000148989297
0.00366286567
0.000243307879
0.0032581798
0.000404685868
0.00257090752
0.000687272272
0.00140855016
0.00116235735
0.00140855013
-5.4938012e-05
-0.0012941543
0.000409135725
-0.00157316234
0.00101972265
-0.00128568267
0.00155843384
-0.000959159762
0.00198260865
-0.000691528846
0.00230007061
-0.000489216645
0.00252882248
-0.000339527939
0.00268552506
-0.000226753478
0.00278243885
-0.000137601336
0.00282690357
-6.16780289e-05
0.00282150424
9.60870448e-06
0.00276368401
8.44787177e-05
0.00264556933
0.000172076688
0.00245280726
0.000284331076
0.00216393494
0.000437861578
0.00175246627
0.000654776539
0.00120014515
0.000957007002
0.000544539298
0.00134287815
1.08925685e-05
0.0016960041
0.00141944269
-0.000273828551
-0.00102032577
-0.000229649016
-0.00161734183
5.19592388e-05
-0.00156729092
0.000412695895
-0.00131989641
0.00076268394
-0.00104151694
0.00106286779
-0.000789400489
0.00130028981
-0.000576949959
0.00147364195
-0.000400105625
0.00158540656
-0.000249365944
0.0016378553
-0.000114126752
0.00163114987
1.63141501e-05
0.00156257655
0.00015305203
0.00142654612
0.00030810711
0.00121585237
0.000495024819
0.000925543585
0.000728170347
0.000562245388
0.00101807472
0.000163012767
0.00135623961
-0.000173382066
0.00167927297
-0.000265536989
0.00178815904
0.0011539057
-0.000231569349
-0.00078875644
-0.00037405129
-0.00147485989
-0.000334726695
-0.00160661553
-0.000177858889
-0.00147676421
2.78819585e-05
-0.00124725782
0.000235332488
-0.000996851011
0.000416920056
-0.000758537519
0.000558373153
-0.000541558725
0.00065283344
-0.00034382624
0.00069683542
-0.000158128719
0.000688033839
2.51157449e-05
0.000624461277
0.000216624591
0.000505025967
0.00042754241
0.000331923054
0.000668127725
0.000115622935
0.000944470471
-0.000116845048
0.00125054272
-0.000311859103
0.00155125368
-0.000384982576
0.00175239645
-0.000251474319
0.00165465078
0.000902431377
-0.000173490684
-0.000615265748
-0.000367033814
-0.00128131679
-0.000461138539
-0.00151251079
-0.000455606361
-0.00148229636
-0.000384339968
-0.0013185242
-0.000282829838
-0.00109836114
-0.000178540462
-0.000862826905
-8.99789812e-05
-0.000630120206
-2.86917113e-05
-0.000405113496
-1.50523632e-06
-0.000185315174
-1.19754604e-05
3.55859669e-05
-6.08515877e-05
0.000265500698
-0.000145219752
0.000511910555
-0.000256295358
0.000779203321
-0.000375863278
0.00106403839
-0.000472396299
0.00134707576
-0.000500620057
0.00157947747
-0.000412945858
0.00166472226
-0.000200765668
0.00144247058
0.000701665714
-0.000128734081
-0.000486531655
-0.000323054912
-0.00108699597
-0.000478877397
-0.00135668828
-0.000567165545
-0.00139400823
-0.000595501032
-0.00129018871
-0.000583751418
-0.00111011076
-0.000552392213
-0.000894186106
-0.000518041296
-0.000664471114
-0.000492552998
-0.000430601781
-0.000483382117
-0.000194486051
-0.000494025591
4.62294292e-05
-0.000523946017
0.000295421113
-0.000567863167
0.000555827706
-0.000614396091
0.000825736253
-0.000644646874
0.00109428918
-0.000632337678
0.00133476658
-0.000548949166
0.00149608897
-0.00037929993
0.00149507302
-0.000154119605
0.00121729024
0.000547546114
-9.83786335e-05
-0.000388152988
-0.000276853865
-0.000908520718
-0.000453975585
-0.00117956656
-0.000592500052
-0.00125548376
-0.000684766449
-0.0011979223
-0.000737803576
-0.00105707362
-0.000763702731
-0.000868286945
-0.000774450764
-0.000653723078
-0.000779603685
-0.00042544886
-0.000785405296
-0.000188684449
-0.000794422354
5.52464705e-05
-0.000805200509
0.000306199262
-0.000811795833
0.000562423039
-0.00080338073
0.000817321157
-0.000764596553
0.00105550501
-0.000678060116
0.00124823014
-0.00053122969
0.00134925853
-0.00032994796
0.0012937913
-0.000118856841
0.00100619911
0.000428689277
-7.7894157e-05
-0.000310258826
-0.000236319783
-0.000750095105
-0.000413614325
-0.00100227203
-0.000573547745
-0.00109555034
-0.000701266627
-0.00107020342
-0.000795182167
-0.00096315808
-0.000860222144
-0.000803246963
-0.000903326231
-0.000610618988
-0.000930796927
-0.000397978156
-0.00094686211
-0.000172619264
-0.000952898981
6.12833361e-05
-0.000946995419
0.000300295697
-0.000923779744
0.000539207363
-0.0008747491
0.000768290503
-0.000789649199
0.000970405103
-0.000659817943
0.00111839887
-0.000484511684
0.00117395226
-0.000280551887
0.00108983152
-9.31908352e-05
0.000818838056
0.000335498457
-6.33346686e-05
-0.000246924144
-0.000201778921
-0.000611650847
-0.00036875877
-0.00083529218
-0.000532317886
-0.000931991202
-0.000675188868
-0.000927332434
-0.000790766016
-0.000847580928
-0.000878783545
-0.000715229435
-0.00094187719
-0.000547525349
-0.000983200764
-0.000356654585
-0.00100492079
-0.000150899247
-0.00100734422
6.37067648e-05
-0.000988520496
0.000281471974
-0.000944314423
0.000495001283
-0.000869137006
0.000693113074
-0.00075769138
0.000858959477
-0.000608177714
0.000968885215
-0.000427188147
0.000992962678
-0.000235736546
0.000898379952
-7.41093886e-05
0.000657210907
0.000261389091
-5.23114704e-05
-0.000194612686
-0.000172150301
-0.000491812003
-0.000323989164
-0.000683453329
-0.000480789128
-0.000775191248
-0.000625383056
-0.000782738513
-0.000748683494
-0.000724280499
-0.000847081271
-0.000616831667
-0.000920024536
-0.000474582093
-0.000968123287
-0.000308555837
-0.000991837339
-0.000127185197
-0.000990694889
6.25643148e-05
-0.000962998363
0.000253775452
-0.00090604811
0.000438051022
-0.000817005778
0.000604070736
-0.000694573847
0.000736527542
-0.000541609683
0.000815921065
-0.000368503553
0.000819856536
-0.00019654197
0.000726418409
-5.94676487e-05
0.000520136594
0.000201921446
-4.35309862e-05
-0.000151081719
-0.000146480558
-0.000388862434
-0.000281398061
-0.000548535825
-0.000425823206
-0.000630766116
-0.000563871746
-0.000644689963
-0.000685588237
-0.00060256401
-0.000785466786
-0.000516953127
-0.000860847192
-0.00039920169
-0.000910528434
-0.000258874591
-0.000933746853
-0.000103966778
-0.000929564398
5.83818646e-05
-0.000896687115
0.000220898175
-0.000833752381
0.000375116277
-0.000740147635
0.000510465989
-0.000617407789
0.000613787685
-0.000471130374
0.000669643663
-0.00031309725
0.000661823403
-0.000162909685
0.000576230869
-4.79612265e-05
0.00040518814
0.00015396021
-3.63072097e-05
-0.000114774505
-0.00012412642
-0.000301043225
-0.00024200592
-0.000430656312
-0.000371450738
-0.000501321293
-0.000498327633
-0.000517813057
-0.000612769856
-0.0004881218
-0.000708398079
-0.000421324921
-0.000781320934
-0.000326278838
-0.000829190921
-0.0002110046
-0.000850475497
-8.26821996e-05
-0.000844025607
5.19319849e-05
-0.000808987215
0.000185859791
-0.000745088942
0.000311217995
-0.00065332467
0.00041870172
-0.000537003895
0.000497466898
-0.000403035362
0.000535675148
-0.0002631324
0.00052192044
-0.000134426477
0.000447524957
-3.87948972e-05
0.000309556563
0.000115165312
-3.02504507e-05
-8.45240641e-05
-0.000104618975
-0.000226674691
-0.000206218707
-0.000329056583
-0.000319910173
-0.000387629824
-0.000433422259
-0.000404300984
-0.000537504249
-0.000384039842
-0.000625575644
-0.000333253543
-0.000693155617
-0.000258698856
-0.000737270454
-0.000166889747
-0.00075597734
-6.39752994e-05
-0.000748090108
4.40447727e-05
-0.000713156164
0.000150925858
-0.000651707626
0.000249769457
-0.000565778403
0.000332772504
-0.000459626763
0.000391315247
-0.000340517607
0.00041656601
-0.000219310229
0.000400713055
-0.000110513135
0.000338727854
-3.14366455e-05
0.000230480063
8.37286551e-05
-2.50891555e-05
-5.94349261e-05
-8.75066516e-05
-0.000164257182
-0.000173956725
-0.00024260652
-0.000272144094
-0.000289442456
-0.000371606315
-0.000304838787
-0.000463968831
-0.000291677354
-0.00054286107
-0.0002543613
-0.00060364579
-0.000197914106
-0.000643091807
-0.000127443704
-0.000659097324
-4.79697634e-05
-0.000650538553
3.54860225e-05
-0.000617287061
0.00011767437
-0.000560409178
0.000192891576
-0.000482525487
0.000254888816
-0.00038826159
0.000297051337
-0.000284661876
0.000312966307
-0.000181381135
0.000297432296
-9.0452887e-05
0.000247799596
-2.5470263e-05
0.000165497444
5.82583846e-05
-2.05728714e-05
-3.88620531e-05
-7.22492513e-05
-0.0001125808
-0.00014470027
-0.0001701555
-0.000228082181
-0.000206060547
-0.000313620302
-0.000219300682
-0.00039391621
-0.000211381451
-0.000463040963
-0.00018523652
-0.000516475067
-0.000144479967
-0.000550974004
-9.29447515e-05
-0.000564438825
-3.45049356e-05
-0.000555853193
2.69004042e-05
-0.00052532254
8.71437116e-05
-0.000474221564
0.000141790608
-0.000405422951
0.000186090205
-0.000323541871
0.000215170247
-0.000235093077
0.000224517521
-0.000148434184
0.000210773394
-7.33889648e-05
0.00017275437
-2.05125762e-05
0.000112621066
3.77458222e-05
-1.64241166e-05
-2.24379295e-05
-5.81749077e-05
-7.08300176e-05
-0.000117547709
-0.000110782691
-0.000186860831
-0.000136747425
-0.000258883322
-0.000147278197
-0.000327204142
-0.000143060627
-0.000386459271
-0.000125981372
-0.000432419692
-9.85195345e-05
-0.000461989276
-6.33751797e-05
-0.000473174981
-2.3319237e-05
-0.000465081337
1.88067662e-05
-0.000437958936
6.00212939e-05
-0.00039330873
9.71404047e-05
-0.000334014403
0.000126795865
-0.000264443959
0.000145599778
-0.000190438517
0.000150512069
-0.00011910136
0.000139436254
-5.83366426e-05
0.000111989657
-1.61707644e-05
7.04551896e-05
2.15750386e-05
-1.23277487e-05
-1.01101897e-05
-4.45116557e-05
-3.86461121e-05
-9.13378723e-05
-6.3956467e-05
-0.000147057625
-8.10276757e-05
-0.000205835564
-8.85002697e-05
-0.000262228138
-8.66680607e-05
-0.000311519653
-7.66898577e-05
-0.000349905337
-6.01338588e-05
-0.000374566295
-3.8714235e-05
-0.000383695176
-1.41903477e-05
-0.000376520519
1.16321192e-05
-0.000353356285
3.68570289e-05
-0.000315675619
5.94597311e-05
-0.000266182702
7.73029485e-05
-0.000208829816
8.82469106e-05
-0.000148710831
9.03930877e-05
-9.17626347e-05
8.24880614e-05
-4.42426579e-05
6.44696509e-05
-1.20330883e-05
3.82456694e-05
9.54194514e-06
-7.95847131e-06
-2.15173253e-06
-3.05160735e-05
-1.60884912e-05
-6.48814314e-05
-2.9591102e-05
-0.000106994711
-3.89144103e-05
-0.000152283399
-4.32116064e-05
-0.000196289341
-4.26621285e-05
-0.000235068092
-3.79110933e-05
-0.000265404212
-2.97977314e-05
-0.000284906196
-1.92122739e-05
-0.000292045614
-7.05096024e-06
-0.000286187233
5.77370886e-06
-0.000267632769
1.83025427e-05
-0.000237676944
2.95039291e-05
-0.000198651354
3.82773511e-05
-0.000153910139
4.35056645e-05
-0.000107696375
4.41793102e-05
-6.48236582e-05
3.96153957e-05
-3.01297971e-05
2.97757771e-05
-7.69823472e-06
1.58141236e-05
1.84371009e-06
-3.16710476e-06
1.01537163e-06
-1.58692535e-05
-3.38631173e-06
-3.7463076e-05
-7.99726596e-06
-6.521803e-05
-1.11594486e-05
-9.57931018e-05
-1.26365209e-05
-0.000125891732
-1.25634778e-05
-0.000152609864
-1.11929519e-05
-0.000173598125
-8.80949232e-06
-0.000187119245
-5.6911837e-06
-0.000192065745
-2.10445423e-06
-0.000187977137
1.68510862e-06
-0.00017507202
5.39740778e-06
-0.00015429346
8.72536419e-06
-0.000127347547
1.13314247e-05
-9.67005308e-05
1.28586562e-05
-6.54850807e-05
1.2963841e-05
-3.725254e-05
1.13828493e-05
-1.55113344e-05
8.03456042e-06
-2.97222605e-06
3.27501553e-06
-1.12848488e-06
1.01538198e-06
-2.37091831e-06
-1.03681685e-05
-2.15276088e-05
-3.41641357e-05
-4.67276176e-05
-5.79205632e-05
-6.67300631e-05
-7.24212696e-05
-7.45257229e-05
-7.28406137e-05
-6.74432233e-05
-5.87178511e-05
-4.73864341e-05
-3.45277767e-05
-2.15639319e-05
-1.01810696e-05
-2.1465019e-06
1.12848481e-06
)
;

boundaryField
{
    walls
    {
        type            calculated;
        value           uniform 0;
    }
    mov_wall
    {
        type            calculated;
        value           uniform 0;
    }
    empty
    {
        type            empty;
        value           nonuniform 0();
    }
}


// ************************************************************************* //
