/*--------------------------------*- C++ -*----------------------------------*\
| =========                 |                                                 |
| \\      /  F ield         | OpenFOAM: The Open Source CFD Toolbox           |
|  \\    /   O peration     | Version:  5.x                                   |
|   \\  /    A nd           | Web:      www.OpenFOAM.org                      |
|    \\/     M anipulation  |                                                 |
\*---------------------------------------------------------------------------*/
FoamFile
{
    version     2.0;
    format      ascii;
    class       volVectorField;
    location    "0.4";
    object      U;
}
// * * * * * * * * * * * * * * * * * * * * * * * * * * * * * * * * * * * * * //

dimensions      [0 1 -1 0 0 0 0];

internalField   nonuniform List<vector> 
400
(
(0.291826808 0.149768696 0)
(0.388406548 0.128054578 0)
(0.557554337 0.0756144411 0)
(0.674058443 0.0430430133 0)
(0.742082129 0.0248097343 0)
(0.784297257 0.0145073602 0)
(0.811613626 0.00859209352 0)
(0.829173948 0.00504873831 0)
(0.839936913 0.00274330817 0)
(0.845570065 0.0010451342 2.67015897e-34)
(0.846843524 -0.000428494508 -2.67015897e-34)
(0.843857149 -0.00198670996 0)
(0.836050133 -0.00396604747 0)
(0.821971163 -0.00692079751 0)
(0.798784485 -0.0119168765 0)
(0.761249425 -0.0210787979 0)
(0.698099477 -0.0385649013 0)
(0.583937561 -0.0720688697 0)
(0.407815841 -0.128350788 0)
(0.300742772 -0.15299841 0)
(0.00126475401 0.287656558 0)
(0.0131205085 0.293634873 0)
(0.138824934 0.20896197 0)
(0.262033421 0.141430564 0)
(0.358992935 0.0948654734 0)
(0.432426967 0.0634002241 0)
(0.486376303 0.0420943683 0)
(0.524368108 0.0271935505 0)
(0.549329101 0.0160972942 0)
(0.56325635 0.0070463276 0)
(0.567153233 -0.00125964334 0)
(0.561036831 -0.00998742285 0)
(0.543889719 -0.0204548815 0)
(0.51350143 -0.0345265232 0)
(0.466291401 -0.0551740318 0)
(0.397462271 -0.0871763622 0)
(0.301156616 -0.137506399 0)
(0.172062298 -0.21396631 0)
(0.0332717944 -0.310029273 0)
(0.0107699368 -0.305788838 0)
(-0.0322395569 0.241761027 0)
(-0.0642820885 0.332310196 0)
(-0.0245544721 0.296737182 0)
(0.0454297687 0.235984399 0)
(0.119123457 0.178144782 0)
(0.18518383 0.130367429 0)
(0.239255417 0.0927442872 0)
(0.280314 0.0630643857 0)
(0.308721112 0.0388078036 0)
(0.325086272 0.0176900042 -2.36327602e-33)
(0.329715095 -0.00236305203 2.36327602e-33)
(0.322372144 -0.0233974846 0)
(0.302204559 -0.0476966685 0)
(0.26782623 -0.0780402012 0)
(0.217755954 -0.11788369 0)
(0.151682161 -0.17093674 0)
(0.0729504859 -0.238800069 0)
(-0.00716598818 -0.314348929 0)
(-0.059296305 -0.363985145 0)
(-0.031629184 -0.269931695 0)
(-0.026354391 0.181758425 0)
(-0.0680266116 0.31402002 0)
(-0.0772758319 0.325618147 0)
(-0.0549616184 0.288086842 0)
(-0.0160625313 0.235787191 0)
(0.0269876859 0.183701774 0)
(0.0668404145 0.137037998 0)
(0.0996205681 0.0964433034 0)
(0.123445024 0.0607122601 0)
(0.137423446 0.027955183 2.36149295e-33)
(0.141045802 -0.00398731489 -2.36149295e-33)
(0.133890256 -0.0374367498 0)
(0.115591477 -0.0748790684 0)
(0.086100965 -0.11887798 0)
(0.0463802335 -0.171636034 0)
(-0.000257170266 -0.233578353 0)
(-0.0460229244 -0.299782526 0)
(-0.0765104301 -0.352897644 0)
(-0.0728778448 -0.351053288 0)
(-0.0290250104 -0.207537823 0)
(-0.0179433813 0.139319402 0)
(-0.0566209727 0.276925073 0)
(-0.0871506365 0.316304459 0)
(-0.0956195569 0.301659312 0)
(-0.0862611577 0.262224653 0)
(-0.0674383768 0.214333093 0)
(-0.0457727314 0.165882189 0)
(-0.0257865021 0.119862639 0)
(-0.0103716264 0.076634967 0)
(-0.00127562642 0.035215256 -2.95388848e-34)
(0.000504766745 -0.00605014352 2.95388848e-34)
(-0.0054679127 -0.0491130308 0)
(-0.019037749 -0.0959264423 0)
(-0.0391667287 -0.148013903 0)
(-0.0633484719 -0.205608094 0)
(-0.0867794892 -0.265911737 0)
(-0.101476909 -0.319903453 0)
(-0.096577409 -0.347479667 0)
(-0.0651637162 -0.312072354 0)
(-0.0210197397 -0.159520774 0)
(-0.0119789911 0.109205262 0)
(-0.0448499359 0.236725437 0)
(-0.082449754 0.28877167 0)
(-0.107757475 0.29090706 0)
(-0.118720512 0.264685622 0)
(-0.119342624 0.224517785 0)
(-0.114127911 0.178828886 0)
(-0.106873522 0.131855731 0)
(-0.100425863 0.0851658024 0)
(-0.0966941572 0.0387425642 0)
(-0.0967618434 -0.0082848575 0)
(-0.100940888 -0.057118821 0)
(-0.108697169 -0.108792137 0)
(-0.1184321 -0.163535441 0)
(-0.12717225 -0.219791978 0)
(-0.13034273 -0.272670922 0)
(-0.12190586 -0.311753681 0)
(-0.0959195345 -0.318680352 0)
(-0.0535495151 -0.266263154 0)
(-0.014512214 -0.123895262 0)
(-0.00830833905 0.0867200951 0)
(-0.0357256722 0.198920533 0)
(-0.0738066048 0.254112867 0)
(-0.106804273 0.266558523 0)
(-0.12987422 0.251095027 0)
(-0.143879264 0.219186399 0)
(-0.151168411 0.178519776 0)
(-0.154302907 0.133648121 0)
(-0.155504106 0.0868411474 0)
(-0.156379577 0.0388715372 0)
(-0.157825017 -0.0103313487 0)
(-0.159969836 -0.0611177573 0)
(-0.162095619 -0.113546148 0)
(-0.162530565 -0.166704508 0)
(-0.158608968 -0.217821389 0)
(-0.146881642 -0.261138307 0)
(-0.123785166 -0.286712006 0)
(-0.0874294543 -0.279724797 0)
(-0.0431287938 -0.221717065 0)
(-0.0101512741 -0.0967416756 0)
(-0.00608594564 0.0692572252 0)
(-0.0290039887 0.165070527 0)
(-0.0647392156 0.217963334 0)
(-0.100010898 0.235653067 0)
(-0.129168868 0.227958352 0)
(-0.151201716 0.203463394 0)
(-0.166786386 0.168596222 0)
(-0.177265621 0.127649984 0)
(-0.184056559 0.0831699587 0)
(-0.188264861 0.0364650105 0)
(-0.19047912 -0.0118676931 0)
(-0.190660331 -0.0614232172 0)
(-0.188077986 -0.111443934 0)
(-0.181307501 -0.160210172 0)
(-0.16837449 -0.204352674 0)
(-0.147185386 -0.238159271 0)
(-0.116331638 -0.253116368 0)
(-0.0765831714 -0.238161478 0)
(-0.0347419495 -0.181519412 0)
(-0.00734040998 -0.0756767724 0)
(-0.00467315539 0.0552512682 0)
(-0.0239353405 0.135365142 0)
(-0.0562425448 0.183178068 0)
(-0.0907630708 0.202656186 0)
(-0.121993958 0.200113274 0)
(-0.147970952 0.181731293 0)
(-0.168254186 0.15260564 0)
(-0.183210797 0.116493564 0)
(-0.193511337 0.075924282 0)
(-0.199746121 0.0325019392 2.98587018e-34)
(-0.202193156 -0.0127043842 -2.98587018e-34)
(-0.200696449 -0.0587294815 0)
(-0.194629595 -0.104250683 0)
(-0.182962676 -0.147103912 0)
(-0.164496276 -0.183814387 0)
(-0.138342822 -0.209250226 0)
(-0.104643416 -0.216614872 0)
(-0.0656206067 -0.198085868 0)
(-0.0280977322 -0.146537464 0)
(-0.00548093903 -0.0590731658 0)
(-0.00370577848 0.0437687016 0)
(-0.0199488052 0.109572723 0)
(-0.0485300717 0.151133206 0)
(-0.0807015861 0.170248741 0)
(-0.11149545 0.170861429 0)
(-0.138571337 0.157298048 4.68727246e-33)
(-0.160829633 0.133457392 0)
(-0.177951243 0.102477012 0)
(-0.19001905 0.0666980619 -4.75150642e-33)
(-0.197192505 0.0278258272 2.51935675e-36)
(-0.199497176 -0.0127983064 4.86853515e-36)
(-0.196718613 -0.0538663007 0)
(-0.18839182 -0.093747128 0)
(-0.173902064 -0.130138437 0)
(-0.152736036 -0.159784179 0)
(-0.124914846 -0.178363382 0)
(-0.0915389505 -0.180708159 0)
(-0.0554412722 -0.161513225 0)
(-0.0227917261 -0.116707376 0)
(-0.00419230857 -0.0458217633 0)
(-0.00299516224 0.0342443873 0)
(-0.0166973309 0.0873516353 0)
(-0.041611131 0.122405024 0)
(-0.0706757596 0.139934152 0)
(-0.0995713703 0.14229742 0)
(-0.125910935 0.132446202 -4.68727246e-33)
(-0.148261955 0.113287335 0)
(-0.165874326 0.0873576366 0)
(-0.178420487 0.0567233638 4.75150642e-33)
(-0.18574572 0.0230497842 1.49470146e-33)
(-0.187700168 -0.0122208244 -1.50208935e-33)
(-0.184058828 -0.0476325546 0)
(-0.174529692 -0.0814612896 0)
(-0.158860953 -0.111485866 0)
(-0.13706611 -0.134844623 0)
(-0.109766961 -0.148062653 0)
(-0.0785621884 -0.147350945 0)
(-0.0463827522 -0.129242345 0)
(-0.0185153233 -0.0915988458 0)
(-0.00326029281 -0.0351665485 0)
(-0.0024455156 0.0263073734 0)
(-0.0139820054 0.0683407151 0)
(-0.0354511095 0.0971346616 0)
(-0.0611435699 0.112468082 0)
(-0.0873799521 0.11564713 0)
(-0.111900423 0.108626627 0)
(-0.133154653 0.0935264613 0)
(-0.150157527 0.072347021 0)
(-0.162326107 0.0468467294 0)
(-0.169302652 0.018556605 3.00352776e-34)
(-0.170832752 -0.0111116918 -3.00352776e-34)
(-0.166711887 -0.0407071776 0)
(-0.156804002 -0.0685704819 0)
(-0.141138126 -0.0926977582 0)
(-0.120088277 -0.110689582 0)
(-0.0946206262 -0.119847142 0)
(-0.06651604 -0.117473772 0)
(-0.038528223 -0.10139194 0)
(-0.0150513828 -0.0706535702 0)
(-0.00256533379 -0.0265638578 0)
(-0.00200587044 0.0196894111 0)
(-0.0116817761 0.0521877637 0)
(-0.0299962633 0.0752277283 0)
(-0.0523309313 0.0881426308 0)
(-0.0755941788 0.0915427718 0)
(-0.097736208 0.0866721759 0)
(-0.117221131 0.0750428692 0)
(-0.132966361 0.0581969363 0)
(-0.144252652 0.0375835786 0)
(-0.150608425 0.0145425204 3.00664134e-34)
(-0.151729027 -0.00963690092 -3.00664134e-34)
(-0.147445508 -0.0336162053 0)
(-0.137746959 -0.0559035242 0)
(-0.122858541 -0.0747826224 0)
(-0.103372818 -0.0883165616 0)
(-0.0804128478 -0.0944686856 0)
(-0.0557469113 -0.0913710135 0)
(-0.0318265117 -0.0777247178 0)
(-0.0122372758 -0.0532947705 0)
(-0.00203652795 -0.0196007894 0)
(-0.00164458719 0.0141850309 0)
(-0.00970647731 0.0385677399 0)
(-0.0251634858 0.056474578 0)
(-0.0442955143 0.0669776114 0)
(-0.0645361673 0.0702339448 0)
(-0.0840774016 0.0669896165 0)
(-0.101473148 0.0582963364 0)
(-0.115632911 0.0453147784 0)
(-0.125784612 0.0292007714 0)
(-0.131406885 0.0110732529 0)
(-0.132181289 -0.00795842156 0)
(-0.12797767 -0.0267362363 0)
(-0.11887594 -0.043994086 0)
(-0.10522385 -0.0583280711 0)
(-0.0877248507 -0.0682276792 0)
(-0.0675348115 -0.0721962004 0)
(-0.0463027329 -0.0689747366 0)
(-0.0261400095 -0.0578466456 0)
(-0.00993442118 -0.0389874386 0)
(-0.00162613643 -0.0139573588 0)
(-0.00133609337 0.00963926227 0)
(-0.00796931436 0.0272035161 0)
(-0.0208286501 0.0406325217 0)
(-0.0369583069 0.0488552337 0)
(-0.0542589459 0.051748146 0)
(-0.0711680507 0.0497196982 0)
(-0.0863677503 0.0434801488 0)
(-0.0988142166 0.0338782574 0)
(-0.107737437 0.0218009055 0)
(-0.112608974 0.00813622846 0)
(-0.113118578 -0.00621739348 0)
(-0.109170863 -0.0203192962 0)
(-0.100904394 -0.0331551211 0)
(-0.0887313336 -0.0436299161 0)
(-0.073390594 -0.0506084188 0)
(-0.0559958728 -0.0530214536 0)
(-0.0380281578 -0.0500455519 0)
(-0.0212670234 -0.041334388 0)
(-0.00800888157 -0.0272783156 0)
(-0.00129583451 -0.00939261812 0)
(-0.00105407785 0.00594975585 0)
(-0.00637351307 0.0178885849 0)
(-0.0168244671 0.0274854809 0)
(-0.0301300015 0.0336168703 0)
(-0.0446081188 0.036011785 0)
(-0.0589309016 0.0348653691 0)
(-0.0719253339 0.0306413013 0)
(-0.0826269977 0.0239364032 0)
(-0.0903041178 0.0153965618 0)
(-0.0944496219 0.00568262601 0)
(-0.0947741769 -0.00452886819 0)
(-0.0912097577 -0.014528335 0)
(-0.0839254911 -0.0235571089 0)
(-0.0733532702 -0.0308102537 0)
(-0.0602159627 -0.035474194 0)
(-0.0455424489 -0.0368122689 0)
(-0.0306307714 -0.0343032216 0)
(-0.0169585664 -0.0278177159 0)
(-0.00632164728 -0.0178248493 0)
(-0.00100929185 -0.00574345401 0)
(-0.000768842048 0.00307402148 0)
(-0.00481163683 0.010501614 0)
(-0.0129542478 0.016876835 0)
(-0.0235464353 0.0211208004 0)
(-0.035280242 0.0229290651 0)
(-0.0470459422 0.0223815344 0)
(-0.0578240644 0.0197691461 0)
(-0.0667541394 0.0154863134 0)
(-0.0731714072 0.00996660688 0)
(-0.076612804 0.0036569117 0)
(-0.0768190942 -0.00298334427 0)
(-0.0737416633 -0.00947179156 0)
(-0.0675554567 -0.0152941977 0)
(-0.0586753421 -0.0199087534 0)
(-0.0477689668 -0.0227742185 0)
(-0.0357525839 -0.0234112097 0)
(-0.023739841 -0.0215018732 0)
(-0.0129421437 -0.0170210571 0)
(-0.00472938364 -0.0104090181 0)
(-0.00072898427 -0.00292802237 0)
(-0.000448774231 0.00103397714 0)
(-0.00318015041 0.00500609822 0)
(-0.00902908744 0.00872037687 0)
(-0.016923773 0.0112776539 0)
(-0.0258887953 0.0124414281 0)
(-0.0350221903 0.0122491016 0)
(-0.0434749731 0.0108716257 0)
(-0.0505224349 0.0085398215 0)
(-0.0556007678 0.00550383585 0)
(-0.0583168477 0.00201874948 0)
(-0.0584528244 -0.00165434683 0)
(-0.0559730314 -0.00524106122 0)
(-0.0510345571 -0.00844773412 0)
(-0.0439988233 -0.0109633455 0)
(-0.0354377461 -0.0124754083 0)
(-0.0261229286 -0.0127059008 0)
(-0.0169746587 -0.0114725269 0)
(-0.00896453207 -0.00877507469 0)
(-0.00309996264 -0.00493267841 0)
(-0.000417509022 -0.000946445324 0)
(-8.09871425e-05 -8.37590141e-05 0)
(-0.00144455471 0.00148225067 0)
(-0.00496602697 0.00311444435 0)
(-0.0100613837 0.00425192148 0)
(-0.0160525679 0.00478820154 0)
(-0.0222657395 0.00475527755 0)
(-0.0280715156 0.00423721503 0)
(-0.0329385911 0.00333590153 0)
(-0.0364564356 0.00215487037 0)
(-0.0383399221 0.000795590541 0)
(-0.0384312096 -0.000639836601 0)
(-0.0367043757 -0.00204389875 0)
(-0.033273648 -0.00329977574 0)
(-0.028402983 -0.00428079286 0)
(-0.0225119022 -0.00485552222 0)
(-0.0161689142 -0.00490136616 0)
(-0.0100562673 -0.00433019891 0)
(-0.00489530997 -0.00312853755 0)
(-0.0013801491 -0.0014424467 0)
(-5.89714801e-05 0.000123302156 0)
(0.000204519642 -0.000198615121 0)
(6.13938227e-05 0.000116405685 0)
(-0.00111758166 0.00048995826 0)
(-0.00309819275 0.000745679693 0)
(-0.00554286544 0.000866528865 0)
(-0.0081222187 0.000869044104 0)
(-0.0105473697 0.000776583029 0)
(-0.0125855642 0.000612330653 0)
(-0.0140618269 0.000396952551 0)
(-0.0148558473 0.000148987705 1.08419822e-33)
(-0.0149001596 -0.000113651518 -1.08419822e-33)
(-0.0141814381 -0.000372011924 0)
(-0.0127448519 -0.00060472344 0)
(-0.0107003023 -0.000787314509 0)
(-0.00822830343 -0.000892534328 0)
(-0.00558191677 -0.000892298822 0)
(-0.00307803338 -0.000762343098 0)
(-0.001069896 -0.000490878175 0)
(9.78959508e-05 -0.000105345401 0)
(0.00021539343 0.000207912291 0)
)
;

boundaryField
{
    walls
    {
        type            fixedValue;
        value           uniform (0 0 0);
    }
    mov_wall
    {
        type            fixedValue;
        value           uniform (1 0 0);
    }
    empty
    {
        type            empty;
    }
}


// ************************************************************************* //
