/*--------------------------------*- C++ -*----------------------------------*\
| =========                 |                                                 |
| \\      /  F ield         | OpenFOAM: The Open Source CFD Toolbox           |
|  \\    /   O peration     | Version:  5.x                                   |
|   \\  /    A nd           | Web:      www.OpenFOAM.org                      |
|    \\/     M anipulation  |                                                 |
\*---------------------------------------------------------------------------*/
FoamFile
{
    version     2.0;
    format      ascii;
    class       volScalarField;
    location    "3.5";
    object      p;
}
// * * * * * * * * * * * * * * * * * * * * * * * * * * * * * * * * * * * * * //

dimensions      [0 2 -2 0 0 0 0];

internalField   nonuniform List<scalar> 
400
(
4.53512042e-06
2.45246538
3.49432925
3.89888542
4.1066534
4.2247129
4.29429756
4.3402844
4.37634487
4.41011698
4.44676592
4.4909208
4.5476604
4.62449544
4.73480365
4.90460218
5.18238588
5.68420726
6.84132183
9.41173085
1.88671097
2.86729536
3.41988962
3.74774992
3.9651869
4.10975339
4.20768045
4.27899841
4.33675095
4.38961926
4.44425145
4.50657796
4.58333952
4.68330376
4.81973226
5.01368508
5.2940284
5.69847517
6.33842167
7.42837733
2.98208378
3.26253619
3.54233712
3.77068562
3.94571175
4.07572186
4.17323176
4.25000944
4.31528175
4.37624205
4.43893119
4.50902771
4.5925812
4.69678879
4.83085617
5.00664422
5.23632779
5.52394539
5.86049686
6.19824357
3.52779023
3.5853488
3.72179145
3.86538281
3.98907015
4.09083843
4.17461634
4.24572012
4.30953305
4.3710293
4.43478074
4.50521052
4.58679463
4.68426074
4.80245731
4.94569878
5.1157555
5.30515405
5.47834305
5.55964496
3.84422318
3.82688651
3.88518588
3.96938901
4.05222582
4.12779706
4.19567468
4.25748388
4.31592901
4.37409841
4.43507122
4.50186374
4.57733733
4.66401226
4.7635102
4.87551716
4.99636514
5.11480791
5.19585196
5.18372181
4.04550716
4.00366483
4.02143209
4.06785586
4.1213884
4.17574696
4.22886083
4.28054375
4.3318662
4.38449778
4.44027709
4.50097421
4.56805496
4.64233256
4.72333252
4.80837251
4.89181283
4.96268396
4.99308658
4.9468139
4.18059172
4.13383687
4.13184479
4.15537454
4.18883946
4.22707262
4.26773292
4.30987771
4.35364329
4.39973729
4.44904437
4.50234295
4.56002503
4.6217279
4.68579152
4.74863209
4.80456581
4.84467168
4.84863052
4.79368591
4.27566446
4.23084842
4.219666
4.22968024
4.24985165
4.27636055
4.30712817
4.34098854
4.3775843
4.41700485
4.45945733
4.50500224
4.55329128
4.60325524
4.65271102
4.69801725
4.7342646
4.7548527
4.74556636
4.69204803
4.34467994
4.30373686
4.28863483
4.29083338
4.30238205
4.32057741
4.34373574
4.37070749
4.40089868
4.43402116
4.46983399
4.50792354
4.54748938
4.58711495
4.62451928
4.65641914
4.67889946
4.68733901
4.67188509
4.62322237
4.39526494
4.35851013
4.34216292
4.33996391
4.34599484
4.3583669
4.37576658
4.39715055
4.42183082
4.44930415
4.47905627
4.51039247
4.54227988
4.57319824
4.60100604
4.62293187
4.63600142
4.63709805
4.61933046
4.57638339
4.43196917
4.39926316
4.38305996
4.37851613
4.38107142
4.38940162
4.40249285
4.41942984
4.43950743
4.46211416
4.48658766
4.51209222
4.53751342
4.56137438
4.58178172
4.59648682
4.60330007
4.60017915
4.58221138
4.54489949
4.45778204
4.42890119
4.41358578
4.40795036
4.40838512
4.41395282
4.42386964
4.43734389
4.4536935
4.47226645
4.49233626
4.51301915
4.53321196
4.55155689
4.56643854
4.57607596
4.57889115
4.57358015
4.55656075
4.52448352
4.47483301
4.44957887
4.43556677
4.42962601
4.42885855
4.43259928
4.44024108
4.45110399
4.46454835
4.47992114
4.49648275
4.51335578
4.52949656
4.54369402
4.55459738
4.56081631
4.56123274
4.55504146
4.53957877
4.51226493
4.48473595
4.46296483
4.45049858
4.44475694
4.4434222
4.44603446
4.45212819
4.46112309
4.47242841
4.48540879
4.4993363
4.51336448
4.52652529
4.53775176
4.54592359
4.54996471
4.54909914
4.54286254
4.5292609
4.50627742
4.48877948
4.4704082
4.4596263
4.45439906
4.45293291
4.45494248
4.46008441
4.46786763
4.47774747
4.48910845
4.50123812
4.51332222
4.52446154
4.53371171
4.54014022
4.54291849
4.54152864
4.53575414
4.52414008
4.50514124
4.48806678
4.47306251
4.46401498
4.45946089
4.45813682
4.45992974
4.46461097
4.47176855
4.48089284
4.49137624
4.50250812
4.51348887
4.52346376
4.53157656
4.53703612
4.53920511
4.53776794
4.53271337
4.52308914
4.50782677
4.48367395
4.47201595
4.46464647
4.46076842
4.45970762
4.46154277
4.46615913
4.47321168
4.48220645
4.49251985
4.50341535
4.51407575
4.52365298
4.53133462
4.53642131
4.53841812
4.53717597
4.53288388
4.52513206
4.51342178
4.4768612
4.46839343
4.46243503
4.45902147
4.45816795
4.46017581
4.46504071
4.47246306
4.48193355
4.49277602
4.504187
4.51528602
4.52518022
4.5330446
4.53821365
4.54028387
4.53924465
4.53550411
4.52929335
4.52086184
4.46929185
4.46320019
4.45768006
4.45397377
4.45292776
4.45509499
4.46054868
4.46897404
4.4797767
4.49215465
4.50515982
4.51776414
4.52893688
4.53774003
4.54344018
4.54563661
4.54441005
4.54042181
4.53470476
4.52867172
4.4634548
4.45752895
4.45037634
4.44493274
4.44290912
4.44510116
4.45157318
4.46187852
4.47522044
4.49055676
4.506678
4.52228172
4.53605916
4.54680518
4.55355781
4.55577113
4.55352598
4.54775513
4.54035725
4.53446786
)
;

boundaryField
{
    walls
    {
        type            zeroGradient;
    }
    mov_wall
    {
        type            zeroGradient;
    }
    empty
    {
        type            empty;
    }
}


// ************************************************************************* //
