/*--------------------------------*- C++ -*----------------------------------*\
| =========                 |                                                 |
| \\      /  F ield         | OpenFOAM: The Open Source CFD Toolbox           |
|  \\    /   O peration     | Version:  5.x                                   |
|   \\  /    A nd           | Web:      www.OpenFOAM.org                      |
|    \\/     M anipulation  |                                                 |
\*---------------------------------------------------------------------------*/
FoamFile
{
    version     2.0;
    format      ascii;
    class       surfaceScalarField;
    location    "3.5";
    object      phi;
}
// * * * * * * * * * * * * * * * * * * * * * * * * * * * * * * * * * * * * * //

dimensions      [0 3 -1 0 0 0 0];

internalField   nonuniform List<scalar> 
760
(
0.00134817588
-0.00134817804
0.00245763941
-0.00110946352
0.00313513448
-0.000677495069
0.0035597156
-0.000424581126
0.00383225122
-0.000272535633
0.00400945209
-0.000177200855
0.00412521446
-0.000115762351
0.00419921705
-7.40025804e-05
0.00424243233
-4.32152959e-05
0.00426055355
-1.81212434e-05
0.00425562232
4.93122826e-06
0.00422675776
2.88645711e-05
0.00416938939
5.73683689e-05
0.00407358503
9.58043323e-05
0.00391995091
0.000153634088
0.00367201926
0.000247931633
0.0032631602
0.000408859064
0.00257264075
0.000690519459
0.00140850172
0.00116413903
0.00140850173
-5.46956868e-05
-0.00129348235
0.000412592239
-0.00157675142
0.0010300295
-0.00129493231
0.00157871364
-0.000973265256
0.00201483251
-0.000708654509
0.00234477709
-0.00050714545
0.00258511616
-0.000356101417
0.00275126929
-0.000240155679
0.00285456769
-0.000146513682
0.00290179523
-6.53487849e-05
0.00289536651
1.13599257e-05
0.00283293028
9.13007874e-05
0.00270712567
0.000183172977
0.00250436369
0.000298566309
0.00220410983
0.000453887925
0.00178090166
0.000671139774
0.00121756794
0.000972192791
0.000552812534
0.0013552749
1.30664784e-05
0.00170388513
0.00142156822
-0.000271734844
-0.00102174751
-0.000221026881
-0.00162745939
7.13675154e-05
-0.00158732668
0.000446285394
-0.00134818311
0.000812489451
-0.00107485856
0.00112929904
-0.000823955059
0.00138207809
-0.000608880477
0.00156800768
-0.000426085247
0.00168837679
-0.000266882765
0.00174468439
-0.000121656367
0.00173678962
1.92546868e-05
0.00166213428
0.000165956109
0.00151571277
0.000329594495
0.00129125415
0.000523024938
0.000985011618
0.000760130454
0.000605009585
0.00105114179
0.000189850653
0.00138735172
-0.000160045107
0.00170517069
-0.00026164063
0.00180548069
0.0011599276
-0.000227941668
-0.000793805835
-0.00036119751
-0.00149420356
-0.00030832846
-0.00164019573
-0.000134821454
-0.0015216901
8.92091476e-05
-0.00129888914
0.000314971632
-0.00104971755
0.000513262754
-0.000807171614
0.000668299772
-0.000581122261
0.000771990103
-0.000370573064
0.000820035926
-0.000169702152
0.000809727482
2.95631453e-05
0.000739200862
0.000236482725
0.000607935522
0.000460859841
0.000419110758
0.000711849725
0.000184524247
0.000994716987
-6.71912341e-05
0.00130285728
-0.000280617589
0.00160077807
-0.000369418506
0.00179397161
-0.000246993636
0.00168305583
0.000912933962
-0.000168965253
-0.000624840564
-0.000352016307
-0.00131115253
-0.000431557875
-0.00156065418
-0.000408909203
-0.00154433876
-0.000319435404
-0.00138836291
-0.000200095406
-0.00116905752
-7.98103213e-05
-0.000927456707
2.15779946e-05
-0.000682510587
9.1428445e-05
-0.000440423495
0.000122135165
-0.000200408824
0.000109757009
4.19413418e-05
5.36455457e-05
0.000292594202
-4.27491647e-05
0.000557254556
-0.000169694162
0.000838794748
-0.000307652515
0.00113267538
-0.000423468673
0.00141867346
-0.000470024897
0.00164733429
-0.000397824839
0.00172177153
-0.000196431035
0.00148166201
0.000716502925
-0.000124192153
-0.000500648391
-0.00030833571
-0.00112700897
-0.000450494242
-0.00141849567
-0.000523204209
-0.0014716288
-0.000535391264
-0.00137617584
-0.000508161021
-0.00119628773
-0.000463157095
-0.000972460622
-0.00041806117
-0.00072760653
-0.000385619261
-0.000472865411
-0.000373912302
-0.000212115749
-0.000386728123
5.47572186e-05
-0.000423459662
0.000329325777
-0.000478356518
0.000612151421
-0.000539178397
0.000899616639
-0.000585818964
0.00117931598
-0.000590512372
0.00142336691
-0.000523085138
0.00157990706
-0.000366699083
0.00156538545
-0.00015058599
0.00126554889
0.000565916923
-9.45729506e-05
-0.000406075431
-0.000264649784
-0.000956932116
-0.000430738477
-0.00125240698
-0.000556977088
-0.00134539021
-0.000636793393
-0.00129635953
-0.000678141938
-0.00115493915
-0.000693944092
-0.000956658437
-0.000696929422
-0.000724621208
-0.00069727427
-0.000472520595
-0.000701661981
-0.000207728043
-0.000712860909
6.59561898e-05
-0.000729336515
0.000345801439
-0.000744753929
0.000627568862
-0.000747580407
0.00090244312
-0.00072146998
0.00115320557
-0.000647843429
0.00134974039
-0.000512876922
0.00144494059
-0.000321206266
0.00137371479
-0.000116485697
0.00106082829
0.000449431204
-7.53437627e-05
-0.000330731677
-0.000228206845
-0.000804068993
-0.000398353712
-0.0010822601
-0.000550539616
-0.00119320432
-0.000670626584
-0.00117627258
-0.000757578488
-0.00106798724
-0.000816784944
-0.000897451944
-0.000855587573
-0.000685818564
-0.000880624452
-0.00044748375
-0.00089636051
-0.000191992031
-0.000904270272
7.3865951e-05
-0.000902360458
0.000343891674
-0.000884972308
0.000610180763
-0.000843104237
0.000860575063
-0.000765820253
0.00107592158
-0.000643664779
0.00122758493
-0.00047510395
0.00127637978
-0.000276309835
0.0011749207
-9.21328506e-05
0.000876651295
0.000357298332
-6.22883392e-05
-0.000268443362
-0.000198541355
-0.000667815944
-0.000362893684
-0.000917907721
-0.000523850766
-0.00103224722
-0.0006644153
-0.00103570807
-0.000778129023
-0.00095427354
-0.000864812276
-0.000810768677
-0.000927165559
-0.000623465251
-0.000968399771
-0.000406249546
-0.000990721333
-0.000169670527
-0.000994436516
7.75810809e-05
-0.000977525875
0.000326981039
-0.000935695094
0.000568350033
-0.00086310129
0.000787981299
-0.000754123194
0.000966943491
-0.000606626338
0.00108008806
-0.000426950427
0.00109670388
-0.000236038291
0.000984008578
-7.43490134e-05
0.000714962032
0.000282949314
-5.27689922e-05
-0.000215674391
-0.000173812831
-0.000546772105
-0.000327557436
-0.00076416307
-0.000486865993
-0.000872938605
-0.000634380203
-0.000888193849
-0.0007607579
-0.00082789588
-0.000862116727
-0.000709409879
-0.000937654816
-0.000547927148
-0.000987783266
-0.000356121076
-0.00101282401
-0.000144629811
-0.00101222284
7.69798456e-05
-0.000984240803
0.000298998946
-0.000926163151
0.000510272393
-0.000835158859
0.000696977056
-0.000709976104
0.000841760768
-0.000553597339
0.000923709288
-0.000376676994
0.000919783517
-0.00020096006
0.000808291646
-6.08626282e-05
0.00057486462
0.000222086698
-4.52979273e-05
-0.000170376464
-0.000152454008
-0.00043961606
-0.000293299654
-0.000623317413
-0.000444763115
-0.000721475084
-0.000590345822
-0.000742611088
-0.000719473338
-0.000698768371
-0.000826046357
-0.00060283691
-0.000906878237
-0.000467095296
-0.000960347589
-0.000302651706
-0.000985403146
-0.000119574237
-0.000980963167
7.25398314e-05
-0.000945732155
0.000263767864
-0.000878480091
0.000443020288
-0.000778855102
0.000597352084
-0.000648784063
0.000711689774
-0.000494403543
0.000769328794
-0.000328204152
0.000753584122
-0.000170678376
0.000650765858
-5.0280665e-05
0.000454466915
0.000171806051
-3.906216e-05
-0.000131314279
-0.00013340381
-0.000345274456
-0.000260350005
-0.000496371252
-0.000400388992
-0.000581436071
-0.00053843117
-0.000604568837
-0.000663692722
-0.00057350677
-0.000768937995
-0.000497591657
-0.000849523058
-0.000386510287
-0.000902500924
-0.000249673858
-0.000925934067
-9.61410643e-05
-0.000918488833
6.50946174e-05
-0.000879356169
0.000224635168
-0.000808535342
0.000372199402
-0.000707505294
0.000496322007
-0.000580261704
0.000584446204
-0.00043458833
0.000623655459
-0.000283248279
0.000602244092
-0.000144573361
0.000512090937
-4.17551903e-05
0.00035164874
0.000130050869
-3.36093877e-05
-9.77048619e-05
-0.000115973488
-0.000262910374
-0.000228685897
-0.000383658895
-0.000355331164
-0.000454790829
-0.000482448479
-0.000477451477
-0.00059965658
-0.000456298585
-0.000699324634
-0.000397923558
-0.000776050397
-0.000309784549
-0.000826127576
-0.000199596724
-0.00084712409
-7.51445508e-05
-0.000837646024
5.56165932e-05
-0.000797332131
0.000184321303
-0.000727102476
0.000301969727
-0.000629656413
0.000398875901
-0.000510163473
0.000464953245
-0.000377005138
0.000490497145
-0.000242314853
0.00046755384
-0.000121978223
0.000391754324
-3.47332124e-05
0.000264403731
9.53176527e-05
-2.86574951e-05
-6.90473664e-05
-9.96602053e-05
-0.00019190764
-0.000198116984
-0.000285202137
-0.000310357556
-0.000342550305
-0.000424616058
-0.000363192986
-0.000531265841
-0.00034964874
-0.000622765348
-0.00030642396
-0.000693446505
-0.000239103347
-0.000739258707
-0.000153784541
-0.000757557958
-5.68453272e-05
-0.000747003377
4.50620294e-05
-0.000707597851
0.000144915828
-0.000640884311
0.000235256219
-0.000550277001
0.00030826858
-0.000441462319
0.000356138532
-0.000322745849
0.000371780663
-0.000205166579
0.000349974586
-0.000102185433
0.000288773202
-2.88024098e-05
0.000191020721
6.65152378e-05
-2.39812409e-05
-4.50661685e-05
-8.39974318e-05
-0.000131891408
-0.000168257057
-0.000200942479
-0.000265595445
-0.000245211933
-0.000365935561
-0.000262852911
-0.000460594458
-0.000254989842
-0.000542423452
-0.000224594896
-0.00060582119
-0.000175705519
-0.000646681589
-0.000112924097
-0.000662339265
-4.11876605e-05
-0.000651561241
3.42839923e-05
-0.000614612859
0.000107967471
-0.000553400546
0.000174043956
-0.000471663811
0.000226531875
-0.000375153946
0.000259628663
-0.000271701928
0.000268328624
-0.000171058852
0.000249331503
-8.44170675e-05
0.000202131429
-2.35998618e-05
0.000130203532
4.2915378e-05
-1.93492616e-05
-2.57169694e-05
-6.84700535e-05
-8.27706041e-05
-0.00013850672
-0.000130905749
-0.000220638006
-0.000163080606
-0.000306428341
-0.00017706259
-0.0003882287
-0.000173189519
-0.000459474112
-0.000153349477
-0.000514859709
-0.000120319856
-0.000550429656
-7.73540705e-05
-0.000563627424
-2.79898553e-05
-0.000553348312
2.40048734e-05
-0.000520016343
7.46354958e-05
-0.000465682536
0.000119710171
-0.000394114837
0.000154964215
-0.000310822921
0.00017633677
-0.000222941224
0.000180446925
-0.000138894608
0.000165284874
-6.78135187e-05
0.000131050336
-1.87621152e-05
8.11521383e-05
2.41532708e-05
-1.45055399e-05
-1.12114632e-05
-5.25211301e-05
-4.47550456e-05
-0.000108122798
-7.53040413e-05
-0.000174687731
-9.6515606e-05
-0.000245343149
-0.000106407134
-0.000313520733
-0.000105011954
-0.000373387834
-9.34824132e-05
-0.000420129356
-7.35783342e-05
-0.000450115976
-4.73673997e-05
-0.000461008961
-1.70968124e-05
-0.000451841514
1.48374502e-05
-0.000423096811
4.58907834e-05
-0.000376775899
7.33892506e-05
-0.000316426395
9.46147239e-05
-0.0002470795
0.0001069899
-0.000175030316
0.000108397757
-0.000107403042
9.76576006e-05
-5.14858444e-05
7.51331325e-05
-1.3914626e-05
4.35809211e-05
1.02386524e-05
-9.20277158e-06
-2.00866507e-06
-3.56847333e-05
-1.82731276e-05
-7.64355164e-05
-3.45532683e-05
-0.000126810983
-4.61401061e-05
-0.000181407992
-5.1810075e-05
-0.000234817057
-5.16028729e-05
-0.000282132151
-4.61673509e-05
-0.000319263482
-3.6447047e-05
-0.000343116453
-2.35144389e-05
-0.000351699967
-8.51326929e-06
-0.000344206925
7.34444317e-06
-0.000321084344
2.27682125e-05
-0.000284086095
3.6390989e-05
-0.000236279492
4.68081099e-05
-0.000181958545
5.26689586e-05
-0.000126403724
5.28429516e-05
-7.54285273e-05
4.66824152e-05
-3.46816241e-05
3.43862325e-05
-8.71391079e-06
1.76132087e-05
1.52474581e-06
-3.43747595e-06
1.42887709e-06
-1.80438346e-05
-3.66678092e-06
-4.34060073e-05
-9.19113237e-06
-7.64336402e-05
-1.31125006e-05
-0.000113187115
-1.50565973e-05
-0.000149665056
-1.51249189e-05
-0.000182251484
-1.35809312e-05
-0.000207952799
-1.07457707e-05
-0.00022451406
-6.95321887e-06
-0.000230484725
-2.54261771e-06
-0.000225272599
2.13233243e-06
-0.000209197028
6.69266201e-06
-0.00018353531
1.07292766e-05
-0.000150536779
1.38095715e-05
-0.000113368278
1.5500451e-05
-7.59397525e-05
1.54144314e-05
-4.25472185e-05
1.32898937e-05
-1.72767361e-05
9.11576124e-06
-3.10385802e-06
3.44033718e-06
-1.57910973e-06
1.42893642e-06
-2.23779451e-06
-1.14289154e-05
-2.45414467e-05
-3.95980863e-05
-5.47230297e-05
-6.8303965e-05
-7.90497391e-05
-8.60029749e-05
-8.85456167e-05
-8.64132984e-05
-7.97206339e-05
-6.89913471e-05
-5.51817701e-05
-3.96813213e-05
-2.42668939e-05
-1.09769997e-05
-1.86123329e-06
1.57910954e-06
)
;

boundaryField
{
    walls
    {
        type            calculated;
        value           uniform 0;
    }
    mov_wall
    {
        type            calculated;
        value           uniform 0;
    }
    empty
    {
        type            empty;
        value           nonuniform 0();
    }
}


// ************************************************************************* //
