/*--------------------------------*- C++ -*----------------------------------*\
| =========                 |                                                 |
| \\      /  F ield         | OpenFOAM: The Open Source CFD Toolbox           |
|  \\    /   O peration     | Version:  5.x                                   |
|   \\  /    A nd           | Web:      www.OpenFOAM.org                      |
|    \\/     M anipulation  |                                                 |
\*---------------------------------------------------------------------------*/
FoamFile
{
    version     2.0;
    format      ascii;
    class       volVectorField;
    location    "3.5";
    object      U;
}
// * * * * * * * * * * * * * * * * * * * * * * * * * * * * * * * * * * * * * //

dimensions      [0 1 -1 0 0 0 0];

internalField   nonuniform List<vector> 
400
(
(0.291698313 0.149643936 0)
(0.388186998 0.128007756 0)
(0.557615992 0.0757318531 0)
(0.674785664 0.0433044513 0)
(0.74376657 0.0251591106 0)
(0.787075003 0.0148802989 0)
(0.815462944 0.00893092182 0)
(0.833939551 0.00530992908 0)
(0.845365455 0.00289956338 0)
(0.851349257 0.00108485452 2.66527125e-34)
(0.852640741 -0.000502852437 -2.66527125e-34)
(0.849354286 -0.00216072014 0)
(0.840973367 -0.00421710459 0)
(0.82611377 -0.00722098383 0)
(0.802020421 -0.0122364992 0)
(0.763538938 -0.0213892093 0)
(0.699488883 -0.0388386149 0)
(0.58455733 -0.0722732742 0)
(0.407900532 -0.128436307 0)
(0.300688067 -0.152947536 0)
(0.00120411251 0.287432568 0)
(0.0133208373 0.293872228 0)
(0.140044352 0.20990491 0)
(0.264971522 0.142986195 0)
(0.364177689 0.0968020026 0)
(0.440120021 0.0654411299 0)
(0.496541001 0.0439762549 0)
(0.536691035 0.0287011594 0)
(0.56327444 0.0170798587 0)
(0.57813732 0.0074230916 0)
(0.582210265 -0.00150100865 0)
(0.575515232 -0.0107977519 0)
(0.557109232 -0.0217346482 0)
(0.524912981 -0.0361396857 0)
(0.475518396 -0.0569634911 0)
(0.404325991 -0.0889771483 0)
(0.305687281 -0.139150754 0)
(0.174497781 -0.215275202 0)
(0.0341065811 -0.310801156 0)
(0.0108691561 -0.305909065 0)
(-0.0321467919 0.241773996 0)
(-0.0634304306 0.333547236 0)
(-0.021936275 0.299502548 0)
(0.0505995606 0.240051706 0)
(0.127397325 0.183020834 0)
(0.196818557 0.13545454 0)
(0.254167053 0.0974523509 0)
(0.298088254 0.0668891757 0)
(0.328665635 0.0413758295 0)
(0.346307791 0.018781468 -2.35797307e-33)
(0.351211283 -0.00280948361 2.35797307e-33)
(0.343126719 -0.0252950388 0)
(0.321277553 -0.0508299392 0)
(0.284432878 -0.0820948211 0)
(0.231328801 -0.122479764 0)
(0.161916748 -0.175658032 0)
(0.0798350072 -0.243208454 0)
(-0.00333735128 -0.317981962 0)
(-0.0578531371 -0.366363504 0)
(-0.0313893205 -0.270690678 0)
(-0.0261204267 0.182361608 0)
(-0.0666193123 0.316884186 0)
(-0.0735378342 0.330901788 0)
(-0.0481307768 0.295352948 0)
(-0.00567223038 0.244253535 0)
(0.0411124231 0.192431762 0)
(0.0845450548 0.145095052 0)
(0.120424277 0.103006636 0)
(0.146585195 0.0651543685 0)
(0.161925435 0.0298884146 2.3554685e-33)
(0.16581278 -0.00469431168 -2.3554685e-33)
(0.157798767 -0.0406696073 0)
(0.137586466 -0.0803027267 0)
(0.105285184 -0.125979567 0)
(0.0620900064 -0.179774794 0)
(0.0116092548 -0.242029705 0)
(-0.038028389 -0.307764347 0)
(-0.0720491016 -0.359579368 0)
(-0.071163921 -0.355585639 0)
(-0.0287210569 -0.209178583 0)
(-0.0176296869 0.140767934 0)
(-0.0549165628 0.281827239 0)
(-0.0828630306 0.324484397 0)
(-0.0880762717 0.31239683 0)
(-0.0751197402 0.274442005 0)
(-0.0526276757 0.226778447 0)
(-0.0275118992 0.177302831 0)
(-0.00458014587 0.129145432 0)
(0.0130234343 0.0829123653 0)
(0.0233567452 0.0379330378 -2.94545895e-34)
(0.0253097033 -0.00710138443 2.94545895e-34)
(0.0184151696 -0.0537995085 0)
(0.00288695021 -0.103801246 0)
(-0.0200872317 -0.158367923 0)
(-0.0477708162 -0.217530707 0)
(-0.0750614715 -0.278347538 0)
(-0.0936267151 -0.33169479 0)
(-0.0922270595 -0.357398862 0)
(-0.0635074693 -0.318879889 0)
(-0.0207312602 -0.162076726 0)
(-0.0116542807 0.111592262 0)
(-0.0431522081 0.243765291 0)
(-0.0782840189 0.29985943 0)
(-0.100579297 0.305000852 0)
(-0.108310633 0.280421282 0)
(-0.10571655 0.240369197 0)
(-0.0975362166 0.193277779 0)
(-0.0877934945 0.143545377 0)
(-0.0795352428 0.0930260775 0)
(-0.0748272696 0.0420752351 0)
(-0.074848179 -0.00975924978 0)
(-0.0799346162 -0.0632506051 0)
(-0.0895000544 -0.119033258 0)
(-0.101812904 -0.176993427 0)
(-0.113690972 -0.235297903 0)
(-0.120284794 -0.288849055 0)
(-0.115237028 -0.327084766 0)
(-0.0922711138 -0.331566539 0)
(-0.0521876271 -0.275119684 0)
(-0.0142847857 -0.127260097 0)
(-0.00803185738 0.0899680235 0)
(-0.0343052876 0.207876712 0)
(-0.0703686724 0.267741375 0)
(-0.100959342 0.28350916 0)
(-0.121509144 0.269753789 0)
(-0.133062002 0.237807853 0)
(-0.138135874 0.195384131 0)
(-0.139450279 0.147216497 0)
(-0.139365707 0.0958906851 0)
(-0.139599278 0.04259576 0)
(-0.141114159 -0.0122625625 0)
(-0.144054702 -0.0685401539 0)
(-0.147657237 -0.125824577 0)
(-0.150140625 -0.182787186 0)
(-0.148667761 -0.236314537 0)
(-0.139565541 -0.280390148 0)
(-0.119015758 -0.304900527 0)
(-0.0848747392 -0.294957268 0)
(-0.0422046433 -0.232154464 0)
(-0.0100065899 -0.10070981 0)
(-0.00589819278 0.0731569045 0)
(-0.028051445 0.175459933 0)
(-0.0624620844 0.233454979 0)
(-0.0961931249 0.2546507 0)
(-0.123784313 0.248662378 0)
(-0.144336478 0.22397832 0)
(-0.158622069 0.187072458 0)
(-0.168069574 0.14243411 0)
(-0.174171039 0.0929433435 0)
(-0.178091687 0.0403533044 0)
(-0.180456301 -0.0142245202 0)
(-0.181230043 -0.0698446677 0)
(-0.17964733 -0.125225736 0)
(-0.174205215 -0.178177539 0)
(-0.162809084 -0.22494093 0)
(-0.143212569 -0.259512814 0)
(-0.113841644 -0.273201282 0)
(-0.075316618 -0.254896343 0)
(-0.0343188949 -0.192925762 0)
(-0.00728498371 -0.0799917633 0)
(-0.00459312617 0.0595160126 0)
(-0.0235441762 0.146542615 0)
(-0.0553429976 0.199662156 0)
(-0.0893196797 0.222701637 0)
(-0.12005183 0.221819416 0)
(-0.145609111 0.203131826 0)
(-0.165570674 0.171796545 0)
(-0.18031712 0.131775629 0)
(-0.190531093 0.0859405153 0)
(-0.196813755 0.0363510161 2.97711827e-34)
(-0.199448928 -0.0153915374 -2.97711827e-34)
(-0.198275662 -0.0677566335 0)
(-0.192646179 -0.118867782 0)
(-0.181489367 -0.166059284 0)
(-0.163546097 -0.205440844 0)
(-0.137858736 -0.231577766 0)
(-0.104503401 -0.237504884 0)
(-0.0656637287 -0.215386205 0)
(-0.0281737971 -0.158249827 0)
(-0.00551068923 -0.063466812 0)
(-0.00373314574 0.0480883374 0)
(-0.0201212407 0.120839389 0)
(-0.0490153959 0.167676433 0)
(-0.0816389832 0.190287495 0)
(-0.112989451 0.192487648 0)
(-0.140680566 0.178557128 4.67988593e-33)
(-0.163557404 0.152465444 0)
(-0.181246295 0.117554993 0)
(-0.193784184 0.0765047474 -4.74064352e-33)
(-0.20129698 0.0314710069 2.26592378e-36)
(-0.203789209 -0.0156743815 4.98648821e-36)
(-0.201035387 -0.0630555821 0)
(-0.192565951 -0.108481567 0)
(-0.177765527 -0.149141406 0)
(-0.156124913 -0.181360899 0)
(-0.127679785 -0.200524233 0)
(-0.0935645728 -0.201318511 0)
(-0.0566770473 -0.178463952 0)
(-0.0233146676 -0.128090126 0)
(-0.00429570502 -0.0500435269 0)
(-0.00311504072 0.0383306311 0)
(-0.0173631199 0.098050841 0)
(-0.0433176273 0.138129952 0)
(-0.0737180804 0.158979188 0)
(-0.104104451 0.162838218 0)
(-0.131970529 0.152618178 -4.67988593e-33)
(-0.155761613 0.1312957 0)
(-0.174612865 0.101603274 0)
(-0.188100222 0.0659289962 4.74064352e-33)
(-0.19599742 0.0263693749 1.49107018e-33)
(-0.198111613 -0.015123299 -1.49832259e-33)
(-0.194204016 -0.0565442236 0)
(-0.18399657 -0.0956260191 0)
(-0.167277183 -0.129654822 0)
(-0.144124399 -0.15536889 0)
(-0.115252465 -0.169022469 0)
(-0.0823814078 -0.166713864 0)
(-0.0485941047 -0.145040204 0)
(-0.0193975978 -0.102103334 0)
(-0.00342091024 -0.0390049956 0)
(-0.0026339335 0.0299262622 0)
(-0.0150226226 0.0779301209 0)
(-0.0380974263 0.111311096 0)
(-0.0658175737 0.129695777 0)
(-0.0942794739 0.134263867 0)
(-0.121044019 0.12692534 0)
(-0.144383598 0.109860571 0)
(-0.163148976 0.0852480477 0)
(-0.176619504 0.0551416415 0)
(-0.18433547 0.0214703264 2.99743e-34)
(-0.18598293 -0.0138813436 -2.99743e-34)
(-0.181343668 -0.048951515 0)
(-0.170313961 -0.0815745313 0)
(-0.152999255 -0.109289247 0)
(-0.129891609 -0.129330714 0)
(-0.102114502 -0.138764222 0)
(-0.0716393792 -0.134816115 0)
(-0.0414365939 -0.115407268 0)
(-0.0161843495 -0.0798582093 0)
(-0.00276403369 -0.0298606545 0)
(-0.00223473404 0.0226800201 0)
(-0.0129541228 0.0602838528 0)
(-0.033238148 0.0873308269 0)
(-0.0580555317 0.102954485 0)
(-0.084035382 0.107621806 0)
(-0.108906077 0.102520701 0)
(-0.130914064 0.0892086516 0)
(-0.148775815 0.0693818724 0)
(-0.161603536 0.0447501709 0)
(-0.168801279 0.017006743 3.00137588e-34)
(-0.169993535 -0.0121371971 -3.00137588e-34)
(-0.164999659 -0.0408861555 0)
(-0.153857523 -0.0672953486 0)
(-0.136899074 -0.0892416808 0)
(-0.114876634 -0.10446868 0)
(-0.0891189074 -0.110744398 0)
(-0.0616328427 -0.106158097 0)
(-0.0351269732 -0.0895353192 0)
(-0.0135037414 -0.0609264303 0)
(-0.00225327208 -0.0222578228 0)
(-0.00188545659 0.01646625 0)
(-0.0110624829 0.044964535 0)
(-0.0286411385 0.0662105015 0)
(-0.0504611261 0.0790278094 0)
(-0.0736531626 0.0834123167 0)
(-0.0961641741 0.0800414767 0)
(-0.116305903 0.0699953552 0)
(-0.132763318 0.0545610934 0)
(-0.144575579 0.0351143721 0)
(-0.151082417 0.0130747443 0)
(-0.151887877 -0.0100881415 0)
(-0.146852987 -0.0328250594 0)
(-0.136119487 -0.0534823297 0)
(-0.12016424 -0.0703098293 0)
(-0.0998793305 -0.0815299272 0)
(-0.076657117 -0.085492119 0)
(-0.0524122096 -0.0809235235 0)
(-0.0295300326 -0.0672469377 0)
(-0.0112185714 -0.0449266545 0)
(-0.00184129673 -0.0159381012 0)
(-0.00156252141 0.0112077444 0)
(-0.00926988388 0.0318705316 0)
(-0.0242025163 0.0479368728 0)
(-0.0429884372 0.0580490676 0)
(-0.0632319075 0.0619114915 0)
(-0.0831208633 0.059855905 0)
(-0.101086236 0.0526055441 0)
(-0.115849111 0.0411071718 0)
(-0.126440902 0.0264236404 0)
(-0.132187215 0.00968561767 0)
(-0.132697613 -0.00791670462 0)
(-0.127870699 -0.0251250375 0)
(-0.11791544 -0.0406102561 0)
(-0.103386515 -0.0529974312 0)
(-0.0852272389 -0.0609386784 0)
(-0.0648019805 -0.0632496724 0)
(-0.0438652602 -0.0591133724 0)
(-0.0244675004 -0.0483249803 0)
(-0.00920309258 -0.031552 0)
(-0.00149088343 -0.0107193753 0)
(-0.00124269568 0.00687236758 0)
(-0.00749727039 0.0209539342 0)
(-0.0197996764 0.0325014265 0)
(-0.0355241861 0.0400872976 0)
(-0.0527239509 0.0432717586 0)
(-0.0698330934 0.0421741736 0)
(-0.0854326468 0.0372606058 0)
(-0.0983251547 0.0291991391 0)
(-0.107580762 0.018767359 0)
(-0.112546695 0.00680865058 0)
(-0.112854311 -0.00578010236 0)
(-0.10843161 -0.0180487489 0)
(-0.0995214321 -0.0289997631 0)
(-0.0867021511 -0.0376160507 0)
(-0.0709039634 -0.0429246581 0)
(-0.0534054833 -0.0441071726 0)
(-0.0357703037 -0.0406592767 0)
(-0.0197281034 -0.0325810717 0)
(-0.00733072892 -0.0205903268 0)
(-0.00116697626 -0.00649226661 0)
(-0.000899883603 0.00347704867 0)
(-0.00566093511 0.0122244272 0)
(-0.0152978484 0.0199179353 0)
(-0.0279091872 0.0251886489 0)
(-0.0419708221 0.0275859262 0)
(-0.0561592647 0.0271262647 0)
(-0.0692274673 0.0240986632 0)
(-0.0800968045 0.0189454203 0)
(-0.0879159753 0.0121895848 0)
(-0.0920843978 0.00440206437 0)
(-0.0922681272 -0.00380767264 0)
(-0.0884154926 -0.0117927593 0)
(-0.0807724751 -0.0188748703 0)
(-0.0698941916 -0.0243659666 0)
(-0.0566454427 -0.0276151835 0)
(-0.0421770415 -0.0280886943 0)
(-0.0278468938 -0.0254864086 0)
(-0.0150887315 -0.0198866044 0)
(-0.00547449512 -0.0119313533 0)
(-0.000833547855 -0.00322197394 0)
(-0.000507504824 0.00108921658 0)
(-0.0036888885 0.00574014361 0)
(-0.0105872239 0.0102223768 0)
(-0.0199879345 0.0134022066 0)
(-0.0307552844 0.0149400892 0)
(-0.0418076402 0.0148327143 0)
(-0.0521004596 0.0132501786 0)
(-0.0607205809 0.0104516713 0)
(-0.0669425717 0.00673880708 0)
(-0.0702538151 0.00243727729 0)
(-0.0703711703 -0.00210635216 0)
(-0.0672558227 -0.00652338408 0)
(-0.0611263767 -0.0104252496 0)
(-0.0524664868 -0.0134154666 0)
(-0.0420200997 -0.0151167082 0)
(-0.0307626562 -0.0152183461 0)
(-0.0198243247 -0.0135493997 0)
(-0.0103615197 -0.0101761614 0)
(-0.00352670165 -0.00555507197 0)
(-0.000456470723 -0.000945965701 0)
(-6.44860884e-05 -0.000176233814 0)
(-0.00159897953 0.00163662428 0)
(-0.00569518115 0.00359860249 0)
(-0.0117199259 0.00501067355 0)
(-0.0188880429 0.00571683899 0)
(-0.0263913788 0.00573382355 0)
(-0.0334549764 0.00514771909 0)
(-0.0394084913 0.00407326539 0)
(-0.043722541 0.0026348871 0)
(-0.0460238779 0.000961856349 0)
(-0.0461058154 -0.000810108179 0)
(-0.0439388612 -0.00253598961 0)
(-0.0396813733 -0.00406056036 0)
(-0.0336869486 -0.00522175348 0)
(-0.026502732 -0.00586030369 0)
(-0.0188496231 -0.00583829506 0)
(-0.0115675414 -0.00507039263 0)
(-0.00551559537 -0.00357095182 0)
(-0.00148203475 -0.00155258562 0)
(-3.10933223e-05 0.000233977852 0)
(0.000261399129 -0.000255575185 0)
(0.000151448558 0.00010207712 0)
(-0.00117494403 0.000547417322 0)
(-0.00348062517 0.000863514837 0)
(-0.00637557945 0.00102207488 0)
(-0.00946687015 0.00103797446 0)
(-0.0124000326 0.000936217378 0)
(-0.0148817734 0.000743061724 0)
(-0.0166860979 0.000483179628 0)
(-0.0176547248 0.000180086273 1.08300274e-33)
(-0.0176985199 -0.000142310255 -1.08300274e-33)
(-0.0168014843 -0.000458219462 0)
(-0.0150266261 -0.000739018957 0)
(-0.0125218976 -0.000953243899 0)
(-0.00952354715 -0.00106773173 0)
(-0.00635302345 -0.00105052569 0)
(-0.00340015004 -0.000876787882 0)
(-0.00108361575 -0.000539615824 0)
(0.000206110698 -8.25142085e-05 0)
(0.000274563733 0.00026674556 0)
)
;

boundaryField
{
    walls
    {
        type            fixedValue;
        value           uniform (0 0 0);
    }
    mov_wall
    {
        type            fixedValue;
        value           uniform (1 0 0);
    }
    empty
    {
        type            empty;
    }
}


// ************************************************************************* //
