/*--------------------------------*- C++ -*----------------------------------*\
| =========                 |                                                 |
| \\      /  F ield         | OpenFOAM: The Open Source CFD Toolbox           |
|  \\    /   O peration     | Version:  5.x                                   |
|   \\  /    A nd           | Web:      www.OpenFOAM.org                      |
|    \\/     M anipulation  |                                                 |
\*---------------------------------------------------------------------------*/
FoamFile
{
    version     2.0;
    format      ascii;
    class       volScalarField;
    location    "6.5";
    object      p;
}
// * * * * * * * * * * * * * * * * * * * * * * * * * * * * * * * * * * * * * //

dimensions      [0 2 -2 0 0 0 0];

internalField   nonuniform List<scalar> 
400
(
1.21207776e-06
2.45246052
3.49432417
3.89888033
4.1066483
4.22470781
4.29429246
4.34027929
4.37633976
4.41011189
4.44676086
4.49091576
4.54765538
4.62449044
4.73479865
4.90459717
5.18238083
5.68420215
6.84131667
9.41172567
1.88670623
2.86729037
3.41988457
3.74774484
3.96518181
4.1097483
4.20767536
4.2789933
4.33674582
4.38961414
4.44424636
4.50657291
4.58333448
4.68329873
4.81972722
5.01368004
5.29402333
5.69847007
6.33841653
7.42837217
2.98207873
3.26253117
3.54233207
3.77068053
3.94570664
4.07571675
4.17322666
4.25000433
4.31527661
4.37623689
4.43892605
4.50902259
4.59257612
4.6967837
4.83085106
5.00663911
5.23632268
5.52394029
5.86049175
6.19823847
3.52778512
3.58534375
3.7217864
3.86537773
3.98906503
4.09083329
4.17461122
4.245715
4.30952791
4.37102411
4.43477552
4.50520532
4.58678946
4.68425558
4.80245214
4.94569361
5.11575034
5.30514894
5.47833797
5.55963991
3.84421803
3.82688141
3.88518081
3.96938393
4.0522207
4.1277919
4.19566952
4.25747875
4.31592387
4.37409322
4.43506597
4.50185847
4.57733208
4.66400704
4.76350499
4.87551195
4.99635996
5.11480279
5.19584691
5.18371679
4.045502
4.00365968
4.02142699
4.06785078
4.12138329
4.17574182
4.22885566
4.2805386
4.33186107
4.38449263
4.44027187
4.50096891
4.56804965
4.64232728
4.7233273
4.80836731
4.89180765
4.96267883
4.99308152
4.94680888
4.18058658
4.13383169
4.13183963
4.15536942
4.18883437
4.22706751
4.26772777
4.30987256
4.35363818
4.3997322
4.44903922
4.50233771
4.56001972
4.6217226
4.68578628
4.7486269
4.80456067
4.84466657
4.84862545
4.79368087
4.27565936
4.23084325
4.2196608
4.22967507
4.24984655
4.27635549
4.30712308
4.34098343
4.37757921
4.4169998
4.45945228
4.50499711
4.55328604
4.60324995
4.65270577
4.69801207
4.73425948
4.75484761
4.74556129
4.69204296
4.34467485
4.30373172
4.28862963
4.29082817
4.30237691
4.32057236
4.34373073
4.37070245
4.40089362
4.43401613
4.469829
4.50791852
4.54748427
4.58710973
4.62451403
4.65641394
4.67889433
4.68733392
4.67188002
4.62321728
4.39525984
4.35850505
4.34215777
4.33995869
4.34598963
4.35836179
4.37576158
4.39714559
4.42182581
4.44929912
4.47905127
4.51038751
4.54227488
4.57319313
4.60100085
4.62292666
4.63599626
4.63709294
4.61932536
4.57637829
4.43196404
4.39925811
4.38305488
4.37851096
4.38106617
4.38939641
4.40248778
4.41942488
4.43950247
4.46210915
4.48658262
4.51208721
4.53750844
4.56136936
4.58177661
4.59648165
4.60329489
4.600174
4.58220626
4.54489438
4.45777688
4.42889611
4.41358074
4.40794525
4.4083799
4.41394754
4.42386443
4.43733884
4.45368853
4.47226145
4.49233119
4.51301406
4.53320691
4.55155187
4.5664335
4.57607085
4.57888598
4.57357498
4.5565556
4.52447839
4.47482788
4.44957374
4.4355617
4.42962093
4.42885339
4.43259399
4.44023576
4.45109877
4.46454327
4.47991613
4.49647769
4.51335065
4.52949141
4.54368892
4.55459232
4.56081123
4.56122762
4.55503629
4.5395736
4.51225978
4.4847309
4.46295968
4.45049342
4.44475182
4.44341707
4.44602923
4.45212284
4.46111773
4.47242316
4.48540367
4.49933123
4.51335936
4.52652011
4.53774658
4.54591846
4.54995962
4.54909405
4.54285741
4.52925575
4.50627226
4.48877453
4.47040309
4.45962107
4.45439384
4.45292775
4.45493732
4.46007916
4.46786227
4.47774211
4.48910319
4.50123298
4.51331712
4.52445639
4.53370651
4.54013503
4.54291334
4.54152353
4.53574903
4.52413495
4.50513609
4.48806185
4.47305747
4.46400977
4.45945561
4.45813159
4.45992459
4.46460582
4.47176331
4.48088751
4.49137092
4.50250289
4.51348373
4.52345864
4.53157142
4.53703094
4.53919994
4.5377628
4.53270826
4.52308402
4.50782163
4.48366894
4.47201096
4.46464136
4.46076318
4.45970235
4.46153758
4.46615404
4.47320659
4.48220128
4.49251459
4.50341009
4.51407056
4.52364786
4.53132952
4.53641619
4.53841297
4.53717082
4.53287874
4.52512693
4.51341666
4.47685603
4.46838841
4.46243001
4.45901637
4.45816277
4.46017064
4.46503562
4.47245804
4.48192851
4.49277091
4.50418181
4.51528083
4.52517509
4.53303951
4.53820857
4.54027876
4.53923951
4.53549897
4.52928821
4.52085671
4.46928656
4.46319506
4.45767505
4.45396879
4.45292274
4.45508993
4.46054361
4.46896902
4.47977171
4.49214964
4.50515474
4.517759
4.52893174
4.53773491
4.54343509
4.54563152
4.54440494
4.54041668
4.53469962
4.52866659
4.46344943
4.45752369
4.45037122
4.44492776
4.44290419
4.44509621
4.45156817
4.46187348
4.47521542
4.49055176
4.50667298
4.52227665
4.53605405
4.54680005
4.5535527
4.55576603
4.55352088
4.54775001
4.54035212
4.53446273
)
;

boundaryField
{
    walls
    {
        type            zeroGradient;
    }
    mov_wall
    {
        type            zeroGradient;
    }
    empty
    {
        type            empty;
    }
}


// ************************************************************************* //
