/*--------------------------------*- C++ -*----------------------------------*\
| =========                 |                                                 |
| \\      /  F ield         | OpenFOAM: The Open Source CFD Toolbox           |
|  \\    /   O peration     | Version:  5.x                                   |
|   \\  /    A nd           | Web:      www.OpenFOAM.org                      |
|    \\/     M anipulation  |                                                 |
\*---------------------------------------------------------------------------*/
FoamFile
{
    version     2.0;
    format      ascii;
    class       surfaceScalarField;
    location    "6.5";
    object      phi;
}
// * * * * * * * * * * * * * * * * * * * * * * * * * * * * * * * * * * * * * //

dimensions      [0 3 -1 0 0 0 0];

internalField   nonuniform List<scalar> 
760
(
0.00134817665
-0.00134817722
0.00245763979
-0.00110946314
0.00313513469
-0.000677494903
0.00355971573
-0.000424581035
0.00383225132
-0.000272535589
0.00400945216
-0.000177200843
0.00412521451
-0.000115762349
0.00419921708
-7.40025716e-05
0.00424243236
-4.32152774e-05
0.00426055359
-1.81212263e-05
0.00425562236
4.93123502e-06
0.00422675778
2.88645748e-05
0.0041693894
5.73683809e-05
0.00407358505
9.5804354e-05
0.00391995094
0.000153634109
0.0036720193
0.000247931644
0.00326316023
0.000408859068
0.00257264077
0.000690519463
0.00140850173
0.00116413904
0.00140850173
-5.46952629e-05
-0.00129348196
0.00041259266
-0.00157675106
0.00103002982
-0.00129493206
0.00157871389
-0.000973265097
0.00201483271
-0.000708654412
0.00234477727
-0.000507145401
0.00258511632
-0.000356101397
0.00275126942
-0.000240155664
0.0028545678
-0.000146513657
0.00290179532
-6.5348751e-05
0.0028953666
1.13599569e-05
0.00283293037
9.13008138e-05
0.00270712574
0.000183173008
0.00250436374
0.000298566352
0.00220410988
0.000453887969
0.00178090172
0.000671139804
0.00121756799
0.000972192801
0.000552812561
0.0013552749
1.30664827e-05
0.00170388512
0.00142156821
-0.000271734653
-0.00102174731
-0.000221026592
-0.00162745912
7.13678052e-05
-0.00158732646
0.000446285654
-0.00134818294
0.000812489686
-0.00107485844
0.00112929927
-0.000823954982
0.00138207831
-0.000608880438
0.00156800788
-0.000426085226
0.00168837696
-0.000266882739
0.00174468453
-0.000121656325
0.00173678976
1.92547368e-05
0.00166213441
0.000165956158
0.00151571288
0.000329594545
0.00129125424
0.000523024996
0.000985011689
0.000760130517
0.00060500965
0.00105114184
0.000189850707
0.00138735175
-0.000160045077
0.00170517069
-0.000261640627
0.00180548067
0.00115992758
-0.000227941584
-0.000793805723
-0.000361197324
-0.00149420338
-0.000308328226
-0.00164019556
-0.000134821214
-0.00152168996
8.92093797e-05
-0.00129888904
0.000314971865
-0.00104971747
0.000513262996
-0.000807171566
0.000668300012
-0.00058112224
0.00077199032
-0.000370573047
0.000820036112
-0.000169702117
0.000809727648
2.95632012e-05
0.00073920102
0.000236482789
0.000607935664
0.000460859905
0.000419110869
0.000711849793
0.000184524324
0.000994717063
-6.71911792e-05
0.00130285735
-0.000280617547
0.00160077812
-0.00036941848
0.00179397162
-0.000246993631
0.00168305583
0.000912933949
-0.000168965218
-0.000624840503
-0.000352016193
-0.0013111524
-0.000431557695
-0.00156065405
-0.000408908992
-0.00154433866
-0.000319435189
-0.00138836284
-0.00020009519
-0.00116905746
-7.98100898e-05
-0.000927456664
2.15782421e-05
-0.000682510569
9.14286871e-05
-0.00044042349
0.000122135378
-0.000200408807
0.000109757191
4.19413885e-05
5.36457104e-05
0.000292594271
-4.27490133e-05
0.000557254631
-0.00016969404
0.000838794822
-0.000307652436
0.00113267546
-0.000423468631
0.00141867354
-0.000470024875
0.00164733436
-0.000397824826
0.00172177158
-0.000196431029
0.00148166203
0.000716502922
-0.000124192137
-0.000500648362
-0.000308335646
-0.00112700889
-0.000450494114
-0.00141849558
-0.000523204032
-0.00147162874
-0.000535391071
-0.0013761758
-0.000508160829
-0.00119628771
-0.000463156895
-0.000972460596
-0.000418060947
-0.000727606515
-0.000385619021
-0.000472865412
-0.000373912077
-0.00021211575
-0.000386727934
5.47572458e-05
-0.000423459504
0.000329325841
-0.000478356377
0.000612151506
-0.000539178277
0.000899616725
-0.000585818883
0.00117931607
-0.000590512337
0.001423367
-0.000523085132
0.00157990716
-0.000366699085
0.00156538553
-0.000150585989
0.00126554894
0.000565916938
-9.45729334e-05
-0.000406075425
-0.000264649747
-0.000956932079
-0.000430738394
-0.00125240693
-0.000556976954
-0.00134539018
-0.000636793229
-0.00129635952
-0.000678141772
-0.00115493916
-0.00069394393
-0.000956658438
-0.000696929245
-0.000724621198
-0.000697274063
-0.000472520591
-0.000701661765
-0.000207728046
-0.000712860718
6.59562006e-05
-0.000729336365
0.000345801489
-0.000744753808
0.00062756895
-0.000747580304
0.000902443223
-0.000721469903
0.00115320567
-0.000647843392
0.00134974049
-0.000512876921
0.00144494069
-0.000321206279
0.00137371489
-0.000116485704
0.00106082836
0.000449431237
-7.53437377e-05
-0.000330731687
-0.000228206817
-0.000804068997
-0.000398353664
-0.00108226008
-0.000550539531
-0.00119320431
-0.000670626462
-0.00117627259
-0.000757578351
-0.00106798727
-0.000816784816
-0.000897451972
-0.000855587447
-0.000685818567
-0.000880624302
-0.000447483734
-0.00089636033
-0.000191992015
-0.000904270092
7.38659655e-05
-0.000902360314
0.000343891712
-0.000884972208
0.000610180844
-0.000843104162
0.000860575177
-0.000765820193
0.00107592171
-0.00064366474
0.00122758504
-0.000475103941
0.00127637989
-0.000276309846
0.00117492079
-9.21328612e-05
0.000876651378
0.000357298376
-6.22883117e-05
-0.000268443378
-0.000198541322
-0.000667815983
-0.000362893653
-0.00091790775
-0.000523850727
-0.00103224723
-0.000664415232
-0.00103570808
-0.000778128927
-0.000954273573
-0.000864812179
-0.000810768718
-0.000927165476
-0.000623465269
-0.000968399685
-0.000406249525
-0.000990721216
-0.000169670482
-0.000994436373
7.75811251e-05
-0.000977525743
0.000326981085
-0.000935695004
0.000568350106
-0.000863101238
0.000787981412
-0.000754123159
0.000966943627
-0.00060662631
0.00108008819
-0.00042695041
0.00109670399
-0.000236038289
0.000984008674
-7.43490183e-05
0.000714962109
0.000282949354
-5.2768975e-05
-0.000215674407
-0.000173812791
-0.000546772161
-0.000327557405
-0.000764163136
-0.000486865981
-0.000872938653
-0.000634380189
-0.000888193873
-0.00076075786
-0.0008278959
-0.000862116667
-0.000709409909
-0.000937654763
-0.00054792717
-0.000987783228
-0.000356121059
-0.00101282396
-0.000144629748
-0.00101222277
7.69799293e-05
-0.000984240704
0.000298999026
-0.00092616307
0.000510272474
-0.000835158816
0.00069697716
-0.00070997609
0.000841760901
-0.00055359733
0.000923709432
-0.000376676982
0.000919783646
-0.000200960049
0.000808291745
-6.08626236e-05
0.000574864687
0.000222086729
-4.52979299e-05
-0.000170376479
-0.000152453976
-0.000439616112
-0.000293299616
-0.000623317495
-0.000444763106
-0.000721475163
-0.000590345843
-0.000742611134
-0.000719473357
-0.000698768384
-0.00082604635
-0.000602836914
-0.000906878216
-0.000467095302
-0.000960347581
-0.000302651692
-0.000985403152
-0.000119574176
-0.000980963159
7.25399367e-05
-0.000945732114
0.000263767983
-0.000878480036
0.000443020398
-0.000778855064
0.00059735219
-0.000648784054
0.000711689893
-0.00049440355
0.000769328928
-0.000328204155
0.000753584253
-0.000170678369
0.000650765962
-5.02806569e-05
0.000454466978
0.000171806073
-3.9062178e-05
-0.000131314298
-0.000133403799
-0.000345274492
-0.000260349972
-0.000496371321
-0.000400388973
-0.000581436161
-0.000538431196
-0.000604568909
-0.000663692782
-0.000573506797
-0.000768938048
-0.000497591646
-0.000849523084
-0.000386510265
-0.00090250094
-0.000249673833
-0.0009259341
-9.61410141e-05
-0.000918488876
6.50947143e-05
-0.000879356194
0.000224635302
-0.000808535336
0.000372199541
-0.000707505275
0.000496322131
-0.000580261695
0.000584446316
-0.000434588339
0.000623655573
-0.000283248293
0.000602244207
-0.000144573365
0.000512091035
-4.17551883e-05
0.000351648803
0.000130050889
-3.36094026e-05
-9.77048885e-05
-0.000115973501
-0.000262910396
-0.000228685887
-0.000383658935
-0.000355331146
-0.000454790901
-0.000482448492
-0.000477451561
-0.000599656646
-0.000456298641
-0.000699324729
-0.000397923562
-0.000776050479
-0.000309784514
-0.000826127631
-0.00019959668
-0.00084712414
-7.51445026e-05
-0.00083764609
5.56166663e-05
-0.000797332203
0.000184321416
-0.000727102527
0.000301969866
-0.000629656432
0.000398876037
-0.000510163475
0.000464953361
-0.000377005144
0.000490497243
-0.000242314866
0.000467553931
-0.000121978235
0.000391754403
-3.4733219e-05
0.000264403787
9.53176728e-05
-2.8657488e-05
-6.90473935e-05
-9.96602252e-05
-0.00019190766
-0.000198117004
-0.000285202153
-0.000310357561
-0.000342550342
-0.000424616067
-0.000363193055
-0.000531265891
-0.000349648815
-0.000622765449
-0.000306424001
-0.000693446627
-0.000239103336
-0.00073925881
-0.000153784495
-0.000757558037
-5.68452749e-05
-0.000747003453
4.5062085e-05
-0.000707597938
0.000144915904
-0.000640884397
0.000235256326
-0.000550277062
0.000308268704
-0.000441462348
0.000356138648
-0.000322745859
0.000371780757
-0.000205166586
0.00034997466
-0.000102185442
0.00028877326
-2.88024185e-05
0.000191020763
6.65152548e-05
-2.3981211e-05
-4.506618e-05
-8.39974363e-05
-0.000131891433
-0.000168257094
-0.000200942493
-0.000265595486
-0.000245211947
-0.000365935592
-0.000262852948
-0.000460594498
-0.000254989908
-0.000542423533
-0.000224594964
-0.000605821314
-0.000175705553
-0.000646681724
-0.000112924084
-0.00066233938
-4.11876187e-05
-0.000651561332
3.42840387e-05
-0.000614612946
0.000107967519
-0.000553400637
0.00017404402
-0.000471663893
0.000226531961
-0.000375154002
0.000259628758
-0.000271701953
0.000268328709
-0.000171058858
0.000249331568
-8.44170699e-05
0.000202131473
-2.3599865e-05
0.00013020356
4.29153887e-05
-1.93492309e-05
-2.57169528e-05
-6.84700367e-05
-8.27706228e-05
-0.000138506751
-0.000130905775
-0.000220638071
-0.000163080624
-0.000306428408
-0.000177062609
-0.000388228756
-0.00017318956
-0.000459474176
-0.000153349543
-0.000514859807
-0.000120319919
-0.000550429787
-7.73541015e-05
-0.000563627558
-2.79898464e-05
-0.000553348423
2.40049044e-05
-0.000520016433
7.46355299e-05
-0.000465682617
0.000119710206
-0.000394114914
0.000154964261
-0.000310822984
0.00017633683
-0.000222941262
0.000180446989
-0.000138894621
0.000165284928
-6.7813518e-05
0.000131050372
-1.87621123e-05
8.11521573e-05
2.41532758e-05
-1.45055361e-05
-1.12114235e-05
-5.25211114e-05
-4.47550424e-05
-0.000108122814
-7.53040712e-05
-0.000174687792
-9.65156433e-05
-0.000245343235
-0.000106407163
-0.000313520813
-0.000105011981
-0.000373387901
-9.34824547e-05
-0.000420129428
-7.35783917e-05
-0.000450116074
-4.73674526e-05
-0.000461009079
-1.70968378e-05
-0.000451841629
1.48374558e-05
-0.000423096904
4.58908051e-05
-0.000376775971
7.33892735e-05
-0.000316426455
9.46147463e-05
-0.000247079551
0.000106989928
-0.000175030353
0.000108397792
-0.00010740306
9.76576371e-05
-5.14858458e-05
7.51331602e-05
-1.39146218e-05
4.35809353e-05
1.02386549e-05
-9.20280322e-06
-2.00862514e-06
-3.56847398e-05
-1.82731014e-05
-7.64355303e-05
-3.45532818e-05
-0.000126811025
-4.61401471e-05
-0.000181408066
-5.18101178e-05
-0.000234817143
-5.16029023e-05
-0.000282132225
-4.61673732e-05
-0.00031926354
-3.64470766e-05
-0.000343116514
-2.35144778e-05
-0.000351700045
-8.51330311e-06
-0.000344207015
7.34442918e-06
-0.000321084427
2.2768219e-05
-0.000284086158
3.63910045e-05
-0.000236279535
4.68081241e-05
-0.000181958577
5.26689705e-05
-0.000126403748
5.28429654e-05
-7.5428541e-05
4.66824322e-05
-3.46816275e-05
3.43862484e-05
-8.71390897e-06
1.76132179e-05
1.52474725e-06
-3.43752404e-06
1.42889917e-06
-1.80438733e-05
-3.66674527e-06
-4.3406038e-05
-9.19111563e-06
-7.64336705e-05
-1.31125122e-05
-0.000113187159
-1.5056626e-05
-0.000149665114
-1.51249449e-05
-0.000182251543
-1.3580944e-05
-0.000207952844
-1.0745776e-05
-0.000224514094
-6.95322754e-06
-0.000230484761
-2.54263287e-06
-0.000225272646
2.13231779e-06
-0.000209197081
6.6926559e-06
-0.000183535356
1.07292796e-05
-0.00015053681
1.3809578e-05
-0.000113368294
1.5500456e-05
-7.59397604e-05
1.54144344e-05
-4.25472224e-05
1.32898966e-05
-1.72767373e-05
9.11576478e-06
-3.10385816e-06
3.44033943e-06
-1.5791101e-06
1.42890577e-06
-2.23783938e-06
-1.14289588e-05
-2.45414755e-05
-3.95981025e-05
-5.47230435e-05
-6.83039822e-05
-7.90497558e-05
-8.60029853e-05
-8.85456214e-05
-8.64133042e-05
-7.97206456e-05
-6.89913623e-05
-5.51817824e-05
-3.96813265e-05
-2.42668929e-05
-1.09769962e-05
-1.86123051e-06
1.57910988e-06
)
;

boundaryField
{
    walls
    {
        type            calculated;
        value           uniform 0;
    }
    mov_wall
    {
        type            calculated;
        value           uniform 0;
    }
    empty
    {
        type            empty;
        value           nonuniform 0();
    }
}


// ************************************************************************* //
