/*--------------------------------*- C++ -*----------------------------------*\
| =========                 |                                                 |
| \\      /  F ield         | OpenFOAM: The Open Source CFD Toolbox           |
|  \\    /   O peration     | Version:  5.x                                   |
|   \\  /    A nd           | Web:      www.OpenFOAM.org                      |
|    \\/     M anipulation  |                                                 |
\*---------------------------------------------------------------------------*/
FoamFile
{
    version     2.0;
    format      ascii;
    class       volVectorField;
    location    "6.5";
    object      U;
}
// * * * * * * * * * * * * * * * * * * * * * * * * * * * * * * * * * * * * * //

dimensions      [0 1 -1 0 0 0 0];

internalField   nonuniform List<vector> 
400
(
(0.291698403 0.14964384 0)
(0.388187137 0.128007705 0)
(0.557616055 0.075731831 0)
(0.674785695 0.0433044404 0)
(0.743766591 0.025159106 0)
(0.78707502 0.0148802979 0)
(0.815462957 0.00893092186 0)
(0.833939559 0.00530992811 0)
(0.845365461 0.00289956136 0)
(0.851349263 0.00108485286 2.6652682e-34)
(0.852640748 -0.000502852892 -2.6652682e-34)
(0.849354292 -0.00216072027 0)
(0.840973371 -0.00421710576 0)
(0.826113773 -0.00722098606 0)
(0.802020425 -0.0122365012 0)
(0.763538945 -0.0213892101 0)
(0.699488891 -0.0388386151 0)
(0.584557335 -0.0722732747 0)
(0.407900534 -0.128436308 0)
(0.300688067 -0.152947536 0)
(0.00120416979 0.287432432 0)
(0.0133209382 0.293872141 0)
(0.140044427 0.209904863 0)
(0.264971577 0.142986168 0)
(0.364177732 0.0968019878 0)
(0.440120058 0.0654411239 0)
(0.496541034 0.043976253 0)
(0.536691064 0.0287011569 0)
(0.563274463 0.0170798542 0)
(0.57813734 0.00742308653 0)
(0.582210285 -0.00150101221 0)
(0.575515251 -0.0107977546 0)
(0.557109247 -0.0217346524 0)
(0.524912993 -0.0361396921 0)
(0.475518407 -0.0569634974 0)
(0.404326003 -0.0889771521 0)
(0.305687293 -0.139150756 0)
(0.174497789 -0.215275202 0)
(0.0341065835 -0.310801156 0)
(0.0108691558 -0.305909063 0)
(-0.0321467682 0.241773934 0)
(-0.0634303769 0.333547172 0)
(-0.0219362152 0.299502499 0)
(0.0505996158 0.240051672 0)
(0.127397374 0.183020811 0)
(0.196818603 0.135454527 0)
(0.254167097 0.0974523448 0)
(0.298088296 0.066889172 0)
(0.328665672 0.0413758242 0)
(0.346307822 0.0187814604 -2.35797031e-33)
(0.351211311 -0.00280949156 2.35797031e-33)
(0.343126747 -0.0252950461 0)
(0.321277578 -0.0508299471 0)
(0.284432898 -0.082094831 0)
(0.231328817 -0.122479775 0)
(0.161916761 -0.17565804 0)
(0.0798350195 -0.243208457 0)
(-0.00333734279 -0.317981961 0)
(-0.0578531344 -0.366363502 0)
(-0.0313893207 -0.270690675 0)
(-0.0261204172 0.18236158 0)
(-0.0666192835 0.316884142 0)
(-0.0735377905 0.330901748 0)
(-0.0481307284 0.295352916 0)
(-0.00567218297 0.244253511 0)
(0.0411124695 0.192431745 0)
(0.0845451025 0.145095043 0)
(0.120424326 0.103006632 0)
(0.146585241 0.0651543641 0)
(0.161925475 0.0298884067 2.35546572e-33)
(0.165812815 -0.00469432234 -2.35546572e-33)
(0.1577988 -0.0406696184 0)
(0.137586496 -0.0803027378 0)
(0.105285209 -0.12597958 0)
(0.0620900248 -0.179774808 0)
(0.0116092675 -0.242029717 0)
(-0.0380283793 -0.307764354 0)
(-0.0720490947 -0.359579369 0)
(-0.0711639181 -0.355585637 0)
(-0.0287210565 -0.20917858 0)
(-0.0176296838 0.140767918 0)
(-0.0549165481 0.281827209 0)
(-0.0828630004 0.324484367 0)
(-0.0880762315 0.312396806 0)
(-0.0751196971 0.274441986 0)
(-0.0526276325 0.226778432 0)
(-0.0275118543 0.177302822 0)
(-0.00458009741 0.129145428 0)
(0.0130234839 0.082912363 0)
(0.0233567909 0.0379330324 -2.94545546e-34)
(0.0253097424 -0.0071013949 2.94545546e-34)
(0.0184152041 -0.0537995219 0)
(0.00288698222 -0.10380126 0)
(-0.0200872038 -0.158367937 0)
(-0.0477707961 -0.217530723 0)
(-0.0750614599 -0.278347554 0)
(-0.0936267091 -0.331694802 0)
(-0.0922270559 -0.357398868 0)
(-0.0635074673 -0.31887989 0)
(-0.0207312595 -0.162076724 0)
(-0.0116542799 0.111592253 0)
(-0.043152201 0.243765271 0)
(-0.0782839993 0.299859409 0)
(-0.100579266 0.305000836 0)
(-0.108310596 0.280421271 0)
(-0.105716512 0.240369187 0)
(-0.0975361775 0.193277772 0)
(-0.0877934518 0.143545374 0)
(-0.0795351956 0.0930260772 0)
(-0.0748272225 0.0420752334 0)
(-0.0748481375 -0.00975925741 0)
(-0.0799345818 -0.0632506188 0)
(-0.0895000243 -0.119033274 0)
(-0.101812877 -0.176993443 0)
(-0.113690951 -0.23529792 0)
(-0.120284783 -0.288849073 0)
(-0.115237025 -0.327084783 0)
(-0.0922711139 -0.331566551 0)
(-0.0521876274 -0.27511969 0)
(-0.0142847855 -0.127260098 0)
(-0.00803185637 0.0899680203 0)
(-0.0343052832 0.2078767 0)
(-0.0703686607 0.267741361 0)
(-0.100959319 0.283509151 0)
(-0.121509113 0.269753785 0)
(-0.133061968 0.237807851 0)
(-0.138135841 0.195384128 0)
(-0.139450245 0.147216494 0)
(-0.139365668 0.0958906849 0)
(-0.139599235 0.0425957606 0)
(-0.141114117 -0.0122625664 0)
(-0.144054668 -0.0685401657 0)
(-0.14765721 -0.125824594 0)
(-0.150140602 -0.182787205 0)
(-0.148667742 -0.236314555 0)
(-0.139565529 -0.280390167 0)
(-0.119015755 -0.304900546 0)
(-0.0848747409 -0.294957285 0)
(-0.0422046457 -0.232154476 0)
(-0.0100065907 -0.100709815 0)
(-0.00589819054 0.0731569051 0)
(-0.0280514402 0.17545993 0)
(-0.0624620774 0.233454973 0)
(-0.0961931116 0.254650696 0)
(-0.123784292 0.248662379 0)
(-0.144336451 0.223978325 0)
(-0.158622042 0.187072461 0)
(-0.168069549 0.142434109 0)
(-0.174171012 0.0929433414 0)
(-0.178091653 0.0403533034 0)
(-0.180456264 -0.0142245226 0)
(-0.18123001 -0.0698446767 0)
(-0.179647306 -0.125225754 0)
(-0.174205198 -0.178177561 0)
(-0.16280907 -0.224940952 0)
(-0.143212558 -0.259512835 0)
(-0.113841639 -0.273201303 0)
(-0.0753166186 -0.254896363 0)
(-0.0343188977 -0.192925778 0)
(-0.00728498517 -0.0799917712 0)
(-0.00459312317 0.0595160154 0)
(-0.0235441699 0.146542619 0)
(-0.0553429916 0.199662158 0)
(-0.0893196731 0.222701637 0)
(-0.120051819 0.221819419 0)
(-0.145609093 0.203131833 0)
(-0.165570654 0.171796552 0)
(-0.180317102 0.131775631 0)
(-0.190531076 0.0859405112 0)
(-0.196813735 0.03635101 2.97711492e-34)
(-0.199448902 -0.015391543 -2.97711492e-34)
(-0.198275634 -0.0677566418 0)
(-0.192646157 -0.118867797 0)
(-0.181489353 -0.166059308 0)
(-0.163546089 -0.20544087 0)
(-0.13785873 -0.231577791 0)
(-0.104503396 -0.237504906 0)
(-0.065663727 -0.215386225 0)
(-0.0281737981 -0.158249843 0)
(-0.00551069022 -0.0634668206 0)
(-0.00373314352 0.048088341 0)
(-0.0201212346 0.120839399 0)
(-0.0490153889 0.167676443 0)
(-0.0816389794 0.190287501 0)
(-0.112989449 0.192487652 0)
(-0.140680561 0.178557134 4.67988041e-33)
(-0.163557393 0.152465451 0)
(-0.181246283 0.117554997 0)
(-0.193784176 0.0765047432 -4.74063819e-33)
(-0.201296972 0.0314709958 2.26592635e-36)
(-0.203789196 -0.0156743943 4.98648669e-36)
(-0.201035368 -0.0630555944 0)
(-0.192565932 -0.108481583 0)
(-0.177765515 -0.149141428 0)
(-0.156124908 -0.181360927 0)
(-0.127679783 -0.200524261 0)
(-0.0935645706 -0.201318536 0)
(-0.0566770448 -0.178463972 0)
(-0.0233146662 -0.128090141 0)
(-0.00429570479 -0.0500435341 0)
(-0.00311504066 0.0383306345 0)
(-0.0173631165 0.0980508524 0)
(-0.0433176199 0.138129967 0)
(-0.0737180758 0.158979201 0)
(-0.104104453 0.162838225 0)
(-0.131970534 0.152618181 -4.67988041e-33)
(-0.155761614 0.131295704 0)
(-0.174612861 0.101603277 0)
(-0.188100219 0.0659289932 4.74063819e-33)
(-0.195997421 0.026369362 1.4910685e-33)
(-0.198111613 -0.0151233184 -1.49832091e-33)
(-0.194204011 -0.0565442435 0)
(-0.18399656 -0.0956260379 0)
(-0.167277173 -0.129654843 0)
(-0.144124395 -0.155368916 0)
(-0.115252465 -0.169022498 0)
(-0.0823814089 -0.16671389 0)
(-0.0485941039 -0.145040225 0)
(-0.019397596 -0.102103347 0)
(-0.00342090927 -0.0390050008 0)
(-0.00263393544 0.0299262658 0)
(-0.0150226234 0.0779301301 0)
(-0.0380974214 0.111311112 0)
(-0.065817568 0.129695794 0)
(-0.0942794749 0.134263879 0)
(-0.121044028 0.126925344 0)
(-0.144383609 0.10986057 0)
(-0.163148984 0.0852480466 0)
(-0.176619507 0.055141638 0)
(-0.184335475 0.0214703151 2.99742664e-34)
(-0.185982939 -0.0138813645 -2.99742663e-34)
(-0.181343676 -0.0489515408 0)
(-0.170313963 -0.0815745561 0)
(-0.152999252 -0.10928927 0)
(-0.129891606 -0.129330737 0)
(-0.102114502 -0.138764247 0)
(-0.0716393818 -0.13481614 0)
(-0.0414365956 -0.115407289 0)
(-0.0161843495 -0.0798582219 0)
(-0.00276403315 -0.0298606586 0)
(-0.00223473604 0.0226800246 0)
(-0.012954126 0.0602838587 0)
(-0.0332381481 0.0873308383 0)
(-0.0580555281 0.102954502 0)
(-0.0840353812 0.107621822 0)
(-0.108906085 0.10252071 0)
(-0.130914081 0.0892086506 0)
(-0.148775833 0.0693818669 0)
(-0.161603549 0.0447501644 0)
(-0.168801289 0.0170067334 3.00137251e-34)
(-0.169993547 -0.0121372144 -3.00137251e-34)
(-0.164999673 -0.0408861809 0)
(-0.153857536 -0.0672953769 0)
(-0.13689908 -0.0892417068 0)
(-0.114876636 -0.104468703 0)
(-0.0891189081 -0.11074442 0)
(-0.0616328448 -0.106158118 0)
(-0.0351269759 -0.0895353374 0)
(-0.0135037432 -0.0609264424 0)
(-0.00225327256 -0.0222578269 0)
(-0.00188545633 0.0164662553 0)
(-0.0110624845 0.0449645392 0)
(-0.0286411426 0.0662105072 0)
(-0.0504611282 0.0790278207 0)
(-0.0736531634 0.0834123326 0)
(-0.09616418 0.08004149 0)
(-0.116305919 0.0699953594 0)
(-0.132763341 0.0545610885 0)
(-0.144575601 0.0351143632 0)
(-0.151082435 0.0130747347 0)
(-0.151887892 -0.0100881542 0)
(-0.146853004 -0.0328250786 0)
(-0.136119505 -0.053482355 0)
(-0.120164255 -0.0703098559 0)
(-0.0998793392 -0.0815299504 0)
(-0.0766571205 -0.085492138 0)
(-0.0524122112 -0.0809235397 0)
(-0.0295300343 -0.0672469516 0)
(-0.0112185733 -0.0449266645 0)
(-0.00184129767 -0.0159381051 0)
(-0.00156251841 0.0112077483 0)
(-0.00926988112 0.031870536 0)
(-0.0242025207 0.0479368756 0)
(-0.0429884452 0.0580490727 0)
(-0.0632319143 0.0619115024 0)
(-0.08312087 0.0598559196 0)
(-0.101086249 0.0526055552 0)
(-0.115849132 0.0411071737 0)
(-0.126440928 0.0264236342 0)
(-0.132187239 0.00968560831 0)
(-0.132697633 -0.00791671445 0)
(-0.127870717 -0.0251250498 0)
(-0.117915458 -0.0406102735 0)
(-0.103386533 -0.0529974528 0)
(-0.0852272528 -0.0609386999 0)
(-0.0648019882 -0.0632496903 0)
(-0.0438652629 -0.0591133859 0)
(-0.0244675011 -0.0483249903 0)
(-0.00920309317 -0.031552007 0)
(-0.00149088391 -0.0107193781 0)
(-0.00124269209 0.00687236717 0)
(-0.0074972649 0.0209539385 0)
(-0.0197996779 0.0325014302 0)
(-0.0355241962 0.0400873004 0)
(-0.0527239641 0.0432717642 0)
(-0.0698331052 0.0421741847 0)
(-0.0854326585 0.0372606196 0)
(-0.0983251713 0.0291991489 0)
(-0.107580786 0.0187673603 0)
(-0.112546722 0.00680864519 0)
(-0.112854335 -0.00578011002 0)
(-0.10843163 -0.0180487567 0)
(-0.0995214492 -0.0289997728 0)
(-0.0867021674 -0.037616064 0)
(-0.0709039778 -0.042924674 0)
(-0.0534054934 -0.0441071878 0)
(-0.0357703084 -0.0406592885 0)
(-0.0197281043 -0.0325810795 0)
(-0.00733072837 -0.0205903314 0)
(-0.00116697598 -0.00649226813 0)
(-0.000899882533 0.00347704311 0)
(-0.00566093208 0.0122244288 0)
(-0.015297848 0.0199179408 0)
(-0.0279091953 0.025188654 0)
(-0.0419708372 0.0275859306 0)
(-0.0561592814 0.0271262714 0)
(-0.0692274817 0.0240986742 0)
(-0.0800968182 0.0189454328 0)
(-0.0879159927 0.0121895932 0)
(-0.09208442 0.00440206572 0)
(-0.0922681509 -0.00380767654 0)
(-0.0884155134 -0.0117927648 0)
(-0.0807724913 -0.0188748757 0)
(-0.0698942047 -0.0243659731 0)
(-0.056645454 -0.0276151923 0)
(-0.0421770505 -0.0280887045 0)
(-0.0278468991 -0.0254864178 0)
(-0.015088733 -0.0198866108 0)
(-0.0054744945 -0.0119313565 0)
(-0.00083354727 -0.0032219746 0)
(-0.000507507528 0.00108920851 0)
(-0.00368889195 0.00574014058 0)
(-0.0105872257 0.0102223811 0)
(-0.0199879402 0.0134022143 0)
(-0.0307552965 0.0149400959 0)
(-0.0418076565 0.0148327195 0)
(-0.0521004754 0.0132501849 0)
(-0.0607205938 0.0104516802 0)
(-0.0669425837 0.00673881655 0)
(-0.0702538295 0.00243728332 0)
(-0.0703711877 -0.00210635144 0)
(-0.0672558403 -0.00652338698 0)
(-0.0611263913 -0.0104252533 0)
(-0.0524664973 -0.0134154698 0)
(-0.0420201072 -0.0151167118 0)
(-0.0307626618 -0.0152183508 0)
(-0.0198243284 -0.013549405 0)
(-0.0103615212 -0.0101761657 0)
(-0.00352670148 -0.00555507426 0)
(-0.000456470341 -0.000945966032 0)
(-6.44907727e-05 -0.000176240312 0)
(-0.00159898829 0.00163661774 0)
(-0.00569518788 0.0035986021 0)
(-0.0117199318 0.00501067898 0)
(-0.0188880505 0.00571684622 0)
(-0.0263913893 0.00573382885 0)
(-0.0334549882 0.00514772225 0)
(-0.0394085016 0.00407326882 0)
(-0.0437225488 0.00263489225 0)
(-0.0460238849 0.000961861838 0)
(-0.046105824 -0.000810104925 0)
(-0.0439388715 -0.00253598955 0)
(-0.0396813833 -0.00406056216 0)
(-0.0336869561 -0.00522175528 0)
(-0.0265027365 -0.00586030486 0)
(-0.0188496254 -0.00583829621 0)
(-0.0115675426 -0.00507039427 0)
(-0.00551559579 -0.0035709536 0)
(-0.0014820347 -0.00155258671 0)
(-3.10932207e-05 0.000233977777 0)
(0.000261395973 -0.000255577543 0)
(0.000151440828 0.000102073514 0)
(-0.00117495277 0.000547415798 0)
(-0.00348063226 0.000863516235 0)
(-0.00637558396 0.00102207779 0)
(-0.00946687333 0.00103797677 0)
(-0.0124000359 0.000936218281 0)
(-0.0148817768 0.000743062144 0)
(-0.0166861004 0.000483180804 0)
(-0.0176547261 0.000180088256 1.08300153e-33)
(-0.0176985211 -0.000142308531 -1.08300153e-33)
(-0.0168014863 -0.000458218885 0)
(-0.0150266289 -0.000739019356 0)
(-0.0125219003 -0.000953244444 0)
(-0.0095235488 -0.00106773189 0)
(-0.00635302379 -0.00105052559 0)
(-0.00340014956 -0.000876787924 0)
(-0.00108361512 -0.000539616087 0)
(0.000206111039 -8.25144247e-05 0)
(0.000274563775 0.000266745612 0)
)
;

boundaryField
{
    walls
    {
        type            fixedValue;
        value           uniform (0 0 0);
    }
    mov_wall
    {
        type            fixedValue;
        value           uniform (1 0 0);
    }
    empty
    {
        type            empty;
    }
}


// ************************************************************************* //
