/*--------------------------------*- C++ -*----------------------------------*\
| =========                 |                                                 |
| \\      /  F ield         | OpenFOAM: The Open Source CFD Toolbox           |
|  \\    /   O peration     | Version:  5.x                                   |
|   \\  /    A nd           | Web:      www.OpenFOAM.org                      |
|    \\/     M anipulation  |                                                 |
\*---------------------------------------------------------------------------*/
FoamFile
{
    version     2.0;
    format      ascii;
    class       volScalarField;
    location    "0.6";
    object      p;
}
// * * * * * * * * * * * * * * * * * * * * * * * * * * * * * * * * * * * * * //

dimensions      [0 2 -2 0 0 0 0];

internalField   nonuniform List<scalar> 
400
(
-1.08966186e-06
2.45183777
3.492798
3.89655673
4.10394011
4.222136
4.29234377
4.33931743
4.37656142
4.41153775
4.4492534
4.49421647
4.55142914
4.62837979
4.73847207
4.90778784
5.18491161
5.68599961
6.84241151
9.41222276
1.88723227
2.86720833
3.41907579
3.74636497
3.96358705
4.10835908
4.20685958
4.27899823
4.33767187
4.39141756
4.44676214
4.50954898
4.58648001
4.68632759
4.82240062
5.01583938
5.29560894
5.69951505
6.33894573
7.42827197
2.98361675
3.26329406
3.54237049
3.77019638
3.94503714
4.07524842
4.17328298
4.25078121
4.31682417
4.37847024
4.44165483
4.51199334
4.59551744
4.69945355
4.83307542
5.00833665
5.23750646
5.52468088
5.86074445
6.19769507
3.53045485
3.5870719
3.72275759
3.86583371
3.98931927
4.09124237
4.17547674
4.24721233
4.31168698
4.37374356
4.43785639
4.50839727
4.58983905
4.68695782
4.80468013
4.94741422
5.11700049
5.30597677
5.47860593
5.55899022
3.84781748
3.82942241
3.88699125
3.97072937
4.05337294
4.12906197
4.1973234
4.25967215
4.31867458
4.37729897
4.43853649
4.50536117
4.58063251
4.66694103
4.76597525
4.87750365
4.99790749
5.11591746
5.19635122
5.18323533
4.04959929
4.006698
4.0238141
4.06986274
4.12324987
4.17771892
4.23116306
4.2833029
4.3350926
4.3880943
4.4440691
4.50475285
4.57162177
4.64554241
4.72610845
4.81070153
4.89371318
4.96414512
4.99394423
4.94675027
4.18467565
4.13698557
4.13446751
4.15773543
4.19113056
4.22949604
4.27045923
4.31300134
4.35716337
4.40356309
4.45302052
4.50628691
4.56376706
4.62514316
4.68881411
4.75124688
4.80678117
4.84647722
4.84991178
4.79422584
4.2792712
4.23375024
4.22220438
4.23208001
4.25226917
4.27895004
4.3100142
4.34423382
4.38117517
4.42085557
4.46343065
4.5089405
4.55704973
4.60672818
4.65584308
4.70079687
4.73670395
4.75695973
4.74729346
4.69329105
4.3474494
4.30610629
4.29082836
4.29301204
4.30466534
4.32307753
4.34653732
4.37384509
4.40434659
4.43769738
4.47361713
4.5116784
4.55109434
4.59048361
4.62761054
4.65923352
4.68146465
4.68969074
4.6740448
4.62519489
4.39698503
4.36017007
4.34384389
4.34174755
4.34796147
4.36059111
4.37829932
4.40000313
4.42496769
4.45264688
4.48249774
4.51381814
4.54559041
4.5763279
4.60393214
4.62567341
4.63860764
4.63963375
4.62187922
4.57904738
4.43258603
4.40015426
4.38416141
4.37982592
4.38262966
4.39124863
4.40465124
4.42189238
4.44223147
4.46502543
4.48959258
4.51509582
4.54043841
4.56417679
4.58445969
4.59908032
4.60588025
4.60283565
4.58507839
4.5481606
4.45738797
4.42907412
4.41413431
4.40879568
4.40952896
4.41540447
4.42562757
4.43938619
4.45597281
4.47471342
4.49487047
4.51556451
4.5357128
4.55399112
4.5688252
4.57847484
4.58139172
4.57628981
4.55965046
4.52819918
4.47363865
4.44917431
4.43566516
4.43008768
4.42965194
4.43370643
4.44163978
4.45276024
4.46641167
4.4819275
4.49856435
4.5154545
4.53157741
4.5457558
4.55667831
4.56299259
4.56360654
4.55772985
4.54277439
4.51625378
4.48303294
4.46218578
4.45030254
4.44496565
4.44397848
4.44689757
4.45325797
4.46247483
4.47394885
4.48703885
4.50101986
4.51506005
4.52821713
4.53945788
4.54769888
4.55189773
4.55129888
4.54544792
4.53243011
4.51033099
4.48689862
4.46948861
4.45931913
4.454513
4.45339422
4.45569213
4.46106611
4.46902577
4.47902487
4.49044946
4.5025967
4.51467197
4.52580447
4.53508353
4.54161054
4.54458506
4.54350265
4.5381496
4.5271439
4.50903944
4.48633425
4.47223454
4.46378224
4.45964497
4.45865595
4.46070997
4.46557997
4.4728577
4.48203804
4.4925224
4.50361697
4.51454754
4.52449124
4.53262598
4.53819159
4.54057278
4.53945917
4.53483247
4.52579491
4.51135865
4.48236502
4.47147596
4.46465
4.46117316
4.4604301
4.4624949
4.46725021
4.47435579
4.48332775
4.49355954
4.50434001
4.51488473
4.52438253
4.53205696
4.53723754
4.53944529
4.53852706
4.53465162
4.52743216
4.51641469
4.47614973
4.46826973
4.46279311
4.45977104
4.45922477
4.46143345
4.46638347
4.47378019
4.48313032
4.49378425
4.50497462
4.51586383
4.52560372
4.53340966
4.53864498
4.54091698
4.5402012
4.53686856
4.53112857
4.52322159
4.46920188
4.46353962
4.45849263
4.455219
4.45450453
4.45685758
4.46233493
4.47062902
4.48117108
4.49319993
4.50582009
4.5180628
4.52895675
4.53761539
4.54333986
4.54573865
4.54486843
4.54133066
4.53607766
4.53042437
4.4637871
4.45828317
4.45174161
4.44687833
4.44527764
4.44766519
4.4540845
4.46410455
4.47697126
4.4917061
4.50717847
4.52217297
4.53546686
4.54592928
4.55264861
4.55509347
4.55331146
4.54814501
4.54135226
4.535841
)
;

boundaryField
{
    walls
    {
        type            zeroGradient;
    }
    mov_wall
    {
        type            zeroGradient;
    }
    empty
    {
        type            empty;
    }
}


// ************************************************************************* //
