/*--------------------------------*- C++ -*----------------------------------*\
| =========                 |                                                 |
| \\      /  F ield         | OpenFOAM: The Open Source CFD Toolbox           |
|  \\    /   O peration     | Version:  5.x                                   |
|   \\  /    A nd           | Web:      www.OpenFOAM.org                      |
|    \\/     M anipulation  |                                                 |
\*---------------------------------------------------------------------------*/
FoamFile
{
    version     2.0;
    format      ascii;
    class       surfaceScalarField;
    location    "0.6";
    object      phi;
}
// * * * * * * * * * * * * * * * * * * * * * * * * * * * * * * * * * * * * * //

dimensions      [0 3 -1 0 0 0 0];

internalField   nonuniform List<scalar> 
760
(
0.00134848501
-0.00134848449
0.00245788013
-0.00110939525
0.00313467552
-0.000676795344
0.00355800271
-0.000423327182
0.00382894301
-0.000270940183
0.00400445826
-0.000175515252
0.00411867899
-0.000114220772
0.00419146915
-7.27902121e-05
0.00423392411
-4.24549232e-05
0.00425179465
-1.78705531e-05
0.00424711831
4.67631203e-06
0.00421896015
2.81581974e-05
0.00416265322
5.63069766e-05
0.00406814577
9.45074626e-05
0.00391591425
0.000152231529
0.00366936228
0.000246552
0.00326173493
0.000407627394
0.00257216222
0.000689572733
0.00140853031
0.00116363188
0.00140853029
-5.47153264e-05
-0.00129376904
0.000411648673
-0.00157575922
0.00102701422
-0.00129216098
0.00157262684
-0.000968939826
0.0020050379
-0.000703351298
0.00233109946
-0.000501576879
0.00256784356
-0.000350964831
0.00273108803
-0.000236034668
0.00283245645
-0.000143823316
0.00287889898
-6.43130863e-05
0.00287286927
1.07059938e-05
0.00281193274
8.9094729e-05
0.00268855155
0.000179688169
0.00248888778
0.000294171224
0.00219211571
0.000449003575
0.00177246145
0.00066620626
0.00121243114
0.000967657721
0.00055039586
0.00135160807
1.24427833e-05
0.00170158504
0.00142097308
-0.000272340083
-0.00102142902
-0.000223630752
-0.00162446847
6.53932907e-05
-0.00158118505
0.000435840353
-0.00133938694
0.000796916529
-0.00106442754
0.00110847541
-0.000813135786
0.0013564284
-0.000598917814
0.00153844465
-0.000418050927
0.00165618949
-0.000261568163
0.00171139457
-0.000119518196
0.00170399513
1.81054634e-05
0.00163135921
0.000161730715
0.00148827379
0.000322773638
0.00126815833
0.000514286681
0.00096688177
0.000750280136
0.000592034937
0.0010410531
0.000181750047
0.00137794261
-0.000164045419
0.00169740355
-0.000262798303
0.00180033797
0.00115817478
-0.000229075254
-0.00079235379
-0.000365290637
-0.00148825307
-0.00031681428
-0.00162966141
-0.000148724152
-0.00150747711
6.93569462e-05
-0.00128250861
0.00028918585
-0.0010329647
0.000482107125
-0.000791839154
0.000632833866
-0.000568777735
0.000733664745
-0.000362399057
0.000780554356
-0.000166407827
0.000770888919
2.77708864e-05
0.000702741956
0.000229877663
0.000575378772
0.00045013679
0.000391649227
0.000698016199
0.000162916449
0.000979012935
-8.26964234e-05
0.00128666603
-0.000290329382
0.00158557561
-0.000374231436
0.00178130562
-0.000248368271
0.00167447482
0.000909806486
-0.000170462898
-0.000621891048
-0.0003570475
-0.00130166849
-0.000441528993
-0.00154517991
-0.000424694041
-0.00152431215
-0.000341385988
-0.00136581671
-0.000228042833
-0.00114630786
-0.000113082185
-0.000906799822
-1.58968678e-05
-0.000665963059
5.12332823e-05
-0.0004295292
8.09396828e-05
-0.000196114258
6.93722626e-05
3.93382802e-05
1.58244106e-05
0.00028342551
-7.64467007e-05
0.000542407893
-0.000198053309
0.000819622802
-0.000329901394
0.00111086104
-0.000439368506
0.00139613318
-0.000479931336
0.00162613849
-0.00040270115
0.00170407545
-0.000197820341
0.001469594
0.000711986113
-0.000125792082
-0.000496098982
-0.000313570238
-0.00111389034
-0.000460637518
-0.0013981127
-0.000538947001
-0.00144600271
-0.000556915299
-0.00134784848
-0.000535182141
-0.00116804104
-0.000494963393
-0.000947018599
-0.000453564523
-0.000707361961
-0.000423433013
-0.000459660752
-0.000412452618
-0.000207094719
-0.000424334096
5.12197149e-05
-0.000458525096
0.000317616504
-0.000509467703
0.000593350514
-0.000565231128
0.000875386251
-0.000606134753
0.00115176469
-0.000604922833
0.00139492129
-0.000531980574
0.00155319626
-0.000371026193
0.00154312109
-0.000151796444
0.00125036422
0.000560189651
-9.60276242e-05
-0.000400071386
-0.000269353942
-0.000940564111
-0.000439739808
-0.00122772692
-0.000570772415
-0.00131497009
-0.000655432551
-0.00126318837
-0.000701293881
-0.00112217972
-0.000720945685
-0.000927366819
-0.000726833552
-0.000701474112
-0.000728910441
-0.000457583901
-0.000733713793
-0.000202291415
-0.000743959817
6.14657172e-05
-0.000758168328
0.000331825014
-0.000770170025
0.00060535222
-0.000768704805
0.000873921053
-0.000737794921
0.00112085482
-0.000659298394
0.00131642479
-0.000519856801
0.0014137547
-0.00032454783
0.00134781212
-0.000117398939
0.00104321531
0.000442790704
-7.64559296e-05
-0.000323615464
-0.000231778726
-0.000785241372
-0.000405124368
-0.0010543813
-0.000560807975
-0.00115928646
-0.000684354457
-0.00113964191
-0.000774459444
-0.00103207473
-0.00083629176
-0.000865534543
-0.000877010556
-0.000660755352
-0.000903112768
-0.000431481742
-0.000918973301
-0.000186430925
-0.000926040241
6.85326445e-05
-0.000922369177
0.000328153947
-0.000902431882
0.000585414928
-0.000857437875
0.000828927059
-0.000776731808
0.00104014877
-0.00065118245
0.00119087545
-0.000479584608
0.00124215688
-0.000278397461
0.00114662493
-9.26817229e-05
0.000857499556
0.000350108964
-6.29309489e-05
-0.000260684579
-0.000200582746
-0.000647589638
-0.000366705645
-0.000888258432
-0.000529533718
-0.000996458405
-0.000671879006
-0.000997296665
-0.000787148517
-0.000916805232
-0.000875063507
-0.000777619578
-0.000938248096
-0.000597570778
-0.000979855876
-0.000389873982
-0.00100205866
-0.000164228149
-0.00100515906
7.16330417e-05
-0.000987174424
0.000310169297
-0.000943894346
0.000542134851
-0.000869607269
0.000754639987
-0.000758861279
0.000929402788
-0.000609706934
0.00104172112
-0.000428651432
0.00106110139
-0.000236752236
0.000954725694
-7.45071966e-05
0.000695254539
0.000275601755
-5.28897595e-05
-0.000207794835
-0.000174152701
-0.0005263267
-0.000328094519
-0.000734316633
-0.000487506164
-0.000837046759
-0.00063500447
-0.000849798348
-0.000761256186
-0.000790553494
-0.000862405211
-0.000676470544
-0.000937679139
-0.000522296843
-0.000987513417
-0.000340039708
-0.00101224746
-0.000139494115
-0.00101134152
7.07270878e-05
-0.000983074883
0.000281902638
-0.000924761039
0.000483821012
-0.00083360885
0.000663487813
-0.000708411841
0.000804205811
-0.000552187272
0.000885496581
-0.000375590277
0.00088450443
-0.000200309793
0.000779445213
-6.06378134e-05
0.000555582611
0.000214963948
-4.49131803e-05
-0.000162881659
-0.000151136522
-0.000420103331
-0.000290642924
-0.000594810268
-0.000440489096
-0.000687200563
-0.000584317488
-0.000705969934
-0.000711703824
-0.000663167141
-0.000816696085
-0.000571478287
-0.000896237592
-0.000442755346
-0.000948807547
-0.000287469763
-0.000973419215
-0.000114882459
-0.000969018757
6.63266018e-05
-0.000934305949
0.000247189814
-0.000868019067
0.000417534152
-0.00076975132
0.000565220088
-0.000641350112
0.000675804651
-0.000488840549
0.000732987038
-0.000324557637
0.000720221574
-0.000168784274
0.000623671886
-4.97094761e-05
0.000436507849
0.000165254484
-3.82441509e-05
-0.000124637548
-0.000130653429
-0.000327694038
-0.000254918622
-0.000470545135
-0.000391833073
-0.000550286081
-0.000526596152
-0.000571206851
-0.000648701047
-0.000541062258
-0.00075116826
-0.000469011102
-0.000829573996
-0.000364349627
-0.00088113978
-0.000235903983
-0.000904033563
-9.19886856e-05
-0.000896959213
5.9252225e-05
-0.000859078558
0.000209309151
-0.000790300601
0.000348756217
-0.0006919595
0.00046687899
-0.000567856541
0.000551701727
-0.000425533856
0.000590664343
-0.000277465444
0.000572153212
-0.000141648395
0.000487854852
-4.08988158e-05
0.000335758255
0.000124355662
-3.2470786e-05
-9.21668046e-05
-0.000112148397
-0.000248016427
-0.000221153321
-0.000361540248
-0.000343507889
-0.000427931485
-0.000466155871
-0.000448558876
-0.000579095592
-0.000428122562
-0.000675042456
-0.000373064259
-0.000748889911
-0.000290502168
-0.000797157282
-0.000187636594
-0.000817552033
-7.15939406e-05
-0.000808724677
5.04248387e-05
-0.000770262179
0.000170846643
-0.000702942325
0.000281436374
-0.000609241757
0.000373178408
-0.000494038797
0.00043649881
-0.000365367807
0.000461993357
-0.000234970566
0.00044175605
-0.000118308665
0.000371192975
-3.36730403e-05
0.000251122652
9.06826572e-05
-2.73359871e-05
-6.48308389e-05
-9.52029897e-05
-0.000180149434
-0.000189318856
-0.000267424386
-0.000296526991
-0.000320723337
-0.000405540091
-0.000339545783
-0.000507182749
-0.000326479923
-0.000594326188
-0.000285920823
-0.000661655652
-0.000223172681
-0.000705390431
-0.000143901785
-0.000723052622
-5.39317567e-05
-0.000713350913
4.07231039e-05
-0.000676218073
0.000133713814
-0.000613013385
0.000218231706
-0.000526867465
0.000287032493
-0.000423102107
0.000332733516
-0.000309599761
0.00034849103
-0.000196940178
0.000329096539
-9.81104982e-05
0.000272363303
-2.76355223e-05
0.000180647729
6.30471688e-05
-2.26260587e-05
-4.22048094e-05
-7.93888739e-05
-0.000123386632
-0.000159101937
-0.000187711335
-0.000251128425
-0.000228696862
-0.000345898769
-0.000244775451
-0.000435218928
-0.000237159776
-0.000512393162
-0.00020874659
-0.00057221062
-0.000163355205
-0.000610864765
-0.000105247625
-0.000625874575
-3.89219665e-05
-0.000616060566
3.09090714e-05
-0.000581605867
9.92591331e-05
-0.000524205452
0.000160831283
-0.000447274635
0.000210101647
-0.000356152983
0.000241611889
-0.000258203463
0.000250541501
-0.000162685692
0.000233578786
-8.03078002e-05
0.000189985413
-2.24345323e-05
0.000122774501
4.06126568e-05
-1.81100405e-05
-2.4094829e-05
-6.41878685e-05
-7.73088167e-05
-0.000129894434
-0.000122004798
-0.000206892505
-0.000151698817
-0.000287240228
-0.000164427752
-0.000363781321
-0.000160618707
-0.000430415876
-0.000142112053
-0.000482243857
-0.000111527226
-0.000515621759
-7.18697233e-05
-0.000528186108
-2.63576376e-05
-0.000518888378
2.16113348e-05
-0.000488065752
6.8436555e-05
-0.000437545741
0.000110311284
-0.000370754306
0.00014331021
-0.00029277016
0.000163627785
-0.000210245859
0.000168017218
-0.000131115424
0.000154448373
-6.40499329e-05
0.000122920013
-1.77129505e-05
7.64375463e-05
2.28997554e-05
-1.35219976e-05
-1.05728914e-05
-4.90002982e-05
-4.1830521e-05
-0.000100867763
-7.01373496e-05
-0.000162896832
-8.9669772e-05
-0.000228659428
-9.86651907e-05
-0.000292051758
-9.72264258e-05
-0.000347688329
-8.64755286e-05
-0.000391146698
-6.80688725e-05
-0.000419102212
-4.39142089e-05
-0.000429405822
-1.60540327e-05
-0.000421147507
1.33530184e-05
-0.000394727292
4.20163564e-05
-0.000351928627
6.75125689e-05
-0.000295964951
8.73464876e-05
-0.00023144745
9.91102923e-05
-0.000164206718
0.000100776512
-0.000100906357
9.1148045e-05
-4.84279362e-05
7.04416613e-05
-1.3095608e-05
4.11051759e-05
9.8042169e-06
-8.59108827e-06
-1.98182796e-06
-3.32713012e-05
-1.71503095e-05
-7.11860621e-05
-3.22225913e-05
-0.000117975689
-4.28801668e-05
-0.000168607494
-4.80334314e-05
-0.000218076515
-4.77574707e-05
-0.000261871206
-4.26808789e-05
-0.000296249399
-3.36906482e-05
-0.000318387178
-2.17763729e-05
-0.000326463537
-7.97765456e-06
-0.000319724712
6.61418578e-06
-0.000298547199
2.08388571e-05
-0.000264494102
3.34594568e-05
-0.000220336658
4.31890914e-05
-0.000169995157
4.87688542e-05
-0.000118337882
4.91192229e-05
-7.07768309e-05
4.35869863e-05
-3.26257138e-05
3.22906081e-05
-8.22472532e-06
1.67042546e-05
1.57949208e-06
-3.25639128e-06
1.27456841e-06
-1.69203599e-05
-3.48634581e-06
-4.05367045e-05
-8.60627476e-06
-7.12036284e-05
-1.22132863e-05
-0.000105257105
-1.39799903e-05
-0.000139001479
-1.40131019e-05
-0.000169117124
-1.25652018e-05
-0.000192869722
-9.93801188e-06
-0.00020820609
-6.44000966e-06
-0.000213803884
-2.37991001e-06
-0.000209113708
1.92399105e-06
-0.000194406253
6.13147136e-06
-0.000170819727
9.87294757e-06
-0.00014038338
1.27527145e-05
-0.000105982396
1.43678416e-05
-7.12128065e-05
1.43497016e-05
-4.00646596e-05
1.24389439e-05
-1.63763755e-05
8.60235816e-06
-2.99145141e-06
3.31939249e-06
-1.41199211e-06
1.27457809e-06
-2.21178893e-06
-1.08180901e-05
-2.30313746e-05
-3.70113412e-05
-5.10244317e-05
-6.35896373e-05
-7.35276463e-05
-7.99676413e-05
-8.23475258e-05
-8.04235123e-05
-7.42920245e-05
-6.44191089e-05
-5.1666382e-05
-3.72985333e-05
-2.29488256e-05
-1.05098965e-05
-1.90748875e-06
1.41199116e-06
)
;

boundaryField
{
    walls
    {
        type            calculated;
        value           uniform 0;
    }
    mov_wall
    {
        type            calculated;
        value           uniform 0;
    }
    empty
    {
        type            empty;
        value           nonuniform 0();
    }
}


// ************************************************************************* //
