/*--------------------------------*- C++ -*----------------------------------*\
| =========                 |                                                 |
| \\      /  F ield         | OpenFOAM: The Open Source CFD Toolbox           |
|  \\    /   O peration     | Version:  5.x                                   |
|   \\  /    A nd           | Web:      www.OpenFOAM.org                      |
|    \\/     M anipulation  |                                                 |
\*---------------------------------------------------------------------------*/
FoamFile
{
    version     2.0;
    format      ascii;
    class       volVectorField;
    location    "0.6";
    object      U;
}
// * * * * * * * * * * * * * * * * * * * * * * * * * * * * * * * * * * * * * //

dimensions      [0 1 -1 0 0 0 0];

internalField   nonuniform List<vector> 
400
(
(0.291740476 0.149684269 0)
(0.388264588 0.128026533 0)
(0.557616083 0.0756996916 0)
(0.674586837 0.0432262155 0)
(0.743274742 0.0250521032 0)
(0.786245309 0.0147651275 0)
(0.814301428 0.0088262678 0)
(0.832495461 0.00522987567 0)
(0.843719437 0.00285275746 0)
(0.849600128 0.00107465637 2.66644734e-34)
(0.850892536 -0.000477765579 -2.66644734e-34)
(0.847704836 -0.00210555762 0)
(0.839504927 -0.00413948715 0)
(0.824886416 -0.00712985705 0)
(0.801068755 -0.0121409717 0)
(0.762871346 -0.0212977059 0)
(0.699088407 -0.0387589763 0)
(0.584382668 -0.0722147842 0)
(0.407880467 -0.128413172 0)
(0.300705661 -0.15296391 0)
(0.00122816765 0.287511901 0)
(0.0132770091 0.293816267 0)
(0.13969796 0.209628505 0)
(0.264099839 0.14251396 0)
(0.362610586 0.0962060702 0)
(0.437772692 0.0648100492 0)
(0.493425079 0.0433950231 0)
(0.532907414 0.0282390086 0)
(0.558994887 0.0167843026 0)
(0.57358023 0.0073180841 0)
(0.577614501 -0.00141420328 0)
(0.57111463 -0.0105377011 0)
(0.553110524 -0.0213352611 0)
(0.521478994 -0.035644862 0)
(0.472756855 -0.0564219712 0)
(0.402283534 -0.0884384095 0)
(0.304347735 -0.138663889 0)
(0.173783644 -0.21489195 0)
(0.0338654583 -0.31057934 0)
(0.0108419101 -0.305878615 0)
(-0.0321703092 0.241791496 0)
(-0.0636811301 0.333194567 0)
(-0.0227345998 0.29866806 0)
(0.0489994883 0.238800083 0)
(0.124816272 0.18150762 0)
(0.193174551 0.133872239 0)
(0.249489863 0.0959916616 0)
(0.292515 0.0657121318 0)
(0.322422414 0.0405999383 0)
(0.339682918 0.0184724326 -2.35929764e-33)
(0.344524322 -0.00263843923 2.35929764e-33)
(0.336697061 -0.0246786573 0)
(0.315395308 -0.0498426406 0)
(0.279335154 -0.0808388091 0)
(0.227182237 -0.121074093 0)
(0.158805316 -0.174229196 0)
(0.0777528619 -0.241886632 0)
(-0.00448836918 -0.316902511 0)
(-0.0582832813 -0.365665184 0)
(-0.0314596376 -0.270473889 0)
(-0.0261912528 0.182201206 0)
(-0.0670622532 0.316022873 0)
(-0.0747337789 0.329268411 0)
(-0.0503328618 0.293080295 0)
(-0.00903395531 0.241593005 0)
(0.0365373775 0.189688227 0)
(0.0788140079 0.142573448 0)
(0.113702481 0.100971717 0)
(0.13912916 0.0638037985 0)
(0.154057631 0.0293385524 2.35701725e-33)
(0.157891293 -0.00441220707 -2.35701725e-33)
(0.150185075 -0.0396046458 0)
(0.13061348 -0.0785726755 0)
(0.0992304826 -0.123752712 0)
(0.0571540766 -0.177254207 0)
(0.00789755975 -0.239438411 0)
(-0.0405176255 -0.305337894 0)
(-0.0734313485 -0.357564397 0)
(-0.071691416 -0.35423147 0)
(-0.0288135275 -0.208696433 0)
(-0.0177315979 0.140335954 0)
(-0.0554831306 0.280297859 0)
(-0.084303968 0.321893155 0)
(-0.0906236875 0.308973207 0)
(-0.0788887322 0.270540166 0)
(-0.0576359959 0.222811991 0)
(-0.0336754418 0.173684117 0)
(-0.0117169178 0.126236088 0)
(0.0051786255 0.0809873964 0)
(0.0151300266 0.0371593001 -2.94768776e-34)
(0.017061424 -0.00667308478 2.94768776e-34)
(0.0105103495 -0.0522302199 0)
(-0.004336968 -0.101249891 0)
(-0.026346845 -0.15507107 0)
(-0.0528602259 -0.213780682 0)
(-0.0788747723 -0.274473765 0)
(-0.0961717459 -0.328051286 0)
(-0.0936320802 -0.354356165 0)
(-0.0640397252 -0.316808035 0)
(-0.0208231008 -0.161308529 0)
(-0.0117670736 0.110840614 0)
(-0.0437521561 0.241496807 0)
(-0.0797690816 0.296256248 0)
(-0.103148324 0.300408067 0)
(-0.112040367 0.275298136 0)
(-0.110594086 0.235229246 0)
(-0.103461101 0.188627642 0)
(-0.0945836265 0.139830428 0)
(-0.0869394863 0.0905884733 0)
(-0.0825435419 0.0411262445 0)
(-0.082545829 -0.00915136521 0)
(-0.087280004 -0.0611579448 0)
(-0.0961843032 -0.11565361 0)
(-0.107577521 -0.172629603 0)
(-0.118351588 -0.230330786 0)
(-0.123752502 -0.283715012 0)
(-0.117531611 -0.322256658 0)
(-0.0935246664 -0.327535459 0)
(-0.0526548686 -0.27236796 0)
(-0.0143625177 -0.126225137 0)
(-0.00813624326 0.08890174 0)
(-0.0348494702 0.204898999 0)
(-0.0716967707 0.263192101 0)
(-0.10322705 0.27785137 0)
(-0.124760191 0.263544831 0)
(-0.13726457 0.231647233 0)
(-0.143189157 0.189855235 0)
(-0.145191471 0.142831307 0)
(-0.145580352 0.0930441344 0)
(-0.146034919 0.0415339364 0)
(-0.147497478 -0.0114582078 0)
(-0.150111765 -0.0659526671 0)
(-0.153135794 -0.121687865 0)
(-0.15483232 -0.17746349 0)
(-0.15242911 -0.230265836 0)
(-0.142335687 -0.27415008 0)
(-0.120826382 -0.29904741 0)
(-0.0858493254 -0.290084897 0)
(-0.0425600401 -0.228835061 0)
(-0.0100630356 -0.099457867 0)
(-0.00597892342 0.0718271002 0)
(-0.0284674565 0.171895412 0)
(-0.0634673643 0.228136419 0)
(-0.0978916942 0.248144034 0)
(-0.12619294 0.241605655 0)
(-0.147417076 0.217037133 0)
(-0.16228985 0.180886045 0)
(-0.172199582 0.137561369 0)
(-0.178605562 0.089815837 0)
(-0.182649158 0.0392408321 0)
(-0.184942617 -0.013232644 0)
(-0.185452541 -0.066841993 0)
(-0.183430841 -0.120476476 0)
(-0.177408788 -0.1720933 0)
(-0.165341806 -0.21805015 0)
(-0.145046011 -0.252427207 0)
(-0.115015003 -0.26658049 0)
(-0.0759319503 -0.249408529 0)
(-0.0345349853 -0.189202234 0)
(-0.00731672009 -0.0785911657 0)
(-0.00464054044 0.0580068803 0)
(-0.0237846415 0.14258308 0)
(-0.055915088 0.193835204 0)
(-0.0902697268 0.215646741 0)
(-0.121374493 0.214228953 0)
(-0.147270146 0.195712491 0)
(-0.167514197 0.16521989 0)
(-0.182470192 0.126626474 0)
(-0.192807395 0.0826702002 0)
(-0.19911735 0.0352416894 2.97961241e-34)
(-0.201679368 -0.0142477351 -2.97961241e-34)
(-0.200335111 -0.0644621219 0)
(-0.194448424 -0.113708807 0)
(-0.182969751 -0.159482536 0)
(-0.164670805 -0.198020799 0)
(-0.138631029 -0.223978113 0)
(-0.104963877 -0.230435637 0)
(-0.0658827571 -0.209555962 0)
(-0.028239309 -0.154314597 0)
(-0.00551685711 -0.0619949136 0)
(-0.00374338806 0.0465020354 0)
(-0.0201661395 0.116715987 0)
(-0.0491065207 0.161650173 0)
(-0.0817626431 0.18303301 0)
(-0.113121495 0.184719418 0)
(-0.140796705 0.170994663 4.68206395e-33)
(-0.163638018 0.145787574 0)
(-0.181278045 0.112351054 0)
(-0.193759388 0.0732291404 -4.74377899e-33)
(-0.201211985 0.0304073443 2.33683721e-36)
(-0.203643099 -0.0144352911 4.94130749e-36)
(-0.200829946 -0.059621949 0)
(-0.192307188 -0.103151225 0)
(-0.177466228 -0.142378604 0)
(-0.155806913 -0.173761971 0)
(-0.127374044 -0.192775009 0)
(-0.0933073057 -0.194145609 0)
(-0.0565008687 -0.17258119 0)
(-0.0232319692 -0.124144101 0)
(-0.00427738708 -0.0485792566 0)
(-0.00308942815 0.0367725655 0)
(-0.0172179227 0.0940031548 0)
(-0.0429398385 0.132223665 0)
(-0.0730359206 0.151882623 0)
(-0.103077023 0.15525378 0)
(-0.130585483 0.145249058 -4.68206395e-33)
(-0.154036933 0.124802974 0)
(-0.172595147 0.0965599363 0)
(-0.185859634 0.0627765836 4.74377899e-33)
(-0.193620742 0.0253829788 1.49210443e-33)
(-0.195694627 -0.0138573491 -1.49938258e-33)
(-0.191844379 -0.0531356558 0)
(-0.181787875 -0.0903724021 0)
(-0.165304188 -0.12301886 0)
(-0.142458589 -0.14794326 0)
(-0.113946717 -0.161484759 0)
(-0.0814631634 -0.159774257 0)
(-0.0480566446 -0.139384677 0)
(-0.0191806271 -0.0983381362 0)
(-0.00338078806 -0.0376226067 0)
(-0.00257787221 0.0284924268 0)
(-0.0147138445 0.0741784847 0)
(-0.0373133026 0.105819419 0)
(-0.0644343504 0.12308713 0)
(-0.0922408207 0.127196346 0)
(-0.118347969 0.120058415 0)
(-0.141081666 0.103814188 0)
(-0.159341375 0.0805595616 0)
(-0.172446057 0.0522251927 0)
(-0.17996374 0.0205836586 2.99909552e-34)
(-0.181594736 -0.0126586332 -2.99909552e-34)
(-0.177121333 -0.0457257786 0)
(-0.16642742 -0.0766309304 0)
(-0.149594555 -0.103070042 0)
(-0.127080624 -0.122400438 0)
(-0.0999653415 -0.131764031 0)
(-0.0701679153 -0.128410289 0)
(-0.0405990466 -0.110225637 0)
(-0.0158567574 -0.0764411304 0)
(-0.00270617849 -0.0286243748 0)
(-0.00215649512 0.021447266 0)
(-0.0125236747 0.0570072989 0)
(-0.0321480132 0.0824954448 0)
(-0.0561396046 0.0971063327 0)
(-0.0812228778 0.101347701 0)
(-0.105201263 0.096413004 0)
(-0.126393727 0.0838259659 0)
(-0.14358222 0.0652091374 0)
(-0.155932063 0.0421615248 0)
(-0.162884387 0.0162350717 3.00274274e-34)
(-0.164082221 -0.0110206128 -3.00274274e-34)
(-0.159343926 -0.0379794385 0)
(-0.148687454 -0.0628599554 0)
(-0.132407627 -0.0836823288 0)
(-0.111204672 -0.0983002347 0)
(-0.0863426759 -0.104547674 0)
(-0.0597551089 -0.100527578 0)
(-0.0340718781 -0.0850229824 0)
(-0.0130970353 -0.0579882955 0)
(-0.00218297503 -0.0212173773 0)
(-0.00179504316 0.0154857427 0)
(-0.0105618983 0.0422854633 0)
(-0.0273692645 0.0622001737 0)
(-0.0482215444 0.0741339778 0)
(-0.0703615766 0.0781312201 0)
(-0.0918254088 0.0748806891 0)
(-0.111011137 0.0654362687 0)
(-0.126681872 0.0510227507 0)
(-0.137940311 0.032920671 0)
(-0.144170563 0.0124276323 0)
(-0.144998534 -0.00912684935 0)
(-0.140283002 -0.0303410348 0)
(-0.130139736 -0.0497038069 0)
(-0.114998001 -0.0655898989 0)
(-0.095683927 -0.0763165683 0)
(-0.0735097528 -0.0802874934 0)
(-0.0503017805 -0.0762352048 0)
(-0.0283550167 -0.0635350547 0)
(-0.0107701985 -0.0425527614 0)
(-0.00176491156 -0.0151251125 0)
(-0.00147076588 0.0105013696 0)
(-0.0087551075 0.029846169 0)
(-0.0228839518 0.0448362178 0)
(-0.0406525123 0.0542125212 0)
(-0.0597819741 0.0577343776 0)
(-0.0785562528 0.0557500185 0)
(-0.0955006758 0.0489642974 0)
(-0.109422452 0.038274113 0)
(-0.119423434 0.0246649304 0)
(-0.124878572 0.00916773137 0)
(-0.125421641 -0.00714230285 0)
(-0.12094823 -0.0231284349 0)
(-0.11163728 -0.0375794146 0)
(-0.0979888214 -0.0492235502 0)
(-0.0808710786 -0.0567907178 0)
(-0.0615586206 -0.0591390419 0)
(-0.0417094154 -0.055450813 0)
(-0.0232787761 -0.0454728608 0)
(-0.00875447501 -0.0297762649 0)
(-0.00141569002 -0.0101446408 0)
(-0.00116060194 0.00643157391 0)
(-0.00702416446 0.0195740591 0)
(-0.0185682768 0.0303080792 0)
(-0.0333168755 0.0373168736 0)
(-0.0494335636 0.0402174057 0)
(-0.0654483397 0.0391478485 0)
(-0.0800386841 0.0345624819 0)
(-0.0920961083 0.0270920168 0)
(-0.100764047 0.0174552991 0)
(-0.105441337 0.00641986937 0)
(-0.105784778 -0.00520517425 0)
(-0.101719219 -0.0165628876 0)
(-0.0934557832 -0.0267465703 0)
(-0.0815150757 -0.034818914 0)
(-0.0667482458 -0.039866848 0)
(-0.0503404305 -0.0411035433 0)
(-0.0337567553 -0.0380207614 0)
(-0.0186334794 -0.0305740343 0)
(-0.00692508968 -0.0193928161 0)
(-0.0011010338 -0.00614393477 0)
(-0.000838047208 0.00326382404 0)
(-0.00528095533 0.0114152052 0)
(-0.0142748052 0.018548092 0)
(-0.0260339836 0.0234046508 0)
(-0.039129366 0.0255853975 0)
(-0.0523270624 0.0251237588 0)
(-0.0644723863 0.0223014781 0)
(-0.0745727249 0.0175351072 0)
(-0.0818480862 0.0113073262 0)
(-0.085748412 0.00413708916 0)
(-0.0859649684 -0.00342637648 0)
(-0.0824434224 -0.010800523 0)
(-0.075399051 -0.0173701645 0)
(-0.0653305651 -0.0225031474 0)
(-0.0530255145 -0.0255907709 0)
(-0.0395438861 -0.0261212075 0)
(-0.0261493035 -0.0237901268 0)
(-0.0141891173 -0.0186400193 0)
(-0.00515380969 -0.0112399037 0)
(-0.000785360328 -0.00306489775 0)
(-0.000475135004 0.00103953625 0)
(-0.00344354069 0.00537433589 0)
(-0.00986819074 0.00952435483 0)
(-0.0186075587 0.0124495757 0)
(-0.0286001097 0.0138473411 0)
(-0.038842013 0.0137252294 0)
(-0.0483701868 0.0122486008 0)
(-0.0563475008 0.00966120308 0)
(-0.062111723 0.00624125347 0)
(-0.0651952754 0.00228472472 0)
(-0.0653378948 -0.00189627577 0)
(-0.0624990912 -0.00597011527 0)
(-0.0568708478 -0.00958502169 0)
(-0.0488870733 -0.0123775496 0)
(-0.0392230713 -0.0139957625 0)
(-0.0287734327 -0.0141426909 0)
(-0.0185848133 -0.0126450164 0)
(-0.00973895357 -0.00954617099 0)
(-0.00332630494 -0.00525225562 0)
(-0.000433926724 -0.000923271121 0)
(-6.6153045e-05 -0.000146385924 0)
(-0.00150854888 0.00154726922 0)
(-0.00533087656 0.00336423323 0)
(-0.0109326123 0.00466277531 0)
(-0.0175804763 0.00530444299 0)
(-0.0245258743 0.00530935613 0)
(-0.0310555082 0.00476045193 0)
(-0.036555858 0.00376555284 0)
(-0.040544565 0.00243956935 0)
(-0.0426820458 0.000900073069 0)
(-0.042779125 -0.000730756466 0)
(-0.0408058173 -0.00232263778 0)
(-0.0369014192 -0.00373526045 0)
(-0.0313828925 -0.00482031234 0)
(-0.0247460162 -0.00542954652 0)
(-0.0176504344 -0.00543159107 0)
(-0.0108720985 -0.00474115162 0)
(-0.00521285179 -0.00336339603 0)
(-0.00141845149 -0.00148662894 0)
(-3.78000132e-05 0.000196685787 0)
(0.000238208637 -0.000232302051 0)
(0.000122150445 0.000103599522 0)
(-0.00112637732 0.000516779028 0)
(-0.00327853509 0.000807695666 0)
(-0.00597006634 0.000951813478 0)
(-0.00883661241 0.000963926234 0)
(-0.0115516416 0.00086783498 0)
(-0.0138466103 0.000688205901 0)
(-0.0155156739 0.000447897363 0)
(-0.0164150446 0.000168342988 1.08320133e-33)
(-0.0164634108 -0.000128944278 -1.08320133e-33)
(-0.0156450762 -0.000420835442 0)
(-0.0140153871 -0.00068150566 0)
(-0.0117068158 -0.000882206786 0)
(-0.00893321787 -0.00099212814 0)
(-0.00598853032 -0.000980968831 0)
(-0.0032328184 -0.000824420221 0)
(-0.00105712565 -0.000514172575 0)
(0.00016927563 -8.80154037e-05 0)
(0.000251078209 0.00024333362 0)
)
;

boundaryField
{
    walls
    {
        type            fixedValue;
        value           uniform (0 0 0);
    }
    mov_wall
    {
        type            fixedValue;
        value           uniform (1 0 0);
    }
    empty
    {
        type            empty;
    }
}


// ************************************************************************* //
