/*--------------------------------*- C++ -*----------------------------------*\
| =========                 |                                                 |
| \\      /  F ield         | OpenFOAM: The Open Source CFD Toolbox           |
|  \\    /   O peration     | Version:  5.x                                   |
|   \\  /    A nd           | Web:      www.OpenFOAM.org                      |
|    \\/     M anipulation  |                                                 |
\*---------------------------------------------------------------------------*/
FoamFile
{
    version     2.0;
    format      ascii;
    class       volScalarField;
    location    "0.7";
    object      p;
}
// * * * * * * * * * * * * * * * * * * * * * * * * * * * * * * * * * * * * * //

dimensions      [0 2 -2 0 0 0 0];

internalField   nonuniform List<scalar> 
400
(
-3.20045543e-07
2.45210109
3.4934366
3.89752094
4.10505334
4.22317796
4.29310886
4.33965123
4.37637898
4.41083032
4.44807862
4.49268327
4.54967991
4.62656779
4.73674077
4.90625398
5.18365408
5.68505285
6.84176502
9.41183396
1.8870069
2.8672403
3.41940779
3.74692671
3.96422625
4.10889776
4.2071421
4.27891919
4.33718651
4.39054546
4.4455732
4.50814999
4.58499536
4.68488076
4.82109584
5.01474714
5.29475748
5.69889244
6.33854318
7.4281405
2.98297007
3.26297219
3.54234551
3.77037915
3.94528389
4.07539569
4.1731943
4.25037335
4.31607179
4.37741251
4.4403722
4.51059332
4.59411661
4.69815699
4.83196008
5.00744017
5.23682581
5.52418763
5.86045865
6.19774994
3.52934597
3.58635218
3.7223447
3.8656228
3.98917719
4.09101897
4.17504709
4.24650734
4.31066529
4.37247637
4.43642254
4.50690121
4.58839036
4.68564563
4.80356163
4.94650671
5.11629037
5.30544476
5.47831033
5.55908336
3.84633903
3.82837416
3.88623406
3.97015012
4.05285668
4.1284786
4.19657162
4.25872236
4.31735633
4.3758184
4.43693801
4.5037336
4.57907935
4.665532
4.76475533
4.87648231
4.99707194
5.11526303
5.1959514
5.18324717
4.04793549
4.00545553
4.02282488
4.06901117
4.12243914
4.17684241
4.23013191
4.28206968
4.3336242
4.38646044
4.44233884
4.50301318
4.56995898
4.64402022
4.72476259
4.80954005
4.89272944
4.96334262
4.99338889
4.94657164
4.18303564
4.13570666
4.1333858
4.15674262
4.19014627
4.22843655
4.26925479
4.31161321
4.35558851
4.40184369
4.45122252
4.50448795
4.56204058
4.62354434
4.68737339
4.74997245
4.80566969
4.84553115
4.84917429
4.79378125
4.27784224
4.23258027
4.2211617
4.23107495
4.25123697
4.27782722
4.30875003
4.34280261
4.37958156
4.41913733
4.46164614
4.50715671
4.55532908
4.6051172
4.65436706
4.69946167
4.73550387
4.75588893
4.74636594
4.69254172
4.34636842
4.30515533
4.28992675
4.29209817
4.30369037
4.32199556
4.34531406
4.37246648
4.40282299
4.43606375
4.47192464
4.50998418
4.54945046
4.5889278
4.62616137
4.65789118
4.68021655
4.68851933
4.67293499
4.62413505
4.39632502
4.35950178
4.34314571
4.34099114
4.34711458
4.35962347
4.37719033
4.39874813
4.42358109
4.45116125
4.48095761
4.51227138
4.54407906
4.57488036
4.60255872
4.62436634
4.63734544
4.63838728
4.62060816
4.57769991
4.43235495
4.39978401
4.38368772
4.37925399
4.38194378
4.39043259
4.40369581
4.42080017
4.44101942
4.46372363
4.48823925
4.51373006
4.53909244
4.56286939
4.58319224
4.59783647
4.60463003
4.6015406
4.58367871
4.54657239
4.45753685
4.4289743
4.41386942
4.40840036
4.40900275
4.41474356
4.42483223
4.4384646
4.45494335
4.47360352
4.49371228
4.51438879
4.53454238
4.55283547
4.56767709
4.57731019
4.58017391
4.57497439
4.55816451
4.52643611
4.47407538
4.44928402
4.43556491
4.42983414
4.42925735
4.43317745
4.44098457
4.45199147
4.46554855
4.48099476
4.49758847
4.5144585
4.53057546
4.54474881
4.55565149
4.56191584
4.5624391
4.55642468
4.54125214
4.51439531
4.48363892
4.46242304
4.45030442
4.44480146
4.44366973
4.44645929
4.45270492
4.46182356
4.47321931
4.4862534
4.50019993
4.51422173
4.52736683
4.53858896
4.54679032
4.55091518
4.55019989
4.54418594
4.53092611
4.50846411
4.48754597
4.46976316
4.45935259
4.45437727
4.45311628
4.45529344
4.46056716
4.46844695
4.47838736
4.48977403
4.50190064
4.51396537
4.52508681
4.53434146
4.54081774
4.54370434
4.54249162
4.53696478
4.52571311
4.5072515
4.48690243
4.47246029
4.46377836
4.45947627
4.45835155
4.46029634
4.46508319
4.47230278
4.48144856
4.4919188
4.50301355
4.51394925
4.52389114
4.53200429
4.53751687
4.53980529
4.5385573
4.53375752
4.52448761
4.50972923
4.48275718
4.47158309
4.46455078
4.4609171
4.46004611
4.46201415
4.46670525
4.47377787
4.48274477
4.49299335
4.50380319
4.51437777
4.52389213
4.53155634
4.53668922
4.53880594
4.53775515
4.53371371
4.52628687
4.51500488
4.47630965
4.46821564
4.4625581
4.45938419
4.45871448
4.46083716
4.46574275
4.47313547
4.48251663
4.4932271
4.50448627
4.51544068
4.52522548
4.5330409
4.53823962
4.54042507
4.53957836
4.53608508
4.530164
4.52206037
4.46912945
4.46331321
4.45808968
4.4546494
4.45380208
4.4560737
4.46152826
4.46985657
4.48048106
4.49262582
4.50537598
4.51774078
4.52872659
4.53742739
4.54313142
4.54544394
4.54443127
4.54071802
4.5352881
4.52949458
4.46356376
4.45790912
4.45114027
4.44605526
4.44428613
4.44658615
4.45300838
4.46311759
4.47614496
4.49108888
4.50678953
4.52199892
4.53546169
4.54601871
4.55273934
4.55508689
4.5531223
4.54772289
4.54070071
4.53505053
)
;

boundaryField
{
    walls
    {
        type            zeroGradient;
    }
    mov_wall
    {
        type            zeroGradient;
    }
    empty
    {
        type            empty;
    }
}


// ************************************************************************* //
