/*--------------------------------*- C++ -*----------------------------------*\
| =========                 |                                                 |
| \\      /  F ield         | OpenFOAM: The Open Source CFD Toolbox           |
|  \\    /   O peration     | Version:  5.x                                   |
|   \\  /    A nd           | Web:      www.OpenFOAM.org                      |
|    \\/     M anipulation  |                                                 |
\*---------------------------------------------------------------------------*/
FoamFile
{
    version     2.0;
    format      ascii;
    class       surfaceScalarField;
    location    "0.7";
    object      phi;
}
// * * * * * * * * * * * * * * * * * * * * * * * * * * * * * * * * * * * * * //

dimensions      [0 3 -1 0 0 0 0];

internalField   nonuniform List<scalar> 
760
(
0.00134835864
-0.00134835849
0.00245779055
-0.00110943197
0.003134889
-0.000677098564
0.00355875139
-0.000423862333
0.00383036914
-0.000271617785
0.00400659964
-0.000176230467
0.00412147578
-0.000114876152
0.0041947838
-7.33080273e-05
0.0042375656
-4.27818075e-05
0.00425554791
-1.79823353e-05
0.00425076879
4.77915317e-06
0.00422231453
2.84543084e-05
0.00416555784
5.67566837e-05
0.0040704972
9.50606521e-05
0.00391766433
0.000152832906
0.00367051829
0.000247146079
0.00326235845
0.000408159845
0.00257237454
0.000689983887
0.00140852031
0.0011638542
0.0014085203
-5.46977811e-05
-0.0012936607
0.000412069044
-0.00157619882
0.0010283196
-0.00129334924
0.00157523561
-0.000970778395
0.00200921633
-0.000705598586
0.00233692212
-0.00050393623
0.00257519217
-0.000353146151
0.00273967709
-0.000237792936
0.00284187362
-0.000144978303
0.00288866233
-6.47710258e-05
0.00288247783
1.096367e-05
0.002820917
9.00151348e-05
0.00269651428
0.000181159384
0.00249553559
0.000296039321
0.00219727854
0.000451089937
0.00177610255
0.000668322045
0.00121465289
0.000969609485
0.000551444874
0.00135319191
1.27154039e-05
0.00170258372
0.00142123571
-0.000272076554
-0.00102158415
-0.000222517362
-0.00162575797
6.79284525e-05
-0.00158379511
0.000440255729
-0.00134310576
0.00080348749
-0.00106883032
0.00111725678
-0.000817705547
0.00136724896
-0.000603138375
0.00155092887
-0.000421472847
0.0016697951
-0.000263844511
0.00172548567
-0.000120461533
0.00171789988
1.85495406e-05
0.00164443129
0.00016348377
0.00149995054
0.000325640145
0.00127800521
0.000517984675
0.000974625817
0.000754469365
0.000597587528
0.00104536035
0.00018522384
0.00138197314
-0.000162325704
0.00170074143
-0.000262298784
0.00180255682
0.00115893695
-0.000228596772
-0.000792987509
-0.000363576066
-0.00149077865
-0.000313272866
-0.00163409825
-0.000142932584
-0.00151344603
7.76220653e-05
-0.00128938495
0.000299923927
-0.00104000743
0.000495094915
-0.0007983094
0.000647654373
-0.000574032271
0.000749687853
-0.00036587797
0.000797088611
-0.000167862307
0.000787185149
2.8452991e-05
0.000718069138
0.000232599771
0.000589092371
0.000454616912
0.000403238429
0.000703838617
0.000172051886
0.000985655923
-7.61293972e-05
0.00129354165
-0.000286208404
0.00159205213
-0.000372184799
0.00178671779
-0.000247781899
0.00167815393
0.000911155081
-0.000169844465
-0.000623143059
-0.000354980475
-0.00130564259
-0.000437442602
-0.00155163616
-0.000418231689
-0.00153265696
-0.000332399699
-0.00137521695
-0.000216594202
-0.00115581287
-9.94450266e-05
-0.000915458557
-5.52251607e-07
-0.000672925031
6.77716636e-05
-0.000434201857
9.79367193e-05
-0.000198027351
8.60726638e-05
4.03170719e-05
3.14996447e-05
0.000287172809
-6.24529221e-05
0.000548569475
-0.000186254014
0.000827639695
-0.000320627739
0.00112002963
-0.000432729993
0.00140564388
-0.000475788367
0.00163511048
-0.000400658129
0.00171158753
-0.000197236727
0.00147473254
0.000713918375
-0.000125146976
-0.000497996117
-0.000311468172
-0.00111932138
-0.000456572347
-0.00140653196
-0.000532642267
-0.00145658699
-0.000548293244
-0.00135956602
-0.000524347393
-0.00117975874
-0.000482187858
-0.000957618121
-0.000439259669
-0.000715853178
-0.000408181873
-0.000465279648
-0.000396874634
-0.000209334587
-0.000409098493
5.25409472e-05
-0.000444287546
0.000322361855
-0.000496809045
0.000601090958
-0.000554610818
0.000885441453
-0.000597839633
0.00116325842
-0.000599030828
0.00140683504
-0.000528339256
0.00156441888
-0.000369252919
0.0015525012
-0.000151299598
0.00125677925
0.00056261879
-9.54590613e-05
-0.000402537038
-0.000267522051
-0.000947258377
-0.000436241561
-0.00123781239
-0.000565415763
-0.00132741274
-0.000648194329
-0.00127678744
-0.000692294762
-0.00113565831
-0.00071043242
-0.000939480477
-0.000715164479
-0.000711121098
-0.000716541427
-0.000463902712
-0.000721155011
-0.000204721
-0.000731747075
6.31330158e-05
-0.000746822251
0.000337437009
-0.000760149941
0.000614418618
-0.00076036481
0.000885656309
-0.000731343747
0.00113423734
-0.000654770022
0.0013302613
-0.000517098132
0.00142674698
-0.000323228151
0.00135863125
-0.000117038741
0.00105058986
0.000445580074
-7.60420999e-05
-0.000326494883
-0.000230455024
-0.00079284537
-0.000402622542
-0.00106564482
-0.000557021144
-0.00117301416
-0.000679296641
-0.00115451197
-0.000768239945
-0.00104671504
-0.00082909867
-0.000878621777
-0.000869099489
-0.000671120279
-0.000894795949
-0.000438206271
-0.000910596928
-0.000188920037
-0.000917963925
7.05000129e-05
-0.000914938143
0.000334411218
-0.000895944886
0.000595425347
-0.000852115251
0.000841826674
-0.000772687338
0.00105480943
-0.000648405485
0.00120597944
-0.000477938374
0.00125627988
-0.000277636459
0.00115832937
-9.24841657e-05
0.000865437566
0.000353095928
-6.27175745e-05
-0.00026377728
-0.000199910581
-0.000655652336
-0.00036546138
-0.000900094037
-0.000527694421
-0.00101078113
-0.000669481733
-0.00101272466
-0.000784270097
-0.000931926715
-0.000871808695
-0.000791083176
-0.00093474387
-0.000608185087
-0.00097624779
-0.00039670236
-0.000998502997
-0.000166664842
-0.00100181438
7.38113929e-05
-0.000984188369
0.000316785206
-0.000941386907
0.000552623879
-0.000867653487
0.000768093256
-0.000757477239
0.000944633162
-0.000608844409
0.00105734659
-0.000428205945
0.00107564141
-0.000236585484
0.000966708892
-7.44790403e-05
0.000703331097
0.000278616873
-5.288977e-05
-0.000210887454
-0.000174175569
-0.000534366497
-0.000328187633
-0.000746082001
-0.000487727019
-0.000851241723
-0.000635404135
-0.00086504754
-0.000761867713
-0.000805463168
-0.000863238655
-0.00068971225
-0.000938722814
-0.000532700942
-0.00098873876
-0.000346686436
-0.00101361415
-0.000141789465
-0.00101280218
7.2999422e-05
-0.000984577026
0.000288560048
-0.000926246216
0.000494293067
-0.000835010815
0.000676857855
-0.000709656822
0.000819279148
-0.000553200159
0.000900889913
-0.000376310069
0.000898751306
-0.000200713783
0.000791112554
-6.07700793e-05
0.000563387378
0.000217846777
-4.51110887e-05
-0.000165776368
-0.000151808682
-0.000427668876
-0.00029198835
-0.000605902394
-0.000442639182
-0.000700590883
-0.000587333117
-0.000720353651
-0.000715572968
-0.000677223358
-0.000821336164
-0.000583949084
-0.000901503855
-0.000452533282
-0.000954506617
-0.0002936837
-0.000979325688
-0.000116970399
-0.000974892906
6.85666493e-05
-0.000939910308
0.00025357746
-0.000873132866
0.000427515643
-0.000774183349
0.000577908353
-0.000644951821
0.000690047619
-0.000491521504
0.000747459602
-0.000326305412
0.000733535209
-0.000169687389
0.000634494507
-4.99805129e-05
0.000443680532
0.000167866294
-3.86030509e-05
-0.000127173337
-0.000131859874
-0.000334412021
-0.000257301127
-0.00048046119
-0.000395587196
-0.00056230482
-0.00053179209
-0.00058414881
-0.000655288747
-0.000553726725
-0.000758985947
-0.000480251895
-0.000838362852
-0.000373156404
-0.000890565243
-0.000241481326
-0.000913711917
-9.38237132e-05
-0.00090648711
6.13418661e-05
-0.000868062803
0.000215153176
-0.000798386209
0.000357839085
-0.000698855332
0.000478377494
-0.000573358756
0.00056455105
-0.000429547756
0.000603648598
-0.000280026751
0.00058401418
-0.000142942492
0.000497410243
-4.12772799e-05
0.000342015334
0.000126589026
-3.2940179e-05
-9.42331557e-05
-0.00011372851
-0.000253623656
-0.000224270399
-0.000369919312
-0.000348409197
-0.000438166029
-0.000472922785
-0.000459635239
-0.00058765291
-0.0004389966
-0.000685170789
-0.000382734019
-0.000760244969
-0.000298082252
-0.000809297354
-0.000192428953
-0.000829972722
-7.31483298e-05
-0.000820898309
5.22674665e-05
-0.000781678599
0.000175933471
-0.000713148146
0.000289308652
-0.00061787611
0.000383105444
-0.00050086418
0.000447539106
-0.000370295319
0.000473079698
-0.000238079754
0.000451798587
-0.000119861051
0.000379191561
-3.41209216e-05
0.000256275203
9.24680886e-05
-2.78589741e-05
-6.63741718e-05
-9.69735243e-05
-0.000184509067
-0.000192823705
-0.000274069147
-0.000302050986
-0.000328938758
-0.000413178784
-0.000348507444
-0.0005168517
-0.00033532369
-0.000605774394
-0.000293811347
-0.000674487304
-0.000229369381
-0.00071909659
-0.000147819677
-0.0007370519
-5.51930038e-05
-0.000727036309
4.22518779e-05
-0.000689006086
0.000137903242
-0.000624391557
0.00022469415
-0.000536437289
0.00029515118
-0.000430614289
0.000341716142
-0.000314980137
0.000357445553
-0.000200305757
0.000337124244
-9.97755344e-05
0.000278661395
-2.81110281e-05
0.00018461074
6.4357082e-05
-2.3145053e-05
-4.32291326e-05
-8.11635449e-05
-0.000126490528
-0.000162641282
-0.000192591457
-0.000256740244
-0.000234839822
-0.000353695674
-0.00025155202
-0.000445123479
-0.000243895891
-0.000524149575
-0.000214785271
-0.000585406863
-0.000168112116
-0.000624966274
-0.000108260257
-0.000640268416
-3.98908386e-05
-0.000630106881
3.20903364e-05
-0.000594692236
0.000102488587
-0.000535799652
0.00016580159
-0.000456971726
0.000216323238
-0.00036371235
0.000248456785
-0.000263573257
0.00025730646
-0.000166013373
0.000239564388
-8.19373171e-05
0.00019458531
-2.28945186e-05
0.000125567953
4.14625426e-05
-1.85708913e-05
-2.46582558e-05
-6.579278e-05
-7.92686104e-05
-0.000133139197
-0.000125245088
-0.000212093556
-0.000155885492
-0.000294528545
-0.000169117028
-0.000373100344
-0.000165324074
-0.000441529542
-0.000146356064
-0.000494757268
-0.000114884386
-0.000529014826
-7.40026831e-05
-0.000541858508
-2.70471497e-05
-0.000532212448
2.24442473e-05
-0.000500442752
7.07188813e-05
-0.000448460555
0.000113819435
-0.000379823821
0.000147686522
-0.000299779979
0.000168412985
-0.000215171914
0.000172698417
-0.00013412833
0.000158520828
-6.55024348e-05
0.000125959396
-1.8114983e-05
7.81805424e-05
2.33475997e-05
-1.38772166e-05
-1.07810374e-05
-5.02867377e-05
-4.28591049e-05
-0.000103538047
-7.1993802e-05
-0.000167261303
-9.21622397e-05
-0.000234864857
-0.000101513442
-0.000300071185
-0.000100117695
-0.000357324926
-8.91022862e-05
-0.000402051948
-7.01573483e-05
-0.000430807429
-4.5247199e-05
-0.000441364942
-1.64896484e-05
-0.0004327878
1.38670796e-05
-0.000405503673
4.3434771e-05
-0.0003613767
6.96924969e-05
-0.000303747723
9.00575377e-05
-0.000237389957
0.000102055223
-0.000168314435
0.000103622893
-0.00010336407
9.35704664e-05
-4.95781779e-05
7.21735756e-05
-1.34001973e-05
4.20025125e-05
9.94736699e-06
-8.80392327e-06
-1.97711667e-06
-3.41295307e-05
-1.75335551e-05
-7.30748068e-05
-3.30485399e-05
-0.000121181004
-4.40560163e-05
-0.00017328168
-4.94127068e-05
-0.000224222673
-4.91766546e-05
-0.000269344337
-4.39806189e-05
-0.00030477168
-3.47300232e-05
-0.000327575215
-2.24436535e-05
-0.000335865502
-8.19932925e-06
-0.000328864549
6.86613259e-06
-0.000306972244
2.15424731e-05
-0.00027182203
3.45422593e-05
-0.000226297109
4.45325774e-05
-0.000174460453
5.0218621e-05
-0.000121338546
5.05010364e-05
-7.24974529e-05
4.47293062e-05
-3.33783843e-05
3.30544987e-05
-8.39973391e-06
1.70238763e-05
1.54765883e-06
-3.31235339e-06
1.33522005e-06
-1.73031126e-05
-3.54286238e-06
-4.15418824e-05
-8.80978336e-06
-7.30632305e-05
-1.25346451e-05
-0.000108105081
-1.43708251e-05
-0.000142860086
-1.44216291e-05
-0.00017389815
-1.29425403e-05
-0.000198386465
-1.02416756e-05
-0.000214193642
-6.63643253e-06
-0.000219946191
-2.44677145e-06
-0.000215075768
1.99565383e-06
-0.000199869082
6.33575902e-06
-0.00017551545
1.01886387e-05
-0.000144127048
1.31441692e-05
-0.00010869606
1.47876209e-05
-7.2938208e-05
1.47431403e-05
-4.09596404e-05
1.27507791e-05
-1.66917807e-05
8.78658971e-06
-3.02545743e-06
3.35752712e-06
-1.47780722e-06
1.33519681e-06
-2.20767955e-06
-1.10174776e-05
-2.35521296e-05
-3.79229381e-05
-5.23445481e-05
-6.52870967e-05
-7.55287873e-05
-8.2165222e-05
-8.46120005e-05
-8.26163791e-05
-7.62806228e-05
-6.60919751e-05
-5.29478122e-05
-3.8160165e-05
-2.34170735e-05
-1.0666263e-05
-1.87970957e-06
1.47780992e-06
)
;

boundaryField
{
    walls
    {
        type            calculated;
        value           uniform 0;
    }
    mov_wall
    {
        type            calculated;
        value           uniform 0;
    }
    empty
    {
        type            empty;
        value           nonuniform 0();
    }
}


// ************************************************************************* //
