/*--------------------------------*- C++ -*----------------------------------*\
| =========                 |                                                 |
| \\      /  F ield         | OpenFOAM: The Open Source CFD Toolbox           |
|  \\    /   O peration     | Version:  5.x                                   |
|   \\  /    A nd           | Web:      www.OpenFOAM.org                      |
|    \\/     M anipulation  |                                                 |
\*---------------------------------------------------------------------------*/
FoamFile
{
    version     2.0;
    format      ascii;
    class       volVectorField;
    location    "0.7";
    object      U;
}
// * * * * * * * * * * * * * * * * * * * * * * * * * * * * * * * * * * * * * //

dimensions      [0 1 -1 0 0 0 0];

internalField   nonuniform List<vector> 
400
(
(0.291723042 0.149667479 0)
(0.38823339 0.1280193 0)
(0.55761923 0.0757139925 0)
(0.674675355 0.0432597873 0)
(0.743487916 0.0250976497 0)
(0.786601829 0.014814048 0)
(0.814798819 0.00887079055 0)
(0.833113212 0.00526409537 0)
(0.844423653 0.00287292114 0)
(0.850349084 0.00107934607 2.66588094e-34)
(0.851642235 -0.000488079633 -2.66588094e-34)
(0.848413596 -0.00212879455 0)
(0.840137355 -0.00417249843 0)
(0.825416338 -0.00716888144 0)
(0.801480773 -0.0121821121 0)
(0.763161302 -0.0213373031 0)
(0.699263116 -0.0387935985 0)
(0.584459539 -0.0722403727 0)
(0.407889957 -0.128423523 0)
(0.300698296 -0.152957057 0)
(0.00121885998 0.287479955 0)
(0.0132985826 0.293842841 0)
(0.139849726 0.209748046 0)
(0.264475106 0.142715472 0)
(0.363280452 0.0964592155 0)
(0.438772741 0.0650778907 0)
(0.494750828 0.0436421734 0)
(0.534517165 0.0284364174 0)
(0.560816661 0.0169113536 0)
(0.575522038 0.00736473409 0)
(0.579575629 -0.00144895858 0)
(0.572995772 -0.0106465932 0)
(0.554823142 -0.0215043551 0)
(0.522952705 -0.0358557685 0)
(0.473944441 -0.056653949 0)
(0.403163798 -0.0886701512 0)
(0.30492648 -0.138874104 0)
(0.174093175 -0.215058121 0)
(0.0339705819 -0.310676218 0)
(0.0108540287 -0.305892608 0)
(-0.0321594736 0.241787664 0)
(-0.0635728079 0.333348853 0)
(-0.0223945717 0.299024872 0)
(0.0496770371 0.239331384 0)
(0.125906109 0.182148321 0)
(0.194711336 0.134542269 0)
(0.251462163 0.0966117937 0)
(0.294867112 0.0662145212 0)
(0.325059965 0.0409325596 0)
(0.342484872 0.0186088079 -2.35867161e-33)
(0.347357038 -0.00270516284 2.35867161e-33)
(0.339425657 -0.0249353298 0)
(0.317896271 -0.0502588418 0)
(0.281506701 -0.0813719347 0)
(0.228951969 -0.121673699 0)
(0.160135818 -0.174841088 0)
(0.078645042 -0.242454653 0)
(-0.00399400366 -0.317367991 0)
(-0.0580979109 -0.365967707 0)
(-0.0314291388 -0.270568824 0)
(-0.0261609636 0.182273542 0)
(-0.0668758352 0.316391717 0)
(-0.074233764 0.329960291 0)
(-0.0494148692 0.29403897 0)
(-0.00763425085 0.242714036 0)
(0.0384418529 0.190845401 0)
(0.0812011694 0.143640692 0)
(0.116508021 0.101838851 0)
(0.142245615 0.0643806619 0)
(0.1573493 0.0295808938 2.35629475e-33)
(0.16121171 -0.00452028729 -2.35629475e-33)
(0.153382824 -0.0400453712 0)
(0.133547923 -0.0792982088 0)
(0.101783508 -0.124693292 0)
(0.0592392981 -0.178324171 0)
(0.0094685042 -0.24054267 0)
(-0.0394620918 -0.306375314 0)
(-0.072844026 -0.35842859 0)
(-0.0714666749 -0.354814393 0)
(-0.0287739471 -0.208905349 0)
(-0.0176891879 0.14052172 0)
(-0.0552496111 0.280943432 0)
(-0.0837127405 0.32298044 0)
(-0.0895804445 0.31040666 0)
(-0.077346085 0.272173875 0)
(-0.0555858263 0.224475575 0)
(-0.0311503231 0.17520698 0)
(-0.0087816356 0.12746738 0)
(0.00841065381 0.0818108512 0)
(0.0185195458 0.03750243 -2.94665824e-34)
(0.0204680918 -0.00683489043 2.94665824e-34)
(0.0137826656 -0.0528747337 0)
(-0.00134012042 -0.102313142 0)
(-0.0237445956 -0.156455259 0)
(-0.0507404303 -0.215363129 0)
(-0.0772836671 -0.276114795 0)
(-0.0951080152 -0.329599732 0)
(-0.0930438134 -0.355653082 0)
(-0.063816379 -0.317693972 0)
(-0.020784406 -0.161638682 0)
(-0.0117213206 0.111156939 0)
(-0.0435105887 0.242442372 0)
(-0.0791733296 0.29775321 0)
(-0.102119313 0.302314786 0)
(-0.110546874 0.277427157 0)
(-0.108639876 0.237370412 0)
(-0.101084056 0.190571898 0)
(-0.0918520049 0.14139225 0)
(-0.0839547247 0.0916299199 0)
(-0.0794284112 0.0415493004 0)
(-0.0794308778 -0.00937906821 0)
(-0.0843006581 -0.0620102325 0)
(-0.0934671606 -0.117051606 0)
(-0.105229408 -0.174448737 0)
(-0.116449777 -0.232412177 0)
(-0.122335313 -0.2858748 0)
(-0.116592666 -0.324294209 0)
(-0.0930111617 -0.329241424 0)
(-0.0524632339 -0.273535862 0)
(-0.0143305569 -0.126666255 0)
(-0.00809522251 0.08934317 0)
(-0.0346370067 0.206125038 0)
(-0.0711800717 0.265062301 0)
(-0.10234628 0.280178207 0)
(-0.123498097 0.266103114 0)
(-0.13563228 0.234193743 0)
(-0.141223822 0.192151334 0)
(-0.142953879 0.144665428 0)
(-0.143153082 0.0942525096 0)
(-0.143516187 0.0420079551 0)
(-0.144993467 -0.0117579256 0)
(-0.147730413 -0.066997109 0)
(-0.150977543 -0.123384544 0)
(-0.152980938 -0.179664645 0)
(-0.150943048 -0.232780108 0)
(-0.141240528 -0.276754185 0)
(-0.120110567 -0.3014977 0)
(-0.0854643074 -0.292130052 0)
(-0.0424198516 -0.230231972 0)
(-0.0100408304 -0.0999865852 0)
(-0.00594870422 0.0723693685 0)
(-0.0283127873 0.173344792 0)
(-0.0630952349 0.230298486 0)
(-0.0972646945 0.250792587 0)
(-0.125305296 0.244485654 0)
(-0.146282424 0.219881045 0)
(-0.160938333 0.183434583 0)
(-0.170675845 0.139585118 0)
(-0.176966953 0.0911348949 0)
(-0.180962391 0.0397383851 0)
(-0.183279408 -0.0136000493 0)
(-0.183884932 -0.0680423659 0)
(-0.182025013 -0.122406287 0)
(-0.176218443 -0.174586081 0)
(-0.164401841 -0.220888732 0)
(-0.144367431 -0.255357624 0)
(-0.114582783 -0.26932703 0)
(-0.0757069472 -0.251690693 0)
(-0.0344569256 -0.190754148 0)
(-0.0073055558 -0.0791765391 0)
(-0.00462461063 0.0586131143 0)
(-0.0237048485 0.144172297 0)
(-0.0557272127 0.196175971 0)
(-0.0899607007 0.218486853 0)
(-0.120947991 0.217294746 0)
(-0.146738491 0.198722698 0)
(-0.166895799 0.167904464 0)
(-0.181788249 0.128747089 0)
(-0.192089216 0.0840395246 0)
(-0.198393347 0.0357384676 2.97850028e-34)
(-0.200981498 -0.0146684734 -2.97850028e-34)
(-0.199694784 -0.0657657435 0)
(-0.193893403 -0.115784162 0)
(-0.182520557 -0.162150536 0)
(-0.164337293 -0.201047352 0)
(-0.138410091 -0.227090026 0)
(-0.104839479 -0.233338735 0)
(-0.0658291011 -0.211955485 0)
(-0.0282264704 -0.155937034 0)
(-0.00551680282 -0.0626028766 0)
(-0.00374268958 0.0471295596 0)
(-0.0201662892 0.118348739 0)
(-0.0491150575 0.164040979 0)
(-0.0817910791 0.185919449 0)
(-0.113181527 0.187822371 0)
(-0.140897164 0.174030704 4.68110972e-33)
(-0.163783202 0.148486229 0)
(-0.181467473 0.114474096 0)
(-0.193988595 0.0745892479 -4.74238877e-33)
(-0.201473689 0.0308834481 2.30496047e-36)
(-0.203928294 -0.0148875787 4.9590027e-36)
(-0.201128641 -0.060966282 0)
(-0.192608471 -0.105272976 0)
(-0.177757847 -0.145093295 0)
(-0.156074906 -0.176828784 0)
(-0.127603153 -0.195914221 0)
(-0.093482849 -0.19705903 0)
(-0.0566125026 -0.174974887 0)
(-0.02328117 -0.125751546 0)
(-0.00428759611 -0.0491761226 0)
(-0.00310276219 0.037379189 0)
(-0.0172925165 0.0955835598 0)
(-0.0431321253 0.134536641 0)
(-0.0733804387 0.15467192 0)
(-0.103592503 0.158248292 0)
(-0.131276705 0.148174706 -4.68110972e-33)
(-0.154894131 0.127398879 0)
(-0.173594907 0.0985965022 0)
(-0.186967227 0.0640732522 4.74238877e-33)
(-0.194793303 0.025823211 1.49164285e-33)
(-0.196884715 -0.0143156925 -1.49890682e-33)
(-0.193003509 -0.0544558773 0)
(-0.182869622 -0.0924409434 0)
(-0.166266835 -0.1256535 0)
(-0.143267605 -0.150906874 0)
(-0.114577499 -0.164503656 0)
(-0.0819042123 -0.162559951 0)
(-0.0483133083 -0.141657809 0)
(-0.0192836418 -0.0998519743 0)
(-0.00339970222 -0.0381779118 0)
(-0.00260247708 0.0290414969 0)
(-0.0148493131 0.0756221711 0)
(-0.0376572497 0.107941469 0)
(-0.0650411332 0.12565223 0)
(-0.093135466 0.129953603 0)
(-0.119531962 0.122753532 0)
(-0.142533263 0.106204898 0)
(-0.161017509 0.082432519 0)
(-0.174286049 0.0534125308 0)
(-0.18189424 0.0209771315 2.99833715e-34)
(-0.183535488 -0.0130976727 -2.99833715e-34)
(-0.178991232 -0.0469618643 0)
(-0.168150357 -0.0785561006 0)
(-0.151104783 -0.105511656 0)
(-0.12832764 -0.125134746 0)
(-0.100918398 -0.134534628 0)
(-0.0708199094 -0.13095021 0)
(-0.0409697261 -0.112281401 0)
(-0.0160015331 -0.0777958864 0)
(-0.00273169324 -0.0291131119 0)
(-0.00218866211 0.0219111778 0)
(-0.0127012328 0.0582494675 0)
(-0.0325986165 0.0843386465 0)
(-0.0569329677 0.0993476047 0)
(-0.0823896735 0.103766094 0)
(-0.10674133 0.0987825195 0)
(-0.128276877 0.0859304178 0)
(-0.145750825 0.0668577668 0)
(-0.158305836 0.0432040639 0)
(-0.165366757 0.0165746386 3.00210457e-34)
(-0.166567906 -0.0114182956 -3.00210457e-34)
(-0.161727126 -0.0390817139 0)
(-0.150869969 -0.0645685545 0)
(-0.134306428 -0.0858405943 0)
(-0.112758621 -0.100705976 0)
(-0.087518191 -0.106970931 0)
(-0.0605501906 -0.102732037 0)
(-0.0345183811 -0.0867892289 0)
(-0.0132689155 -0.0591360862 0)
(-0.00221259574 -0.0216216156 0)
(-0.00183064467 0.0158479191 0)
(-0.0107602387 0.0432856744 0)
(-0.0278750341 0.0637080959 0)
(-0.0491146372 0.0759859883 0)
(-0.0716776641 0.0801427879 0)
(-0.0935647814 0.0768601631 0)
(-0.113139459 0.0671990814 0)
(-0.129133052 0.0524055388 0)
(-0.140621947 0.0337945204 0)
(-0.146971333 0.0127093559 0)
(-0.147797133 -0.00946657504 0)
(-0.142957938 -0.031273736 0)
(-0.132579166 -0.0511442543 0)
(-0.117108913 -0.0674024841 0)
(-0.0974000877 -0.078326904 0)
(-0.0747979399 -0.0822986843 0)
(-0.0511654816 -0.0780476677 0)
(-0.0288354474 -0.0649681839 0)
(-0.0109530908 -0.0434659773 0)
(-0.00179589471 -0.0154350454 0)
(-0.00150563939 0.0107569213 0)
(-0.00895261159 0.0305900986 0)
(-0.0233924911 0.0459863191 0)
(-0.0415568278 0.0556466583 0)
(-0.0611220292 0.0593073397 0)
(-0.0803348995 0.057307841 0)
(-0.0976838429 0.0503574562 0)
(-0.111941902 0.0393697887 0)
(-0.122182454 0.0253580885 0)
(-0.127759933 0.00939045603 0)
(-0.128297355 -0.00741402383 0)
(-0.123690361 -0.0238713329 0)
(-0.114128872 -0.0387236843 0)
(-0.100134077 -0.050658127 0)
(-0.0826039591 -0.0583731204 0)
(-0.0628491533 -0.0607094167 0)
(-0.0425667313 -0.0568493277 0)
(-0.0237506833 -0.0465590576 0)
(-0.00893187022 -0.0304485706 0)
(-0.00144514617 -0.0103590863 0)
(-0.0011907917 0.00658697281 0)
(-0.00720057382 0.0200727477 0)
(-0.0190307661 0.0311107366 0)
(-0.0341500071 0.0383403809 0)
(-0.050680683 0.0413553472 0)
(-0.0671165238 0.0402846307 0)
(-0.0820980395 0.035584903 0)
(-0.0944821314 0.0278992198 0)
(-0.103383186 0.0179673614 0)
(-0.10817903 0.00658494339 0)
(-0.108515445 -0.00540561734 0)
(-0.104317419 -0.017111349 0)
(-0.0958075557 -0.0275899536 0)
(-0.0835284822 -0.0358725089 0)
(-0.0683621118 -0.0410220149 0)
(-0.051530374 -0.0422389264 0)
(-0.0345374218 -0.039016517 0)
(-0.0190566569 -0.0313281572 0)
(-0.00708095659 -0.0198386567 0)
(-0.00112600221 -0.00627039863 0)
(-0.000859974777 0.0033358626 0)
(-0.00541874896 0.0117021871 0)
(-0.0146497278 0.0190426858 0)
(-0.0267258599 0.0240565226 0)
(-0.0401834256 0.0263235832 0)
(-0.053755267 0.0258693703 0)
(-0.0662518686 0.0229768449 0)
(-0.0766476701 0.0180709714 0)
(-0.0841348533 0.0116487298 0)
(-0.0881431374 0.00424821352 0)
(-0.0883531142 -0.00355858734 0)
(-0.0847105114 -0.011164381 0)
(-0.0774416488 -0.0179293742 0)
(-0.0670665097 -0.0231994267 0)
(-0.0544023052 -0.0263491541 0)
(-0.0405442161 -0.0268580247 0)
(-0.0267925829 -0.0244234656 0)
(-0.0145284193 -0.0191022848 0)
(-0.00527359436 -0.0114925416 0)
(-0.000802910919 -0.00311920827 0)
(-0.000485894329 0.00105354962 0)
(-0.00352960695 0.00550080451 0)
(-0.0101251667 0.00977288133 0)
(-0.0191060466 0.0127941532 0)
(-0.0293843296 0.0142472339 0)
(-0.0399277381 0.0141346142 0)
(-0.0497428532 0.0126224906 0)
(-0.057963744 0.0099596328 0)
(-0.0639037826 0.00643250789 0)
(-0.0670775802 0.00234799943 0)
(-0.067215359 -0.00196879887 0)
(-0.0642764907 -0.00617203288 0)
(-0.0584624958 -0.00989564023 0)
(-0.050225914 -0.0127632481 0)
(-0.0402681641 -0.0144129569 0)
(-0.0295148199 -0.0145424765 0)
(-0.0190446366 -0.0129795303 0)
(-0.00996798167 -0.0097767418 0)
(-0.00339866196 -0.0053601205 0)
(-0.00044151261 -0.00092851805 0)
(-6.46371738e-05 -0.000159033365 0)
(-0.00153788926 0.00157636398 0)
(-0.00545669221 0.00344620409 0)
(-0.0112104014 0.00478734334 0)
(-0.018047663 0.00545428367 0)
(-0.0251983471 0.00546538117 0)
(-0.0319263766 0.00490433195 0)
(-0.0375968407 0.0038812218 0)
(-0.041709335 0.00251430882 0)
(-0.0439110543 0.00092545586 0)
(-0.0440056258 -0.000758054662 0)
(-0.0419627098 -0.00240028949 0)
(-0.0379284097 -0.00385515347 0)
(-0.0322333631 -0.0049689673 0)
(-0.0253928086 -0.00558918246 0)
(-0.0180897303 -0.00558190872 0)
(-0.0111244531 -0.00486192652 0)
(-0.00532051207 -0.00343817746 0)
(-0.00143935585 -0.00150859409 0)
(-3.45548822e-05 0.000212008691 0)
(0.00024696036 -0.000241079176 0)
(0.000134497218 0.000102266608 0)
(-0.00114031298 0.000527072169 0)
(-0.00334673206 0.000827393745 0)
(-0.00611157963 0.00097714037 0)
(-0.00906022918 0.000991007701 0)
(-0.0118558615 0.000893152092 0)
(-0.0142206253 0.000708770148 0)
(-0.0159409392 0.00046136039 0)
(-0.016867322 0.000173121889 1.08308022e-33)
(-0.0169152598 -0.000133526664 -1.08308022e-33)
(-0.0160687109 -0.000434433691 0)
(-0.0143857483 -0.000702688811 0)
(-0.0120046317 -0.000908481773 0)
(-0.0091477038 -0.00102008368 0)
(-0.00611938217 -0.00100656405 0)
(-0.00329103929 -0.000843440197 0)
(-0.00106412281 -0.000523017822 0)
(0.00018433133 -8.5376542e-05 0)
(0.000260093145 0.000252307502 0)
)
;

boundaryField
{
    walls
    {
        type            fixedValue;
        value           uniform (0 0 0);
    }
    mov_wall
    {
        type            fixedValue;
        value           uniform (1 0 0);
    }
    empty
    {
        type            empty;
    }
}


// ************************************************************************* //
