/*--------------------------------*- C++ -*----------------------------------*\
| =========                 |                                                 |
| \\      /  F ield         | OpenFOAM: The Open Source CFD Toolbox           |
|  \\    /   O peration     | Version:  5.x                                   |
|   \\  /    A nd           | Web:      www.OpenFOAM.org                      |
|    \\/     M anipulation  |                                                 |
\*---------------------------------------------------------------------------*/
FoamFile
{
    version     2.0;
    format      ascii;
    class       volScalarField;
    location    "9";
    object      p;
}
// * * * * * * * * * * * * * * * * * * * * * * * * * * * * * * * * * * * * * //

dimensions      [0 2 -2 0 0 0 0];

internalField   nonuniform List<scalar> 
400
(
4.25190601e-07
2.45245936
3.49432297
3.89887914
4.10664711
4.2247066
4.29429122
4.34027804
4.37633854
4.4101107
4.44675967
4.49091454
4.54765414
4.6244892
4.73479745
4.90459598
5.18237963
5.68420092
6.84131542
9.41172441
1.88670511
2.86728918
3.41988336
3.74774363
3.96518062
4.10974712
4.20767415
4.27899207
4.33674458
4.38961292
4.44424517
4.50657171
4.58333326
4.68329748
4.81972599
5.01367884
5.29402215
5.69846887
6.3384153
7.42837092
2.98207755
3.26252998
3.54233086
3.7706793
3.94570543
4.07571556
4.17322548
4.25000311
4.31527537
4.37623565
4.43892484
4.50902141
4.59257492
4.69678247
4.83084981
5.00663788
5.23632149
5.5239391
5.86049054
6.19823723
3.52778392
3.58534257
3.7217852
3.8653765
3.98906379
4.09083208
4.17461004
4.24571382
4.30952668
4.37102286
4.43477429
4.50520413
4.58678828
4.68425437
4.80245089
4.94569236
5.11574913
5.30514775
5.47833678
5.55963868
3.8442168
3.82688022
3.88517963
3.96938272
4.05221946
4.12779066
4.19566832
4.25747757
4.31592267
4.37409197
4.43506471
4.50185725
4.5773309
4.66400586
4.76350377
4.8755107
4.99635872
5.11480158
5.19584572
5.18371559
4.04550075
4.00365847
4.02142581
4.06784959
4.12138206
4.17574056
4.22885443
4.28053741
4.3318599
4.38449142
4.44027061
4.50096766
4.56804845
4.64232612
4.72332611
4.80836607
4.89180639
4.9626776
4.99308033
4.9468077
4.18058533
4.13383046
4.13183844
4.15536825
4.18883318
4.22706626
4.26772651
4.30987134
4.35363701
4.39973103
4.44903799
4.50233644
4.56001847
4.62172141
4.68578511
4.7486257
4.80455942
4.84466531
4.84862423
4.79367968
4.27565813
4.23084199
4.21965957
4.22967389
4.24984539
4.27635428
4.30712182
4.34098216
4.37757801
4.41699865
4.4594511
4.50499586
4.55328476
4.60324871
4.65270459
4.6980109
4.73425827
4.75484637
4.74556004
4.69204174
4.34467365
4.30373048
4.28862837
4.29082694
4.30237574
4.3205712
4.34372951
4.37070117
4.40089236
4.43401495
4.46982785
4.50791733
4.547483
4.58710845
4.62451281
4.65641277
4.67889316
4.68733271
4.67187878
4.62321604
4.39525866
4.35850384
4.34215651
4.33995743
4.34598842
4.35836064
4.37576042
4.39714434
4.42182452
4.44929787
4.4790501
4.51038636
4.54227367
4.57319186
4.60099958
4.62292544
4.63599509
4.63709177
4.61932415
4.57637705
4.43196285
4.39925693
4.38305366
4.37850968
4.38106491
4.38939522
4.40248664
4.41942371
4.43950121
4.46210785
4.48658138
4.51208605
4.53750729
4.56136815
4.58177534
4.59648038
4.60329367
4.60017281
4.58220507
4.54489317
4.45777566
4.42889494
4.41357956
4.40794402
4.40837861
4.41394628
4.42386325
4.4373377
4.45368734
4.47226018
4.4923299
4.51301284
4.53320576
4.55155071
4.56643228
4.57606958
4.57888473
4.57357376
4.55655441
4.5244772
4.47482662
4.44957254
4.43556054
4.42961976
4.42885214
4.43259269
4.44023451
4.4510976
4.46454213
4.47991493
4.49647641
4.51334937
4.5294902
4.54368776
4.55459115
4.56081001
4.56122636
4.55503504
4.53957238
4.51225858
4.48472963
4.46295843
4.45049223
4.44475067
4.44341589
4.44602797
4.45212155
4.4611165
4.472422
4.48540253
4.49933001
4.51335808
4.52651884
4.53774537
4.54591729
4.54995844
4.54909283
4.54285617
4.52925451
4.50627104
4.48877329
4.47040181
4.45961983
4.45439267
4.45292661
4.45493613
4.46007789
4.46786098
4.47774089
4.48910203
4.50123182
4.5133159
4.52445512
4.53370525
4.54013382
4.54291217
4.54152234
4.53574781
4.52413371
4.50513486
4.48806066
4.47305622
4.4640085
4.45945438
4.45813041
4.45992344
4.46460462
4.47176204
4.48088624
4.4913697
4.50250173
4.51348256
4.52345742
4.53157016
4.53702969
4.53919872
4.53776161
4.53270706
4.52308281
4.5078204
4.48366778
4.47200976
4.4646401
4.46076191
4.45970112
4.46153641
4.46615288
4.47320538
4.48220001
4.49251333
4.50340888
4.51406939
4.52364669
4.5313283
4.53641494
4.53841173
4.53716961
4.53287754
4.52512573
4.51341544
4.47685485
4.46838724
4.4624288
4.45901512
4.45816151
4.46016941
4.46503445
4.47245687
4.4819273
4.49276965
4.50418056
4.51527962
4.5251739
4.53303832
4.53820735
4.54027752
4.53923828
4.53549776
4.529287
4.5208555
4.46928532
4.46319387
4.45767387
4.45396758
4.45292149
4.45508867
4.4605424
4.46896784
4.47977053
4.49214842
4.50515349
4.51775776
4.52893053
4.53773372
4.54343389
4.54563031
4.54440371
4.54041546
4.5346984
4.52866538
4.46344816
4.45752246
4.45037002
4.44492657
4.44290298
4.44509496
4.45156692
4.46187227
4.47521424
4.49055057
4.50667176
4.52227541
4.53605281
4.54679884
4.5535515
4.55576483
4.55351967
4.54774879
4.5403509
4.53446152
)
;

boundaryField
{
    walls
    {
        type            zeroGradient;
    }
    mov_wall
    {
        type            zeroGradient;
    }
    empty
    {
        type            empty;
    }
}


// ************************************************************************* //
