/*--------------------------------*- C++ -*----------------------------------*\
| =========                 |                                                 |
| \\      /  F ield         | OpenFOAM: The Open Source CFD Toolbox           |
|  \\    /   O peration     | Version:  5.x                                   |
|   \\  /    A nd           | Web:      www.OpenFOAM.org                      |
|    \\/     M anipulation  |                                                 |
\*---------------------------------------------------------------------------*/
FoamFile
{
    version     2.0;
    format      ascii;
    class       surfaceScalarField;
    location    "9";
    object      phi;
}
// * * * * * * * * * * * * * * * * * * * * * * * * * * * * * * * * * * * * * //

dimensions      [0 3 -1 0 0 0 0];

internalField   nonuniform List<scalar> 
760
(
0.00134817683
-0.00134817703
0.00245763988
-0.00110946305
0.00313513474
-0.000677494866
0.00355971575
-0.00042458101
0.00383225133
-0.00027253557
0.00400945218
-0.000177200834
0.00412521453
-0.00011576235
0.00419921709
-7.40025776e-05
0.00424243236
-4.32152784e-05
0.00426055358
-1.81212197e-05
0.00425562236
4.93124219e-06
0.0042267578
2.88645726e-05
0.00416938941
5.73683722e-05
0.00407358504
9.58043508e-05
0.00391995093
0.000153634117
0.0036720193
0.000247931655
0.00326316025
0.000408859065
0.00257264079
0.000690519444
0.00140850174
0.00116413901
0.00140850172
-5.46951605e-05
-0.00129348187
0.000412592765
-0.00157675097
0.0010300299
-0.00129493201
0.00157871394
-0.000973265061
0.00201483274
-0.000708654382
0.0023447773
-0.000507145377
0.00258511635
-0.000356101386
0.00275126945
-0.000240155667
0.00285456781
-0.000146513662
0.00290179532
-6.53487474e-05
0.0028953666
1.13599681e-05
0.00283293038
9.13008197e-05
0.00270712576
0.000183173001
0.00250436375
0.00029856634
0.00220410988
0.00045388797
0.00178090171
0.000671139818
0.001217568
0.000972192815
0.00055281258
0.0013552749
1.30665e-05
0.00170388511
0.0014215682
-0.000271734614
-0.00102174725
-0.000221026523
-0.00162745905
7.13678799e-05
-0.00158732641
0.000446285716
-0.00134818291
0.000812489727
-0.00107485841
0.0011292993
-0.000823954951
0.00138207834
-0.000608880414
0.00156800791
-0.000426085217
0.00168837699
-0.000266882743
0.00174468455
-0.000121656326
0.00173678976
1.92547472e-05
0.00166213442
0.000165956172
0.0015157129
0.000329594547
0.00129125426
0.000523024984
0.000985011696
0.000760130506
0.000605009637
0.00105114185
0.000189850695
0.00138735176
-0.000160045071
0.0017051707
-0.000261640609
0.00180548067
0.00115992757
-0.000227941575
-0.000793805692
-0.000361197288
-0.00149420332
-0.000308328171
-0.00164019551
-0.000134821153
-0.00152168992
8.92094258e-05
-0.00129888901
0.000314971891
-0.00104971744
0.000513263017
-0.000807171534
0.000668300045
-0.000581122218
0.000771990362
-0.000370573044
0.000820036142
-0.000169702122
0.000809727654
2.95632052e-05
0.000739201017
0.000236482807
0.000607935676
0.00046085992
0.000419110898
0.00071184979
0.000184524347
0.000994717046
-6.71911804e-05
0.00130285734
-0.000280617563
0.00160077813
-0.000369418489
0.00179397164
-0.000246993623
0.00168305584
0.000912933943
-0.000168965219
-0.000624840487
-0.000352016181
-0.00131115236
-0.000431557663
-0.001560654
-0.000408908942
-0.00154433862
-0.000319435138
-0.00138836282
-0.000200095159
-0.00116905744
-7.98100766e-05
-0.000927456634
2.15782611e-05
-0.000682510537
9.14287255e-05
-0.000440423474
0.000122135421
-0.000200408812
0.000109757211
4.19413822e-05
5.36457051e-05
0.000292594282
-4.27490175e-05
0.000557254655
-0.000169694021
0.000838794836
-0.000307652404
0.00113267545
-0.000423468614
0.00141867352
-0.000470024883
0.00164733435
-0.000397824843
0.00172177159
-0.000196431035
0.00148166205
0.000716502927
-0.000124192133
-0.000500648359
-0.000308335645
-0.00112700886
-0.000450494104
-0.00141849554
-0.000523204
-0.0014716287
-0.000535391022
-0.00137617578
-0.000508160788
-0.0011962877
-0.00046315688
-0.000972460578
-0.000418060943
-0.000727606481
-0.000385619001
-0.000472865381
-0.000373912033
-0.000212115743
-0.000386727895
5.47572342e-05
-0.000423459497
0.000329325837
-0.000478356391
0.000612151525
-0.000539178279
0.000899616754
-0.000585818859
0.00117931608
-0.000590512307
0.00142336698
-0.000523085122
0.00157990714
-0.000366699097
0.00156538553
-0.000150586002
0.00126554895
0.00056591695
-9.45729191e-05
-0.000406075429
-0.000264649743
-0.000956932067
-0.000430738398
-0.0012524069
-0.000556976946
-0.00134539013
-0.000636793194
-0.00129635949
-0.000678141724
-0.00115493915
-0.000693943902
-0.000956658435
-0.000696929245
-0.000724621178
-0.000697274066
-0.000472520553
-0.000701661738
-0.000207728019
-0.000712860671
6.59561989e-05
-0.000729336335
0.000345801471
-0.000744753814
0.000627568949
-0.000747580323
0.000902443248
-0.000721469902
0.0011532057
-0.000647843367
0.0013497405
-0.000512876897
0.00144494067
-0.000321206274
0.00137371487
-0.000116485713
0.00106082836
0.000449431246
-7.53437158e-05
-0.00033073169
-0.000228206801
-0.000804068998
-0.000398353666
-0.00108226007
-0.000550539541
-0.00119320427
-0.000670626451
-0.00117627255
-0.00075757831
-0.00106798725
-0.000816784772
-0.000897451975
-0.000855587433
-0.000685818568
-0.000880624316
-0.000447483709
-0.000896360333
-0.000191991974
-0.00090427006
7.38659882e-05
-0.000902360268
0.000343891702
-0.000884972188
0.000610180823
-0.000843104176
0.000860575179
-0.000765820213
0.00107592173
-0.000643664737
0.00122758507
-0.000475103919
0.0012763799
-0.000276309826
0.00117492078
-9.21328572e-05
0.000876651364
0.000357298374
-6.22882948e-05
-0.000268443371
-0.000198541297
-0.000667815985
-0.000362893642
-0.000917907753
-0.000523850738
-0.00103224721
-0.000664415246
-0.00103570804
-0.000778128911
-0.000954273536
-0.000864812133
-0.000810768709
-0.000927165438
-0.000623465282
-0.000968399686
-0.000406249526
-0.000990721239
-0.000169670451
-0.000994436374
7.75811677e-05
-0.000977525707
0.000326981102
-0.000935694962
0.000568350089
-0.000863101227
0.00078798139
-0.000754123178
0.000966943631
-0.000606626329
0.00108008822
-0.000426950408
0.00109670402
-0.000236038271
0.000984008682
-7.43490053e-05
0.000714962099
0.000282949344
-5.27689763e-05
-0.00021567439
-0.000173812771
-0.000546772155
-0.000327557378
-0.000764163145
-0.000486865976
-0.000872938657
-0.00063438021
-0.00088819385
-0.000760757875
-0.000827895856
-0.000862116643
-0.000709409876
-0.000937654714
-0.000547927172
-0.000987783199
-0.000356121079
-0.00101282398
-0.000144629747
-0.00101222279
7.69799653e-05
-0.000984240701
0.000298999069
-0.000926163032
0.000510272487
-0.00083515878
0.00069697714
-0.000709976084
0.00084176088
-0.000553597349
0.000923709436
-0.000376676998
0.000919783672
-0.000200960047
0.000808291769
-6.08626137e-05
0.000574864693
0.000222086722
-4.5297952e-05
-0.000170376461
-0.000152453975
-0.000439616092
-0.000293299588
-0.000623317492
-0.000444763077
-0.000721475177
-0.000590345847
-0.000742611139
-0.000719473387
-0.000698768357
-0.000826046363
-0.000602836868
-0.000906878185
-0.000467095275
-0.000960347532
-0.000302651704
-0.000985403133
-0.0001195742
-0.000980963181
7.25399403e-05
-0.000945732142
0.000263768022
-0.000878480031
0.000443020439
-0.000778855029
0.0005973522
-0.000648784024
0.000711689874
-0.000494403547
0.000769328909
-0.000328204171
0.000753584255
-0.000170678383
0.000650765981
-5.02806589e-05
0.000454466996
0.000171806077
-3.90622074e-05
-0.000131314291
-0.000133403822
-0.000345274465
-0.000260349963
-0.000496371299
-0.000400388937
-0.000581436164
-0.00053843117
-0.00060456893
-0.000663692796
-0.000573506801
-0.000768938084
-0.000497591614
-0.000849523092
-0.000386510219
-0.000902500905
-0.000249673813
-0.000925934054
-9.6141032e-05
-0.000918488866
6.50946891e-05
-0.000879356221
0.000224635308
-0.000808535362
0.000372199579
-0.000707505269
0.000496322168
-0.000580261666
0.000584446325
-0.000434588315
0.000623655557
-0.000283248291
0.000602244191
-0.000144573378
0.000512091035
-4.17551987e-05
0.000351648816
0.000130050899
-3.36094169e-05
-9.77049001e-05
-0.000115973532
-0.000262910381
-0.000228685906
-0.0003836589
-0.000355331128
-0.000454790879
-0.000482448452
-0.000477451572
-0.000599656626
-0.000456298667
-0.000699324753
-0.000397923564
-0.000776050516
-0.000309784479
-0.000826127635
-0.000199596635
-0.000847124103
-7.51444876e-05
-0.00083764605
5.5616645e-05
-0.000797332198
0.000184321392
-0.000727102553
0.000301969872
-0.000629656455
0.000398876071
-0.000510163471
0.000464953394
-0.00037700512
0.000490497252
-0.000242314848
0.000467553919
-0.000121978234
0.000391754391
-3.47332266e-05
0.000264403786
9.53176799e-05
-2.86574739e-05
-6.90474157e-05
-9.96602405e-05
-0.000191907668
-0.000198117039
-0.00028520213
-0.000310357578
-0.000342550304
-0.000424616043
-0.000363193036
-0.00053126585
-0.000349648832
-0.000622765437
-0.000306424029
-0.000693446656
-0.000239103337
-0.000739258845
-0.00015378446
-0.000757558036
-5.68452336e-05
-0.000747003417
4.50620958e-05
-0.000707597905
0.000144915883
-0.000640884395
0.000235256303
-0.000550277085
0.000308268708
-0.000441462366
0.000356138676
-0.000322745856
0.000371780783
-0.000205166569
0.000349974668
-0.000102185429
0.000288773253
-2.88024165e-05
0.000191020754
6.65152538e-05
-2.39811772e-05
-4.50661949e-05
-8.3997422e-05
-0.000131891457
-0.000168257116
-0.000200942497
-0.000265595524
-0.00024521192
-0.000365935604
-0.000262852909
-0.000460594469
-0.000254989893
-0.000542423495
-0.000224594984
-0.000605821307
-0.00017570558
-0.000646681754
-0.000112924083
-0.00066233941
-4.11875851e-05
-0.000651561329
3.42840748e-05
-0.000614612914
0.000107967527
-0.00055340061
0.000174044001
-0.000471663893
0.000226531942
-0.00037515402
0.00025962876
-0.000271701967
0.00026832873
-0.000171058856
0.000249331588
-8.44170577e-05
0.00020213148
-2.35998568e-05
0.000130203556
4.29153835e-05
-1.93492034e-05
-2.57169463e-05
-6.84700031e-05
-8.27706426e-05
-0.000138506744
-0.000130905802
-0.000220638099
-0.000163080628
-0.000306428445
-0.000177062581
-0.000388228762
-0.000173189524
-0.000459474146
-0.000153349531
-0.000514859774
-0.00012031994
-0.000550429785
-7.73541266e-05
-0.000563627586
-2.7989845e-05
-0.000553348448
2.40049335e-05
-0.000520016429
7.46355597e-05
-0.000465682591
0.000119710212
-0.000394114893
0.000154964246
-0.000310822984
0.000176336814
-0.000222941275
0.000180446989
-0.000138894631
0.000165284942
-6.78135163e-05
0.000131050386
-1.87621061e-05
8.11521615e-05
2.41532729e-05
-1.45055376e-05
-1.12113978e-05
-5.25210852e-05
-4.47550385e-05
-0.000108122784
-7.53040947e-05
-0.000174687789
-9.65156706e-05
-0.000245343265
-0.000106407166
-0.000313520846
-0.000105011955
-0.000373387903
-9.34824234e-05
-0.0004201294
-7.35783837e-05
-0.000450116047
-4.73674713e-05
-0.000461009081
-1.70968591e-05
-0.000451841653
1.48374565e-05
-0.000423096923
4.58908275e-05
-0.000376775967
7.33892965e-05
-0.000316426435
9.46147518e-05
-0.000247079536
0.000106989918
-0.000175030352
0.000108397781
-0.000107403068
9.76576361e-05
-5.14858519e-05
7.51331678e-05
-1.39146216e-05
4.35809426e-05
1.02386563e-05
-9.20283338e-06
-2.00859675e-06
-3.56847414e-05
-1.82730736e-05
-7.6435505e-05
-3.45532791e-05
-0.000126810999
-4.614017e-05
-0.000181408067
-5.18101441e-05
-0.00023481717
-5.16029061e-05
-0.00028213225
-4.6167351e-05
-0.00031926354
-3.64470507e-05
-0.000343116491
-2.35144725e-05
-0.000351700025
-8.51331995e-06
-0.000344207017
7.34441078e-06
-0.000321084445
2.27682183e-05
-0.000284086171
3.63910209e-05
-0.000236279532
4.68081415e-05
-0.000181958563
5.26689754e-05
-0.000126403738
5.28429588e-05
-7.54285406e-05
4.66824243e-05
-3.46816326e-05
3.43862466e-05
-8.71391215e-06
1.76132212e-05
1.52474986e-06
-3.43756067e-06
1.42891684e-06
-1.80439e-05
-3.66671287e-06
-4.34060381e-05
-9.19109112e-06
-7.64336484e-05
-1.31125125e-05
-0.000113187138
-1.50566465e-05
-0.000149665115
-1.51249634e-05
-0.000182251563
-1.35809421e-05
-0.000207952863
-1.07457567e-05
-0.000224514092
-6.95321117e-06
-0.000230484744
-2.54263475e-06
-0.000225272632
2.13230196e-06
-0.000209197082
6.69264317e-06
-0.000183535367
1.07292815e-05
-0.000150536818
1.38095905e-05
-0.000113368292
1.55004668e-05
-7.59397525e-05
1.54144359e-05
-4.25472168e-05
1.32898914e-05
-1.72767373e-05
9.11575978e-06
-3.10386025e-06
3.44033861e-06
-1.57910873e-06
1.4288844e-06
-2.23786717e-06
-1.14289777e-05
-2.45414734e-05
-3.95980852e-05
-5.47230297e-05
-6.83039854e-05
-7.90497715e-05
-8.60029968e-05
-8.85456183e-05
-8.64132917e-05
-7.97206366e-05
-6.89913637e-05
-5.51817899e-05
-3.96813318e-05
-2.4266892e-05
-1.09769922e-05
-1.86122819e-06
1.57910979e-06
)
;

boundaryField
{
    walls
    {
        type            calculated;
        value           uniform 0;
    }
    mov_wall
    {
        type            calculated;
        value           uniform 0;
    }
    empty
    {
        type            empty;
        value           nonuniform 0();
    }
}


// ************************************************************************* //
