/*--------------------------------*- C++ -*----------------------------------*\
| =========                 |                                                 |
| \\      /  F ield         | OpenFOAM: The Open Source CFD Toolbox           |
|  \\    /   O peration     | Version:  5.x                                   |
|   \\  /    A nd           | Web:      www.OpenFOAM.org                      |
|    \\/     M anipulation  |                                                 |
\*---------------------------------------------------------------------------*/
FoamFile
{
    version     2.0;
    format      ascii;
    class       volVectorField;
    location    "9";
    object      U;
}
// * * * * * * * * * * * * * * * * * * * * * * * * * * * * * * * * * * * * * //

dimensions      [0 1 -1 0 0 0 0];

internalField   nonuniform List<vector> 
400
(
(0.291698424 0.149643817 0)
(0.388187171 0.128007694 0)
(0.557616071 0.0757318262 0)
(0.674785702 0.0433044376 0)
(0.743766595 0.0251591039 0)
(0.787075023 0.0148802968 0)
(0.81546296 0.00893092205 0)
(0.833939562 0.00530992896 0)
(0.845365462 0.00289956166 0)
(0.851349263 0.00108485216 2.66526748e-34)
(0.852640747 -0.000502853739 -2.66526748e-34)
(0.849354293 -0.00216072013 0)
(0.840973373 -0.00421710478 0)
(0.826113774 -0.0072209856 0)
(0.802020424 -0.012236502 0)
(0.763538944 -0.0213892113 0)
(0.699488892 -0.0388386149 0)
(0.584557339 -0.0722732726 0)
(0.407900537 -0.128436305 0)
(0.300688068 -0.152947535 0)
(0.00120418329 0.287432399 0)
(0.0133209627 0.293872121 0)
(0.140044446 0.209904853 0)
(0.26497159 0.142986161 0)
(0.36417774 0.0968019826 0)
(0.440120064 0.0654411203 0)
(0.49654104 0.043976252 0)
(0.53669107 0.028701158 0)
(0.563274468 0.0170798549 0)
(0.578137342 0.00742308546 0)
(0.582210285 -0.00150101413 0)
(0.575515252 -0.010797755 0)
(0.557109251 -0.0217346507 0)
(0.524912997 -0.0361396906 0)
(0.475518407 -0.0569634984 0)
(0.404326001 -0.0889771547 0)
(0.305687292 -0.139150757 0)
(0.174497791 -0.2152752 0)
(0.0341065877 -0.310801152 0)
(0.010869158 -0.30590906 0)
(-0.0321467634 0.241773918 0)
(-0.0634303649 0.333547156 0)
(-0.0219362004 0.299502489 0)
(0.0505996298 0.240051664 0)
(0.127397384 0.183020805 0)
(0.19681861 0.135454521 0)
(0.254167103 0.0974523412 0)
(0.298088303 0.0668891714 0)
(0.328665679 0.0413758251 0)
(0.346307827 0.0187814602 -2.35796966e-33)
(0.351211313 -0.00280949378 2.35796966e-33)
(0.343126747 -0.0252950481 0)
(0.32127758 -0.0508299465 0)
(0.284432903 -0.0820948285 0)
(0.23132882 -0.122479774 0)
(0.161916761 -0.175658042 0)
(0.0798350166 -0.24320846 0)
(-0.00333734351 -0.317981962 0)
(-0.0578531317 -0.3663635 0)
(-0.0313893186 -0.270690672 0)
(-0.0261204162 0.182361572 0)
(-0.0666192788 0.31688413 0)
(-0.0735377811 0.330901737 0)
(-0.0481307164 0.295352909 0)
(-0.00567217188 0.244253505 0)
(0.0411124769 0.192431739 0)
(0.084545107 0.145095037 0)
(0.120424331 0.103006628 0)
(0.146585248 0.0651543642 0)
(0.161925482 0.0298884075 2.35546506e-33)
(0.165812818 -0.00469432377 -2.35546506e-33)
(0.1577988 -0.0406696216 0)
(0.137586497 -0.0803027395 0)
(0.105285213 -0.125979578 0)
(0.0620900305 -0.179774805 0)
(0.01160927 -0.242029716 0)
(-0.0380283813 -0.307764357 0)
(-0.0720490975 -0.359579372 0)
(-0.0711639182 -0.355585638 0)
(-0.0287210557 -0.209178579 0)
(-0.0176296838 0.140767913 0)
(-0.054916547 0.281827199 0)
(-0.0828629961 0.324484357 0)
(-0.0880762231 0.312396799 0)
(-0.0751196866 0.274441982 0)
(-0.052627624 0.226778428 0)
(-0.0275118499 0.177302815 0)
(-0.0045800946 0.129145422 0)
(0.0130234894 0.0829123611 0)
(0.0233567993 0.0379330335 -2.94545462e-34)
(0.0253097492 -0.00710139458 2.94545463e-34)
(0.0184152057 -0.0537995249 0)
(0.00288698083 -0.103801264 0)
(-0.0200872027 -0.158367938 0)
(-0.0477707907 -0.21753072 0)
(-0.0750614544 -0.278347551 0)
(-0.093626708 -0.331694803 0)
(-0.0922270587 -0.357398872 0)
(-0.06350747 -0.318879892 0)
(-0.0207312604 -0.162076724 0)
(-0.0116542793 0.111592251 0)
(-0.0431522004 0.243765264 0)
(-0.0782839984 0.299859399 0)
(-0.100579262 0.305000828 0)
(-0.108310587 0.280421266 0)
(-0.105716502 0.240369184 0)
(-0.0975361717 0.193277767 0)
(-0.0877934502 0.143545367 0)
(-0.0795351937 0.0930260724 0)
(-0.0748272161 0.0420752331 0)
(-0.0748481289 -0.00975925542 0)
(-0.0799345768 -0.0632506193 0)
(-0.0895000252 -0.119033278 0)
(-0.101812879 -0.176993447 0)
(-0.113690949 -0.23529792 0)
(-0.120284777 -0.288849069 0)
(-0.11523702 -0.32708478 0)
(-0.0922711141 -0.331566552 0)
(-0.0521876303 -0.275119693 0)
(-0.0142847871 -0.1272601 0)
(-0.00803185458 0.0899680206 0)
(-0.034305281 0.207876696 0)
(-0.0703686607 0.267741353 0)
(-0.100959319 0.283509143 0)
(-0.121509109 0.26975378 0)
(-0.13306196 0.237807849 0)
(-0.138135833 0.195384126 0)
(-0.139450242 0.147216489 0)
(-0.139365669 0.0958906778 0)
(-0.139599233 0.0425957569 0)
(-0.14111411 -0.0122625649 0)
(-0.144054659 -0.0685401632 0)
(-0.147657208 -0.125824596 0)
(-0.150140605 -0.18278721 0)
(-0.148667745 -0.236314559 0)
(-0.139565527 -0.280390167 0)
(-0.11901575 -0.304900543 0)
(-0.0848747378 -0.294957283 0)
(-0.0422046463 -0.232154477 0)
(-0.0100065918 -0.100709818 0)
(-0.00589818821 0.0731569059 0)
(-0.0280514361 0.175459929 0)
(-0.0624620758 0.233454968 0)
(-0.096193113 0.254650688 0)
(-0.123784292 0.248662372 0)
(-0.144336446 0.223978322 0)
(-0.158622033 0.187072461 0)
(-0.168069543 0.142434107 0)
(-0.174171012 0.0929433349 0)
(-0.178091655 0.0403532963 0)
(-0.180456261 -0.0142245248 0)
(-0.181230002 -0.0698446737 0)
(-0.179647298 -0.125225751 0)
(-0.174205197 -0.178177564 0)
(-0.162809074 -0.224940959 0)
(-0.14321256 -0.259512839 0)
(-0.113841637 -0.273201302 0)
(-0.0753166142 -0.25489636 0)
(-0.0343188951 -0.192925776 0)
(-0.00728498462 -0.0799917718 0)
(-0.00459312173 0.059516015 0)
(-0.0235441658 0.14654262 0)
(-0.0553429876 0.199662157 0)
(-0.0893196729 0.222701632 0)
(-0.120051821 0.22181941 0)
(-0.145609094 0.203131827 0)
(-0.165570648 0.171796552 0)
(-0.180317093 0.131775633 0)
(-0.190531072 0.0859405089 0)
(-0.196813738 0.0363510026 2.97711414e-34)
(-0.199448905 -0.0153915499 -2.97711414e-34)
(-0.198275631 -0.0677566426 0)
(-0.192646148 -0.118867793 0)
(-0.181489347 -0.166059305 0)
(-0.163546089 -0.205440873 0)
(-0.137858734 -0.231577797 0)
(-0.104503398 -0.23750491 0)
(-0.0656637248 -0.215386225 0)
(-0.0281737946 -0.158249841 0)
(-0.00551068858 -0.0634668192 0)
(-0.00373314424 0.0480883385 0)
(-0.0201212332 0.120839398 0)
(-0.049015384 0.167676445 0)
(-0.0816389756 0.1902875 0)
(-0.11298945 0.192487646 0)
(-0.140680565 0.178557125 4.67987915e-33)
(-0.163557393 0.152465447 0)
(-0.181246276 0.117554999 0)
(-0.193784167 0.0765047457 -4.74063683e-33)
(-0.20129697 0.0314709926 2.26594289e-36)
(-0.203789201 -0.0156744025 4.98648844e-36)
(-0.201035371 -0.0630556009 0)
(-0.192565928 -0.108481582 0)
(-0.177765507 -0.149141423 0)
(-0.156124904 -0.181360925 0)
(-0.127679784 -0.200524265 0)
(-0.0935645745 -0.201318541 0)
(-0.0566770465 -0.178463975 0)
(-0.0233146649 -0.12809014 0)
(-0.00429570361 -0.0500435323 0)
(-0.00311504344 0.0383306308 0)
(-0.0173631193 0.0980508495 0)
(-0.0433176172 0.138129968 0)
(-0.0737180697 0.158979203 0)
(-0.10410445 0.162838223 0)
(-0.131970537 0.152618174 -4.67987915e-33)
(-0.155761619 0.131295695 0)
(-0.17461286 0.101603275 0)
(-0.188100211 0.0659289967 4.74063683e-33)
(-0.195997413 0.0263693648 1.49106807e-33)
(-0.198111613 -0.0151233223 -1.49832051e-33)
(-0.194204017 -0.0565442521 0)
(-0.183996562 -0.0956260438 0)
(-0.167277169 -0.129654842 0)
(-0.144124388 -0.155368911 0)
(-0.115252461 -0.169022496 0)
(-0.0823814103 -0.166713893 0)
(-0.0485941073 -0.145040229 0)
(-0.0193975978 -0.10210335 0)
(-0.00342090961 -0.0390050006 0)
(-0.00263393853 0.0299262632 0)
(-0.015022629 0.0779301252 0)
(-0.0380974233 0.111311109 0)
(-0.0658175634 0.129695797 0)
(-0.0942794681 0.134263882 0)
(-0.121044026 0.126925342 0)
(-0.144383615 0.109860562 0)
(-0.163148989 0.0852480388 0)
(-0.176619505 0.055141637 0)
(-0.184335467 0.0214703197 2.99742578e-34)
(-0.185982933 -0.0138813618 -2.99742578e-34)
(-0.181343677 -0.0489515452 0)
(-0.170313969 -0.0815745645 0)
(-0.152999254 -0.109289275 0)
(-0.129891602 -0.129330736 0)
(-0.102114496 -0.138764243 0)
(-0.071639379 -0.134816138 0)
(-0.0414365969 -0.115407291 0)
(-0.0161843522 -0.0798582251 0)
(-0.00276403451 -0.0298606602 0)
(-0.00223473704 0.0226800252 0)
(-0.0129541304 0.0602838544 0)
(-0.0332381536 0.0873308323 0)
(-0.0580555288 0.1029545 0)
(-0.0840353751 0.107621826 0)
(-0.108906079 0.102520713 0)
(-0.130914081 0.0892086478 0)
(-0.148775839 0.0693818583 0)
(-0.161603554 0.0447501574 0)
(-0.168801286 0.0170067336 3.00137168e-34)
(-0.169993538 -0.0121372093 -3.00137168e-34)
(-0.164999668 -0.0408861784 0)
(-0.153857538 -0.0672953812 0)
(-0.136899086 -0.0892417143 0)
(-0.114876638 -0.104468707 0)
(-0.0891189052 -0.110744419 0)
(-0.0616328403 -0.106158114 0)
(-0.0351269738 -0.0895353358 0)
(-0.013503744 -0.0609264435 0)
(-0.00225327352 -0.0222578287 0)
(-0.00188545417 0.0164662589 0)
(-0.0110624839 0.0449645386 0)
(-0.0286411478 0.0662105012 0)
(-0.050461134 0.0790278144 0)
(-0.073653163 0.0834123317 0)
(-0.096164173 0.0800414946 0)
(-0.116305913 0.069995363 0)
(-0.132763343 0.0545610852 0)
(-0.144575608 0.0351143547 0)
(-0.151082439 0.0130747285 0)
(-0.151887889 -0.0100881532 0)
(-0.146852997 -0.0328250736 0)
(-0.136119501 -0.0534823528 0)
(-0.120164258 -0.0703098596 0)
(-0.0998793438 -0.0815299568 0)
(-0.0766571222 -0.0854921419 0)
(-0.052412209 -0.0809235394 0)
(-0.029530031 -0.0672469494 0)
(-0.0112185717 -0.0449266633 0)
(-0.0018412974 -0.0159381056 0)
(-0.00156251449 0.0112077522 0)
(-0.00926987559 0.0318705395 0)
(-0.0242025213 0.0479368738 0)
(-0.0429884517 0.0580490659 0)
(-0.0632319199 0.0619114963 0)
(-0.0831208684 0.0598559197 0)
(-0.101086241 0.0526055603 0)
(-0.115849127 0.041107177 0)
(-0.12644093 0.0264236306 0)
(-0.132187246 0.00968560038 0)
(-0.132697636 -0.00791671965 0)
(-0.127870714 -0.0251250485 0)
(-0.117915452 -0.040610269 0)
(-0.10338653 -0.0529974508 0)
(-0.0852272547 -0.0609387028 0)
(-0.0648019918 -0.0632496953 0)
(-0.0438652643 -0.059113389 0)
(-0.0244674996 -0.0483249904 0)
(-0.00920309086 -0.0315520055 0)
(-0.00149088286 -0.0107193774 0)
(-0.0012426894 0.00687236806 0)
(-0.00749725852 0.0209539431 0)
(-0.0197996734 0.0325014337 0)
(-0.0355241982 0.0400872981 0)
(-0.0527239711 0.0432717571 0)
(-0.0698331101 0.0421741791 0)
(-0.0854326562 0.0372606204 0)
(-0.0983251644 0.0291991541 0)
(-0.107580782 0.0187673632 0)
(-0.112546725 0.00680864177 0)
(-0.112854341 -0.00578011693 0)
(-0.108431633 -0.018048761 0)
(-0.0995214461 -0.0289997716 0)
(-0.0867021623 -0.0376160603 0)
(-0.0709039754 -0.0429246723 0)
(-0.0534054948 -0.0441071898 0)
(-0.0357703109 -0.040659292 0)
(-0.0197281051 -0.0325810818 0)
(-0.00733072743 -0.0205903314 0)
(-0.00116697521 -0.00649226732 0)
(-0.000899883296 0.00347703977 0)
(-0.00566092998 0.0122244305 0)
(-0.0152978421 0.0199179462 0)
(-0.0279091916 0.0251886575 0)
(-0.04197084 0.0275859281 0)
(-0.0561592881 0.0271262648 0)
(-0.0692274856 0.0240986695 0)
(-0.0800968156 0.018945434 0)
(-0.0879159867 0.012189598 0)
(-0.092084417 0.00440206815 0)
(-0.0922681535 -0.00380767943 0)
(-0.0884155181 -0.0117927703 0)
(-0.0807724931 -0.018874879 0)
(-0.0698942023 -0.0243659723 0)
(-0.0566454502 -0.0276151895 0)
(-0.0421770487 -0.0280887031 0)
(-0.0278469 -0.025486419 0)
(-0.0150887346 -0.019886613 0)
(-0.00547449513 -0.0119313577 0)
(-0.000833547279 -0.00322197453 0)
(-0.000507511339 0.00108920291 0)
(-0.0036888959 0.00574013715 0)
(-0.0105872233 0.0102223832 0)
(-0.0199879346 0.0134022196 0)
(-0.0307552936 0.0149400993 0)
(-0.0418076594 0.0148327174 0)
(-0.0521004811 0.0132501793 0)
(-0.0607205966 0.0104516764 0)
(-0.0669425811 0.00673881777 0)
(-0.0702538247 0.00243728736 0)
(-0.0703711857 -0.00210634932 0)
(-0.0672558424 -0.00652338902 0)
(-0.0611263947 -0.0104252574 0)
(-0.0524664985 -0.0134154724 0)
(-0.0420201054 -0.0151167114 0)
(-0.0307626592 -0.015218349 0)
(-0.0198243273 -0.013549404 0)
(-0.0103615217 -0.0101761662 0)
(-0.00352670245 -0.00555507532 0)
(-0.000456470774 -0.00094596649 0)
(-6.44950427e-05 -0.000176245158 0)
(-0.00159899539 0.00163661116 0)
(-0.00569519081 0.00359859878 0)
(-0.0117199295 0.00501068109 0)
(-0.0188880458 0.00571685119 0)
(-0.0263913871 0.0057338316 0)
(-0.0334549905 0.0051477201 0)
(-0.0394085058 0.0040732641 0)
(-0.0437225507 0.00263488967 0)
(-0.0460238829 0.000961863515 0)
(-0.0461058206 -0.000810101277 0)
(-0.0439388701 -0.0025359878 0)
(-0.0396813847 -0.00406056377 0)
(-0.0336869583 -0.00522175837 0)
(-0.0265027373 -0.0058603067 0)
(-0.0188496244 -0.00583829587 0)
(-0.0115675411 -0.00507039293 0)
(-0.00551559518 -0.00357095279 0)
(-0.001482035 -0.00155258684 0)
(-3.10935157e-05 0.000233977407 0)
(0.000261393667 -0.000255579374 0)
(0.000151435558 0.000102069856 0)
(-0.00117495766 0.000547412769 0)
(-0.00348063399 0.000863515869 0)
(-0.00637558184 0.00102207991 0)
(-0.00946686993 0.00103797906 0)
(-0.0124000348 0.00093621848 0)
(-0.0148817788 0.000743060209 0)
(-0.0166861034 0.000483178801 0)
(-0.0176547271 0.000180088117 1.08300124e-33)
(-0.0176985194 -0.000142306911 -1.08300124e-33)
(-0.016801484 -0.000458217277 0)
(-0.0150266281 -0.000739019234 0)
(-0.0125219013 -0.000953245663 0)
(-0.00952355019 -0.00106773317 0)
(-0.00635302424 -0.00105052595 0)
(-0.00340014901 -0.000876787446 0)
(-0.00108361442 -0.000539615508 0)
(0.000206111261 -8.25142376e-05 0)
(0.000274563757 0.000266745512 0)
)
;

boundaryField
{
    walls
    {
        type            fixedValue;
        value           uniform (0 0 0);
    }
    mov_wall
    {
        type            fixedValue;
        value           uniform (1 0 0);
    }
    empty
    {
        type            empty;
    }
}


// ************************************************************************* //
