/*--------------------------------*- C++ -*----------------------------------*\
| =========                 |                                                 |
| \\      /  F ield         | OpenFOAM: The Open Source CFD Toolbox           |
|  \\    /   O peration     | Version:  5.x                                   |
|   \\  /    A nd           | Web:      www.OpenFOAM.org                      |
|    \\/     M anipulation  |                                                 |
\*---------------------------------------------------------------------------*/
FoamFile
{
    version     2.0;
    format      ascii;
    class       volScalarField;
    location    "2.1";
    object      p;
}
// * * * * * * * * * * * * * * * * * * * * * * * * * * * * * * * * * * * * * //

dimensions      [0 2 -2 0 0 0 0];

internalField   nonuniform List<scalar> 
400
(
8.42690784e-06
2.45247051
3.49433379
3.89888922
4.10665681
4.22471637
4.29430152
4.3402892
4.37635072
4.41012391
4.44677377
4.49092928
4.5476692
4.62450429
4.73481232
4.90461044
5.18239347
5.68421401
6.84132777
9.41173618
1.88671701
2.86730113
3.41989475
3.74775453
3.96519131
4.10975794
4.20768545
4.27900405
4.33675736
4.38962643
4.44425926
4.50658615
4.58334776
4.68331178
4.8197399
5.0136923
5.29403517
5.69848143
6.33842733
7.42838227
2.98209116
3.26254283
3.54234305
3.77069103
3.94571696
4.07572723
4.17323755
4.25001578
4.31528867
4.37624951
4.43893908
4.50903581
4.59258924
4.69679646
4.83086331
5.00665085
5.23633405
5.52395135
5.86050237
6.19824824
3.5277988
3.58535645
3.72179832
3.86538911
3.98907618
4.09084456
4.17462285
4.24572713
4.30954052
4.37103714
4.43478881
4.50521868
4.58680267
4.68426842
4.80246443
4.94570536
5.11576168
5.30515999
5.47834857
5.55964962
3.84423274
3.82689502
3.88519363
3.9693962
4.05223269
4.12780394
4.19568188
4.25749154
4.31593705
4.3741067
4.43507959
4.50187206
4.57734547
4.66402009
4.76351757
4.875524
4.99637155
5.11481401
5.19585764
5.18372663
4.0455173
4.00367387
4.02144045
4.06786375
4.12139599
4.17575452
4.22886861
4.28055193
4.33187474
4.38450652
4.44028582
4.50098276
4.56806326
4.64234058
4.72334019
4.80837974
4.89181962
4.96269036
4.99309251
4.94681902
4.18060197
4.13384605
4.13185339
4.15538282
4.18884754
4.22708066
4.26774112
4.30988624
4.35365216
4.39974637
4.44905341
4.50235176
4.56003351
4.62173608
4.68579941
4.74863965
4.80457298
4.84467843
4.84863678
4.79369147
4.27567436
4.23085738
4.21967449
4.22968855
4.24985992
4.27636885
4.3071366
4.34099722
4.37759329
4.41701406
4.45946655
4.50501124
4.55329991
4.60326351
4.65271901
4.698025
4.73427205
4.75485978
4.745573
4.69205411
4.34468908
4.30374533
4.28864295
4.29084142
4.30239019
4.32058571
4.34374422
4.37071615
4.40090758
4.43403027
4.46984317
4.50793257
4.54749808
4.58712324
4.62452726
4.65642691
4.67890704
4.68734634
4.67189213
4.62322906
4.39527303
4.35851793
4.34217052
4.33997149
4.34600259
4.35837493
4.37577488
4.39715905
4.42183947
4.44931295
4.47906516
4.51040132
4.54228848
4.57320648
4.60101394
4.62293956
4.63600901
4.63710555
4.61933786
4.57639071
4.43197604
4.39927019
4.383067
4.3785232
4.38107865
4.38940917
4.40250077
4.41943803
4.43951576
4.46212255
4.4865961
4.51210065
4.53752173
4.56138244
4.58178949
4.59649439
4.60330759
4.60018672
4.58221909
4.54490742
4.45778769
4.4289074
4.41359228
4.40795697
4.40839186
4.41395982
4.42387702
4.43735162
4.45370143
4.47227441
4.49234418
4.51302704
4.53321981
4.55156462
4.5664461
4.57608338
4.57889857
4.57358773
4.55656866
4.52449194
4.47483763
4.44958432
4.43557274
4.42963224
4.42886493
4.43260582
4.44024791
4.45111117
4.4645558
4.47992867
4.4964902
4.51336314
4.52950386
4.54370129
4.55460463
4.56082355
4.56124005
4.55504901
4.53958678
4.51227368
4.48473989
4.4629697
4.45050409
4.44476287
4.44342838
4.44604076
4.45213463
4.46112976
4.47243533
4.48541586
4.49934334
4.51337139
4.5265321
4.53775856
4.54593046
4.54997169
4.54910631
4.54287001
4.52926892
4.5062863
4.48878316
4.4704128
4.45963151
4.45440476
4.45293899
4.45494874
4.46009074
4.46787401
4.47775398
4.48911508
4.50124477
4.51332877
4.52446795
4.53371807
4.54014666
4.54292513
4.54153557
4.53576145
4.52414797
4.50515004
4.48807057
4.4730672
4.46402018
4.45946653
4.45814288
4.4599361
4.46461741
4.47177494
4.48089917
4.49138255
4.50251441
4.51349508
4.52346984
4.53158257
4.53704217
4.53921137
4.53777454
4.53272041
4.52309677
4.50783526
4.48367811
4.47202101
4.46465199
4.46077428
4.45971383
4.4615493
4.46616581
4.4732183
4.48221287
4.49252604
4.50342137
4.51408163
4.52365873
4.53134029
4.53642699
4.53842397
4.53718216
4.53289051
4.52513927
4.51342976
4.47686587
4.46839897
4.46244108
4.45902785
4.45817459
4.46018268
4.46504771
4.47246998
4.48194019
4.49278228
4.50419287
4.51529159
4.5251856
4.53304987
4.53821892
4.54028929
4.53925038
4.53551029
4.52930005
4.52086914
4.4692971
4.46320619
4.45768672
4.45398091
4.45293518
4.45510253
4.4605562
4.46898137
4.47978364
4.49216104
4.5051656
4.51776938
4.52894175
4.53774469
4.54344482
4.54564142
4.54441521
4.54042746
4.53471092
4.52867834
4.46346049
4.45753532
4.4503836
4.44494079
4.44291763
4.44510978
4.45158159
4.46188648
4.47522776
4.49056326
4.50668361
4.5222865
4.53606328
4.54680891
4.55356147
4.55577501
4.55353035
4.54776016
4.54036296
4.53447403
)
;

boundaryField
{
    walls
    {
        type            zeroGradient;
    }
    mov_wall
    {
        type            zeroGradient;
    }
    empty
    {
        type            empty;
    }
}


// ************************************************************************* //
