/*--------------------------------*- C++ -*----------------------------------*\
| =========                 |                                                 |
| \\      /  F ield         | OpenFOAM: The Open Source CFD Toolbox           |
|  \\    /   O peration     | Version:  5.x                                   |
|   \\  /    A nd           | Web:      www.OpenFOAM.org                      |
|    \\/     M anipulation  |                                                 |
\*---------------------------------------------------------------------------*/
FoamFile
{
    version     2.0;
    format      ascii;
    class       surfaceScalarField;
    location    "2.1";
    object      phi;
}
// * * * * * * * * * * * * * * * * * * * * * * * * * * * * * * * * * * * * * //

dimensions      [0 3 -1 0 0 0 0];

internalField   nonuniform List<scalar> 
760
(
0.00134817529
-0.00134817931
0.00245763923
-0.00110946394
0.00313513388
-0.000677494644
0.00355971397
-0.000424580089
0.0038322482
-0.000272534236
0.00400944756
-0.000177199361
0.00412520854
-0.000115760982
0.00419921004
-7.40015043e-05
0.00424242467
-4.32146264e-05
0.00426054572
-1.81210433e-05
0.00425561478
4.9309585e-06
0.00422675089
2.88638951e-05
0.00416938349
5.73673987e-05
0.0040735803
9.58031889e-05
0.00391994745
0.000153632877
0.00367201704
0.000247930445
0.00326315905
0.000408857994
0.0025726404
0.000690518632
0.00140850177
0.00116413859
0.00140850176
-5.46961582e-05
-0.00129348315
0.000412590975
-0.00157675107
0.00103002647
-0.00129493013
0.00157870789
-0.000973261509
0.00201482343
-0.000708649775
0.00234476451
-0.000507140445
0.00258510036
-0.00035609682
0.00275125089
-0.000240152034
0.00285454763
-0.000146511358
0.00290177457
-6.53479734e-05
0.00289534634
1.13592047e-05
0.00283291159
9.12986809e-05
0.00270710925
0.000183169763
0.0025043501
0.000298562345
0.00220409937
0.000453883594
0.00178089438
0.000671135452
0.00121756356
0.000972188851
0.000552810511
0.00135527174
1.30659841e-05
0.00170388316
0.00142156772
-0.000271735591
-0.00102174756
-0.000221029547
-0.0016274571
7.13617123e-05
-0.00158732139
0.00044627544
-0.00134817523
0.000812474756
-0.00107484909
0.00112927953
-0.000823945217
0.0013820542
-0.000608871481
0.00156798028
-0.000426078104
0.00168834712
-0.000266878181
0.00174465387
-0.00012165472
0.00173675974
1.92533412e-05
0.00166210644
0.00016595201
0.00151568811
0.000329588123
0.00129123353
0.000523016947
0.000984995537
0.000760121586
0.000604998153
0.00105113282
0.000189843568
0.00138734343
-0.000160048573
0.0017051639
-0.000261641611
0.00180547623
0.00115992609
-0.000227942834
-0.000793804717
-0.000361201563
-0.00149419836
-0.000308336758
-0.00164018618
-0.000134834964
-0.00152167702
8.91899556e-05
-0.001298874
0.000314946844
-0.0010497021
0.000513232988
-0.000807157615
0.000668266099
-0.000581111199
0.000771953929
-0.000370565993
0.000819998882
-0.000169699661
0.000809691271
2.95609586e-05
0.000739167097
0.000236476197
0.000607905574
0.000460849673
0.00041908566
0.000711836895
0.000184504615
0.000994702649
-6.72052461e-05
0.00130284267
-0.000280626319
0.00160076449
-0.000369422806
0.0017939604
-0.000246994846
0.0016830483
0.000912931239
-0.000168966777
-0.00062483793
-0.000352021371
-0.00131114374
-0.00043156788
-0.00156063965
-0.000408925009
-0.00154431988
-0.000319457319
-0.00138834168
-0.000200123185
-0.00116903623
-7.98431978e-05
-0.000927437592
2.15412054e-05
-0.000682495585
9.13892578e-05
-0.000440414022
0.000122095264
-0.000200405645
0.000109718144
4.19380894e-05
5.36093881e-05
0.000292584956
-4.27811697e-05
0.000557240245
-0.000169720929
0.000838776686
-0.0003076734
0.00113265515
-0.000423483531
0.00141865282
-0.000470034121
0.00164731507
-0.000397829365
0.00172175563
-0.000196432314
0.00148165126
0.000716498936
-0.000124193826
-0.000500644092
-0.000308341183
-0.00112699636
-0.000450504843
-0.00141847597
-0.000523220643
-0.00147160406
-0.000535413691
-0.00137614862
-0.000508189079
-0.00119626083
-0.000463189948
-0.000972436713
-0.000418097594
-0.000727587926
-0.000385657778
-0.000472853814
-0.000373951287
-0.000212112106
-0.000386765917
5.47527425e-05
-0.000423494685
0.000329313731
-0.0004783874
0.000612132962
-0.000539204109
0.00089959341
-0.000585838917
0.00117928999
-0.000590526477
0.0014233404
-0.00052309383
0.00157988243
-0.000366703312
0.0015653651
-0.000150587174
0.00126553512
0.000565911778
-9.45745417e-05
-0.000406069536
-0.000264654985
-0.000956915897
-0.000430748447
-0.00125238249
-0.000556992361
-0.00134536013
-0.000636813998
-0.00129632696
-0.000678167468
-0.00115490734
-0.000693973744
-0.000956630423
-0.000696962066
-0.000724599592
-0.000697308558
-0.000472507305
-0.00070169647
-0.000207724165
-0.000712894158
6.5950464e-05
-0.000729367171
0.000345786764
-0.000744780821
0.000627546615
-0.000747602661
0.000902415252
-0.000721487122
0.00115317447
-0.000647855441
0.00134970876
-0.000512884253
0.00144491126
-0.000321209795
0.00137369064
-0.000116486675
0.00106081199
0.000449425114
-7.53450689e-05
-0.000330724451
-0.000228211141
-0.000804049806
-0.000398361909
-0.00108223171
-0.00055055207
-0.00119316995
-0.00067064323
-0.00117623578
-0.000757598933
-0.00106795161
-0.000816808522
-0.000897420816
-0.000855613369
-0.000685794733
-0.000880651378
-0.000447469284
-0.000896387412
-0.000191988111
-0.000904296027
7.38591124e-05
-0.000902384042
0.000343874813
-0.000884992852
0.000610155441
-0.000843121101
0.0008605435
-0.000765833113
0.00107588649
-0.000643673678
0.00122754934
-0.000475109302
0.00127634692
-0.000276312371
0.00117489373
-9.21335423e-05
0.000876633162
0.000357291574
-6.22892159e-05
-0.000268435219
-0.000198544251
-0.000667794753
-0.000362899198
-0.000917876749
-0.000523859082
-0.00103221005
-0.000664426297
-0.00103566855
-0.000778142378
-0.000954235513
-0.000864827524
-0.000810735646
-0.000927182105
-0.000623440134
-0.000968416906
-0.000406234473
-0.000990738293
-0.000169666714
-0.000994452572
7.7573414e-05
-0.000977540395
0.000326962672
-0.000935707575
0.000568322651
-0.000863111381
0.000787947318
-0.000754130745
0.000966905853
-0.000606631437
0.00108005004
-0.000426953399
0.0010966689
-0.000236039646
0.000983979997
-7.43493654e-05
0.000714942893
0.000282942207
-5.27693628e-05
-0.000215665844
-0.000173814025
-0.000546750072
-0.000327559683
-0.00076413108
-0.000486869317
-0.000872900408
-0.00063438447
-0.000888153389
-0.000760762899
-0.000827857067
-0.000862122232
-0.00070937629
-0.000937660603
-0.000547901738
-0.000987789083
-0.000356105977
-0.00101282957
-0.000144626217
-0.00101222788
7.697173e-05
-0.000984245101
0.000298979916
-0.00092616659
0.000510244174
-0.000835161399
0.000696942153
-0.000709977784
0.000841722244
-0.000553598278
0.000923670534
-0.00037667739
0.000919748024
-0.00020096015
0.000808262777
-6.08626177e-05
0.000574845381
0.000222079591
-4.52977747e-05
-0.000170368064
-0.000152453414
-0.000439594415
-0.000293298435
-0.000623286048
-0.00044476113
-0.000721437704
-0.000590342964
-0.000742571548
-0.000719469545
-0.000698730476
-0.00082604166
-0.000602804157
-0.000906872782
-0.000467070592
-0.0009603416
-0.000302637136
-0.000985396862
-0.000119570942
-0.000980956812
7.25316835e-05
-0.000945725955
0.000263749067
-0.000878474293
0.000442992535
-0.000778849956
0.000597317846
-0.000648779786
0.000711652095
-0.000494400284
0.000769291038
-0.000328201971
0.000753549713
-0.000170677214
0.000650738031
-5.02803008e-05
0.000454448488
0.000171799299
-3.90615103e-05
-0.000131306554
-0.000133401538
-0.000345254376
-0.000260345506
-0.000496342068
-0.000400381946
-0.000581401255
-0.000538421498
-0.00060453199
-0.000663680537
-0.000573471433
-0.00076892359
-0.000497561096
-0.00084950692
-0.000386487243
-0.000902483711
-0.00024966032
-0.000925916519
-9.61381121e-05
-0.000918471676
6.50868499e-05
-0.000879340066
0.000224617457
-0.00080852088
0.000372173356
-0.000707492969
0.000496289957
-0.000580251875
0.000584411027
-0.000434581166
0.000623620344
-0.000283243708
0.000602212261
-0.000144571045
0.000512065375
-4.17545077e-05
0.000351631964
0.000130044804
-3.36083027e-05
-9.76982536e-05
-0.000115969813
-0.000262892865
-0.000228678649
-0.000383633222
-0.000355319833
-0.000454760059
-0.00048243298
-0.000477418834
-0.000599637181
-0.000456267228
-0.000699301885
-0.00039789639
-0.000776025093
-0.000309764028
-0.000826100729
-0.000199584665
-0.000847096855
-7.51419609e-05
-0.000837619574
5.56095871e-05
-0.000797307534
0.000184305423
-0.000727080631
0.000301946452
-0.000629638013
0.000398847345
-0.000510148971
0.000464922004
-0.000376994693
0.000490466088
-0.000242308276
0.000467525858
-0.000121974943
0.000391732049
-3.47322661e-05
0.000264389297
9.53125483e-05
-2.86560811e-05
-6.90421705e-05
-9.96555261e-05
-0.000191893431
-0.000198107784
-0.000285180962
-0.000310343146
-0.000342524686
-0.000424596299
-0.000363165666
-0.000531241093
-0.000349622425
-0.000622736364
-0.000306401115
-0.000693414342
-0.00023908605
-0.000739224656
-0.000153774344
-0.000757523475
-5.6843125e-05
-0.000746969962
4.50560961e-05
-0.000707566897
0.000144902374
-0.000640856978
0.000235236536
-0.000550254141
0.000308244506
-0.000441444433
0.000356112303
-0.000322733057
0.000371754728
-0.000205158578
0.000349951397
-0.00010218147
0.000288754955
-2.88012751e-05
0.000191009114
6.65112797e-05
-2.39796613e-05
-4.50625014e-05
-8.3992251e-05
-0.000131880854
-0.000168246879
-0.000200926339
-0.000265579455
-0.000245192105
-0.000365913535
-0.000262831574
-0.000460566751
-0.000254969193
-0.000542390926
-0.00022457693
-0.000605785081
-0.000175691893
-0.000646643387
-0.000112916039
-0.000662300614
-4.11858928e-05
-0.000651523828
3.42793255e-05
-0.000614578273
0.000107956838
-0.000553370122
0.000174028398
-0.000471638508
0.000226512895
-0.000375134286
0.00025960808
-0.000271687967
0.000268308417
-0.000171050179
0.000249313623
-8.44127963e-05
0.000202117589
-2.35986422e-05
0.000130194975
4.2912642e-05
-1.93477314e-05
-2.57147618e-05
-6.84649553e-05
-8.27636331e-05
-0.000138496643
-0.00013089466
-0.000220622075
-0.000163066675
-0.00030640625
-0.000177047392
-0.000388200732
-0.000173174695
-0.00045944111
-0.000153336534
-0.000514822962
-0.000120310029
-0.000550390745
-7.73482529e-05
-0.000563588073
-2.79885656e-05
-0.000553310267
2.40015225e-05
-0.000519981242
7.46278262e-05
-0.000465651763
0.000119698933
-0.000394089384
0.000154950525
-0.000310803298
0.000176321995
-0.000222927426
0.000180432547
-0.000138886129
0.000165272333
-6.78093878e-05
0.000131040862
-1.87609453e-05
8.11465496e-05
2.41517015e-05
-1.45042881e-05
-1.12104737e-05
-5.25167339e-05
-4.47511754e-05
-0.000108113917
-7.52974772e-05
-0.00017467349
-9.65071051e-05
-0.000245323189
-0.000106397693
-0.000313495238
-0.000105002639
-0.00037335753
-9.34742266e-05
-0.000420095435
-7.35721055e-05
-0.000450079961
-4.73637159e-05
-0.000460972525
-1.70959978e-05
-0.000451806337
1.48353333e-05
-0.000423064446
4.58859372e-05
-0.00037674765
7.33821451e-05
-0.00031640319
9.46060749e-05
-0.000247061794
0.000106980606
-0.000175018046
0.000108388801
-0.000107395646
9.76499365e-05
-5.14823282e-05
7.51275524e-05
-1.39136606e-05
4.35778955e-05
1.02380461e-05
-9.2019866e-06
-2.0084981e-06
-3.56815982e-05
-1.82715423e-05
-7.64288269e-05
-3.4550237e-05
-0.000126799909
-4.6136018e-05
-0.000181392158
-5.18054425e-05
-0.000234796556
-5.15982379e-05
-0.00028210754
-4.61632347e-05
-0.000319235734
-3.6443896e-05
-0.000343086859
-2.35125741e-05
-0.000351669984
-8.51286092e-06
-0.00034417802
7.34337248e-06
-0.000321057859
2.27657736e-05
-0.000284063133
3.63874196e-05
-0.000236260824
4.68037702e-05
-0.000181944525
5.26643124e-05
-0.000126394242
5.28385214e-05
-7.54230191e-05
4.66787158e-05
-3.46791517e-05
3.43836894e-05
-8.71329788e-06
1.76120498e-05
1.52475206e-06
-3.43724807e-06
1.42873642e-06
-1.80423125e-05
-3.66645588e-06
-4.34022064e-05
-9.1903218e-06
-7.64268521e-05
-1.31113528e-05
-0.000113177001
-1.50552806e-05
-0.000149651645
-1.51235869e-05
-0.000182235145
-1.35797286e-05
-0.000207934198
-1.07448339e-05
-0.0002244941
-6.95265802e-06
-0.000230464452
-2.54249455e-06
-0.000225253084
2.13201218e-06
-0.00020917925
6.69193948e-06
-0.000183520062
1.07282274e-05
-0.000150524596
1.38083012e-05
-0.000113359379
1.54990959e-05
-7.5934009e-05
1.54131531e-05
-4.25441518e-05
1.32888609e-05
-1.72755799e-05
9.11512041e-06
-3.1036856e-06
3.44016035e-06
-1.57893181e-06
1.4287341e-06
-2.2377289e-06
-1.14280533e-05
-2.45394e-05
-3.95946681e-05
-5.47182427e-05
-6.82979646e-05
-7.90427979e-05
-8.59954573e-05
-8.85379508e-05
-8.64059347e-05
-7.97139917e-05
-6.89857641e-05
-5.51774657e-05
-3.96783727e-05
-2.42652201e-05
-1.09763572e-05
-1.86123291e-06
1.57893181e-06
)
;

boundaryField
{
    walls
    {
        type            calculated;
        value           uniform 0;
    }
    mov_wall
    {
        type            calculated;
        value           uniform 0;
    }
    empty
    {
        type            empty;
        value           nonuniform 0();
    }
}


// ************************************************************************* //
