/*--------------------------------*- C++ -*----------------------------------*\
| =========                 |                                                 |
| \\      /  F ield         | OpenFOAM: The Open Source CFD Toolbox           |
|  \\    /   O peration     | Version:  5.x                                   |
|   \\  /    A nd           | Web:      www.OpenFOAM.org                      |
|    \\/     M anipulation  |                                                 |
\*---------------------------------------------------------------------------*/
FoamFile
{
    version     2.0;
    format      ascii;
    class       volVectorField;
    location    "2.1";
    object      U;
}
// * * * * * * * * * * * * * * * * * * * * * * * * * * * * * * * * * * * * * //

dimensions      [0 1 -1 0 0 0 0];

internalField   nonuniform List<vector> 
400
(
(0.291698249 0.149644089 0)
(0.388186911 0.128007836 0)
(0.557615929 0.0757318511 0)
(0.674785462 0.0433043924 0)
(0.743766116 0.0251590192 0)
(0.787074249 0.0148801977 0)
(0.815461891 0.00893082915 0)
(0.833938243 0.00530985762 0)
(0.845363969 0.00289952149 0)
(0.851347687 0.00108484652 2.6652757e-34)
(0.852639183 -0.000502827318 -2.6652757e-34)
(0.849352827 -0.00216066819 0)
(0.840972076 -0.00421703486 0)
(0.826112699 -0.00722090502 0)
(0.802019599 -0.012236418 0)
(0.763538372 -0.0213891311 0)
(0.699488554 -0.0388385464 0)
(0.584557194 -0.0722732244 0)
(0.407900522 -0.128436289 0)
(0.300688084 -0.152947552 0)
(0.00120407182 0.287432811 0)
(0.013320693 0.293872297 0)
(0.140043967 0.209904723 0)
(0.264970681 0.1429858 0)
(0.364176225 0.0968014784 0)
(0.440117854 0.0654405678 0)
(0.496538142 0.0439757378 0)
(0.536687578 0.0287007511 0)
(0.563270546 0.0170796022 0)
(0.578133196 0.00742300891 0)
(0.582206132 -0.00150091672 0)
(0.575511302 -0.0107975055 0)
(0.557105685 -0.0217342832 0)
(0.524909956 -0.036139245 0)
(0.475515981 -0.0569630171 0)
(0.404324221 -0.088976681 0)
(0.305686133 -0.139150334 0)
(0.174497178 -0.215274873 0)
(0.0341063832 -0.310800968 0)
(0.010869135 -0.30590904 0)
(-0.0321468373 0.241774105 0)
(-0.0634307123 0.333547019 0)
(-0.0219370676 0.299501861 0)
(0.0505980235 0.240050608 0)
(0.127394878 0.183019476 0)
(0.196815131 0.135453113 0)
(0.254162682 0.0974510406 0)
(0.298083074 0.0668881339 0)
(0.328659863 0.0413751608 0)
(0.346301699 0.0187812279 -2.35797717e-33)
(0.351205172 -0.00280928858 2.35797717e-33)
(0.343120883 -0.0252944467 0)
(0.32127225 -0.0508290247 0)
(0.284428313 -0.0820936825 0)
(0.231325112 -0.12247851 0)
(0.161913999 -0.175656773 0)
(0.0798331819 -0.243207299 0)
(-0.00333835192 -0.317981026 0)
(-0.0578535064 -0.366362905 0)
(-0.0313893801 -0.270690494 0)
(-0.0261205037 0.182361516 0)
(-0.0666197587 0.316883471 0)
(-0.0735390106 0.330900344 0)
(-0.0481329241 0.29535089 0)
(-0.00567549022 0.244251103 0)
(0.0411080109 0.192429255 0)
(0.0845395608 0.145092767 0)
(0.120417874 0.103004823 0)
(0.146578135 0.0651532035 0)
(0.161918029 0.0298879941 2.35547276e-33)
(0.165805371 -0.0046939722 -2.35547276e-33)
(0.157791693 -0.0406685653 0)
(0.137580032 -0.0803011008 0)
(0.105279634 -0.12597752 0)
(0.0620855097 -0.179772513 0)
(0.0116058933 -0.242027388 0)
(-0.03803063 -0.307762199 0)
(-0.0720503384 -0.359577599 0)
(-0.0711643892 -0.355584461 0)
(-0.0287211381 -0.209178167 0)
(-0.0176297917 0.140767568 0)
(-0.0549171351 0.281825859 0)
(-0.0828644789 0.324482008 0)
(-0.0880788266 0.312393647 0)
(-0.0751235113 0.274438372 0)
(-0.052632668 0.226774769 0)
(-0.0275180101 0.177299511 0)
(-0.00458717494 0.129142813 0)
(0.0130157601 0.0829106978 0)
(0.0233487496 0.0379324575 -2.94546452e-34)
(0.0253017391 -0.0071008533 2.94546452e-34)
(0.0184075875 -0.0537979434 0)
(0.00288006821 -0.10379881 0)
(-0.0200931557 -0.158364846 0)
(-0.0477756046 -0.217527263 0)
(-0.0750650413 -0.278344025 0)
(-0.0936290871 -0.331691519 0)
(-0.0922283636 -0.357396153 0)
(-0.063507961 -0.31887806 0)
(-0.0207313442 -0.162076054 0)
(-0.0116543985 0.111591569 0)
(-0.0431528345 0.243763151 0)
(-0.0782855711 0.299856002 0)
(-0.100581982 0.304996476 0)
(-0.108314526 0.280416416 0)
(-0.105721627 0.24036435 0)
(-0.0975423561 0.193273449 0)
(-0.0878004866 0.143541991 0)
(-0.079542813 0.0930239495 0)
(-0.0748351027 0.0420745381 0)
(-0.0748559403 -0.00975848458 0)
(-0.0799419745 -0.0632484765 0)
(-0.0895067075 -0.119029974 0)
(-0.101818606 -0.176989285 0)
(-0.113695557 -0.235293265 0)
(-0.120288192 -0.28884432 0)
(-0.115239271 -0.327080359 0)
(-0.0922723376 -0.331562892 0)
(-0.0521880836 -0.275117214 0)
(-0.0142848614 -0.127259176 0)
(-0.00803197058 0.0899669965 0)
(-0.034305886 0.207873808 0)
(-0.0703701418 0.267736925 0)
(-0.100961854 0.283503638 0)
(-0.121512743 0.269747766 0)
(-0.133066645 0.237801934 0)
(-0.138141438 0.195378895 0)
(-0.139456568 0.147212439 0)
(-0.139372468 0.0958881713 0)
(-0.139606228 0.0425949954 0)
(-0.141121005 -0.0122615417 0)
(-0.144061159 -0.0685374683 0)
(-0.147663046 -0.12582048 0)
(-0.150145575 -0.18278204 0)
(-0.148671713 -0.236308784 0)
(-0.139568446 -0.280384287 0)
(-0.119017658 -0.304895084 0)
(-0.0848757652 -0.294952776 0)
(-0.0422050211 -0.232151428 0)
(-0.0100066511 -0.100708676 0)
(-0.00589828603 0.0731555772 0)
(-0.02805194 0.175456354 0)
(-0.0624632974 0.233449637 0)
(-0.0961951836 0.254644192 0)
(-0.123787235 0.248655376 0)
(-0.144340213 0.223971513 0)
(-0.15862651 0.187066488 0)
(-0.16807456 0.142429522 0)
(-0.174176365 0.0929405409 0)
(-0.178097126 0.040352516 0)
(-0.180461622 -0.0142232538 0)
(-0.181235028 -0.0698414866 0)
(-0.179651783 -0.125220936 0)
(-0.174208982 -0.178171539 0)
(-0.162812063 -0.224934245 0)
(-0.143214732 -0.259506023 0)
(-0.113843039 -0.273194998 0)
(-0.07531736 -0.254891176 0)
(-0.034319163 -0.192922281 0)
(-0.00728502597 -0.0799904642 0)
(-0.00459318888 0.0595144551 0)
(-0.0235445105 0.146538525 0)
(-0.0553438164 0.19965615 0)
(-0.0893210612 0.222694403 0)
(-0.120053772 0.221811704 0)
(-0.145611565 0.203124385 0)
(-0.16557356 0.171790065 0)
(-0.180320331 0.131770687 0)
(-0.190534496 0.0859375339 0)
(-0.196817201 0.0363502378 2.97712439e-34)
(-0.199452265 -0.015390069 -2.97712439e-34)
(-0.198278751 -0.0677530717 0)
(-0.192648903 -0.118862454 0)
(-0.181491638 -0.166052659 0)
(-0.163547863 -0.20543349 0)
(-0.13785999 -0.231570323 0)
(-0.104504186 -0.237498022 0)
(-0.0656641311 -0.215380586 0)
(-0.0281739355 -0.158246056 0)
(-0.00551070934 -0.0634654095 0)
(-0.00373317276 0.0480866451 0)
(-0.0201213811 0.120835008 0)
(-0.0490157342 0.167670058 0)
(-0.0816395436 0.19027987 0)
(-0.112990218 0.192479561 0)
(-0.140681502 0.178549362 4.67989426e-33)
(-0.163558465 0.152458714 0)
(-0.181247436 0.117549891 0)
(-0.193785357 0.0765017033 -4.74065261e-33)
(-0.201298131 0.0314702639 2.26599096e-36)
(-0.203790281 -0.0156727806 4.98643945e-36)
(-0.20103633 -0.0630517964 0)
(-0.192566731 -0.108475942 0)
(-0.177766128 -0.149134438 0)
(-0.156125332 -0.181353196 0)
(-0.127680038 -0.200516467 0)
(-0.093564694 -0.201311382 0)
(-0.0566770841 -0.178458139 0)
(-0.0233146676 -0.128086243 0)
(-0.00429570148 -0.0500420889 0)
(-0.00311503125 0.038328913 0)
(-0.0173630575 0.0980464146 0)
(-0.0433174572 0.138123536 0)
(-0.0737177677 0.158971541 0)
(-0.10410397 0.162830128 0)
(-0.131969863 0.152610425 -4.67989426e-33)
(-0.155760758 0.131288998 0)
(-0.17461184 0.101598215 0)
(-0.188099066 0.0659260041 4.74065261e-33)
(-0.195996181 0.0263686853 1.49107304e-33)
(-0.198110337 -0.0151216487 -1.49832547e-33)
(-0.194202749 -0.0565403936 0)
(-0.183995359 -0.0956203554 0)
(-0.167276079 -0.129647828 0)
(-0.144123449 -0.155361183 0)
(-0.115251706 -0.169014731 0)
(-0.0823808626 -0.166706794 0)
(-0.0485937776 -0.14503447 0)
(-0.0193974616 -0.102099524 0)
(-0.00342088383 -0.0390035936 0)
(-0.0026338894 0.0299246289 0)
(-0.01502237 0.0779258957 0)
(-0.038096777 0.111304969 0)
(-0.0658164313 0.129688476 0)
(-0.0942778017 0.134256147 0)
(-0.121041821 0.126917942 0)
(-0.144380916 0.109854178 0)
(-0.163145891 0.0852432292 0)
(-0.176616133 0.055138808 0)
(-0.184331958 0.0214697016 2.99743531e-34)
(-0.185979425 -0.0138797297 -2.99743531e-34)
(-0.181340311 -0.0489478207 0)
(-0.170310878 -0.0815690902 0)
(-0.152996556 -0.109282545 0)
(-0.129889382 -0.129323349 0)
(-0.102112801 -0.138756857 0)
(-0.0716382154 -0.13480942 0)
(-0.041435931 -0.115401872 0)
(-0.0161840893 -0.0798546505 0)
(-0.00276398705 -0.0298593586 0)
(-0.00223465925 0.0226785705 0)
(-0.0129537095 0.0602800525 0)
(-0.0332370982 0.0873252838 0)
(-0.0580536904 0.102947861 0)
(-0.0840326954 0.107614791 0)
(-0.108902566 0.10251397 0)
(-0.130909813 0.0892028273 0)
(-0.148770961 0.0693774794 0)
(-0.161598265 0.0447475922 0)
(-0.168795812 0.0170061887 3.00138088e-34)
(-0.169988111 -0.0121357012 -3.00138088e-34)
(-0.164994505 -0.0408827606 0)
(-0.153852839 -0.0672903663 0)
(-0.136895021 -0.08923556 0)
(-0.11487333 -0.104461974 0)
(-0.0891164143 -0.110737718 0)
(-0.0616311599 -0.106152059 0)
(-0.0351260292 -0.0895304909 0)
(-0.0135033779 -0.0609232797 0)
(-0.00225320895 -0.022256695 0)
(-0.00188535821 0.0164650597 0)
(-0.0110619531 0.0449613374 0)
(-0.0286398045 0.0662057797 0)
(-0.0504587862 0.079022127 0)
(-0.073649741 0.0834062751 0)
(-0.0961596962 0.0800356664 0)
(-0.116300483 0.0699903172 0)
(-0.132757142 0.0545572848 0)
(-0.144568886 0.0351121323 0)
(-0.151075488 0.0130742647 0)
(-0.151881015 -0.0100868344 0)
(-0.146846487 -0.0328221007 0)
(-0.136113608 -0.0534779988 0)
(-0.120159187 -0.0703045247 0)
(-0.0998752406 -0.0815241357 0)
(-0.0766540543 -0.0854863773 0)
(-0.0524101575 -0.0809183695 0)
(-0.02952889 -0.0672428575 0)
(-0.0112181348 -0.0449240326 0)
(-0.00184122189 -0.0159371887 0)
(-0.00156241138 0.0112068558 0)
(-0.00926929658 0.0318680477 0)
(-0.024201042 0.0479331283 0)
(-0.042985846 0.0580445052 0)
(-0.063228102 0.0619066056 0)
(-0.08311586 0.0598511879 0)
(-0.101080161 0.0526014443 0)
(-0.115842177 0.0411040649 0)
(-0.126433389 0.0264218066 0)
(-0.132179444 0.00968521978 0)
(-0.132689924 -0.00791563799 0)
(-0.127863427 -0.0251226158 0)
(-0.117908882 -0.0406067143 0)
(-0.103380906 -0.0529931055 0)
(-0.085222728 -0.0609339766 0)
(-0.0647986271 -0.0632450399 0)
(-0.04386303 -0.0591092515 0)
(-0.0244662674 -0.048321763 0)
(-0.00920262418 -0.0315499797 0)
(-0.00149080359 -0.0107187051 0)
(-0.00124259068 0.00687178581 0)
(-0.00749669749 0.0209521932 0)
(-0.0197982233 0.0324987157 0)
(-0.0355216143 0.0400839313 0)
(-0.0527201476 0.0432681116 0)
(-0.0698280586 0.04217063 0)
(-0.0854264965 0.0372575164 0)
(-0.0983181078 0.0291967936 0)
(-0.107573112 0.0187659704 0)
(-0.11253878 0.00680834391 0)
(-0.112846485 -0.00577930104 0)
(-0.10842422 -0.0180469188 0)
(-0.0995147859 -0.0289970843 0)
(-0.0866964916 -0.0376127859 0)
(-0.0708994432 -0.042921127 0)
(-0.0534021535 -0.0441037216 0)
(-0.0357681131 -0.040656245 0)
(-0.0197269065 -0.0325787527 0)
(-0.00733027986 -0.0205889236 0)
(-0.00116690089 -0.00649184141 0)
(-0.000899801958 0.00347674232 0)
(-0.0056604538 0.0122233728 0)
(-0.0152965835 0.0199162062 0)
(-0.0279069063 0.0251864424 0)
(-0.0419674048 0.0275834964 0)
(-0.0561546948 0.0271238803 0)
(-0.0692218385 0.0240965738 0)
(-0.0800903142 0.0189438311 0)
(-0.0879089017 0.012188643 0)
(-0.0920770678 0.0044018541 0)
(-0.0922608837 -0.00380713342 0)
(-0.0884086663 -0.0117915223 0)
(-0.0807663581 -0.0188730567 0)
(-0.0698890121 -0.024363759 0)
(-0.056641342 -0.0276128074 0)
(-0.0421740592 -0.0280863947 0)
(-0.0278449661 -0.025484423 0)
(-0.0150877024 -0.0198851321 0)
(-0.00547412147 -0.011930518 0)
(-0.000833488696 -0.00322176782 0)
(-0.000507461751 0.00108912079 0)
(-0.00368856674 0.0057396433 0)
(-0.0105862973 0.0102214764 0)
(-0.019986189 0.0134010129 0)
(-0.0307525998 0.0149387472 0)
(-0.0418039888 0.0148313798 0)
(-0.0520959086 0.0132489994 0)
(-0.060715288 0.0104507709 0)
(-0.0669367694 0.00673827335 0)
(-0.0702477848 0.00243715799 0)
(-0.0703652113 -0.00210604853 0)
(-0.0672502221 -0.00652268726 0)
(-0.0611213849 -0.0104242276 0)
(-0.052462296 -0.0134142233 0)
(-0.0420168252 -0.0151153758 0)
(-0.0307603226 -0.0152170708 0)
(-0.0198228628 -0.0135483237 0)
(-0.0103607767 -0.0101754017 0)
(-0.00352645517 -0.00555469241 0)
(-0.000456439648 -0.00094592259 0)
(-6.44882921e-05 -0.000176214502 0)
(-0.00159885524 0.00163648421 0)
(-0.00569469107 0.00359828844 0)
(-0.0117188924 0.00501023235 0)
(-0.01888636 0.00571633117 0)
(-0.0263890157 0.0057333105 0)
(-0.0334519749 0.00514725959 0)
(-0.039404958 0.00407291113 0)
(-0.0437186371 0.00263467632 0)
(-0.0460198032 0.000961809373 0)
(-0.0461017868 -0.000809989039 0)
(-0.0439350884 -0.00253571757 0)
(-0.0396780378 -0.00406016242 0)
(-0.0336841866 -0.00522127007 0)
(-0.0265006213 -0.00585978765 0)
(-0.0188481732 -0.0058378074 0)
(-0.01156669 -0.00506999479 0)
(-0.00551521445 -0.0035706952 0)
(-0.00148194613 -0.00155249539 0)
(-3.10972322e-05 0.00023394137 0)
(0.000261368523 -0.000255550295 0)
(0.000151413415 0.000102070072 0)
(-0.00117486969 0.000547371519 0)
(-0.00348034574 0.000863442232 0)
(-0.00637503689 0.00102198851 0)
(-0.00946604628 0.00103788537 0)
(-0.0123989441 0.000936135792 0)
(-0.0148804644 0.000742997563 0)
(-0.0166846337 0.000483141045 0)
(-0.0176531866 0.000180077681 1.0830042e-33)
(-0.0176969977 -0.000142288686 -1.0830042e-33)
(-0.016800067 -0.000458170739 0)
(-0.0150253909 -0.000738948149 0)
(-0.0125209018 -0.000953158085 0)
(-0.00952282142 -0.00106764052 0)
(-0.00635256776 -0.00105044111 0)
(-0.00339993143 -0.000876723037 0)
(-0.00108356969 -0.000539582415 0)
(0.000206074369 -8.25176875e-05 0)
(0.00027453755 0.000266719356 0)
)
;

boundaryField
{
    walls
    {
        type            fixedValue;
        value           uniform (0 0 0);
    }
    mov_wall
    {
        type            fixedValue;
        value           uniform (1 0 0);
    }
    empty
    {
        type            empty;
    }
}


// ************************************************************************* //
