/*--------------------------------*- C++ -*----------------------------------*\
| =========                 |                                                 |
| \\      /  F ield         | OpenFOAM: The Open Source CFD Toolbox           |
|  \\    /   O peration     | Version:  5.x                                   |
|   \\  /    A nd           | Web:      www.OpenFOAM.org                      |
|    \\/     M anipulation  |                                                 |
\*---------------------------------------------------------------------------*/
FoamFile
{
    version     2.0;
    format      ascii;
    class       volScalarField;
    location    "0.2";
    object      p;
}
// * * * * * * * * * * * * * * * * * * * * * * * * * * * * * * * * * * * * * //

dimensions      [0 2 -2 0 0 0 0];

internalField   nonuniform List<scalar> 
400
(
4.33718761e-08
2.4440251
3.47574613
3.873088
4.07955628
4.20282263
4.2832262
4.3439949
4.39689531
4.44771237
4.4999783
4.55699411
4.62285706
4.70450455
4.81518492
4.98125985
5.252043
5.74486411
6.89248275
9.45404046
1.89453819
2.86689299
3.41178284
3.73521511
3.95314962
4.10335558
4.21111966
4.29497042
4.36632705
4.4323488
4.49837791
4.56933303
4.65129143
4.75276358
4.8872196
5.0764135
5.3503638
5.74813762
6.38115124
7.46188559
3.00151549
3.27250014
3.54516426
3.76992597
3.94583905
4.08129814
4.18782499
4.27570323
4.35261453
4.42436573
4.49586296
4.57197264
4.65829855
4.76203233
4.89284564
5.06350665
5.28739587
5.56958142
5.89981203
6.22675131
3.55784753
3.60545465
3.73524061
3.8758183
4.00043388
4.10714766
4.19900227
4.27996357
4.353944
4.42461957
4.49554205
4.57044319
4.65352057
4.74965947
4.86430051
5.00270015
5.16762385
5.35206185
5.5186073
5.58882973
3.8807791
3.85408624
3.9070447
3.98931081
4.07343508
4.15357797
4.22863248
4.29906408
4.3663114
4.43229224
4.49919623
4.56947102
4.64580079
4.73093657
4.82709886
4.93478919
5.05110044
5.1649652
5.23976387
5.21762697
4.08319705
4.03397832
4.04817865
4.09398062
4.14943739
4.20825552
4.26783918
4.3270772
4.38599871
4.44530515
4.50608168
4.56963781
4.63732956
4.71021234
4.78834709
4.86972728
4.94930753
5.01628081
5.04177819
4.98837886
4.21487676
4.16364901
4.16002768
4.184208
4.22028037
4.26300304
4.30961109
4.35844539
4.40882033
4.46067057
4.51427506
4.57005397
4.62833619
4.68898993
4.75082442
4.8108373
4.86386391
4.90123721
4.90237275
4.84413714
4.30370089
4.25763335
4.24671145
4.25846719
4.28181451
4.31284494
4.34913602
4.38897328
4.43136639
4.47580525
4.52202996
4.56983781
4.61885982
4.66825055
4.7162513
4.75974949
4.79432521
4.81371418
4.80398755
4.75104939
4.3654086
4.32622889
4.31306071
4.31786451
4.33298464
4.35566237
4.38394828
4.41628226
4.45159248
4.48913769
4.52833095
4.56858015
4.60910642
4.64871774
4.68552828
4.71674674
4.73891782
4.74778282
4.73412909
4.68932666
4.40909456
4.37655256
4.36347697
4.36451556
4.37434435
4.39107558
4.41320843
4.43940536
4.46862695
4.50003727
4.53287749
4.56634691
4.59947214
4.63095953
4.65903615
4.681381
4.69543084
4.69840456
4.68423071
4.64751658
4.44030405
4.41351633
4.40152318
4.40062621
4.4070608
4.41955808
4.43698895
4.45824072
4.48235937
4.5084982
4.53583293
4.56348088
4.59041642
4.61538622
4.6368333
4.6529062
4.66175986
4.66162726
4.64846355
4.61878191
4.46255544
4.44052427
4.42994544
4.4281561
4.43243065
4.44192342
4.45579301
4.47312666
4.49307492
4.51482811
4.5375634
4.56039559
4.58232968
4.60222113
4.61875149
4.63047401
4.63607954
4.6344654
4.62287307
4.59894
4.47812545
4.45994628
4.45081405
4.44872828
4.45166044
4.45904838
4.47026534
4.48456542
4.50120388
4.51943071
4.53846096
4.55744978
4.57547263
4.59151561
4.6044807
4.61324447
4.61688077
4.61470958
4.60478576
4.58541489
4.48849777
4.47344065
4.46567279
4.4636351
4.46578016
4.47173683
4.48103654
4.49306764
4.50717968
4.52268743
4.53885779
4.55490282
4.56997948
4.58319943
4.59365034
4.60045624
4.6029595
4.6007473
4.59239865
4.57662749
4.49464332
4.48218019
4.47567016
4.4738803
4.4756226
4.48066223
4.48864898
4.49907655
4.51137237
4.52490878
4.53900244
4.55292055
4.56589427
4.57714115
4.58589534
4.59146561
4.59338329
4.59141125
4.58449245
4.5716191
4.49721982
4.48702434
4.48167419
4.48023637
4.48183784
4.48635573
4.49353222
4.5029413
4.51406781
4.52632552
4.53906713
4.5516005
4.56321196
4.57319726
4.58089783
4.58575711
4.58744317
4.58584933
4.58021999
4.56979709
4.4967573
4.48868026
4.48439775
4.48333472
4.48495572
4.48924905
4.49603284
4.50493847
4.51548442
4.52710332
4.53916209
4.55098637
4.56189097
4.5712172
4.57837527
4.58290225
4.58456907
4.58338722
4.57891897
4.57071871
4.49388245
4.48782934
4.48445084
4.48366865
4.48536104
4.48963899
4.49638049
4.50524777
4.51576369
4.52735111
4.53936303
4.55111359
4.56191314
4.57111064
4.57814332
4.58260152
4.58433093
4.58346682
4.57996733
4.5738495
4.4895602
4.48500111
4.48193342
4.48101457
4.48264581
4.48705787
4.49414222
4.50353578
4.51471293
4.52703978
4.53981231
4.55228928
4.56372711
4.57342368
4.58077529
4.58535529
4.5870288
4.58605104
4.58289537
4.5783057
4.48519631
4.48074631
4.47673186
4.47484093
4.47607896
4.48074574
4.48864606
4.49929117
4.51202406
4.52608803
4.54066522
4.55490198
4.5679345
4.57892699
4.58713231
4.59198884
4.59327227
4.59131132
4.58718714
4.5826747
)
;

boundaryField
{
    walls
    {
        type            zeroGradient;
    }
    mov_wall
    {
        type            zeroGradient;
    }
    empty
    {
        type            empty;
    }
}


// ************************************************************************* //
