/*--------------------------------*- C++ -*----------------------------------*\
| =========                 |                                                 |
| \\      /  F ield         | OpenFOAM: The Open Source CFD Toolbox           |
|  \\    /   O peration     | Version:  5.x                                   |
|   \\  /    A nd           | Web:      www.OpenFOAM.org                      |
|    \\/     M anipulation  |                                                 |
\*---------------------------------------------------------------------------*/
FoamFile
{
    version     2.0;
    format      ascii;
    class       surfaceScalarField;
    location    "0.2";
    object      phi;
}
// * * * * * * * * * * * * * * * * * * * * * * * * * * * * * * * * * * * * * //

dimensions      [0 3 -1 0 0 0 0];

internalField   nonuniform List<scalar> 
760
(
0.0013511205
-0.00135112053
0.00245726249
-0.00110614202
0.00312325916
-0.000665996742
0.00353005459
-0.000406795402
0.00378155409
-0.000251499572
0.00393750913
-0.000155954937
0.00403433185
-9.68227004e-05
0.00409350704
-5.91751906e-05
0.0041271237
-3.36166712e-05
0.00414141127
-1.42875747e-05
0.00413848301
2.92828095e-06
0.00411714682
2.13361643e-05
0.00407216154
4.49852351e-05
0.00399258464
7.95768608e-05
0.00385767475
0.000134909876
0.00362930885
0.000228365856
0.00323892021
0.000390388586
0.00256342285
0.000675497324
0.00140810278
0.00115532007
0.00140810278
-5.75889714e-05
-0.0012935315
0.00039388666
-0.00155761767
0.00098138172
-0.00125349168
0.00148893475
-0.000914348432
0.00187767822
-0.000640243127
0.00215949712
-0.00043777388
0.00235599306
-0.000293318745
0.00248663557
-0.000189817777
0.00256562917
-0.000112610238
0.0026014766
-5.01349851e-05
0.00259725508
7.14978324e-06
0.0025503264
6.82648112e-05
0.0024521373
0.000143174336
0.00228701393
0.000244700236
0.00203145863
0.000390465157
0.00165620458
0.000603619853
0.00113948021
0.000907112905
0.000514724956
0.00130025254
2.58210341e-06
0.00166746287
0.00141068488
-0.00028167842
-0.001011853
-0.000258473736
-0.00158082246
-9.13679366e-06
-0.00150282862
0.0003110402
-0.00123452543
0.000616139042
-0.000945341899
0.000871407629
-0.000693042536
0.00106791262
-0.000489823756
0.00120777191
-0.000329677046
0.00129603984
-0.000200878185
0.00133671018
-9.08053407e-05
0.00133085256
1.30073914e-05
0.00127587452
0.000123242846
0.00116548466
0.000253564165
0.000990877102
0.00041930778
0.000744505443
0.000636836802
0.000429368874
0.000918756419
7.7882383e-05
0.0012585994
-0.000216662953
0.00159479787
-0.00027857277
0.00172937266
0.00113211211
-0.000242119812
-0.000769733196
-0.000409396288
-0.0014135459
-0.000405023899
-0.00150720099
-0.00029005103
-0.00134949831
-0.000129625033
-0.00110576782
3.28278244e-05
-0.000855495406
0.000173469881
-0.00063046583
0.000281248131
-0.000437455292
0.000351957098
-0.00027158716
0.000384039865
-0.000122888134
0.000376279549
2.07676591e-05
0.000326963746
0.000172558597
0.000234356665
0.000346171209
9.89919986e-05
0.000554672408
-7.14179292e-05
0.000807246674
-0.000253759013
0.00110109747
-0.000399337783
0.00140417816
-0.000429278159
0.00162473827
-0.000264522029
0.00156461654
0.000867590102
-0.000183883664
-0.000585849516
-0.000400288779
-0.00119714075
-0.000525345265
-0.00138214454
-0.000555823414
-0.00131902013
-0.000522838397
-0.00113875288
-0.000459030614
-0.000919303185
-0.000389040058
-0.000700456369
-0.000328671705
-0.000497823643
-0.000287171618
-0.000313087269
-0.000269610918
-0.00014044886
-0.000278492796
2.96495189e-05
-0.000314264198
0.000208329998
-0.000374613484
0.00040652051
-0.000452346871
0.000632405805
-0.000531876678
0.000886776479
-0.000585286296
0.00115450709
-0.000571703935
0.00139059581
-0.000448288372
0.00150132271
-0.00021098609
0.0013273143
0.000656604025
-0.000136436312
-0.000449413238
-0.000347343327
-0.000986233692
-0.000525047045
-0.00120444079
-0.000638278894
-0.00120578822
-0.000692823057
-0.00108420875
-0.000706782713
-0.000905343511
-0.000698786872
-0.000708452205
-0.000683588547
-0.000513021974
-0.000671338397
-0.000325337423
-0.000668137526
-0.000143649733
-0.000676636202
3.81481903e-05
-0.000696128026
0.000227821811
-0.000721915255
0.000432307721
-0.000744014809
0.000654505345
-0.000745722569
0.000888484254
-0.000703615549
0.00111240011
-0.000592397668
0.00127937798
-0.00040001707
0.00130894212
-0.000159748914
0.0010870462
0.000496855118
-0.000102173593
-0.000347239688
-0.000288668698
-0.000799738584
-0.000476057509
-0.00101705196
-0.000626024707
-0.00105582103
-0.000730217696
-0.00098001577
-0.000794989226
-0.000840571982
-0.000831601832
-0.000671839602
-0.000851066505
-0.000493557289
-0.000861949512
-0.000314454393
-0.000869669762
-0.000135929462
-0.000876307788
4.47862296e-05
-0.000880402549
0.000231916572
-0.000876552745
0.000428457895
-0.000855020945
0.000632973536
-0.000801988703
0.000835452033
-0.000701850902
0.00101226237
-0.000543747602
0.00112127476
-0.000334695615
0.00109989012
-0.000119657282
0.000872007928
0.000377197847
-7.77422834e-05
-0.000269497358
-0.000235495261
-0.000641985566
-0.000411433411
-0.000841113807
-0.000569508212
-0.00089774625
-0.000695248139
-0.000854275792
-0.000787387694
-0.000748432409
-0.000850963005
-0.000608264291
-0.000892785559
-0.000451734728
-0.000918886423
-0.000288353541
-0.000933228246
-0.000121587668
-0.00093708026
4.86382237e-05
-0.000928686213
0.000223522521
-0.000903124965
0.000402896649
-0.000852576485
0.000582425083
-0.000767544012
0.00075041958
-0.000639947962
0.000884666352
-0.000469139021
0.000950465914
-0.000271248144
0.000901999224
-8.98955732e-05
0.000690655407
0.000287302278
-5.99772746e-05
-0.000209520103
-0.000190496061
-0.000511466876
-0.000346362583
-0.000685247326
-0.000496903913
-0.000747204917
-0.00062614923
-0.000725030452
-0.000728651515
-0.000645930117
-0.000805043495
-0.00053187229
-0.000858566626
-0.000398211557
-0.00089274385
-0.000254176293
-0.000909982406
-0.000104349109
-0.000910811054
4.94668707e-05
-0.000893545086
0.000206256548
-0.000854344882
0.00036369645
-0.000787841082
0.000515921318
-0.000688695369
0.000651273884
-0.000554566733
0.000750537721
-0.000390766981
0.000786666247
-0.000216141726
0.000727373947
-6.79480144e-05
0.000542461723
0.000219354254
-4.68310019e-05
-0.000162689073
-0.000153713361
-0.00040458456
-0.000287533104
-0.000551427556
-0.000423331687
-0.000611406238
-0.000545912117
-0.000602450004
-0.000647970639
-0.000543871584
-0.000727402681
-0.000452440218
-0.000784839398
-0.000340774818
-0.000821772083
-0.000217243607
-0.000839301589
-8.68196002e-05
-0.000837418281
4.75835732e-05
-0.000814726823
0.000183565097
-0.00076861921
0.000317588862
-0.000696013649
0.000443315786
-0.000594856846
0.000550117105
-0.000466550939
0.000622231792
-0.00031919602
0.000639311394
-0.000170951449
0.000579129354
-5.17662351e-05
0.000423276521
0.000167588017
-3.70149091e-05
-0.000125674177
-0.000124319224
-0.000317280205
-0.000237358653
-0.000438388123
-0.000356191853
-0.000492573021
-0.000467306098
-0.000491335809
-0.000562929227
-0.000448248474
-0.000639470068
-0.000375899362
-0.000695856561
-0.000284388316
-0.000732132246
-0.000180967919
-0.000748449109
-7.05027135e-05
-0.000744471087
4.36055828e-05
-0.000719174421
0.000158268452
-0.0006710643
0.00026947879
-0.00059887377
0.000371125264
-0.0005028206
0.000454063967
-0.000386410737
0.000505821896
-0.000258534317
0.000511435019
-0.000135220223
0.00045581526
-3.98718843e-05
0.000327928187
0.000127716152
-2.96586084e-05
-9.6015587e-05
-0.00010118733
-0.00024575145
-0.00019604344
-0.000343532019
-0.000298353145
-0.00039026337
-0.000396496587
-0.000393192412
-0.000482975879
-0.000361769168
-0.000553550453
-0.000305324761
-0.000606156884
-0.000231781868
-0.00063991088
-0.000147213899
-0.0006543499
-5.60636415e-05
-0.000648977607
3.82333306e-05
-0.00062313148
0.000132422337
-0.000576195618
0.000222542975
-0.00050818692
0.000303116549
-0.000420718566
0.000366595648
-0.000318254087
0.000403357383
-0.000209384766
0.000402565716
-0.000107649071
0.000354079593
-3.11686839e-05
0.000251447803
9.65474797e-05
-2.41237588e-05
-7.18917756e-05
-8.31169586e-05
-0.000186758265
-0.000162671015
-0.000263977967
-0.000250097631
-0.000302836809
-0.000335562769
-0.000307727265
-0.000412186847
-0.000285145039
-0.000475591414
-0.000241920165
-0.00052322025
-0.000184153027
-0.000553657483
-0.000116776648
-0.000566085611
-4.36354697e-05
-0.000559956657
3.21043969e-05
-0.000534910529
0.0001073762
-0.0004909592
0.00017859166
-0.000428941464
0.00024109878
-0.000351217645
0.000288871866
-0.000262498245
0.000314637961
-0.000170580633
0.000310648103
-8.66622973e-05
0.000270161308
-2.48116942e-05
0.000189597212
7.1735798e-05
-1.99042576e-05
-5.19874898e-05
-6.89198649e-05
-0.000137742692
-0.000135780461
-0.000197117406
-0.000210278873
-0.000228338429
-0.000284150415
-0.000233855693
-0.000351252176
-0.000218043248
-0.000407352044
-0.000185820306
-0.000449720742
-0.000141784359
-0.000476683377
-8.98140215e-05
-0.000487246718
-3.30721165e-05
-0.000480871511
2.57291752e-05
-0.000457425374
8.39300496e-05
-0.000417330239
0.000138496519
-0.000361896365
0.000185664879
-0.000293800425
0.000220775964
-0.00021760821
0.000238445736
-0.000140169764
0.000233209646
-7.06723595e-05
0.000200663959
-2.01277571e-05
0.000139052614
5.16080489e-05
-1.65626592e-05
-3.5424878e-05
-5.74322843e-05
-9.68730716e-05
-0.000113644228
-0.000140905505
-0.000176965063
-0.000165017586
-0.000240474115
-0.000170346618
-0.000298768076
-0.000159749301
-0.000347901639
-0.000136686796
-0.000385163551
-0.000104522505
-0.000408794939
-6.61826503e-05
-0.000417741485
-2.41255719e-05
-0.000411500353
1.94880159e-05
-0.000390094896
6.25245886e-05
-0.000354187225
0.000102588815
-0.00030531474
0.000136792359
-0.00024620723
0.000161668464
-0.000181099284
0.000173337777
-0.000115912159
0.00016802249
-5.81707804e-05
0.000142922617
-1.65547757e-05
9.74366091e-05
3.50532664e-05
-1.36831318e-05
-2.17417734e-05
-4.7491975e-05
-6.30641838e-05
-9.43849374e-05
-9.40125381e-05
-0.000147770356
-0.000111632135
-0.000201879139
-0.000116237839
-0.000252003408
-0.000109625077
-0.000294547772
-9.41424936e-05
-0.000326932894
-7.21374183e-05
-0.000347428792
-4.56867357e-05
-0.0003549934
-1.65609533e-05
-0.000349170514
1.36650946e-05
-0.00033007724
4.34313102e-05
-0.000298488464
7.0999978e-05
-0.000256002271
9.43061247e-05
-0.000205245722
0.000110911918
-0.000150048365
0.000118140444
-9.54886667e-05
0.00011346277
-4.77257714e-05
9.5159736e-05
-1.35878917e-05
6.32987016e-05
2.14653958e-05
-1.0840656e-05
-1.09010727e-05
-3.79278015e-05
-3.59769828e-05
-7.60477707e-05
-5.5892528e-05
-0.000120046361
-6.76335294e-05
-0.000165159668
-7.1124556e-05
-0.000207332857
-6.7451915e-05
-0.000243363952
-5.81114081e-05
-0.000270892956
-4.46083912e-05
-0.000288307371
-2.82722795e-05
-0.000294634324
-1.02340285e-05
-0.00028946976
8.50042229e-06
-0.000272972503
2.69340072e-05
-0.00024592886
4.39562832e-05
-0.000209871591
5.82488529e-05
-0.000167215979
6.82562902e-05
-0.000121349037
7.2273488e-05
-7.65919167e-05
6.87056039e-05
-3.79630298e-05
5.65309213e-05
-1.07383586e-05
3.60739866e-05
1.07270209e-05
-7.59042775e-06
-3.31058812e-06
-2.7616293e-05
-1.59510935e-05
-5.67360003e-05
-2.67727993e-05
-9.10813816e-05
-3.32881514e-05
-0.000126804613
-3.54013108e-05
-0.000160517611
-3.37388762e-05
-0.000189498011
-2.913098e-05
-0.000211719193
-2.23872185e-05
-0.000225789025
-1.42024802e-05
-0.000230868625
-5.15448024e-06
-0.00022661803
4.24978922e-06
-0.000213192556
1.35085569e-05
-0.000191294216
2.20578847e-05
-0.000162263692
2.92182849e-05
-0.000128180524
3.41731336e-05
-9.19138535e-05
3.60068987e-05
-5.70485243e-05
3.38402007e-05
-2.76049692e-05
2.70873772e-05
-7.51420704e-06
1.59832162e-05
3.21280098e-06
-3.58817205e-06
2.77599078e-07
-1.57911143e-05
-3.74814421e-06
-3.49951833e-05
-7.56872364e-06
-5.84620436e-05
-9.82128257e-06
-8.32933513e-05
-1.05699864e-05
-0.000106931872
-1.01003585e-05
-0.000127344081
-8.71880345e-06
-0.000143034342
-6.69697095e-06
-0.000152984736
-4.25207224e-06
-0.000156584443
-1.55481351e-06
-0.000153584831
1.25008649e-06
-0.000144096262
4.0199576e-06
-0.000128628831
6.59046274e-06
-0.000108165902
8.7553954e-06
-8.42477385e-05
1.02549321e-05
-5.9021057e-05
1.07802765e-05
-3.51887845e-05
1.00079428e-05
-1.57696595e-05
7.66825176e-06
-3.53741275e-06
3.75096336e-06
-3.24640908e-07
2.77603082e-07
-3.47053699e-06
-1.1039277e-05
-2.08605739e-05
-3.1430549e-05
-4.15308881e-05
-5.02497017e-05
-5.69467025e-05
-6.11987911e-05
-6.27536248e-05
-6.1503548e-05
-5.74835769e-05
-5.08931304e-05
-4.21376985e-05
-3.18827643e-05
-2.11024934e-05
-1.10945597e-05
-3.42632791e-06
3.24640155e-07
)
;

boundaryField
{
    walls
    {
        type            calculated;
        value           uniform 0;
    }
    mov_wall
    {
        type            calculated;
        value           uniform 0;
    }
    empty
    {
        type            empty;
        value           nonuniform 0();
    }
}


// ************************************************************************* //
