/*--------------------------------*- C++ -*----------------------------------*\
| =========                 |                                                 |
| \\      /  F ield         | OpenFOAM: The Open Source CFD Toolbox           |
|  \\    /   O peration     | Version:  5.x                                   |
|   \\  /    A nd           | Web:      www.OpenFOAM.org                      |
|    \\/     M anipulation  |                                                 |
\*---------------------------------------------------------------------------*/
FoamFile
{
    version     2.0;
    format      ascii;
    class       volVectorField;
    location    "0.2";
    object      U;
}
// * * * * * * * * * * * * * * * * * * * * * * * * * * * * * * * * * * * * * //

dimensions      [0 1 -1 0 0 0 0];

internalField   nonuniform List<vector> 
400
(
(0.292156898 0.150094771 0)
(0.388760913 0.128037032 0)
(0.556668547 0.0750865509 0)
(0.670836264 0.0421347108 0)
(0.735823251 0.0237182083 0)
(0.774787545 0.0134188505 0)
(0.799059584 0.00764759463 0)
(0.814088711 0.00433769364 0)
(0.823027798 0.00231159883 0)
(0.827647252 0.000908094848 2.69259772e-34)
(0.828753969 -0.000275365431 -2.69259772e-34)
(0.826435914 -0.00156124996 0)
(0.820077497 -0.00329914558 0)
(0.808126253 -0.00605884989 0)
(0.787591314 -0.010924583 0)
(0.753016432 -0.0200398775 0)
(0.692862119 -0.0375825793 0)
(0.581414992 -0.0712795101 0)
(0.407304988 -0.12795922 0)
(0.300871731 -0.153117017 0)
(0.00128101899 0.288005698 0)
(0.0118662887 0.292242533 0)
(0.133913742 0.205441402 0)
(0.251550279 0.136302101 0)
(0.34167654 0.08892768 0)
(0.40782312 0.0574524248 0)
(0.454824572 0.0367940845 0)
(0.486864163 0.0230120518 0)
(0.507346494 0.0133274405 0)
(0.51857434 0.0058380458 0)
(0.521711371 -0.000865094903 0)
(0.516813236 -0.00803773039 0)
(0.502787513 -0.0170851156 0)
(0.477227358 -0.029970904 0)
(0.436220603 -0.0497796836 0)
(0.374489429 -0.0814073265 0)
(0.285557266 -0.131939425 0)
(0.163399991 -0.20929597 0)
(0.0301474356 -0.307077325 0)
(0.010340452 -0.305153695 0)
(-0.0326896105 0.240984235 0)
(-0.0673368435 0.32735733 0)
(-0.0330621184 0.287347092 0)
(0.0294654592 0.223234199 0)
(0.0944307043 0.163660898 0)
(0.151312134 0.115842934 0)
(0.196613316 0.0796496424 0)
(0.230076641 0.0525306923 0)
(0.252672649 0.0316041547 0)
(0.265439392 0.0142678258 -2.38607438e-33)
(0.268942923 -0.00181711746 2.38607438e-33)
(0.263049978 -0.0189324652 0)
(0.246852102 -0.039595783 0)
(0.218738522 -0.0668469358 0)
(0.176814901 -0.104431841 0)
(0.120150791 -0.156360868 0)
(0.0512762167 -0.224526187 0)
(-0.0194981966 -0.302069047 0)
(-0.0640820887 -0.355564569 0)
(-0.0324665021 -0.266998489 0)
(-0.0270944213 0.179037921 0)
(-0.0720369994 0.30423642 0)
(-0.0874011092 0.309139453 0)
(-0.0729562119 0.266638705 0)
(-0.0429418642 0.211779591 0)
(-0.00909138917 0.159676866 0)
(0.0219951807 0.115286414 0)
(0.0471555499 0.0787993054 0)
(0.0651170223 0.0484958546 0)
(0.0754463885 0.0219999529 2.38605644e-33)
(0.0779386718 -0.00328156133 -2.38605644e-33)
(0.0723128653 -0.030077733 0)
(0.0581691196 -0.0612891132 0)
(0.0352354292 -0.0999376666 0)
(0.00403631562 -0.148732802 0)
(-0.0327778102 -0.208628372 0)
(-0.0682925193 -0.275210501 0)
(-0.0891411165 -0.33156313 0)
(-0.0778230963 -0.336054058 0)
(-0.0299289515 -0.201811991 0)
(-0.0187026504 0.134400508 0)
(-0.0604875084 0.26215457 0)
(-0.0965535312 0.292965898 0)
(-0.111884762 0.272133907 0)
(-0.110079199 0.229564349 0)
(-0.0989839425 0.181751174 0)
(-0.0846552606 0.13634178 0)
(-0.0710474137 0.0958101749 0)
(-0.0605387301 0.0599045715 0)
(-0.0544647595 0.0270231413 -2.98635783e-34)
(-0.053530799 -0.00507452576 2.98635783e-34)
(-0.0580326327 -0.0389128589 0)
(-0.0678441403 -0.0770468103 0)
(-0.0821401701 -0.121664841 0)
(-0.0988314719 -0.173728785 0)
(-0.113739991 -0.231196204 0)
(-0.11968714 -0.285750561 0)
(-0.106730978 -0.317839 0)
(-0.0690496674 -0.291139038 0)
(-0.0217037016 -0.151357596 0)
(-0.0125530013 0.10240646 0)
(-0.0477070656 0.21786001 0)
(-0.0892753341 0.259981564 0)
(-0.119382061 0.255125361 0)
(-0.135535992 0.225428811 0)
(-0.141429178 0.185460332 0)
(-0.141212405 0.143404387 0)
(-0.138301994 0.102973183 0)
(-0.135175434 0.0650697949 0)
(-0.133426229 0.0289707302 0)
(-0.13390936 -0.00690389547 0)
(-0.136828943 -0.0444748068 0)
(-0.141687842 -0.0855474767 0)
(-0.147082485 -0.131204307 0)
(-0.150399422 -0.180809021 0)
(-0.147576658 -0.23039994 0)
(-0.133197891 -0.270387355 0)
(-0.101973716 -0.282989176 0)
(-0.0557345883 -0.241177525 0)
(-0.0148561935 -0.114105735 0)
(-0.00859817801 0.0787466714 0)
(-0.0371373808 0.177544166 0)
(-0.077109529 0.222056345 0)
(-0.112325882 0.227098689 0)
(-0.137756276 0.207999313 0)
(-0.154156762 0.176369795 0)
(-0.163733703 0.139679387 0)
(-0.168862591 0.10197675 0)
(-0.171558523 0.0648552047 0)
(-0.173237541 0.0283308108 0)
(-0.174655687 -0.0084612464 0)
(-0.175887349 -0.0467066771 0)
(-0.17626528 -0.0873709722 0)
(-0.174281937 -0.130534466 0)
(-0.167540207 -0.174475259 0)
(-0.15293466 -0.214456596 0)
(-0.12726713 -0.241390501 0)
(-0.0889568779 -0.240969803 0)
(-0.0434963985 -0.19473703 0)
(-0.0101535276 -0.0863180331 0)
(-0.00608830311 0.0609346041 0)
(-0.0289496166 0.142996798 0)
(-0.0644797277 0.185069459 0)
(-0.099405803 0.195302369 0)
(-0.128153175 0.183944651 0)
(-0.149793836 0.15973019 0)
(-0.165053002 0.128905947 0)
(-0.175269142 0.0953010023 0)
(-0.181812136 0.0608021688 0)
(-0.1857253 0.0259460847 0)
(-0.187552657 -0.00951345613 0)
(-0.18725601 -0.0460825667 0)
(-0.184165697 -0.0839964753 0)
(-0.176975044 -0.122607077 0)
(-0.16386241 -0.159646915 0)
(-0.142880851 -0.19042879 0)
(-0.112709276 -0.2072291 0)
(-0.0740840302 -0.199356325 0)
(-0.033546423 -0.154845907 0)
(-0.00706719224 -0.0655455551 0)
(-0.0044463104 0.0473183367 0)
(-0.0226789359 0.114243151 0)
(-0.0530245042 0.151652898 0)
(-0.0850462451 0.163930523 0)
(-0.113542989 0.157802671 0)
(-0.136794326 0.139621566 0)
(-0.154568036 0.114349886 0)
(-0.167381535 0.0853350306 0)
(-0.175997997 0.0544873028 0)
(-0.181062211 0.0226520329 3.0151064e-34)
(-0.182893301 -0.00995826201 -3.0151064e-34)
(-0.181382283 -0.0433200968 0)
(-0.17596148 -0.0771353686 0)
(-0.165659347 -0.110325631 0)
(-0.149303916 -0.140495611 0)
(-0.125959837 -0.163464662 0)
(-0.095602517 -0.173094805 0)
(-0.0601346366 -0.161757853 0)
(-0.0257907383 -0.121950492 0)
(-0.0050279556 -0.0499449599 0)
(-0.00333273511 0.0367659917 0)
(-0.0178845717 0.0906505715 0)
(-0.043272031 0.122669373 0)
(-0.0714120493 0.135090312 0)
(-0.0978028225 0.132283674 0)
(-0.120467911 0.118781416 4.71351755e-33)
(-0.138636274 0.0984049574 0)
(-0.152259248 0.073944628 0)
(-0.161623694 0.0471776797 -4.7886035e-33)
(-0.167037263 0.01908855 3.26061176e-36)
(-0.168633067 -0.00981708483 4.78749593e-36)
(-0.166273403 -0.039160036 0)
(-0.159536794 -0.0683136008 0)
(-0.1478008 -0.096016548 0)
(-0.130460696 -0.120009789 0)
(-0.107323034 -0.136796732 0)
(-0.0791247892 -0.141702965 0)
(-0.0481787607 -0.129438267 0)
(-0.0198704955 -0.0953970729 0)
(-0.00365568914 -0.0381361117 0)
(-0.00255672817 0.0284843789 0)
(-0.0142276513 0.0713953874 0)
(-0.0352733888 0.0980732428 0)
(-0.0594377775 0.109594889 0)
(-0.0829598716 0.108777744 0)
(-0.103891838 0.0988185167 -4.71351755e-33)
(-0.121210019 0.0826030505 0)
(-0.134517983 0.0623868992 0)
(-0.143771324 0.0397379935 4.7886035e-33)
(-0.149029761 0.0156588413 1.50725661e-33)
(-0.150294584 -0.00919325252 -1.51530472e-33)
(-0.147429834 -0.034240034 0)
(-0.140161945 -0.0586975252 0)
(-0.128167094 -0.0812958795 0)
(-0.111267569 -0.100047683 0)
(-0.089746198 -0.112149073 0)
(-0.0647084598 -0.114135539 0)
(-0.0384558361 -0.102399488 0)
(-0.0154184396 -0.0741591575 0)
(-0.0027187279 -0.0291060608 0)
(-0.00200627912 0.0218979825 0)
(-0.0114461875 0.0556639401 0)
(-0.0288657533 0.077410989 0)
(-0.0493836619 0.0875355612 0)
(-0.0699049309 0.087831894 0)
(-0.0886410341 0.0805356111 0)
(-0.104492096 0.067796919 0)
(-0.116874724 0.0513997035 0)
(-0.125537155 0.0326758916 0)
(-0.130375584 0.0125672144 3.02678331e-34)
(-0.131309003 -0.00822482646 -3.02678331e-34)
(-0.128219979 -0.02904531 0)
(-0.120961399 -0.0490781175 0)
(-0.109434955 -0.0671514317 0)
(-0.0937500331 -0.0815976158 0)
(-0.0744561152 -0.0902323319 0)
(-0.0527770367 -0.0905326195 0)
(-0.0308068316 -0.0800640505 0)
(-0.0121080292 -0.0571777739 0)
(-0.00207317378 -0.0221074685 0)
(-0.00161055497 0.0165814736 0)
(-0.00932963208 0.042739377 0)
(-0.0237946673 0.0600977409 0)
(-0.0411487614 0.0686501654 0)
(-0.0588552842 0.0695091361 0)
(-0.0753305943 0.06422201 0)
(-0.089497412 0.0543720887 0)
(-0.100692422 0.0413446045 0)
(-0.108548621 0.0262363426 0)
(-0.112865201 0.00988159095 3.02862236e-34)
(-0.113516243 -0.00704828792 -3.02862236e-34)
(-0.110408773 -0.023907961 0)
(-0.103492341 -0.0399312172 0)
(-0.092823096 -0.0541000445 0)
(-0.0786837084 -0.0650641334 0)
(-0.0617457672 -0.0711583016 0)
(-0.0432111917 -0.0705686917 0)
(-0.0249010581 -0.0616679239 0)
(-0.00965991051 -0.0435128364 0)
(-0.00162506118 -0.0165892311 0)
(-0.00132039718 0.0122230192 0)
(-0.00770102468 0.0320363911 0)
(-0.0197712756 0.0455646265 0)
(-0.034445467 0.0525468398 0)
(-0.0496429262 0.0536334459 0)
(-0.0639878871 0.0498777516 0)
(-0.0764746604 0.042429518 0)
(-0.0864253695 0.0323439158 0)
(-0.0934199783 0.0204970035 0)
(-0.097207495 0.00759150734 0)
(-0.0976419764 -0.00577846186 0)
(-0.0946540686 -0.0190326687 0)
(-0.0882607758 -0.0315031736 0)
(-0.0786145666 -0.0423480749 0)
(-0.0660894908 -0.0505076699 0)
(-0.051389687 -0.0547371386 0)
(-0.0356277589 -0.0537485725 0)
(-0.0203522715 -0.0464689816 0)
(-0.0078375291 -0.0324013247 0)
(-0.00130922398 -0.0121521905 0)
(-0.00109724284 0.00860423963 0)
(-0.0064025882 0.02311364 0)
(-0.0164944246 0.0333360097 0)
(-0.028889793 0.0388363668 0)
(-0.0418814961 0.0399491023 0)
(-0.0542861563 0.037372428 0)
(-0.0651893296 0.0319251419 0)
(-0.0739354314 0.0243913191 0)
(-0.0800906803 0.0154461057 0)
(-0.0833845674 0.00565135294 0)
(-0.0836662786 -0.00450287311 0)
(-0.0808859342 -0.0145336736 0)
(-0.0751032897 -0.0238961295 0)
(-0.0665239052 -0.031927144 0)
(-0.055558905 -0.037822745 0)
(-0.0428946552 -0.0406733473 0)
(-0.0295300461 -0.0395793469 0)
(-0.0167691835 -0.0338493647 0)
(-0.00643681655 -0.0232719489 0)
(-0.00107647851 -0.00852009864 0)
(-0.000905958028 0.00559162813 0)
(-0.00528350754 0.0156790648 0)
(-0.0136555375 0.0230701926 0)
(-0.0240441809 0.0272097056 0)
(-0.0350561103 0.0282223291 0)
(-0.0456792663 0.026553997 0)
(-0.0550953478 0.0227709813 0)
(-0.0626914688 0.0174347093 0)
(-0.0680450074 0.0110403271 0)
(-0.0708860721 0.00400892239 0)
(-0.0710681126 -0.00328576047 0)
(-0.0685556167 -0.0104737395 0)
(-0.0634314017 -0.017142273 0)
(-0.0559229216 -0.0227994156 0)
(-0.0464432035 -0.0268623923 0)
(-0.0356341737 -0.0286884861 0)
(-0.0243781837 -0.0276650371 0)
(-0.0137700545 -0.0233613941 0)
(-0.00527306321 -0.0157434846 0)
(-0.000884771408 -0.00552288901 0)
(-0.000710037399 0.00313574794 0)
(-0.00419263393 0.00958845739 0)
(-0.0109425409 0.0145724172 0)
(-0.0194429625 0.017473606 0)
(-0.0285745449 0.0182965964 0)
(-0.0374777168 0.0173143978 0)
(-0.0454322308 0.0149002169 0)
(-0.0518831727 0.011431337 0)
(-0.0564385492 0.00724303521 0)
(-0.058844905 0.00262205768 0)
(-0.0589668092 -0.00217578123 0)
(-0.0567784258 -0.00689681774 0)
(-0.0523695426 -0.0112590885 0)
(-0.0459651904 -0.0149288685 0)
(-0.037954425 -0.0175139931 0)
(-0.0289173739 -0.018586372 0)
(-0.019622507 -0.017746742 0)
(-0.0109864982 -0.0147369832 0)
(-0.00417058509 -0.00961428403 0)
(-0.000692947472 -0.00308951909 0)
(-0.000469109004 0.00127182435 0)
(-0.00298160252 0.00483461265 0)
(-0.00805951328 0.00779041344 0)
(-0.01462672 0.00956572266 0)
(-0.021812306 0.0101279025 0)
(-0.0289015845 0.00963749452 0)
(-0.0352841559 0.00831769201 0)
(-0.0404851685 0.00639151895 0)
(-0.044166496 0.00405401185 0)
(-0.0461088321 0.00146970155 0)
(-0.0461959647 -0.00121576723 0)
(-0.0444083653 -0.0038580779 0)
(-0.0408281356 -0.00629602398 0)
(-0.0356544163 -0.00833722957 0)
(-0.029225303 -0.0097532945 0)
(-0.0220368795 -0.0102921228 0)
(-0.0147365145 -0.00971677636 0)
(-0.00807949481 -0.00787735902 0)
(-0.00296282239 -0.00484393561 0)
(-0.000457274822 -0.00124463752 0)
(-0.000153670044 0.000118989691 0)
(-0.00155416851 0.00157941062 0)
(-0.0048021737 0.0029113352 0)
(-0.00921997365 0.00371649798 0)
(-0.014178562 0.00398750001 0)
(-0.0191315339 0.0038113405 0)
(-0.0236183059 0.00329350799 0)
(-0.0272864777 0.00253207723 0)
(-0.0298878203 0.00160813555 0)
(-0.031262377 0.000587087263 0)
(-0.0313254467 -0.000474736434 0)
(-0.0300623838 -0.00152169545 0)
(-0.0275325227 -0.00249043754 0)
(-0.0238813764 -0.00330297054 0)
(-0.0193581371 -0.00386314906 0)
(-0.0143320102 -0.0040598107 0)
(-0.0092915243 -0.0037815033 0)
(-0.0048123142 -0.0029466335 0)
(-0.00154029939 -0.00158050521 0)
(-0.000145862817 -0.000106338577 0)
(0.000134874518 -0.000129809143 0)
(-0.000135858271 0.000179870398 0)
(-0.00133165629 0.000496101726 0)
(-0.00313292959 0.000681680024 0)
(-0.00522558181 0.00074477443 0)
(-0.00733646501 0.000713854207 0)
(-0.00925133158 0.000615922219 0)
(-0.0108158084 0.000472843022 0)
(-0.0119253137 0.000300763534 0)
(-0.0125136964 0.000111487063 1.09137072e-33)
(-0.0125455151 -8.54704742e-05 -1.09137072e-33)
(-0.0120131587 -0.0002807988 0)
(-0.0109388533 -0.000463365178 0)
(-0.00938124363 -0.000618388997 0)
(-0.00744567534 -0.000726146303 0)
(-0.00529577124 -0.000761635713 0)
(-0.00316086601 -0.000696394294 0)
(-0.00132950233 -0.000503347932 0)
(-0.000124099324 -0.000179058533 0)
(0.000140425336 0.000132841767 0)
)
;

boundaryField
{
    walls
    {
        type            fixedValue;
        value           uniform (0 0 0);
    }
    mov_wall
    {
        type            fixedValue;
        value           uniform (1 0 0);
    }
    empty
    {
        type            empty;
    }
}


// ************************************************************************* //
