/*--------------------------------*- C++ -*----------------------------------*\
| =========                 |                                                 |
| \\      /  F ield         | OpenFOAM: The Open Source CFD Toolbox           |
|  \\    /   O peration     | Version:  5.x                                   |
|   \\  /    A nd           | Web:      www.OpenFOAM.org                      |
|    \\/     M anipulation  |                                                 |
\*---------------------------------------------------------------------------*/
FoamFile
{
    version     2.0;
    format      ascii;
    class       volScalarField;
    location    "5.9";
    object      p;
}
// * * * * * * * * * * * * * * * * * * * * * * * * * * * * * * * * * * * * * //

dimensions      [0 2 -2 0 0 0 0];

internalField   nonuniform List<scalar> 
400
(
1.56753796e-06
2.45246104
3.49432472
3.89888087
4.10664884
4.22470834
4.29429301
4.34027986
4.37634033
4.41011244
4.44676139
4.4909163
4.54765595
4.62449101
4.7347992
4.90459769
5.18238136
5.68420272
6.84131728
9.41172629
1.88670673
2.86729091
3.41988512
3.7477454
3.96518236
4.10974883
4.20767589
4.27899385
4.3367464
4.38961471
4.4442469
4.50657343
4.58333503
4.68329931
4.8197278
5.01368058
5.29402384
5.69847058
6.33841708
7.42837277
2.98207927
3.2625317
3.54233261
3.7706811
3.94570721
4.0757173
4.17322719
4.25000486
4.31527718
4.37623747
4.43892661
4.50902312
4.59257663
4.69678426
4.83085165
5.00663969
5.23632322
5.52394079
5.86049228
6.19823904
3.52778568
3.58534427
3.72178693
3.86537828
3.9890656
4.09083386
4.17461175
4.24571552
4.30952844
4.37102469
4.43477611
4.50520587
4.58678997
4.6842561
4.80245271
4.94569421
5.11575092
5.30514946
5.47833848
5.55964045
3.8442186
3.82688195
3.88518133
3.96938446
4.05222127
4.12779248
4.19567008
4.25747926
4.31592438
4.37409377
4.43506656
4.50185905
4.5773326
4.66400753
4.76350553
4.87551254
4.99636056
5.11480335
5.19584743
5.18371731
4.04550257
4.00366024
4.02142752
4.06785129
4.12138383
4.1757424
4.22885625
4.28053914
4.33186157
4.38449314
4.44027244
4.50096952
4.56805022
4.64232779
4.72332779
4.80836785
4.89180825
4.96267943
4.99308207
4.9468094
4.18058714
4.13383227
4.13184019
4.15536994
4.18883488
4.22706806
4.26772837
4.30987315
4.35363871
4.39973269
4.44903975
4.50233831
4.56002033
4.62172315
4.68578677
4.7486274
4.80456122
4.84466716
4.84862603
4.79368142
4.27565989
4.23084383
4.21966139
4.22967562
4.24984705
4.276356
4.30712365
4.34098404
4.37757979
4.41700031
4.45945276
4.50499765
4.55328665
4.60325056
4.65270631
4.69801256
4.73425998
4.75484817
4.74556187
4.69204353
4.34467536
4.30373228
4.28863023
4.29082876
4.30237744
4.32057284
4.34373124
4.37070304
4.40089424
4.4340167
4.46982949
4.50791901
4.54748482
4.58711035
4.62451463
4.65641447
4.67889483
4.68733443
4.67188057
4.62321786
4.39526035
4.35850557
4.34215834
4.3399593
4.34599022
4.35836231
4.37576206
4.39714611
4.42182642
4.44929974
4.47905182
4.51038798
4.54227536
4.5731937
4.60100147
4.62292726
4.6359968
4.63709345
4.61932589
4.57637884
4.43196458
4.39925861
4.3830554
4.37851154
4.38106679
4.38939699
4.40248828
4.41942536
4.43950301
4.46210977
4.48658324
4.51208775
4.53750891
4.56136986
4.58177718
4.59648226
4.60329548
4.60017454
4.58220678
4.54489491
4.45777747
4.42889663
4.41358122
4.40794578
4.4083805
4.41394816
4.423865
4.43733932
4.45368901
4.47226201
4.49233182
4.51301468
4.53320744
4.55155235
4.566434
4.57607142
4.57888658
4.57357556
4.55655614
4.52447892
4.47482849
4.44957432
4.4355622
4.42962141
4.42885392
4.4325946
4.44023638
4.45109932
4.46454375
4.47991661
4.49647825
4.51335128
4.52949202
4.54368945
4.5545928
4.56081174
4.56122818
4.55503688
4.53957417
4.51226032
4.48473149
4.46296029
4.45049398
4.44475231
4.44341755
4.44602978
4.45212347
4.46111836
4.4724237
4.48540414
4.49933172
4.51335993
4.52652073
4.53774718
4.545919
4.54996012
4.54909457
4.54285797
4.52925632
4.50627283
4.48877505
4.47040369
4.45962169
4.4543944
4.45292823
4.4549378
4.46007971
4.4678629
4.47774273
4.48910372
4.50123345
4.51331762
4.52445696
4.53370712
4.54013562
4.54291388
4.54152404
4.53574955
4.5241355
4.50513666
4.48806233
4.47305802
4.46401039
4.45945623
4.45813213
4.45992507
4.46460631
4.47176388
4.48088814
4.49137152
4.50250342
4.51348422
4.52345916
4.53157199
4.53703154
4.53920052
4.53776335
4.53270878
4.52308456
4.50782219
4.48366943
4.47201145
4.46464192
4.4607638
4.45970297
4.46153812
4.46615452
4.47320709
4.48220185
4.49251521
4.50341068
4.5140711
4.52364836
4.53133004
4.53641675
4.53841355
4.53717139
4.53287929
4.52512747
4.5134172
4.47685659
4.46838889
4.4624305
4.45901693
4.45816339
4.46017124
4.46503616
4.47245853
4.48192903
4.49277148
4.50418241
4.51528141
4.52517562
4.53304003
4.5382091
4.54027932
4.53924008
4.53549954
4.52928876
4.52085726
4.46928718
4.4631956
4.45767553
4.45396929
4.4529233
4.45509052
4.4605442
4.46896956
4.47977222
4.49215017
4.5051553
4.51775958
4.52893231
4.53773546
4.54343561
4.54563206
4.54440549
4.54041724
4.53470018
4.52866714
4.46345009
4.4575243
4.45037176
4.44492826
4.4429047
4.44509677
4.45156876
4.46187406
4.47521596
4.49055227
4.5066735
4.52227721
4.53605462
4.54680062
4.55355325
4.55576657
4.55352142
4.54775056
4.54035268
4.53446329
)
;

boundaryField
{
    walls
    {
        type            zeroGradient;
    }
    mov_wall
    {
        type            zeroGradient;
    }
    empty
    {
        type            empty;
    }
}


// ************************************************************************* //
