/*--------------------------------*- C++ -*----------------------------------*\
| =========                 |                                                 |
| \\      /  F ield         | OpenFOAM: The Open Source CFD Toolbox           |
|  \\    /   O peration     | Version:  5.x                                   |
|   \\  /    A nd           | Web:      www.OpenFOAM.org                      |
|    \\/     M anipulation  |                                                 |
\*---------------------------------------------------------------------------*/
FoamFile
{
    version     2.0;
    format      ascii;
    class       surfaceScalarField;
    location    "5.9";
    object      phi;
}
// * * * * * * * * * * * * * * * * * * * * * * * * * * * * * * * * * * * * * //

dimensions      [0 3 -1 0 0 0 0];

internalField   nonuniform List<scalar> 
760
(
0.00134817656
-0.00134817731
0.00245763975
-0.00110946318
0.00313513467
-0.000677494929
0.00355971571
-0.000424581054
0.0038322513
-0.000272535596
0.00400945215
-0.000177200837
0.00412521451
-0.000115762339
0.00419921709
-7.4002571e-05
0.00424243237
-4.32152881e-05
0.00426055358
-1.81212362e-05
0.00425562234
4.9312388e-06
0.00422675777
2.88645876e-05
0.00416938941
5.7368388e-05
0.00407358506
9.58043474e-05
0.00391995094
0.000153634097
0.00367201929
0.000247931642
0.00326316022
0.000408859078
0.00257264076
0.000690519477
0.00140850173
0.00116413904
0.00140850173
-5.46953108e-05
-0.001293482
0.000412592613
-0.00157675109
0.00103002979
-0.00129493209
0.00157871387
-0.000973265124
0.00201483269
-0.000708654432
0.00234477724
-0.000507145406
0.0025851163
-0.000356101389
0.00275126941
-0.000240155659
0.0028545678
-0.000146513664
0.00290179533
-6.5348765e-05
0.00289536659
1.13599511e-05
0.00283293035
9.13008223e-05
0.00270712573
0.00018317302
0.00250436375
0.000298566352
0.0022041099
0.000453887959
0.00178090172
0.000671139795
0.00121756798
0.000972192802
0.000552812551
0.00135527491
1.30664752e-05
0.00170388513
0.00142156821
-0.000271734678
-0.00102174733
-0.00022102663
-0.00162745914
7.13677752e-05
-0.00158732648
0.000446285639
-0.00134818297
0.000812489677
-0.00107485847
0.00112929925
-0.000823955
0.00138207828
-0.000608880439
0.00156800785
-0.000426085218
0.00168837696
-0.000266882738
0.00174468454
-0.000121656337
0.00173678976
1.92547231e-05
0.0016621344
0.000165956157
0.00151571286
0.000329594556
0.00129125423
0.000523025005
0.0009850117
0.000760130513
0.000605009659
0.00105114183
0.000189850703
0.00138735174
-0.000160045089
0.00170517069
-0.00026164064
0.00180548068
0.00115992759
-0.000227941591
-0.000793805741
-0.000361197352
-0.0014942034
-0.000308328258
-0.00164019557
-0.000134821232
-0.00152168997
8.9209376e-05
-0.00129888906
0.000314971858
-0.00104971749
0.000513262972
-0.00080717158
0.00066829998
-0.000581122235
0.000771990302
-0.000370573037
0.000820036117
-0.000169702121
0.000809727659
2.95631843e-05
0.000739201013
0.000236482777
0.00060793564
0.000460859909
0.000419110851
0.000711849806
0.000184524327
0.000994717067
-6.71911659e-05
0.00130285734
-0.000280617542
0.0016007781
-0.000369418489
0.00179397162
-0.000246993645
0.00168305583
0.000912933959
-0.000168965212
-0.000624840517
-0.000352016207
-0.00131115242
-0.000431557725
-0.00156065406
-0.000408909019
-0.00154433866
-0.000319435196
-0.00138836285
-0.000200095185
-0.00116905749
-7.98100977e-05
-0.000927456689
2.15782131e-05
-0.000682510576
9.14286559e-05
-0.000440423479
0.00012213537
-0.000200408799
0.000109757204
4.19413778e-05
5.36457178e-05
0.000292594251
-4.27490289e-05
0.000557254623
-0.000169694066
0.000838794833
-0.000307652447
0.00113267547
-0.000423468621
0.00141867354
-0.000470024862
0.00164733435
-0.000397824825
0.00172177157
-0.000196431039
0.00148166203
0.00071650293
-0.000124192124
-0.00050064837
-0.000308335642
-0.00112700892
-0.000450494132
-0.0014184956
-0.000523204063
-0.00147162874
-0.00053539109
-0.0013761758
-0.000508160825
-0.00119628772
-0.000463156886
-0.000972460624
-0.000418060959
-0.000727606537
-0.000385619055
-0.000472865411
-0.000373912103
-0.000212115734
-0.000386727931
5.47572499e-05
-0.000423459486
0.000329325823
-0.000478356375
0.000612151484
-0.000539178298
0.000899616722
-0.000585818907
0.00117931608
-0.000590512341
0.00142336701
-0.000523085119
0.00157990715
-0.000366699072
0.00156538552
-0.000150585986
0.00126554893
0.000565916937
-9.45729256e-05
-0.000406075424
-0.000264649733
-0.000956932097
-0.000430738395
-0.00125240696
-0.000556976979
-0.00134539019
-0.00063679326
-0.00129635952
-0.000678141782
-0.00115493916
-0.000693943916
-0.000956658454
-0.000696929235
-0.000724621229
-0.000697274084
-0.000472520608
-0.000701661801
-0.000207728036
-0.000712860736
6.59562188e-05
-0.000729336352
0.000345801487
-0.000744753789
0.000627568926
-0.000747580308
0.000902443201
-0.000721469928
0.00115320567
-0.000647843412
0.00134974051
-0.00051287692
0.0014449407
-0.000321206263
0.00137371488
-0.000116485691
0.00106082835
0.000449431226
-7.53437423e-05
-0.000330731678
-0.000228206804
-0.000804069004
-0.000398353648
-0.00108226011
-0.000550539537
-0.00119320433
-0.000670626493
-0.00117627259
-0.000757578379
-0.00106798726
-0.000816784815
-0.000897451967
-0.000855587425
-0.000685818589
-0.000880624296
-0.000447483766
-0.000896360358
-0.000191992026
-0.000904270128
7.38659827e-05
-0.000902360322
0.000343891731
-0.000884972187
0.000610180837
-0.000843104144
0.000860575149
-0.000765820202
0.00107592169
-0.000643664765
0.00122758504
-0.000475103957
0.00127637991
-0.000276309841
0.00117492081
-9.21328475e-05
0.000876651373
0.000357298364
-6.22883284e-05
-0.000268443369
-0.000198541323
-0.000667815975
-0.000362893635
-0.000917907764
-0.000523850711
-0.00103224726
-0.000664415245
-0.0010357081
-0.000778128963
-0.000954273569
-0.000864812202
-0.000810768699
-0.000927165463
-0.000623465268
-0.000968399659
-0.000406249553
-0.000990721217
-0.000169670514
-0.000994436407
7.75811213e-05
-0.000977525775
0.000326981108
-0.000935695003
0.000568350123
-0.000863101214
0.000787981401
-0.000754123144
0.000966943598
-0.00060662632
0.00108008817
-0.000426950432
0.001096704
-0.000236038301
0.00098400869
-7.43490169e-05
0.000714962118
0.000282949353
-5.27689934e-05
-0.000215674407
-0.00017381281
-0.000546772147
-0.0003275574
-0.000764163129
-0.000486865956
-0.000872938671
-0.000634380175
-0.000888193905
-0.000760757881
-0.000827895917
-0.000862116705
-0.000709409896
-0.000937654778
-0.000547927149
-0.000987783206
-0.000356121063
-0.00101282394
-0.000144629781
-0.00101222277
7.69798997e-05
-0.00098424074
0.000298999029
-0.000926163096
0.0005102725
-0.000835158809
0.000696977175
-0.000709976065
0.000841760889
-0.000553597317
0.000923709405
-0.000376676992
0.000919783629
-0.000200960068
0.000808291748
-6.08626359e-05
0.0005748647
0.000222086738
-4.52979362e-05
-0.000170376491
-0.000152454001
-0.000439616106
-0.000293299633
-0.000623317475
-0.000444763093
-0.000721475158
-0.000590345814
-0.000742611157
-0.000719473349
-0.000698768418
-0.000826046379
-0.000602836925
-0.000906878253
-0.000467095282
-0.000960347585
-0.00030265167
-0.000985403123
-0.000119574185
-0.000980963135
7.25399015e-05
-0.000945732127
0.000263767957
-0.000878480071
0.000443020404
-0.000778855084
0.000597352215
-0.000648784044
0.000711689907
-0.000494403527
0.000769328917
-0.000328204145
0.000753584229
-0.000170678378
0.000650765947
-5.02806714e-05
0.000454466981
0.000171806083
-3.90621662e-05
-0.000131314315
-0.000133403812
-0.000345274502
-0.00026035
-0.000496371308
-0.000400388985
-0.000581436139
-0.000538431175
-0.000604568907
-0.000663692751
-0.000573506825
-0.000768938046
-0.000497591679
-0.000849523118
-0.00038651027
-0.000902500973
-0.000249673808
-0.000925934096
-9.61409936e-05
-0.000918488844
6.5094702e-05
-0.000879356175
0.000224635267
-0.000808535352
0.000372199518
-0.000707505306
0.000496322138
-0.000580261711
0.000584446339
-0.000434588329
0.000623655585
-0.000283248274
0.000602244198
-0.000144573357
0.000512091017
-4.17551917e-05
0.000351648792
0.00013005089
-3.36093805e-05
-9.77048977e-05
-0.00011597349
-0.000262910418
-0.000228685905
-0.000383658942
-0.000355331176
-0.000454790884
-0.0004824485
-0.000477451539
-0.000599656619
-0.000456298643
-0.000699324699
-0.000397923593
-0.000776050484
-0.000309784545
-0.000826127667
-0.000199596679
-0.000847124168
-7.51444757e-05
-0.000837646081
5.56166844e-05
-0.000797332172
0.000184321403
-0.000727102512
0.000301969833
-0.000629656447
0.000398876017
-0.000510163502
0.000464953368
-0.000377005156
0.000490497263
-0.000242314858
0.000467553941
-0.00012197822
0.000391754398
-3.47332098e-05
0.000264403774
9.53176652e-05
-2.86574727e-05
-6.90473877e-05
-9.96601987e-05
-0.000191907678
-0.000198116998
-0.000285202178
-0.000310357585
-0.000342550347
-0.000424616097
-0.000363193034
-0.000531265892
-0.000349648793
-0.000622765419
-0.000306424007
-0.000693446601
-0.000239103368
-0.00073925882
-0.000153784522
-0.000757558072
-5.68452702e-05
-0.000747003475
4.50621114e-05
-0.000707597926
0.00014491592
-0.000640884369
0.000235256313
-0.00055027705
0.000308268675
-0.000441462361
0.000356138631
-0.00032274588
0.000371780762
-0.000205166595
0.000349974675
-0.000102185435
0.000288773269
-2.88024072e-05
0.00019102076
6.65152471e-05
-2.39812142e-05
-4.50661644e-05
-8.3997415e-05
-0.000131891432
-0.000168257068
-0.000200942515
-0.000265595485
-0.000245211971
-0.00036593562
-0.00026285295
-0.000460594525
-0.000254989886
-0.000542423528
-0.000224594945
-0.000605821282
-0.000175705561
-0.000646681703
-0.000112924114
-0.000662339393
-4.11876409e-05
-0.000651561364
3.42840452e-05
-0.000614612962
0.000107967543
-0.000553400625
0.000174044033
-0.00047166387
0.00022653195
-0.000375153993
0.000259628735
-0.000271701963
0.000268328696
-0.000171058874
0.00024933157
-8.44170761e-05
0.000202131484
-2.3599862e-05
0.000130203566
4.29153874e-05
-1.93492483e-05
-2.57169413e-05
-6.84700365e-05
-8.27706064e-05
-0.000138506728
-0.000130905777
-0.000220638047
-0.000163080647
-0.000306428411
-0.000177062631
-0.000388228783
-0.000173189559
-0.000459474198
-0.000153349521
-0.000514859798
-0.000120319903
-0.000550429758
-7.73541106e-05
-0.000563627542
-2.79898732e-05
-0.000553348437
2.40048867e-05
-0.000520016459
7.46355364e-05
-0.000465682629
0.000119710225
-0.000394114904
0.000154964271
-0.000310822967
0.000176336822
-0.000222941256
0.000180446973
-0.000138894629
0.000165284918
-6.78135289e-05
0.000131050373
-1.8762118e-05
8.11521633e-05
2.41532796e-05
-1.45055517e-05
-1.12114255e-05
-5.25211292e-05
-4.47550273e-05
-0.00010812281
-7.53040565e-05
-0.000174687768
-9.65156462e-05
-0.000245343215
-0.000106407184
-0.00031352082
-0.000105012
-0.000373387927
-9.3482452e-05
-0.000420129444
-7.3578372e-05
-0.000450116063
-4.7367439e-05
-0.000461009055
-1.70968461e-05
-0.000451841618
1.48374341e-05
-0.000423096916
4.58907913e-05
-0.000376775991
7.33892785e-05
-0.000316426463
9.46147611e-05
-0.000247079544
0.000106989936
-0.00017503034
0.000108397788
-0.000107403056
9.76576264e-05
-5.14858512e-05
7.51331534e-05
-1.39146288e-05
4.35809356e-05
1.02386581e-05
-9.20280482e-06
-2.00863571e-06
-3.56847579e-05
-1.82730998e-05
-7.64355439e-05
-3.45532669e-05
-0.000126811018
-4.6140134e-05
-0.000181408044
-5.18101214e-05
-0.000234817128
-5.16029203e-05
-0.000282132233
-4.61673872e-05
-0.000319263562
-3.64470722e-05
-0.000343116525
-2.35144607e-05
-0.000351700034
-8.51329252e-06
-0.000344206996
7.34442224e-06
-0.00032108442
2.27682022e-05
-0.000284086168
3.63909942e-05
-0.00023627955
4.68081276e-05
-0.000181958582
5.26689811e-05
-0.000126403743
5.28429719e-05
-7.54285335e-05
4.66824301e-05
-3.46816254e-05
3.43862423e-05
-8.71391138e-06
1.76132143e-05
1.52474726e-06
-3.43751422e-06
1.42889066e-06
-1.8043878e-05
-3.66675515e-06
-4.34060526e-05
-9.19111526e-06
-7.6433681e-05
-1.31125028e-05
-0.000113187152
-1.50566188e-05
-0.000149665096
-1.5124949e-05
-0.000182251533
-1.35809559e-05
-0.000207952852
-1.07457829e-05
-0.00022451411
-6.9532224e-06
-0.000230484768
-2.54262159e-06
-0.000225272638
2.13232332e-06
-0.000209197068
6.6926506e-06
-0.000183535351
1.07292696e-05
-0.000150536816
1.38095727e-05
-0.000113368303
1.55004586e-05
-7.59397641e-05
1.54144405e-05
-4.25472198e-05
1.32899002e-05
-1.72767334e-05
9.11576408e-06
-3.10385631e-06
3.44033713e-06
-1.57911135e-06
1.42891408e-06
-2.23783198e-06
-1.14289607e-05
-2.45414859e-05
-3.95981096e-05
-5.47230388e-05
-6.83039704e-05
-7.90497496e-05
-8.60029906e-05
-8.85456317e-05
-8.64133089e-05
-7.97206412e-05
-6.89913546e-05
-5.5181779e-05
-3.96813292e-05
-2.42668975e-05
-1.09769984e-05
-1.86122983e-06
1.57911166e-06
)
;

boundaryField
{
    walls
    {
        type            calculated;
        value           uniform 0;
    }
    mov_wall
    {
        type            calculated;
        value           uniform 0;
    }
    empty
    {
        type            empty;
        value           nonuniform 0();
    }
}


// ************************************************************************* //
