/*--------------------------------*- C++ -*----------------------------------*\
| =========                 |                                                 |
| \\      /  F ield         | OpenFOAM: The Open Source CFD Toolbox           |
|  \\    /   O peration     | Version:  5.x                                   |
|   \\  /    A nd           | Web:      www.OpenFOAM.org                      |
|    \\/     M anipulation  |                                                 |
\*---------------------------------------------------------------------------*/
FoamFile
{
    version     2.0;
    format      ascii;
    class       volVectorField;
    location    "5.9";
    object      U;
}
// * * * * * * * * * * * * * * * * * * * * * * * * * * * * * * * * * * * * * //

dimensions      [0 1 -1 0 0 0 0];

internalField   nonuniform List<vector> 
400
(
(0.291698393 0.14964385 0)
(0.388187122 0.128007711 0)
(0.557616049 0.0757318343 0)
(0.674785693 0.0433044425 0)
(0.743766588 0.0251591066 0)
(0.787075016 0.014880297 0)
(0.815462954 0.00893092076 0)
(0.833939559 0.00530992819 0)
(0.845365463 0.0028995626 0)
(0.851349264 0.00108485381 2.66526852e-34)
(0.852640746 -0.000502853431 -2.66526852e-34)
(0.849354289 -0.00216072171 0)
(0.84097337 -0.00421710642 0)
(0.826113775 -0.00722098525 0)
(0.802020427 -0.0122365 0)
(0.763538944 -0.02138921 0)
(0.699488889 -0.0388386163 0)
(0.584557334 -0.072273276 0)
(0.407900534 -0.128436308 0)
(0.300688068 -0.152947536 0)
(0.00120416319 0.287432446 0)
(0.0133209268 0.29387215 0)
(0.14004442 0.209904869 0)
(0.264971573 0.142986173 0)
(0.364177729 0.0968019905 0)
(0.440120054 0.0654411234 0)
(0.496541029 0.043976251 0)
(0.536691061 0.0287011564 0)
(0.563274463 0.0170798561 0)
(0.578137341 0.00742308892 0)
(0.582210284 -0.00150101214 0)
(0.575515248 -0.0107977569 0)
(0.557109244 -0.0217346543 0)
(0.524912994 -0.0361396914 0)
(0.475518409 -0.0569634952 0)
(0.404326004 -0.088977151 0)
(0.305687292 -0.139150757 0)
(0.174497787 -0.215275204 0)
(0.0341065821 -0.310801157 0)
(0.0108691555 -0.305909063 0)
(-0.0321467713 0.24177394 0)
(-0.063430384 0.333547177 0)
(-0.0219362224 0.299502504 0)
(0.0505996115 0.240051677 0)
(0.127397372 0.183020816 0)
(0.1968186 0.135454529 0)
(0.254167092 0.097452344 0)
(0.29808829 0.0668891706 0)
(0.328665669 0.0413758248 0)
(0.346307823 0.0187814631 -2.35797062e-33)
(0.351211313 -0.00280948967 2.35797062e-33)
(0.343126745 -0.0252950469 0)
(0.321277574 -0.0508299494 0)
(0.284432896 -0.0820948319 0)
(0.231328818 -0.122479773 0)
(0.161916763 -0.175658038 0)
(0.0798350197 -0.243208456 0)
(-0.00333734458 -0.317981962 0)
(-0.0578531368 -0.366363503 0)
(-0.0313893217 -0.270690675 0)
(-0.0261204181 0.182361583 0)
(-0.0666192874 0.316884146 0)
(-0.0735377969 0.330901751 0)
(-0.0481307336 0.29535292 0)
(-0.00567218494 0.244253516 0)
(0.0411124687 0.19243175 0)
(0.0845450993 0.145095044 0)
(0.12042432 0.10300663 0)
(0.146585235 0.065154363 0)
(0.161925474 0.0298884084 2.35546603e-33)
(0.165812817 -0.00469431919 -2.35546603e-33)
(0.1577988 -0.0406696171 0)
(0.137586493 -0.0803027395 0)
(0.105285205 -0.125979582 0)
(0.0620900236 -0.179774808 0)
(0.0116092695 -0.242029715 0)
(-0.0380283775 -0.307764352 0)
(-0.0720490953 -0.359579369 0)
(-0.0711639207 -0.355585639 0)
(-0.0287210581 -0.209178582 0)
(-0.017629683 0.140767921 0)
(-0.0549165487 0.281827212 0)
(-0.082863005 0.324484369 0)
(-0.0880762374 0.312396808 0)
(-0.0751197004 0.27444199 0)
(-0.0526276325 0.226778438 0)
(-0.0275118545 0.177302826 0)
(-0.00458010141 0.129145428 0)
(0.0130234775 0.0829123609 0)
(0.0233567869 0.0379330321 -2.94545585e-34)
(0.0253097433 -0.00710139198 2.94545585e-34)
(0.0184152064 -0.0537995186 0)
(0.00288698116 -0.10380126 0)
(-0.0200872084 -0.158367939 0)
(-0.0477707997 -0.217530724 0)
(-0.0750614596 -0.278347553 0)
(-0.0936267065 -0.3316948 0)
(-0.0922270546 -0.357398867 0)
(-0.0635074685 -0.31887989 0)
(-0.0207312608 -0.162076726 0)
(-0.0116542782 0.111592255 0)
(-0.043152199 0.243765275 0)
(-0.078284001 0.299859411 0)
(-0.100579271 0.305000836 0)
(-0.108310601 0.280421271 0)
(-0.105716513 0.240369191 0)
(-0.0975361758 0.193277777 0)
(-0.0877934522 0.143545376 0)
(-0.0795352008 0.0930260758 0)
(-0.0748272288 0.042075231 0)
(-0.0748481397 -0.00975925658 0)
(-0.0799345792 -0.0632506148 0)
(-0.0895000222 -0.119033271 0)
(-0.10181288 -0.176993444 0)
(-0.113690956 -0.235297923 0)
(-0.120284786 -0.288849074 0)
(-0.115237023 -0.327084781 0)
(-0.0922711111 -0.331566548 0)
(-0.0521876261 -0.275119689 0)
(-0.0142847855 -0.127260099 0)
(-0.00803185518 0.0899680209 0)
(-0.0343052805 0.207876704 0)
(-0.0703686592 0.267741365 0)
(-0.100959322 0.283509152 0)
(-0.121509119 0.269753784 0)
(-0.133061973 0.237807852 0)
(-0.13813584 0.195384132 0)
(-0.139450243 0.147216499 0)
(-0.13936567 0.0958906863 0)
(-0.139599241 0.0425957578 0)
(-0.141114123 -0.0122625686 0)
(-0.144054668 -0.0685401635 0)
(-0.147657207 -0.125824589 0)
(-0.150140601 -0.182787202 0)
(-0.148667746 -0.236314557 0)
(-0.139565534 -0.28039017 0)
(-0.119015757 -0.304900547 0)
(-0.0848747389 -0.294957283 0)
(-0.0422046427 -0.232154474 0)
(-0.0100065894 -0.100709814 0)
(-0.0058981909 0.073156904 0)
(-0.0280514391 0.175459933 0)
(-0.0624620742 0.233454978 0)
(-0.0961931106 0.254650699 0)
(-0.123784296 0.248662379 0)
(-0.144336457 0.223978323 0)
(-0.158622045 0.187072462 0)
(-0.168069547 0.142434114 0)
(-0.174171009 0.0929433464 0)
(-0.178091656 0.0403533033 0)
(-0.180456271 -0.0142245263 0)
(-0.181230015 -0.0698446783 0)
(-0.179647304 -0.125225751 0)
(-0.174205193 -0.178177556 0)
(-0.162809069 -0.224940951 0)
(-0.143212562 -0.259512837 0)
(-0.113841643 -0.273201306 0)
(-0.0753166195 -0.254896364 0)
(-0.0343188955 -0.192925776 0)
(-0.00728498356 -0.0799917688 0)
(-0.00459312515 0.0595160135 0)
(-0.023544172 0.146542619 0)
(-0.0553429895 0.199662162 0)
(-0.0893196692 0.222701643 0)
(-0.120051818 0.221819421 0)
(-0.145609099 0.203131831 0)
(-0.16557066 0.17179655 0)
(-0.180317103 0.131775633 0)
(-0.190531072 0.0859405176 0)
(-0.196813732 0.0363510142 2.97711528e-34)
(-0.199448906 -0.0153915447 -2.97711528e-34)
(-0.198275641 -0.0677566462 0)
(-0.19264616 -0.118867798 0)
(-0.18148935 -0.166059304 0)
(-0.163546084 -0.205440865 0)
(-0.137858729 -0.23157779 0)
(-0.1045034 -0.237504909 0)
(-0.0656637305 -0.215386228 0)
(-0.0281737988 -0.158249844 0)
(-0.00551068973 -0.0634668192 0)
(-0.00373314593 0.0480883398 0)
(-0.0201212389 0.120839396 0)
(-0.0490153902 0.167676444 0)
(-0.0816389758 0.190287506 0)
(-0.112989445 0.192487658 0)
(-0.140680562 0.178557135 4.679881e-33)
(-0.1635574 0.152465448 0)
(-0.181246289 0.117554995 0)
(-0.193784174 0.0765047468 -4.74063881e-33)
(-0.201296967 0.0314710025 2.26591627e-36)
(-0.203789194 -0.0156743911 4.98648614e-36)
(-0.201035373 -0.0630555973 0)
(-0.192565939 -0.108481587 0)
(-0.177765517 -0.149141428 0)
(-0.156124905 -0.181360922 0)
(-0.127679779 -0.200524257 0)
(-0.0935645705 -0.201318535 0)
(-0.056677048 -0.178463974 0)
(-0.0233146694 -0.128090143 0)
(-0.00429570589 -0.0500435349 0)
(-0.00311504174 0.0383306355 0)
(-0.0173631201 0.09805085 0)
(-0.0433176243 0.138129964 0)
(-0.0737180759 0.158979202 0)
(-0.104104448 0.162838231 0)
(-0.13197053 0.152618186 -4.679881e-33)
(-0.155761617 0.131295703 0)
(-0.174612869 0.101603273 0)
(-0.188100223 0.0659289915 4.74063881e-33)
(-0.195997417 0.0263693666 1.49106871e-33)
(-0.198111607 -0.0151233116 -1.49832111e-33)
(-0.19420401 -0.0565442413 0)
(-0.183996565 -0.0956260415 0)
(-0.167277179 -0.129654847 0)
(-0.144124395 -0.155368916 0)
(-0.115252461 -0.169022494 0)
(-0.0823814055 -0.166713886 0)
(-0.048594104 -0.145040224 0)
(-0.0193975986 -0.102103349 0)
(-0.00342091091 -0.0390050029 0)
(-0.00263393423 0.0299262686 0)
(-0.0150226235 0.0779301303 0)
(-0.0380974259 0.111311108 0)
(-0.0658175723 0.129695792 0)
(-0.0942794737 0.134263881 0)
(-0.121044022 0.126925351 0)
(-0.144383606 0.109860574 0)
(-0.163148988 0.0852480446 0)
(-0.176619515 0.055141633 0)
(-0.184335478 0.0214703141 2.99742703e-34)
(-0.185982935 -0.0138813592 -2.99742703e-34)
(-0.18134367 -0.0489515344 0)
(-0.170313963 -0.0815745546 0)
(-0.152999257 -0.109289274 0)
(-0.12989161 -0.129330741 0)
(-0.102114502 -0.138764247 0)
(-0.0716393786 -0.134816137 0)
(-0.0414365929 -0.115407285 0)
(-0.0161843493 -0.0798582212 0)
(-0.00276403381 -0.0298606598 0)
(-0.00223473329 0.0226800273 0)
(-0.0129541222 0.0602838619 0)
(-0.0332381491 0.0873308374 0)
(-0.0580555336 0.102954498 0)
(-0.084035385 0.10762182 0)
(-0.108906083 0.102520713 0)
(-0.130914075 0.0892086574 0)
(-0.14877583 0.0693818703 0)
(-0.161603554 0.0447501614 0)
(-0.168801296 0.0170067284 3.00137286e-34)
(-0.169993548 -0.0121372148 -3.00137286e-34)
(-0.164999669 -0.0408861754 0)
(-0.153857531 -0.067295371 0)
(-0.136899081 -0.0892417057 0)
(-0.114876641 -0.104468706 0)
(-0.0891189122 -0.110744423 0)
(-0.061632845 -0.106158118 0)
(-0.0351269733 -0.0895353347 0)
(-0.0135037407 -0.0609264399 0)
(-0.00225327177 -0.0222578262 0)
(-0.0018854541 0.0164662558 0)
(-0.0110624796 0.0449645434 0)
(-0.0286411392 0.0662105103 0)
(-0.0504611305 0.0790278192 0)
(-0.0736531693 0.083412328 0)
(-0.096164183 0.0800414881 0)
(-0.116305915 0.0699953635 0)
(-0.132763335 0.0545610951 0)
(-0.1445756 0.0351143656 0)
(-0.15108244 0.013074731 0)
(-0.151887898 -0.0100881589 0)
(-0.146853005 -0.0328250786 0)
(-0.1361195 -0.0534823499 0)
(-0.120164251 -0.0703098508 0)
(-0.0998793396 -0.0815299495 0)
(-0.0766571243 -0.0854921408 0)
(-0.0524122143 -0.0809235425 0)
(-0.0295300343 -0.0672469519 0)
(-0.0112185713 -0.0449266627 0)
(-0.0018412964 -0.0159381034 0)
(-0.00156251836 0.0112077462 0)
(-0.00926987888 0.0318705379 0)
(-0.0242025157 0.0479368805 0)
(-0.0429884426 0.0580490756 0)
(-0.0632319174 0.0619115002 0)
(-0.0831208758 0.0598559149 0)
(-0.101086251 0.0526055538 0)
(-0.115849128 0.0411071781 0)
(-0.126440922 0.0264236402 0)
(-0.132187239 0.00968560987 0)
(-0.132697638 -0.00791671823 0)
(-0.127870722 -0.025125054 0)
(-0.117915458 -0.0406102733 0)
(-0.103386529 -0.0529974484 0)
(-0.0852272495 -0.0609386957 0)
(-0.0648019886 -0.0632496895 0)
(-0.0438652658 -0.059113388 0)
(-0.0244675033 -0.0483249924 0)
(-0.00920309325 -0.0315520072 0)
(-0.00149088336 -0.0107193771 0)
(-0.00124269404 0.00687236435 0)
(-0.00749726677 0.0209539368 0)
(-0.0197996752 0.032501433 0)
(-0.0355241912 0.0400873054 0)
(-0.0527239623 0.0432717665 0)
(-0.0698331088 0.042174182 0)
(-0.0854326637 0.0372606151 0)
(-0.0983251722 0.0291991482 0)
(-0.107580782 0.0187673647 0)
(-0.112546717 0.00680865038 0)
(-0.112854335 -0.00578010907 0)
(-0.108431635 -0.0180487602 0)
(-0.0995214531 -0.0289997763 0)
(-0.0867021672 -0.0376160639 0)
(-0.0709039747 -0.0429246706 0)
(-0.053405491 -0.0441071846 0)
(-0.0357703087 -0.0406592877 0)
(-0.0197281063 -0.0325810809 0)
(-0.00733072999 -0.0205903327 0)
(-0.00116697643 -0.00649226842 0)
(-0.000899884726 0.00347704198 0)
(-0.00566093599 0.0122244256 0)
(-0.0152978493 0.0199179397 0)
(-0.0279091921 0.0251886569 0)
(-0.0419708326 0.0275859351 0)
(-0.0561592803 0.027126273 0)
(-0.0692274854 0.0240986713 0)
(-0.0800968226 0.0189454289 0)
(-0.0879159928 0.0121895929 0)
(-0.092084416 0.00440206964 0)
(-0.0922681472 -0.00380767233 0)
(-0.0884155138 -0.0117927642 0)
(-0.080772495 -0.0188748785 0)
(-0.0698942077 -0.0243659759 0)
(-0.0566454538 -0.0276151923 0)
(-0.0421770483 -0.0280887021 0)
(-0.0278468975 -0.0254864155 0)
(-0.0150887333 -0.0198866102 0)
(-0.00547449586 -0.0119313572 0)
(-0.00083354803 -0.00322197538 0)
(-0.000507508349 0.00108920968 0)
(-0.00368889451 0.00574013872 0)
(-0.0105872289 0.010222378 0)
(-0.0199879407 0.0134022134 0)
(-0.0307552933 0.0149400986 0)
(-0.0418076527 0.0148327234 0)
(-0.052100475 0.013250186 0)
(-0.0607205973 0.0104516775 0)
(-0.066942587 0.00673881323 0)
(-0.0702538292 0.00243728313 0)
(-0.0703711844 -0.00210634828 0)
(-0.0672558376 -0.00652338369 0)
(-0.0611263918 -0.0104252528 0)
(-0.0524665 -0.0134154719 0)
(-0.0420201092 -0.0151167139 0)
(-0.0307626617 -0.015218351 0)
(-0.019824327 -0.0135494036 0)
(-0.0103615202 -0.0101761643 0)
(-0.00352670165 -0.00555507388 0)
(-0.000456470702 -0.000945966384 0)
(-6.44902001e-05 -0.000176238339 0)
(-0.00159898813 0.00163661837 0)
(-0.00569519003 0.00359860015 0)
(-0.0117199344 0.00501067635 0)
(-0.0188880507 0.00571684583 0)
(-0.0263913865 0.00573383143 0)
(-0.0334549854 0.00514772522 0)
(-0.0394085016 0.00407326909 0)
(-0.0437225514 0.00263488966 0)
(-0.0460238872 0.000961859269 0)
(-0.0461058238 -0.000810104809 0)
(-0.0439388692 -0.00253598703 0)
(-0.0396813815 -0.00406055981 0)
(-0.0336869564 -0.00522175506 0)
(-0.0265027382 -0.00586030641 0)
(-0.0188496267 -0.00583829772 0)
(-0.0115675426 -0.00507039451 0)
(-0.00551559507 -0.00357095286 0)
(-0.00148203418 -0.001552586 0)
(-3.10931045e-05 0.000233977945 0)
(0.0002613968 -0.000255576629 0)
(0.000151442377 0.000102074235 0)
(-0.00117495238 0.000547415298 0)
(-0.00348063364 0.000863514889 0)
(-0.00637558568 0.00102207701 0)
(-0.00946687335 0.00103797752 0)
(-0.0124000341 0.000936219857 0)
(-0.014881775 0.000743062909 0)
(-0.0166861005 0.000483179977 0)
(-0.0176547279 0.000180086755 1.08300166e-33)
(-0.0176985225 -0.000142309157 -1.08300166e-33)
(-0.0168014862 -0.000458218101 0)
(-0.0150266276 -0.00073901805 0)
(-0.0125218993 -0.000953243835 0)
(-0.00952354884 -0.00106773232 0)
(-0.00635302458 -0.00105052642 0)
(-0.00340015022 -0.000876788376 0)
(-0.00108361519 -0.000539615975 0)
(0.000206111313 -8.25141042e-05 0)
(0.000274563958 0.000266745772 0)
)
;

boundaryField
{
    walls
    {
        type            fixedValue;
        value           uniform (0 0 0);
    }
    mov_wall
    {
        type            fixedValue;
        value           uniform (1 0 0);
    }
    empty
    {
        type            empty;
    }
}


// ************************************************************************* //
