/*--------------------------------*- C++ -*----------------------------------*\
| =========                 |                                                 |
| \\      /  F ield         | OpenFOAM: The Open Source CFD Toolbox           |
|  \\    /   O peration     | Version:  5.x                                   |
|   \\  /    A nd           | Web:      www.OpenFOAM.org                      |
|    \\/     M anipulation  |                                                 |
\*---------------------------------------------------------------------------*/
FoamFile
{
    version     2.0;
    format      ascii;
    class       volScalarField;
    location    "4.9";
    object      p;
}
// * * * * * * * * * * * * * * * * * * * * * * * * * * * * * * * * * * * * * //

dimensions      [0 2 -2 0 0 0 0];

internalField   nonuniform List<scalar> 
400
(
2.39885199e-06
2.45246226
3.49432601
3.89888218
4.10665013
4.22470961
4.29429426
4.34028113
4.37634164
4.41011376
4.44676268
4.49091755
4.54765722
4.62449232
4.73480051
4.90459898
5.18238262
5.684204
6.8413186
9.41172763
1.88670792
2.86729214
3.41988638
3.74774669
3.96518368
4.10975013
4.20767715
4.2789951
4.33674768
4.38961603
4.44424821
4.5065747
4.58333628
4.68330059
4.81972912
5.01368189
5.29402511
5.69847183
6.33841836
7.42837409
2.98208055
3.26253295
3.54233385
3.77068236
3.94570852
4.07571862
4.17322848
4.25000611
4.31527843
4.37623877
4.43892794
4.50902442
4.59257789
4.69678551
4.83085295
5.00664102
5.23632452
5.52394205
5.86049353
6.19824032
3.52778698
3.58534556
3.72178817
3.86537952
3.98906688
4.09083518
4.17461307
4.24571679
4.30952968
4.37102595
4.43477743
4.5052072
4.58679125
4.68425734
4.80245397
4.94569553
5.11575225
5.30515076
5.47833974
5.5596417
3.8442199
3.82688327
3.88518261
3.9693857
4.05222251
4.12779378
4.19567142
4.25748058
4.31592563
4.374095
4.43506785
4.50186039
4.57733392
4.66400879
4.76350676
4.87551382
4.99636189
5.11480468
5.19584872
5.18371856
4.04550385
4.00366157
4.02142884
4.06785256
4.12138506
4.17574365
4.22885757
4.28054049
4.33186286
4.38449437
4.44027369
4.50097084
4.56805157
4.6423291
4.72332902
4.80836908
4.89180953
4.96268076
4.9930834
4.94681068
4.18058839
4.13383358
4.13184153
4.15537125
4.18883613
4.22706928
4.26772965
4.3098745
4.35364005
4.39973395
4.44904096
4.50233956
4.56002167
4.62172451
4.68578806
4.74862862
4.80456245
4.84466845
4.84862736
4.79368274
4.27566113
4.23084509
4.21966271
4.22967697
4.24984835
4.27635722
4.30712487
4.34098535
4.37758116
4.41700164
4.45945399
4.50499885
4.55328793
4.60325192
4.65270767
4.69801384
4.73426121
4.75484941
4.74556316
4.69204486
4.34467663
4.30373351
4.28863151
4.29083011
4.3023788
4.32057412
4.34373245
4.37070427
4.40089558
4.43401808
4.4698308
4.50792021
4.54748603
4.58711164
4.62451601
4.65641583
4.6788961
4.68733566
4.67188182
4.62321915
4.39526166
4.3585068
4.34215957
4.3399606
4.34599159
4.35836366
4.3757633
4.3971473
4.42182767
4.44930111
4.4790532
4.51038927
4.54227656
4.57319491
4.60100278
4.62292863
4.63599815
4.63709473
4.61932713
4.5763801
4.43196594
4.39925989
4.38305661
4.37851277
4.38106812
4.38939838
4.40248961
4.41942657
4.4395042
4.46211105
4.48658463
4.51208913
4.53751018
4.56137105
4.5817784
4.59648357
4.60329684
4.60017588
4.58220806
4.54489615
4.45777883
4.42889797
4.41358248
4.40794697
4.40838174
4.41394952
4.4238664
4.43734063
4.4536902
4.4722632
4.49233312
4.51301607
4.53320881
4.55155361
4.5664352
4.57607264
4.57888789
4.5735769
4.55655747
4.5244802
4.4748298
4.44957568
4.43556353
4.42962264
4.4288551
4.43259586
4.44023776
4.45110071
4.46454504
4.47991779
4.49647945
4.51335259
4.52949341
4.54369081
4.55459407
4.56081295
4.56122941
4.55503818
4.5395755
4.51226164
4.48473273
4.46296163
4.45049536
4.44475363
4.44341876
4.44603096
4.45212475
4.46111974
4.47242509
4.48540542
4.4993329
4.51336114
4.52652205
4.53774856
4.54592035
4.54996139
4.54909579
4.54285922
4.52925762
4.50627415
4.48877626
4.47040496
4.45962305
4.45439578
4.45292954
4.454939
4.4600809
4.46786419
4.47774412
4.4891051
4.50123472
4.51331881
4.52445818
4.53370844
4.54013698
4.54291522
4.54152532
4.5357508
4.52413676
4.50513795
4.48806356
4.47305923
4.46401168
4.4594576
4.45813351
4.45992635
4.4646075
4.47176508
4.48088944
4.4913729
4.50250478
4.51348548
4.52346036
4.53157322
4.53703285
4.53920186
4.53776467
4.53271007
4.52308582
4.50782346
4.48367073
4.47201266
4.46464314
4.4607651
4.45970434
4.46153949
4.4661558
4.47320829
4.48220307
4.49251652
4.50341206
4.51407244
4.52364963
4.53133127
4.536418
4.53841485
4.53717272
4.5328806
4.52512875
4.51341847
4.47685794
4.46839015
4.46243172
4.45901817
4.45816469
4.4601726
4.46503751
4.4724598
4.48193024
4.49277271
4.50418372
4.51528276
4.52517695
4.5330413
4.53821034
4.54028058
4.53924138
4.53550085
4.52929006
4.52085854
4.46928855
4.46319691
4.45767679
4.45397051
4.45292454
4.45509183
4.46054555
4.46897089
4.47977349
4.4921514
4.50515655
4.51776089
4.52893364
4.53773677
4.5434369
4.54563332
4.54440676
4.54041853
4.53470148
4.52866843
4.46345147
4.45752566
4.45037309
4.44492953
4.44290593
4.44509801
4.45157006
4.4618754
4.47521729
4.49055355
4.50667475
4.52227847
4.53605592
4.54680194
4.55355456
4.55576786
4.5535227
4.54775184
4.54035396
4.53446458
)
;

boundaryField
{
    walls
    {
        type            zeroGradient;
    }
    mov_wall
    {
        type            zeroGradient;
    }
    empty
    {
        type            empty;
    }
}


// ************************************************************************* //
