/*--------------------------------*- C++ -*----------------------------------*\
| =========                 |                                                 |
| \\      /  F ield         | OpenFOAM: The Open Source CFD Toolbox           |
|  \\    /   O peration     | Version:  5.x                                   |
|   \\  /    A nd           | Web:      www.OpenFOAM.org                      |
|    \\/     M anipulation  |                                                 |
\*---------------------------------------------------------------------------*/
FoamFile
{
    version     2.0;
    format      ascii;
    class       surfaceScalarField;
    location    "4.9";
    object      phi;
}
// * * * * * * * * * * * * * * * * * * * * * * * * * * * * * * * * * * * * * //

dimensions      [0 3 -1 0 0 0 0];

internalField   nonuniform List<scalar> 
760
(
0.00134817637
-0.00134817751
0.00245763965
-0.00110946327
0.00313513461
-0.000677494959
0.00355971569
-0.000424581071
0.00383225129
-0.000272535615
0.00400945214
-0.000177200856
0.00412521449
-0.000115762347
0.00419921707
-7.40025645e-05
0.00424243236
-4.32152779e-05
0.00426055359
-1.81212363e-05
0.00425562235
4.93122766e-06
0.00422675777
2.88645795e-05
0.00416938939
5.73683923e-05
0.00407358505
9.58043564e-05
0.00391995095
0.000153634097
0.0036720193
0.000247931633
0.00326316021
0.000408859074
0.00257264075
0.000690519486
0.00140850172
0.00116413906
0.00140850174
-5.46954123e-05
-0.0012934821
0.000412592506
-0.00157675119
0.0010300297
-0.00129493215
0.0015787138
-0.000973265154
0.00201483265
-0.000708654455
0.00234477722
-0.000507145431
0.00258511628
-0.00035610141
0.00275126938
-0.000240155665
0.00285456777
-0.000146513657
0.00290179531
-6.53487588e-05
0.00289536659
1.13599456e-05
0.00283293035
9.1300811e-05
0.00270712571
0.000183173018
0.00250436373
0.000298566361
0.00220410989
0.000453887966
0.00178090174
0.000671139789
0.00121756799
0.00097219279
0.000552812541
0.0013552749
1.30664614e-05
0.00170388513
0.00142156822
-0.000271734715
-0.00102174739
-0.000221026693
-0.00162745922
7.13676994e-05
-0.00158732654
0.000446285564
-0.00134818301
0.000812489622
-0.00107485849
0.00112929922
-0.000823955024
0.00138207826
-0.000608880467
0.00156800782
-0.000426085237
0.00168837692
-0.00026688274
0.00174468451
-0.00012165633
0.00173678975
1.92547229e-05
0.0016621344
0.000165956145
0.00151571285
0.000329594546
0.00129125421
0.000523025009
0.000985011681
0.000760130525
0.000605009662
0.00105114184
0.000189850716
0.00138735173
-0.000160045087
0.00170517068
-0.00026164065
0.00180548068
0.00115992759
-0.000227941607
-0.000793805766
-0.000361197381
-0.00149420346
-0.000308328305
-0.00164019563
-0.000134821296
-0.00152169001
8.92093128e-05
-0.00129888908
0.000314971818
-0.00104971751
0.000513262954
-0.000807171607
0.000668299961
-0.000581122265
0.000771990266
-0.000370573053
0.000820036074
-0.000169702117
0.000809727636
2.95631906e-05
0.000739201014
0.000236482769
0.000607935642
0.000460859891
0.000419110833
0.000711849798
0.000184524298
0.000994717077
-6.71911784e-05
0.00130285735
-0.000280617533
0.0016007781
-0.000369418476
0.00179397161
-0.000246993644
0.00168305582
0.000912933958
-0.000168965228
-0.000624840524
-0.000352016219
-0.00131115246
-0.000431557744
-0.00156065412
-0.000408909059
-0.00154433871
-0.000319435255
-0.00138836288
-0.000200095237
-0.0011690575
-7.98101216e-05
-0.000927456706
2.15782053e-05
-0.000682510606
9.14286347e-05
-0.000440423507
0.000122135326
-0.000200408807
0.000109757164
4.19413873e-05
5.36457076e-05
0.000292594254
-4.27490189e-05
0.000557254606
-0.000169694068
0.00083879481
-0.000307652473
0.00113267547
-0.000423468648
0.00141867356
-0.000470024867
0.00164733436
-0.000397824811
0.00172177156
-0.000196431026
0.00148166202
0.000716502919
-0.000124192147
-0.00050064837
-0.000308335656
-0.00112700893
-0.000450494137
-0.00141849564
-0.000523204077
-0.00147162879
-0.000535391132
-0.00137617583
-0.000508160881
-0.00119628773
-0.000463156924
-0.000972460629
-0.000418060966
-0.000727606557
-0.000385619057
-0.000472865446
-0.000373912131
-0.00021211576
-0.000386727979
5.47572518e-05
-0.000423459517
0.000329325838
-0.000478356371
0.000612151482
-0.000539178284
0.000899616696
-0.000585818914
0.00117931606
-0.000590512369
0.00142336701
-0.000523085141
0.00157990717
-0.000366699072
0.00156538553
-0.000150585973
0.00126554892
0.000565916924
-9.45729491e-05
-0.000406075428
-0.000264649756
-0.000956932101
-0.0004307384
-0.00125240698
-0.000556976975
-0.00134539023
-0.000636793274
-0.00129635956
-0.000678141828
-0.00115493918
-0.000693943967
-0.000956658455
-0.000696929257
-0.000724621231
-0.000697274076
-0.000472520634
-0.000701661802
-0.000207728075
-0.000712860771
6.59561996e-05
-0.000729336399
0.000345801499
-0.000744753808
0.000627568943
-0.000747580292
0.000902443193
-0.000721469912
0.00115320564
-0.000647843422
0.00134974048
-0.000512876946
0.0014449407
-0.00032120628
0.0013737149
-0.00011648569
0.00106082836
0.000449431224
-7.53437541e-05
-0.000330731691
-0.000228206832
-0.000804069006
-0.000398353668
-0.00108226011
-0.000550539532
-0.00119320435
-0.000670626482
-0.00117627264
-0.000757578398
-0.0010679873
-0.000816784866
-0.000897451979
-0.000855587469
-0.000685818579
-0.0008806243
-0.000447483769
-0.000896360339
-0.000191992059
-0.000904270133
7.38659421e-05
-0.000902360364
0.000343891719
-0.00088497223
0.000610180856
-0.000843104151
0.000860575167
-0.00076582018
0.00107592167
-0.00064366475
0.00122758501
-0.000475103967
0.00127637988
-0.000276309863
0.0011749208
-9.21328615e-05
0.000876651387
0.000357298375
-6.22883194e-05
-0.000268443389
-0.000198541343
-0.000667815986
-0.000362893667
-0.000917907759
-0.000523850723
-0.00103224726
-0.000664415228
-0.00103570813
-0.00077812895
-0.000954273615
-0.000864812229
-0.000810768733
-0.000927165518
-0.000623465267
-0.000968399691
-0.000406249536
-0.000990721204
-0.000169670521
-0.000994436383
7.75810809e-05
-0.000977525785
0.000326981067
-0.000935695048
0.000568350117
-0.00086310125
0.000787981425
-0.000754123143
0.000966943615
-0.000606626297
0.00108008816
-0.000426950419
0.00109670396
-0.00023603831
0.000984008668
-7.43490333e-05
0.000714962118
0.000282949365
-5.27689671e-05
-0.000215674424
-0.000173812809
-0.000546772171
-0.00032755743
-0.000764163136
-0.000486865989
-0.00087293866
-0.000634380176
-0.000888193904
-0.000760757854
-0.000827895948
-0.000862116695
-0.000709409944
-0.000937654814
-0.000547927175
-0.000987783259
-0.00035612105
-0.00101282396
-0.00014462976
-0.00101222275
7.6979888e-05
-0.000984240715
0.000298998983
-0.00092616311
0.00051027246
-0.000835158852
0.000696977174
-0.000709976095
0.000841760914
-0.000553597313
0.000923709421
-0.00037667697
0.000919783618
-0.000200960056
0.000808291722
-6.08626395e-05
0.000574864682
0.000222086738
-4.52979094e-05
-0.000170376493
-0.000152453977
-0.000439616133
-0.000293299641
-0.0006233175
-0.000444763132
-0.000721475157
-0.000590345843
-0.000742611139
-0.000719473336
-0.000698768418
-0.000826046344
-0.000602836962
-0.000906878249
-0.000467095331
-0.000960347629
-0.000302651688
-0.000985403172
-0.000119574163
-0.000980963142
7.2539924e-05
-0.000945732095
0.000263767942
-0.000878480047
0.000443020358
-0.0007788551
0.000597352179
-0.000648784083
0.000711689907
-0.00049440355
0.00076932894
-0.000328204139
0.000753584244
-0.000170678359
0.00065076594
-5.02806594e-05
0.000454466962
0.000171806071
-3.90621588e-05
-0.0001313143
-0.000133403781
-0.000345274517
-0.000260349979
-0.000496371343
-0.000400389004
-0.000581436162
-0.000538431219
-0.000604568898
-0.000663692772
-0.000573506802
-0.000768938021
-0.000497591683
-0.00084952308
-0.000386510312
-0.000902500976
-0.000249673855
-0.000925934143
-9.61410031e-05
-0.000918488887
6.50947294e-05
-0.000879356173
0.000224635289
-0.000808535318
0.000372199501
-0.000707505286
0.000496322094
-0.000580261726
0.000584446306
-0.000434588361
0.000623655585
-0.000283248292
0.000602244217
-0.000144573351
0.00051209103
-4.1755177e-05
0.000351648788
0.000130050877
-3.36094004e-05
-9.77048764e-05
-0.000115973475
-0.000262910411
-0.00022868587
-0.000383658966
-0.00035533116
-0.000454790922
-0.000482448527
-0.000477451556
-0.000599656664
-0.000456298625
-0.000699324711
-0.000397923567
-0.00077605045
-0.000309784552
-0.000826127632
-0.000199596724
-0.000847124177
-7.51445193e-05
-0.000837646127
5.56166805e-05
-0.000797332208
0.000184321432
-0.000727102505
0.000301969854
-0.000629656416
0.000398876002
-0.000510163485
0.000464953329
-0.000377005168
0.000490497234
-0.000242314883
0.000467553939
-0.000121978233
0.000391754412
-3.47332069e-05
0.000264403784
9.53176633e-05
-2.86575072e-05
-6.90473765e-05
-9.96602123e-05
-0.000191907656
-0.000198116975
-0.000285202176
-0.000310357547
-0.000342550377
-0.000424616088
-0.000363193073
-0.000531265926
-0.000349648805
-0.000622765461
-0.000306423983
-0.000693446603
-0.000239103341
-0.000739258782
-0.000153784532
-0.00075755804
-5.68453148e-05
-0.000747003487
4.50620723e-05
-0.000707597969
0.000144915919
-0.000640884398
0.00023525634
-0.000550277042
0.000308268694
-0.000441462334
0.00035613862
-0.000322745867
0.000371780731
-0.000205166605
0.000349974651
-0.000102185454
0.000288773266
-2.88024173e-05
0.000191020769
6.65152544e-05
-2.39812387e-05
-4.5066173e-05
-8.39974468e-05
-0.000131891415
-0.000168257074
-0.000200942492
-0.000265595454
-0.000245211973
-0.000365935582
-0.000262852983
-0.000460594522
-0.000254989924
-0.000542423566
-0.000224594951
-0.000605821319
-0.000175705534
-0.000646681698
-0.000112924089
-0.000662339355
-4.11876517e-05
-0.000651561338
3.42840043e-05
-0.000614612975
0.000107967509
-0.000553400661
0.000174044033
-0.000471663893
0.000226531974
-0.000375153986
0.000259628752
-0.000271701943
0.000268328688
-0.000171058864
0.000249331548
-8.4417083e-05
0.000202131467
-2.3599874e-05
0.000130203564
4.2915394e-05
-1.93492453e-05
-2.57169636e-05
-6.84700624e-05
-8.27706075e-05
-0.000138506756
-0.000130905756
-0.000220638047
-0.000163080624
-0.000306428377
-0.000177062636
-0.000388228749
-0.000173189593
-0.000459474201
-0.000153349555
-0.000514859835
-0.000120319905
-0.000550429788
-7.73540836e-05
-0.000563627534
-2.79898506e-05
-0.000553348403
2.40048769e-05
-0.000520016438
7.46355019e-05
-0.000465682641
0.000119710198
-0.000394114933
0.000154964271
-0.000310822984
0.00017633684
-0.000222941251
0.000180446986
-0.000138894615
0.000165284914
-6.78135223e-05
0.000131050359
-1.87621215e-05
8.11521533e-05
2.41532791e-05
-1.45055241e-05
-1.1211446e-05
-5.25211315e-05
-4.47550451e-05
-0.000108122837
-7.53040538e-05
-0.000174687793
-9.65156234e-05
-0.00024534321
-0.000106407162
-0.000313520786
-0.000105012004
-0.000373387898
-9.34824829e-05
-0.000420129451
-7.35784011e-05
-0.000450116096
-4.73674396e-05
-0.000461009078
-1.70968222e-05
-0.000451841609
1.48374534e-05
-0.000423096889
4.58907843e-05
-0.000376775976
7.33892523e-05
-0.000316426473
9.46147397e-05
-0.000247079565
0.000106989935
-0.000175030352
0.0001083978
-0.000107403052
9.76576359e-05
-5.14858419e-05
7.51331521e-05
-1.39146241e-05
4.35809283e-05
1.02386532e-05
-9.20277106e-06
-2.00864463e-06
-3.56847392e-05
-1.82731218e-05
-7.64355496e-05
-3.45532845e-05
-0.000126811044
-4.61401309e-05
-0.000181408065
-5.18100983e-05
-0.00023481712
-5.16028991e-05
-0.000282132203
-4.61673906e-05
-0.00031926354
-3.64470984e-05
-0.000343116533
-2.35144845e-05
-0.000351700062
-8.51329228e-06
-0.000344207013
7.34444226e-06
-0.000321084412
2.27682188e-05
-0.000284086148
3.63909907e-05
-0.00023627954
4.68081093e-05
-0.00018195859
5.26689655e-05
-0.000126403757
5.28429696e-05
-7.54285409e-05
4.66824374e-05
-3.46816229e-05
3.43862487e-05
-8.71390586e-06
1.76132146e-05
1.52474419e-06
-3.43749166e-06
1.42888957e-06
-1.80438548e-05
-3.66677294e-06
-4.3406038e-05
-9.1911405e-06
-7.64336868e-05
-1.31125194e-05
-0.000113187174
-1.50566142e-05
-0.000149665112
-1.51249283e-05
-0.000182251525
-1.35809398e-05
-0.000207952829
-1.07457876e-05
-0.000224514095
-6.95324275e-06
-0.000230484775
-2.54263711e-06
-0.000225272658
2.1323266e-06
-0.00020919708
6.69266686e-06
-0.000183535346
1.07292816e-05
-0.000150536803
1.38095702e-05
-0.000113368297
1.55004466e-05
-7.59397683e-05
1.54144307e-05
-4.25472278e-05
1.3289899e-05
-1.7276737e-05
9.11576831e-06
-3.10385507e-06
3.4403407e-06
-1.57911093e-06
1.42891938e-06
-2.23781862e-06
-1.14289407e-05
-2.45414725e-05
-3.95981146e-05
-5.47230572e-05
-6.83039831e-05
-7.90497438e-05
-8.60029734e-05
-8.85456209e-05
-8.64133138e-05
-7.97206546e-05
-6.8991363e-05
-5.51817766e-05
-3.96813217e-05
-2.42668933e-05
-1.0977e-05
-1.86123319e-06
1.57911007e-06
)
;

boundaryField
{
    walls
    {
        type            calculated;
        value           uniform 0;
    }
    mov_wall
    {
        type            calculated;
        value           uniform 0;
    }
    empty
    {
        type            empty;
        value           nonuniform 0();
    }
}


// ************************************************************************* //
