/*--------------------------------*- C++ -*----------------------------------*\
| =========                 |                                                 |
| \\      /  F ield         | OpenFOAM: The Open Source CFD Toolbox           |
|  \\    /   O peration     | Version:  5.x                                   |
|   \\  /    A nd           | Web:      www.OpenFOAM.org                      |
|    \\/     M anipulation  |                                                 |
\*---------------------------------------------------------------------------*/
FoamFile
{
    version     2.0;
    format      ascii;
    class       volVectorField;
    location    "4.9";
    object      U;
}
// * * * * * * * * * * * * * * * * * * * * * * * * * * * * * * * * * * * * * //

dimensions      [0 1 -1 0 0 0 0];

internalField   nonuniform List<vector> 
400
(
(0.291698371 0.149643874 0)
(0.388187087 0.128007723 0)
(0.557616032 0.0757318385 0)
(0.674785685 0.0433044446 0)
(0.743766585 0.0251591086 0)
(0.787075015 0.0148802989 0)
(0.815462952 0.00893092152 0)
(0.833939556 0.00530992746 0)
(0.84536546 0.0028995615 0)
(0.851349263 0.00108485378 2.6652693e-34)
(0.852640747 -0.000502852305 -2.6652693e-34)
(0.849354289 -0.00216072089 0)
(0.840973368 -0.00421710687 0)
(0.826113773 -0.00722098619 0)
(0.802020427 -0.0122365 0)
(0.763538946 -0.0213892091 0)
(0.699488889 -0.0388386158 0)
(0.584557332 -0.072273277 0)
(0.407900532 -0.12843631 0)
(0.300688067 -0.152947537 0)
(0.00120414943 0.287432481 0)
(0.0133209019 0.293872172 0)
(0.140044399 0.209904879 0)
(0.264971557 0.142986178 0)
(0.364177719 0.0968019948 0)
(0.440120048 0.0654411279 0)
(0.496541025 0.0439762539 0)
(0.536691055 0.0287011562 0)
(0.563274457 0.0170798542 0)
(0.578137337 0.00742308824 0)
(0.582210283 -0.00150101044 0)
(0.575515248 -0.010797755 0)
(0.557109243 -0.0217346546 0)
(0.52491299 -0.0361396933 0)
(0.475518407 -0.0569634959 0)
(0.404326005 -0.0889771495 0)
(0.305687294 -0.139150755 0)
(0.174497787 -0.215275205 0)
(0.0341065795 -0.310801159 0)
(0.010869154 -0.305909065 0)
(-0.0321467761 0.241773957 0)
(-0.0634303953 0.333547196 0)
(-0.0219362367 0.299502517 0)
(0.0505995962 0.240051684 0)
(0.127397359 0.183020821 0)
(0.196818592 0.135454534 0)
(0.254167088 0.0974523491 0)
(0.298088286 0.0668891732 0)
(0.328665662 0.0413758243 0)
(0.346307816 0.0187814617 -2.35797132e-33)
(0.351211309 -0.00280948909 2.35797132e-33)
(0.343126745 -0.0252950446 0)
(0.321277573 -0.0508299482 0)
(0.284432892 -0.0820948332 0)
(0.231328813 -0.122479775 0)
(0.161916762 -0.175658038 0)
(0.0798350214 -0.243208454 0)
(-0.00333734306 -0.31798196 0)
(-0.0578531376 -0.366363504 0)
(-0.0313893228 -0.270690678 0)
(-0.02612042 0.182361591 0)
(-0.0666192922 0.31688416 0)
(-0.0735378047 0.330901764 0)
(-0.0481307449 0.295352929 0)
(-0.00567219791 0.244253521 0)
(0.0411124582 0.192431754 0)
(0.0845450936 0.14509505 0)
(0.120424317 0.103006635 0)
(0.14658523 0.0651543648 0)
(0.161925466 0.0298884074 2.35546672e-33)
(0.16581281 -0.00469431981 -2.35546672e-33)
(0.157798798 -0.0406696151 0)
(0.137586493 -0.0803027366 0)
(0.105285203 -0.125979582 0)
(0.0620900187 -0.17977481 0)
(0.0116092653 -0.242029717 0)
(-0.0380283777 -0.307764351 0)
(-0.072049093 -0.359579366 0)
(-0.0711639191 -0.355585637 0)
(-0.0287210579 -0.209178583 0)
(-0.0176296847 0.140767924 0)
(-0.0549165517 0.281827222 0)
(-0.0828630083 0.324484381 0)
(-0.0880762435 0.312396817 0)
(-0.0751197105 0.274441995 0)
(-0.0526276438 0.226778441 0)
(-0.0275118621 0.17730283 0)
(-0.00458010444 0.129145434 0)
(0.0130234747 0.0829123654 0)
(0.0233567805 0.0379330325 -2.94545669e-34)
(0.0253097348 -0.00710139359 2.94545669e-34)
(0.0184152014 -0.0537995181 0)
(0.0028869813 -0.103801256 0)
(-0.0200872074 -0.158367936 0)
(-0.0477708025 -0.217530725 0)
(-0.0750614651 -0.278347556 0)
(-0.0936267098 -0.331694801 0)
(-0.0922270536 -0.357398865 0)
(-0.0635074657 -0.318879888 0)
(-0.0207312594 -0.162076725 0)
(-0.0116542806 0.111592256 0)
(-0.0431522027 0.243765281 0)
(-0.0782840028 0.299859421 0)
(-0.100579273 0.305000846 0)
(-0.108310606 0.280421278 0)
(-0.105716523 0.240369194 0)
(-0.0975361855 0.19327778 0)
(-0.0877934567 0.143545382 0)
(-0.0795352015 0.0930260823 0)
(-0.0748272317 0.0420752343 0)
(-0.0748481473 -0.00975925777 0)
(-0.0799345873 -0.0632506165 0)
(-0.0895000249 -0.119033269 0)
(-0.101812878 -0.176993439 0)
(-0.113690955 -0.23529792 0)
(-0.120284789 -0.288849075 0)
(-0.115237028 -0.327084784 0)
(-0.0922711133 -0.33156655 0)
(-0.0521876245 -0.275119687 0)
(-0.0142847841 -0.127260096 0)
(-0.00803185755 0.0899680212 0)
(-0.0343052852 0.207876706 0)
(-0.0703686621 0.267741371 0)
(-0.100959322 0.283509161 0)
(-0.12150912 0.269753793 0)
(-0.133061979 0.237807856 0)
(-0.13813585 0.195384133 0)
(-0.13945025 0.147216502 0)
(-0.139365671 0.0958906926 0)
(-0.13959924 0.0425957643 0)
(-0.141114127 -0.0122625669 0)
(-0.144054676 -0.0685401662 0)
(-0.147657214 -0.125824591 0)
(-0.150140601 -0.182787199 0)
(-0.148667742 -0.236314551 0)
(-0.139565533 -0.280390168 0)
(-0.11901576 -0.304900549 0)
(-0.0848747433 -0.294957286 0)
(-0.0422046443 -0.232154475 0)
(-0.0100065893 -0.100709813 0)
(-0.00589819204 0.0731569056 0)
(-0.0280514432 0.175459933 0)
(-0.062462079 0.23345498 0)
(-0.0961931121 0.254650705 0)
(-0.123784294 0.248662388 0)
(-0.144336458 0.223978329 0)
(-0.158622052 0.187072463 0)
(-0.168069556 0.142434113 0)
(-0.174171013 0.0929433493 0)
(-0.178091654 0.0403533106 0)
(-0.180456269 -0.0142245202 0)
(-0.18123002 -0.0698446783 0)
(-0.179647313 -0.125225754 0)
(-0.174205199 -0.178177557 0)
(-0.162809068 -0.224940946 0)
(-0.143212558 -0.259512831 0)
(-0.113841643 -0.273201303 0)
(-0.0753166228 -0.254896365 0)
(-0.0343188992 -0.192925778 0)
(-0.00728498497 -0.0799917698 0)
(-0.00459312415 0.0595160168 0)
(-0.023544173 0.14654262 0)
(-0.0553429948 0.199662162 0)
(-0.0893196738 0.222701645 0)
(-0.120051818 0.221819428 0)
(-0.145609096 0.20313184 0)
(-0.165570661 0.171796554 0)
(-0.180317111 0.131775632 0)
(-0.190531081 0.0859405161 0)
(-0.196813734 0.0363510184 2.97711618e-34)
(-0.199448902 -0.0153915364 -2.97711618e-34)
(-0.198275639 -0.0677566408 0)
(-0.192646165 -0.1188678 0)
(-0.181489358 -0.166059308 0)
(-0.163546088 -0.205440865 0)
(-0.137858727 -0.231577785 0)
(-0.104503396 -0.237504903 0)
(-0.06566373 -0.215386226 0)
(-0.0281738015 -0.158249845 0)
(-0.00551069143 -0.0634668216 0)
(-0.00373314316 0.0480883436 0)
(-0.0201212358 0.1208394 0)
(-0.0490153931 0.167676444 0)
(-0.0816389824 0.190287505 0)
(-0.112989448 0.19248766 0)
(-0.140680559 0.178557142 4.67988246e-33)
(-0.163557396 0.152465456 0)
(-0.181246291 0.117554998 0)
(-0.193784184 0.0765047436 -4.74064011e-33)
(-0.201296974 0.031471001 2.2659313e-36)
(-0.203789194 -0.0156743857 4.98648882e-36)
(-0.201035368 -0.0630555885 0)
(-0.192565937 -0.108481583 0)
(-0.177765523 -0.149141431 0)
(-0.156124912 -0.181360927 0)
(-0.127679782 -0.200524257 0)
(-0.0935645678 -0.20131853 0)
(-0.0566770445 -0.178463969 0)
(-0.0233146686 -0.128090141 0)
(-0.00429570627 -0.0500435362 0)
(-0.00311503895 0.0383306375 0)
(-0.0173631147 0.0980508552 0)
(-0.0433176227 0.138129967 0)
(-0.0737180808 0.158979201 0)
(-0.104104455 0.162838229 0)
(-0.131970532 0.152618189 -4.67988246e-33)
(-0.155761612 0.131295712 0)
(-0.174612865 0.10160328 0)
(-0.188100227 0.0659289918 4.74064011e-33)
(-0.195997427 0.0263693621 1.49106915e-33)
(-0.198111613 -0.0151233127 -1.49832157e-33)
(-0.194204008 -0.0565442351 0)
(-0.183996559 -0.0956260328 0)
(-0.167277178 -0.129654843 0)
(-0.144124401 -0.155368918 0)
(-0.115252468 -0.169022498 0)
(-0.0823814072 -0.166713886 0)
(-0.0485941014 -0.14504022 0)
(-0.0193975954 -0.102103345 0)
(-0.00342090967 -0.0390050015 0)
(-0.00263393348 0.0299262675 0)
(-0.0150226195 0.0779301345 0)
(-0.0380974206 0.111311114 0)
(-0.0658175721 0.129695794 0)
(-0.0942794802 0.134263878 0)
(-0.121044029 0.126925348 0)
(-0.144383605 0.109860579 0)
(-0.163148981 0.0852480539 0)
(-0.176619511 0.0551416395 0)
(-0.184335483 0.0214703128 2.99742786e-34)
(-0.185982944 -0.0138813644 -2.99742786e-34)
(-0.181343674 -0.0489515351 0)
(-0.170313959 -0.0815745482 0)
(-0.152999251 -0.109289265 0)
(-0.12989161 -0.129330738 0)
(-0.102114507 -0.138764249 0)
(-0.0716393837 -0.13481614 0)
(-0.0414365941 -0.115407286 0)
(-0.0161843471 -0.0798582188 0)
(-0.00276403227 -0.0298606572 0)
(-0.00223473538 0.0226800237 0)
(-0.0129541229 0.0602838627 0)
(-0.033238144 0.0873308434 0)
(-0.0580555283 0.102954504 0)
(-0.0840353862 0.10762182 0)
(-0.10890609 0.102520709 0)
(-0.130914081 0.089208655 0)
(-0.148775828 0.0693818753 0)
(-0.161603547 0.0447501708 0)
(-0.168801293 0.0170067338 3.00137365e-34)
(-0.169993554 -0.0121372173 -3.00137365e-34)
(-0.164999677 -0.0408861808 0)
(-0.153857534 -0.0672953715 0)
(-0.136899077 -0.0892416996 0)
(-0.114876635 -0.104468699 0)
(-0.0891189116 -0.11074442 0)
(-0.0616328488 -0.106158119 0)
(-0.0351269771 -0.0895353375 0)
(-0.0135037417 -0.0609264405 0)
(-0.00225327144 -0.0222578247 0)
(-0.00188545769 0.0164662525 0)
(-0.0110624847 0.0449645404 0)
(-0.0286411382 0.0662105126 0)
(-0.050461124 0.0790278261 0)
(-0.0736531644 0.0834123337 0)
(-0.0961641856 0.0800414874 0)
(-0.116305923 0.0699953583 0)
(-0.13276334 0.0545610931 0)
(-0.144575596 0.0351143712 0)
(-0.151082432 0.0130747401 0)
(-0.151887896 -0.0100881546 0)
(-0.14685301 -0.0328250815 0)
(-0.136119508 -0.053482355 0)
(-0.120164253 -0.0703098512 0)
(-0.099879336 -0.0815299444 0)
(-0.0766571201 -0.0854921347 0)
(-0.0524122139 -0.0809235399 0)
(-0.0295300372 -0.067246953 0)
(-0.0112185742 -0.0449266647 0)
(-0.00184129742 -0.015938104 0)
(-0.00156252088 0.0112077459 0)
(-0.00926988477 0.0318705339 0)
(-0.0242025196 0.047936878 0)
(-0.04298844 0.0580490788 0)
(-0.0632319104 0.0619115076 0)
(-0.0831208716 0.0598559199 0)
(-0.101086254 0.052605552 0)
(-0.115849135 0.0411071726 0)
(-0.126440926 0.0264236386 0)
(-0.132187235 0.00968561555 0)
(-0.132697631 -0.00791671 0)
(-0.127870721 -0.0251250504 0)
(-0.117915463 -0.0406102761 0)
(-0.103386535 -0.0529974528 0)
(-0.0852272511 -0.0609386962 0)
(-0.0648019857 -0.0632496856 0)
(-0.0438652627 -0.0591133833 0)
(-0.0244675031 -0.0483249904 0)
(-0.00920309525 -0.0315520079 0)
(-0.0014908846 -0.0107193786 0)
(-0.0012426937 0.00687236746 0)
(-0.00749726909 0.0209539351 0)
(-0.0197996808 0.0325014284 0)
(-0.035524194 0.0400873032 0)
(-0.0527239586 0.0432717703 0)
(-0.0698331018 0.0421741893 0)
(-0.0854326606 0.0372606193 0)
(-0.0983251765 0.0291991456 0)
(-0.107580789 0.0187673593 0)
(-0.11254672 0.0068086491 0)
(-0.112854331 -0.00578010388 0)
(-0.108431629 -0.0180487532 0)
(-0.0995214523 -0.0289997735 0)
(-0.0867021715 -0.0376160662 0)
(-0.0709039794 -0.0429246742 0)
(-0.0534054921 -0.0441071852 0)
(-0.0357703067 -0.0406592851 0)
(-0.0197281041 -0.0325810777 0)
(-0.00733072971 -0.0205903314 0)
(-0.0011669768 -0.00649226903 0)
(-0.000899881839 0.00347704634 0)
(-0.00566093325 0.0122244275 0)
(-0.0152978522 0.0199179372 0)
(-0.0279091974 0.0251886522 0)
(-0.0419708346 0.0275859333 0)
(-0.0561592762 0.027126277 0)
(-0.0692274789 0.024098678 0)
(-0.0800968204 0.0189454321 0)
(-0.0879159971 0.0121895902 0)
(-0.0920844218 0.00440206479 0)
(-0.0922681486 -0.00380767338 0)
(-0.08841551 -0.0117927599 0)
(-0.0807724906 -0.018874873 0)
(-0.0698942072 -0.0243659736 0)
(-0.0566454571 -0.0276151939 0)
(-0.0421770517 -0.0280887048 0)
(-0.0278468983 -0.0254864161 0)
(-0.015088732 -0.0198866087 0)
(-0.0054744944 -0.0119313554 0)
(-0.000833547547 -0.00322197481 0)
(-0.00050750484 0.00108921266 0)
(-0.00368888897 0.00574014279 0)
(-0.0105872276 0.0102223796 0)
(-0.019987944 0.0134022107 0)
(-0.0307552981 0.014940094 0)
(-0.041807654 0.0148327216 0)
(-0.052100471 0.0132501894 0)
(-0.0607205919 0.0104516831 0)
(-0.0669425857 0.00673881576 0)
(-0.0702538329 0.00243728066 0)
(-0.0703711889 -0.00210635236 0)
(-0.0672558385 -0.00652338474 0)
(-0.0611263889 -0.0104252498 0)
(-0.0524664969 -0.0134154678 0)
(-0.042020109 -0.0151167121 0)
(-0.0307626639 -0.015218352 0)
(-0.0198243293 -0.0135494054 0)
(-0.0103615207 -0.0101761649 0)
(-0.00352670078 -0.00555507319 0)
(-0.000456470125 -0.000945965575 0)
(-6.44878788e-05 -0.00017623731 0)
(-0.00159898334 0.00163662248 0)
(-0.00569518614 0.00359860465 0)
(-0.0117199335 0.00501067783 0)
(-0.0188880535 0.00571684298 0)
(-0.0263913905 0.00573382701 0)
(-0.0334549863 0.00514772377 0)
(-0.0394084984 0.00407327221 0)
(-0.0437225475 0.00263489426 0)
(-0.0460238864 0.000961860913 0)
(-0.0461058265 -0.00081010722 0)
(-0.0439388724 -0.00253599051 0)
(-0.0396813822 -0.0040605608 0)
(-0.0336869546 -0.00522175296 0)
(-0.0265027362 -0.00586030353 0)
(-0.0188496265 -0.00583829643 0)
(-0.0115675439 -0.00507039512 0)
(-0.00551559626 -0.00357095398 0)
(-0.00148203439 -0.00155258644 0)
(-3.10929615e-05 0.000233978193 0)
(0.000261397341 -0.000255576534 0)
(0.000151444319 0.000102076048 0)
(-0.00117494898 0.000547417914 0)
(-0.00348063024 0.000863516629 0)
(-0.00637558488 0.00102207656 0)
(-0.0094668758 0.00103797536 0)
(-0.0124000373 0.000936218142 0)
(-0.0148817757 0.000743063344 0)
(-0.0166860981 0.000483182067 0)
(-0.017654725 0.000180088373 1.08300196e-33)
(-0.017698522 -0.000142309487 -1.08300196e-33)
(-0.0168014881 -0.000458219799 0)
(-0.0150266298 -0.00073901933 0)
(-0.0125218998 -0.000953243619 0)
(-0.0095235478 -0.00106773109 0)
(-0.00635302338 -0.00105052541 0)
(-0.00340014997 -0.000876788243 0)
(-0.00108361572 -0.000539616416 0)
(0.000206110814 -8.25144849e-05 0)
(0.000274563804 0.00026674572 0)
)
;

boundaryField
{
    walls
    {
        type            fixedValue;
        value           uniform (0 0 0);
    }
    mov_wall
    {
        type            fixedValue;
        value           uniform (1 0 0);
    }
    empty
    {
        type            empty;
    }
}


// ************************************************************************* //
