/*--------------------------------*- C++ -*----------------------------------*\
| =========                 |                                                 |
| \\      /  F ield         | OpenFOAM: The Open Source CFD Toolbox           |
|  \\    /   O peration     | Version:  5.x                                   |
|   \\  /    A nd           | Web:      www.OpenFOAM.org                      |
|    \\/     M anipulation  |                                                 |
\*---------------------------------------------------------------------------*/
FoamFile
{
    version     2.0;
    format      ascii;
    class       volScalarField;
    location    "2.8";
    object      p;
}
// * * * * * * * * * * * * * * * * * * * * * * * * * * * * * * * * * * * * * //

dimensions      [0 2 -2 0 0 0 0];

internalField   nonuniform List<scalar> 
400
(
6.55745731e-06
2.4524683
3.49433227
3.89888842
4.10665639
4.2247159
4.29430059
4.34028749
4.37634802
4.41012017
4.44676914
4.49092407
4.54766373
4.62449881
4.73480699
4.90460545
5.18238909
5.68421044
6.84132498
9.41173397
1.88671388
2.86729839
3.41989266
3.74775296
3.96518995
4.10975645
4.20768352
4.27900152
4.33675411
4.38962246
4.44425466
4.50658119
4.58334278
4.68330707
4.81973557
5.01368832
5.29403154
5.69847824
6.33842473
7.42838041
2.98208694
3.2625393
3.5423402
3.77068871
3.94571485
4.07572497
4.17323489
4.25001257
4.31528493
4.37624526
4.43893443
4.50903093
4.59258442
4.69679204
4.83085943
5.00664746
5.23633095
5.52394847
5.86049991
6.19824664
3.52779349
3.58535199
3.7217946
3.86538595
3.9890733
4.0908416
4.17461952
4.2457233
4.30953624
4.37103252
4.43478398
4.50521375
4.58679783
4.68426393
4.80246053
4.94570202
5.1157587
5.30515718
5.47834612
5.55964803
3.84422651
3.82688978
3.8851891
3.9693922
4.05222901
4.12780027
4.19567791
4.25748711
4.31593222
4.37410163
4.43507447
4.501867
4.57734054
4.66401543
4.76351338
4.87552037
4.99636837
5.11481111
5.1958551
5.1837249
4.04551052
4.00366814
4.02143536
4.06785909
4.1213916
4.17575019
4.2288641
4.28054703
4.33186945
4.38450101
4.44028034
4.50097748
4.5680582
4.64233575
4.72333568
4.80837569
4.89181606
4.9626872
4.99308978
4.94681703
4.18059508
4.13384018
4.13184808
4.15537779
4.18884268
4.22707585
4.2677362
4.30988103
4.35364661
4.39974057
4.44904762
4.50234621
4.56002829
4.62173113
4.68579469
4.74863524
4.80456901
4.84467492
4.84863376
4.79368909
4.2756678
4.23085171
4.21966927
4.22968349
4.24985488
4.27636377
4.30713143
4.34099187
4.37758768
4.41700819
4.4594606
4.50500548
4.55329453
4.60325848
4.65271423
4.69802041
4.73426777
4.75485592
4.74556961
4.69205125
4.34468325
4.30374011
4.28863806
4.29083661
4.30238529
4.32058064
4.34373899
4.3707108
4.40090207
4.43402457
4.46983732
4.50792679
4.5474926
4.58711817
4.6245225
4.65642233
4.67890263
4.68734219
4.67188832
4.62322561
4.39526821
4.35851336
4.34216611
4.3399671
4.34599805
4.35837013
4.37576982
4.39715384
4.42183418
4.44930756
4.47905965
4.51039576
4.54228309
4.57320142
4.60100925
4.62293508
4.63600462
4.63710124
4.61933366
4.57638662
4.4319724
4.39926638
4.38306312
4.37851927
4.38107458
4.38940483
4.40249609
4.41943311
4.43951073
4.46211753
4.48659105
4.51209555
4.53751665
4.56137754
4.58178488
4.59649002
4.60330329
4.60018236
4.5822146
4.54490272
4.45778522
4.42890439
4.41358894
4.40795346
4.40838822
4.41395598
4.42387286
4.43734715
4.45369676
4.47226974
4.49233959
4.51302248
4.53321523
4.55156007
4.56644169
4.57607913
4.57889436
4.57358339
4.556564
4.52448678
4.47483614
4.44958205
4.43556993
4.42962911
4.42886161
4.43260237
4.44024425
4.45110722
4.4645516
4.47992438
4.49648599
4.51335905
4.52949982
4.54369723
4.55460054
4.56081946
4.56123593
4.55504469
4.53958204
4.51226822
4.48473904
4.46296797
4.45050173
4.44476005
4.44342526
4.44603751
4.45213129
4.46112627
4.47243163
4.485412
4.49933948
4.51336767
4.52652851
4.53775498
4.54592679
4.54996788
4.54910232
4.54286576
4.52926417
4.50628073
4.48878256
4.47041131
4.45962941
4.45440218
4.452936
4.45494554
4.46008748
4.46787075
4.47775065
4.48911164
4.50124128
4.51332537
4.5244647
4.53371489
4.54014342
4.54292168
4.54153183
4.53575734
4.52414332
4.50514454
4.48806986
4.47306561
4.46401807
4.459464
4.45813994
4.45993285
4.46461406
4.47177165
4.48089597
4.4913794
4.50251128
4.513492
4.52346688
4.5315797
4.53703929
4.5392083
4.53777114
4.53271657
4.52309236
4.50783004
4.48367705
4.47201906
4.46464957
4.46077153
4.45971075
4.46154593
4.46616229
4.47321481
4.48220958
4.49252299
4.5034185
4.51407888
4.52365609
4.53133773
4.53642444
4.53842127
4.53717915
4.53288706
4.52513525
4.51342502
4.4768643
4.46839657
4.46243817
4.45902462
4.45817112
4.46017901
4.46504393
4.47246625
4.4819367
4.49277915
4.50419012
4.51528914
4.52518333
4.5330477
4.53821675
4.54028698
4.53924778
4.53550726
4.52929651
4.52086503
4.46929495
4.46320334
4.45768325
4.45397698
4.45293099
4.45509825
4.46055195
4.46897729
4.47977989
4.49215779
4.50516292
4.51776722
4.52893996
4.5377431
4.54344324
4.54563968
4.54441313
4.54042492
4.53470789
4.52867488
4.4634579
4.45753211
4.45037956
4.44493603
4.44291243
4.44510448
4.45157649
4.46188181
4.47522368
4.49055992
4.50668109
4.52228478
4.53606219
4.5468082
4.55356083
4.55577415
4.55352902
4.5477582
4.54036035
4.53447099
)
;

boundaryField
{
    walls
    {
        type            zeroGradient;
    }
    mov_wall
    {
        type            zeroGradient;
    }
    empty
    {
        type            empty;
    }
}


// ************************************************************************* //
