/*--------------------------------*- C++ -*----------------------------------*\
| =========                 |                                                 |
| \\      /  F ield         | OpenFOAM: The Open Source CFD Toolbox           |
|  \\    /   O peration     | Version:  5.x                                   |
|   \\  /    A nd           | Web:      www.OpenFOAM.org                      |
|    \\/     M anipulation  |                                                 |
\*---------------------------------------------------------------------------*/
FoamFile
{
    version     2.0;
    format      ascii;
    class       surfaceScalarField;
    location    "2.8";
    object      phi;
}
// * * * * * * * * * * * * * * * * * * * * * * * * * * * * * * * * * * * * * //

dimensions      [0 3 -1 0 0 0 0];

internalField   nonuniform List<scalar> 
760
(
0.00134817544
-0.00134817855
0.00245763919
-0.00110946374
0.00313513433
-0.000677495137
0.00355971545
-0.00042458113
0.00383225103
-0.000272535601
0.00400945183
-0.000177200802
0.00412521413
-0.000115762287
0.00419921668
-7.40025255e-05
0.00424243194
-4.32152671e-05
0.00426055315
-1.81212454e-05
0.00425562193
4.93120791e-06
0.00422675739
2.88645441e-05
0.00416938907
5.73683324e-05
0.00407358479
9.58042726e-05
0.00391995075
0.000153634005
0.00367201915
0.000247931551
0.00326316013
0.000408859013
0.00257264072
0.000690519448
0.00140850172
0.00116413904
0.00140850174
-5.46959417e-05
-0.00129348261
0.000412591941
-0.00157675161
0.00103002917
-0.00129493233
0.00157871322
-0.000973265162
0.00201483196
-0.000708654341
0.00234477638
-0.000507145249
0.0025851153
-0.000356101214
0.00275126831
-0.000240155508
0.00285456665
-0.000146513576
0.00290179417
-6.53487633e-05
0.00289536547
1.13598656e-05
0.00283292929
9.1300668e-05
0.0027071248
0.000183172817
0.00250436298
0.00029856611
0.00220410931
0.000453887687
0.00178090132
0.000671139516
0.00121756773
0.000972192555
0.00055281242
0.00135527473
1.30664313e-05
0.00170388503
0.0014215682
-0.000271734981
-0.00102174763
-0.000221027173
-0.00162745944
7.13670601e-05
-0.00158732655
0.000446284751
-0.00134818282
0.000812488599
-0.00107485817
0.00112929797
-0.000823954628
0.00138207681
-0.000608880071
0.00156800622
-0.000426084912
0.00168837523
-0.000266882546
0.00174468281
-0.0001216563
0.00173678808
1.92545909e-05
0.00166213284
0.000165955874
0.00151571146
0.000329594161
0.00129125306
0.000523024537
0.000985010793
0.000760130001
0.000605009032
0.00105114131
0.000189850323
0.00138735126
-0.000160045279
0.00170517031
-0.000261640704
0.00180548044
0.00115992752
-0.000227941768
-0.000793805847
-0.00036119781
-0.00149420342
-0.000308329002
-0.00164019537
-0.000134822263
-0.00152168953
8.92080691e-05
-0.00129888845
0.000314970295
-0.00104971683
0.000513261177
-0.000807170963
0.000668297996
-0.000581121741
0.000771988201
-0.000370572725
0.000820033996
-0.000169702037
0.000809725615
2.95630131e-05
0.000739199123
0.000236482362
0.000607933959
0.000460859301
0.000419109431
0.000711849073
0.000184523219
0.00099471627
-6.71919351e-05
0.00130285653
-0.000280617999
0.00160077735
-0.000369418703
0.001793971
-0.000246993709
0.00168305542
0.000912933815
-0.000168965348
-0.000624840469
-0.000352016614
-0.00131115217
-0.000431558462
-0.00156065354
-0.000408910104
-0.00154433788
-0.000319436612
-0.0013883619
-0.000200096892
-0.0011690565
-7.98120456e-05
-0.000927455793
2.1576073e-05
-0.000682509877
9.14263908e-05
-0.000440423046
0.000122133075
-0.000200408674
0.000109754992
4.19411688e-05
5.36436868e-05
0.000292593711
-4.27508149e-05
0.000557253803
-0.000169695564
0.00083879382
-0.00030765362
0.00113267437
-0.000423469441
0.00141867243
-0.000470025344
0.00164733331
-0.00039782504
0.0017217707
-0.000196431092
0.00148166144
0.000716502708
-0.000124192248
-0.000500648193
-0.000308336012
-0.00112700839
-0.000450494825
-0.00141849475
-0.000523205111
-0.00147162762
-0.000535392486
-0.00137617451
-0.00050816252
-0.00119628641
-0.000463158815
-0.00097245945
-0.000418063058
-0.000727605637
-0.000385621265
-0.000472864868
-0.000373914347
-0.000212115586
-0.000386730101
5.47569911e-05
-0.000423461472
0.000329325165
-0.000478358099
0.000612150469
-0.000539179724
0.000899615443
-0.000585820016
0.00117931467
-0.000590513122
0.00142336559
-0.000523085583
0.00157990583
-0.000366699276
0.00156538442
-0.00015058603
0.00126554817
0.000565916646
-9.45730404e-05
-0.000406075143
-0.000264650061
-0.000956931329
-0.000430739002
-0.0012524058
-0.000556977901
-0.00134538874
-0.000636794502
-0.00129635792
-0.000678143309
-0.00115493757
-0.000693945656
-0.000956657041
-0.000696931113
-0.00072462015
-0.000697276038
-0.000472519972
-0.000701663778
-0.000207727886
-0.000712862658
6.59558899e-05
-0.000729338117
0.000345800706
-0.000744755309
0.000627567739
-0.000747581539
0.000902441696
-0.00072147087
0.00115320399
-0.000647844076
0.0013497388
-0.000512877323
0.00144493912
-0.000321206446
0.00137371359
-0.000116485731
0.00106082746
0.000449430885
-7.53438361e-05
-0.000330731321
-0.000228207073
-0.000804068041
-0.000398354135
-0.00108225869
-0.000550540261
-0.00119320262
-0.000670627467
-0.00117627076
-0.00075757959
-0.00106798547
-0.00081678621
-0.000897450384
-0.000855588924
-0.000685817378
-0.000880625833
-0.000447483059
-0.000896361892
-0.000191991884
-0.000904271621
7.38655714e-05
-0.000902361707
0.000343890821
-0.000884973382
0.000610179497
-0.000843105096
0.000860573468
-0.000765820907
0.00107591979
-0.000643665253
0.00122758311
-0.000475104259
0.00127637813
-0.000276309988
0.00117491935
-9.21328874e-05
0.00087665039
0.000357297992
-6.22883838e-05
-0.000268442962
-0.000198541509
-0.000667814887
-0.000362893969
-0.00091790617
-0.000523851192
-0.00103224536
-0.000664415874
-0.00103570611
-0.000778129745
-0.000954271659
-0.000864813118
-0.000810767032
-0.000927166457
-0.000623463994
-0.000968400662
-0.000406248807
-0.000990722189
-0.000169670381
-0.000994437337
7.75806397e-05
-0.000977526647
0.00032698008
-0.00093569577
0.000568348651
-0.000863101823
0.000787979592
-0.000754123577
0.00096694158
-0.000606626603
0.00108008611
-0.000426950604
0.00109670209
-0.000236038392
0.000984007131
-7.43490495e-05
0.000714961076
0.000282948965
-5.27690006e-05
-0.000215673974
-0.000173812889
-0.000546771011
-0.000327557556
-0.000764161465
-0.000486866169
-0.000872936687
-0.000634380427
-0.000888191832
-0.000760758176
-0.000827893962
-0.000862117056
-0.000709408223
-0.000937655172
-0.000547925886
-0.000987783599
-0.000356120324
-0.00101282429
-0.000144629656
-0.00101222308
7.69793834e-05
-0.000984241022
0.000298997929
-0.000926163358
0.000510270936
-0.000835159026
0.000696975288
-0.000709976208
0.000841758819
-0.00055359739
0.000923707309
-0.000376677023
0.000919781691
-0.000200960086
0.000808290162
-6.08626486e-05
0.000574863643
0.000222086348
-4.52979014e-05
-0.000170376053
-0.000152453959
-0.000439614991
-0.000293299591
-0.000623315846
-0.000444763029
-0.000721473204
-0.000590345693
-0.000742609103
-0.000719473158
-0.000698766489
-0.000826046144
-0.000602835303
-0.000906878007
-0.000467094088
-0.000960347332
-0.000302650988
-0.000985402842
-0.000119574081
-0.000980962823
7.2539389e-05
-0.000945731814
0.000263766857
-0.000878479801
0.000443018826
-0.000778854875
0.000597350317
-0.000648783882
0.000711687855
-0.000494403395
0.000769326872
-0.000328204046
0.000753582356
-0.000170678323
0.00065076442
-5.02806565e-05
0.000454465964
0.000171805709
-3.90621093e-05
-0.000131313895
-0.000133403663
-0.000345273463
-0.000260349761
-0.000496369803
-0.000400388647
-0.000581434328
-0.000538430707
-0.000604566982
-0.000663692124
-0.000573504998
-0.000768937275
-0.000497590148
-0.000849522257
-0.00038650917
-0.000902500084
-0.000249673209
-0.000925933206
-9.61409278e-05
-0.000918487961
6.50942146e-05
-0.000879355324
0.000224634239
-0.000808534587
0.000372198026
-0.00070750468
0.000496320326
-0.000580261241
0.000584444386
-0.000434587999
0.000623653664
-0.00028324806
0.000602242467
-0.000144573242
0.000512089623
-4.17551533e-05
0.000351647871
0.000130050553
-3.36093232e-05
-9.77045259e-05
-0.000115973268
-0.000262909499
-0.0002286855
-0.000383657622
-0.000355330589
-0.0004547893
-0.000482447722
-0.000477449841
-0.00059965563
-0.000456297004
-0.000699323495
-0.000397922196
-0.000776049114
-0.000309783543
-0.000826126221
-0.000199596154
-0.00084712273
-7.51444458e-05
-0.0008376447
5.56162313e-05
-0.000797330878
0.00018432049
-0.000727101346
0.000301968515
-0.000629655469
0.0003988744
-0.000510162752
0.00046495161
-0.000377004638
0.00049049554
-0.000242314541
0.00046755241
-0.00012197806
0.000391753188
-3.47331589e-05
0.00026440299
9.53173859e-05
-2.86574234e-05
-6.90470967e-05
-9.96599447e-05
-0.000191906916
-0.000198116485
-0.000285201078
-0.000310356808
-0.000342549036
-0.000424615071
-0.000363191629
-0.000531264623
-0.000349647418
-0.000622763907
-0.000306422802
-0.000693444876
-0.000239102477
-0.000739256968
-0.000153784049
-0.000757556208
-5.68452458e-05
-0.000747001699
4.50617117e-05
-0.000707596297
0.000144915143
-0.000640882923
0.000235255215
-0.000550275828
0.000308267333
-0.000441461406
0.000356137161
-0.000322745212
0.000371779312
-0.000205166191
0.000349973393
-0.000102185242
0.000288772274
-2.88023522e-05
0.000191020134
6.65150361e-05
-2.39811643e-05
-4.50659758e-05
-8.39971604e-05
-0.00013189086
-0.000168256519
-0.000200941657
-0.000265594611
-0.000245210944
-0.00036593444
-0.000262851857
-0.000460593075
-0.000254988816
-0.000542421835
-0.000224593986
-0.000605819374
-0.000175704819
-0.000646679642
-0.000112923687
-0.000662337288
-4.11875862e-05
-0.000651559343
3.42837353e-05
-0.000614611122
0.000107966922
-0.00055339902
0.000174043168
-0.000471662529
0.000226530912
-0.00037515294
0.000259627604
-0.000271701214
0.000268327576
-0.000171058416
0.000249330578
-8.44168593e-05
0.000202130723
-2.35998051e-05
0.000130203103
4.29152446e-05
-1.93491834e-05
-2.57168523e-05
-6.84697945e-05
-8.27702377e-05
-0.000138506204
-0.000130905174
-0.000220637184
-0.000163079899
-0.000306427206
-0.000177061835
-0.000388227282
-0.00017318879
-0.000459472457
-0.000153348832
-0.000514857866
-0.000120319349
-0.000550427687
-7.73537583e-05
-0.000563625415
-2.79897822e-05
-0.000553346369
2.40046957e-05
-0.000520014568
7.46350948e-05
-0.000465680994
0.000119709598
-0.000394113561
0.000154963528
-0.000310821926
0.000176336026
-0.000222940515
0.000180446193
-0.000138894171
0.00016528423
-6.78133093e-05
0.000131049851
-1.87620605e-05
8.11518581e-05
2.4153198e-05
-1.45054688e-05
-1.1211409e-05
-5.25209051e-05
-4.47548438e-05
-0.000108122352
-7.53036989e-05
-0.000174687009
-9.65151661e-05
-0.000245342127
-0.000106406656
-0.000313519427
-0.000105011494
-0.000373386295
-9.34820128e-05
-0.000420127646
-7.35780206e-05
-0.000450114162
-4.73671984e-05
-0.000461007114
-1.70967511e-05
-0.000451839721
1.48373533e-05
-0.000423095164
4.58905353e-05
-0.000376774475
7.33888852e-05
-0.000316425233
9.46142881e-05
-0.000247078611
0.000106989439
-0.00017502969
0.000108397313
-0.000107402658
9.76572165e-05
-5.14856596e-05
7.51328497e-05
-1.39145774e-05
4.35807693e-05
1.02386263e-05
-9.20272006e-06
-2.00865336e-06
-3.56845662e-05
-1.82730497e-05
-7.643518e-05
-3.45531155e-05
-0.000126810429
-4.61398943e-05
-0.00018140719
-5.18098339e-05
-0.000234816006
-5.16026376e-05
-0.000282130887
-4.61671499e-05
-0.000319262068
-3.64468949e-05
-0.000343114958
-2.35143412e-05
-0.000351698456
-8.51323309e-06
-0.000344205462
7.34440682e-06
-0.000321082998
2.27680986e-05
-0.00028408493
3.63908087e-05
-0.000236278552
4.68078896e-05
-0.000181957843
5.2668729e-05
-0.000126403247
5.28427382e-05
-7.54282438e-05
4.66822379e-05
-3.46814924e-05
3.43861088e-05
-8.71387725e-06
1.7613152e-05
1.52474837e-06
-3.43745544e-06
1.42887058e-06
-1.80437473e-05
-3.66676938e-06
-4.34058123e-05
-9.19109807e-06
-7.64333016e-05
-1.31124452e-05
-0.000113186608
-1.50565277e-05
-0.000149664371
-1.51248469e-05
-0.00018225064
-1.35808698e-05
-0.000207951839
-1.0745728e-05
-0.000224513042
-6.95319514e-06
-0.000230483704
-2.54261005e-06
-0.00022527162
2.13232369e-06
-0.000209196132
6.69263304e-06
-0.000183534537
1.07292262e-05
-0.000150536162
1.3809506e-05
-0.00011336783
1.55003822e-05
-7.59394649e-05
1.54143707e-05
-4.25470636e-05
1.32898479e-05
-1.7276675e-05
9.11573402e-06
-3.10384733e-06
3.44033053e-06
-1.57909972e-06
1.42892848e-06
-2.23778893e-06
-1.14288699e-05
-2.45413438e-05
-3.95979161e-05
-5.47227878e-05
-6.83036546e-05
-7.9049375e-05
-8.60025829e-05
-8.85452253e-05
-8.64129305e-05
-7.97203047e-05
-6.89910679e-05
-5.51815512e-05
-3.96811698e-05
-2.42668083e-05
-1.09769675e-05
-1.86123345e-06
1.57910079e-06
)
;

boundaryField
{
    walls
    {
        type            calculated;
        value           uniform 0;
    }
    mov_wall
    {
        type            calculated;
        value           uniform 0;
    }
    empty
    {
        type            empty;
        value           nonuniform 0();
    }
}


// ************************************************************************* //
