/*--------------------------------*- C++ -*----------------------------------*\
| =========                 |                                                 |
| \\      /  F ield         | OpenFOAM: The Open Source CFD Toolbox           |
|  \\    /   O peration     | Version:  5.x                                   |
|   \\  /    A nd           | Web:      www.OpenFOAM.org                      |
|    \\/     M anipulation  |                                                 |
\*---------------------------------------------------------------------------*/
FoamFile
{
    version     2.0;
    format      ascii;
    class       volVectorField;
    location    "2.8";
    object      U;
}
// * * * * * * * * * * * * * * * * * * * * * * * * * * * * * * * * * * * * * //

dimensions      [0 1 -1 0 0 0 0];

internalField   nonuniform List<vector> 
400
(
(0.291698261 0.149643996 0)
(0.388186917 0.128007787 0)
(0.557615953 0.0757318648 0)
(0.674785637 0.0433044549 0)
(0.743766537 0.0251591102 0)
(0.787074957 0.0148802959 0)
(0.815462884 0.00893091749 0)
(0.83393948 0.00530992523 0)
(0.845365378 0.00289956174 0)
(0.851349177 0.00108485534 2.66527318e-34)
(0.85264066 -0.000502850588 -2.66527318e-34)
(0.849354208 -0.00216071854 0)
(0.840973297 -0.0042171026 0)
(0.826113715 -0.00722097969 0)
(0.802020381 -0.0122364927 0)
(0.763538912 -0.021389203 0)
(0.699488867 -0.038838612 0)
(0.584557322 -0.0722732751 0)
(0.407900531 -0.12843631 0)
(0.300688068 -0.152947538 0)
(0.0012040794 0.287432655 0)
(0.0133207746 0.293872279 0)
(0.14004429 0.209904926 0)
(0.264971449 0.142986192 0)
(0.364177593 0.0968019877 0)
(0.440119895 0.0654411089 0)
(0.496540843 0.0439762321 0)
(0.536690849 0.0287011398 0)
(0.563274235 0.0170798474 0)
(0.578137107 0.00742309071 0)
(0.582210053 -0.00150100098 0)
(0.575515028 -0.0107977392 0)
(0.557109044 -0.0217346316 0)
(0.524912821 -0.0361396634 0)
(0.475518273 -0.0569634626 0)
(0.404325906 -0.0889771182 0)
(0.305687228 -0.13915073 0)
(0.174497751 -0.215275188 0)
(0.0341065672 -0.310801151 0)
(0.0108691525 -0.305909064 0)
(-0.0321468065 0.241774037 0)
(-0.0634304736 0.333547263 0)
(-0.0219363482 0.299502542 0)
(0.0505994523 0.240051672 0)
(0.127397176 0.183020782 0)
(0.196818365 0.13545448 0)
(0.254166816 0.0974522927 0)
(0.298087977 0.066889127 0)
(0.32866533 0.0413757981 0)
(0.346307474 0.0187814597 -2.3579748e-33)
(0.351210968 -0.00280946832 2.3579748e-33)
(0.343126418 -0.0252950047 0)
(0.321277275 -0.050829892 0)
(0.284432637 -0.0820947639 0)
(0.231328608 -0.122479698 0)
(0.16191661 -0.175657962 0)
(0.0798349209 -0.243208387 0)
(-0.0033373985 -0.317981909 0)
(-0.0578531584 -0.366363473 0)
(-0.0313893263 -0.270690668 0)
(-0.0261204353 0.182361621 0)
(-0.0666193493 0.316884178 0)
(-0.0735379163 0.330901741 0)
(-0.0481309111 0.295352865 0)
(-0.00567241899 0.244253429 0)
(0.0411121808 0.192431649 0)
(0.0845447617 0.145094947 0)
(0.120423939 0.103006551 0)
(0.146584823 0.0651543129 0)
(0.161925047 0.0298883962 2.35547023e-33)
(0.165812396 -0.00469428923 -2.35547023e-33)
(0.157798403 -0.0406695481 0)
(0.137586132 -0.0803026405 0)
(0.105284892 -0.125979464 0)
(0.0620897693 -0.179774679 0)
(0.0116090821 -0.242029584 0)
(-0.0380284978 -0.307764231 0)
(-0.0720491585 -0.35957927 0)
(-0.071163944 -0.355585575 0)
(-0.0287210624 -0.209178561 0)
(-0.0176296939 0.140767925 0)
(-0.0549165985 0.28182719 0)
(-0.0828631175 0.324484298 0)
(-0.0880764198 0.312396687 0)
(-0.0751199516 0.274441836 0)
(-0.0526279464 0.226778273 0)
(-0.0275122223 0.177302675 0)
(-0.00458051338 0.129145308 0)
(0.0130230327 0.0829122859 0)
(0.023356326 0.0379330106 -2.94546111e-34)
(0.0253092879 -0.00710135442 2.94546111e-34)
(0.0184147782 -0.0537994235 0)
(0.00288659625 -0.103801117 0)
(-0.0200875394 -0.158367765 0)
(-0.0477710684 -0.217530535 0)
(-0.0750616587 -0.278347362 0)
(-0.0936268345 -0.331694621 0)
(-0.0922271201 -0.357398718 0)
(-0.0635074903 -0.31887979 0)
(-0.0207312638 -0.16207669 0)
(-0.0116542875 0.111592232 0)
(-0.0431522431 0.243765197 0)
(-0.0782841046 0.299859273 0)
(-0.100579445 0.305000645 0)
(-0.108310847 0.280421047 0)
(-0.105716824 0.24036896 0)
(-0.0975365409 0.193277569 0)
(-0.0877938582 0.143545216 0)
(-0.0795356357 0.0930259773 0)
(-0.074827679 0.0420752028 0)
(-0.0748485859 -0.00975921026 0)
(-0.079934999 -0.0632504948 0)
(-0.0895003963 -0.119033086 0)
(-0.101813197 -0.176993214 0)
(-0.113691211 -0.23529767 0)
(-0.120284974 -0.288848819 0)
(-0.115237146 -0.327084544 0)
(-0.0922711738 -0.331566351 0)
(-0.0521876457 -0.275119553 0)
(-0.0142847874 -0.127260047 0)
(-0.00803186404 0.0899679744 0)
(-0.0343053202 0.207876574 0)
(-0.0703687501 0.267741162 0)
(-0.100959475 0.283508893 0)
(-0.121509337 0.269753494 0)
(-0.133062252 0.237807559 0)
(-0.13813617 0.195383871 0)
(-0.139450607 0.1472163 0)
(-0.139366056 0.0958905674 0)
(-0.139599639 0.0425957273 0)
(-0.141114517 -0.0122625101 0)
(-0.144055041 -0.068540019 0)
(-0.147657538 -0.125824368 0)
(-0.150140877 -0.182786922 0)
(-0.148667963 -0.236314244 0)
(-0.139565694 -0.280389855 0)
(-0.119015861 -0.304900256 0)
(-0.0848747941 -0.294957042 0)
(-0.0422046606 -0.232154308 0)
(-0.0100065912 -0.10070975 0)
(-0.00589819837 0.0731568391 0)
(-0.028051472 0.175459757 0)
(-0.0624621477 0.233454717 0)
(-0.0961932312 0.254650381 0)
(-0.123784466 0.248662033 0)
(-0.144336678 0.223977981 0)
(-0.158622308 0.187072159 0)
(-0.168069839 0.142433883 0)
(-0.174171315 0.0929432109 0)
(-0.178091966 0.0403532737 0)
(-0.180456577 -0.014224452 0)
(-0.181230306 -0.0698445082 0)
(-0.179647564 -0.125225496 0)
(-0.174205409 -0.178177234 0)
(-0.162809235 -0.224940589 0)
(-0.143212681 -0.25951247 0)
(-0.113841721 -0.273200967 0)
(-0.0753166619 -0.254896086 0)
(-0.034318911 -0.192925586 0)
(-0.00728498585 -0.0799916965 0)
(-0.00459312943 0.0595159358 0)
(-0.023544194 0.146542411 0)
(-0.0553430404 0.199661857 0)
(-0.0893197505 0.222701278 0)
(-0.12005193 0.221819034 0)
(-0.145609241 0.203131457 0)
(-0.165570832 0.171796221 0)
(-0.180317296 0.131775382 0)
(-0.190531273 0.0859403709 0)
(-0.196813931 0.0363509868 2.97712053e-34)
(-0.199449098 -0.0153914544 -2.97712053e-34)
(-0.198275823 -0.0677564507 0)
(-0.192646325 -0.118867514 0)
(-0.181489488 -0.166058951 0)
(-0.163546189 -0.205440469 0)
(-0.1378588 -0.231577386 0)
(-0.104503444 -0.237504536 0)
(-0.0656637552 -0.215385923 0)
(-0.0281738095 -0.158249639 0)
(-0.00551069212 -0.0634667423 0)
(-0.00373314591 0.0480882546 0)
(-0.0201212463 0.120839171 0)
(-0.0490154134 0.167676113 0)
(-0.0816390131 0.190287113 0)
(-0.112989491 0.192487246 0)
(-0.140680617 0.178556744 4.67988937e-33)
(-0.163557465 0.15246511 0)
(-0.181246365 0.117554739 0)
(-0.193784254 0.0765045968 -4.74064708e-33)
(-0.201297042 0.0314709768 2.26592679e-36)
(-0.203789261 -0.0156742897 4.98648489e-36)
(-0.201035432 -0.0630553821 0)
(-0.192565994 -0.10848128 0)
(-0.177765565 -0.149141055 0)
(-0.15612494 -0.181360509 0)
(-0.1276798 -0.200523836 0)
(-0.09356458 -0.201318145 0)
(-0.0566770524 -0.178463655 0)
(-0.0233146723 -0.128089931 0)
(-0.00429570714 -0.0500434563 0)
(-0.00311503803 0.0383305472 0)
(-0.0173631124 0.0980506216 0)
(-0.0433176167 0.13812963 0)
(-0.0737180662 0.158978803 0)
(-0.10410443 0.162837813 0)
(-0.131970498 0.152617794 -4.67988937e-33)
(-0.155761574 0.131295371 0)
(-0.17461282 0.101603025 0)
(-0.188100173 0.0659288479 4.74064709e-33)
(-0.195997364 0.0263693437 1.49107131e-33)
(-0.198111547 -0.015123207 -1.49832372e-33)
(-0.194203947 -0.0565440183 0)
(-0.183996506 -0.0956257236 0)
(-0.167277131 -0.129654465 0)
(-0.144124358 -0.155368499 0)
(-0.115252432 -0.169022075 0)
(-0.0823813821 -0.1667135 0)
(-0.0485940889 -0.145039909 0)
(-0.0193975926 -0.102103139 0)
(-0.00342091007 -0.0390049256 0)
(-0.00263392909 0.0299261818 0)
(-0.0150226041 0.0779299121 0)
(-0.0380973884 0.111310791 0)
(-0.0658175156 0.129695411 0)
(-0.0942793935 0.134263479 0)
(-0.121043912 0.126924971 0)
(-0.144383464 0.109860256 0)
(-0.163148823 0.0852478133 0)
(-0.176619338 0.0551415037 0)
(-0.184335299 0.0214702971 2.99743221e-34)
(-0.185982755 -0.0138812579 -2.99743221e-34)
(-0.181343495 -0.0489513187 0)
(-0.1703138 -0.0815742437 0)
(-0.152999117 -0.109288899 0)
(-0.129891501 -0.129330337 0)
(-0.102114422 -0.138763846 0)
(-0.0716393246 -0.134815772 0)
(-0.0414365612 -0.11540699 0)
(-0.0161843359 -0.0798580251 0)
(-0.00276403107 -0.0298605879 0)
(-0.00223472917 0.0226799473 0)
(-0.0129540971 0.0602836641 0)
(-0.033238088 0.0873305519 0)
(-0.0580554352 0.102954155 0)
(-0.0840352489 0.107621453 0)
(-0.108905906 0.102520363 0)
(-0.130913854 0.0892083621 0)
(-0.14877557 0.0693816587 0)
(-0.161603269 0.0447500484 0)
(-0.168801004 0.0170067189 3.00137804e-34)
(-0.169993264 -0.0121371198 -3.00137804e-34)
(-0.164999399 -0.0408859793 0)
(-0.153857282 -0.0672950867 0)
(-0.136898865 -0.089241359 0)
(-0.114876467 -0.104468331 0)
(-0.0891187858 -0.110744055 0)
(-0.0616327627 -0.106157789 0)
(-0.0351269278 -0.089535072 0)
(-0.0135037226 -0.0609262677 0)
(-0.00225326818 -0.0222577639 0)
(-0.00188545183 0.0164661889 0)
(-0.0110624538 0.0449643739 0)
(-0.0286410649 0.0662102666 0)
(-0.0504610021 0.0790275276 0)
(-0.073652989 0.0834120151 0)
(-0.0961639527 0.0800411839 0)
(-0.116305635 0.0699951012 0)
(-0.132763008 0.0545609047 0)
(-0.144575238 0.0351142656 0)
(-0.151082064 0.013074726 0)
(-0.151887531 -0.0100880729 0)
(-0.146852661 -0.0328249084 0)
(-0.13611919 -0.0534821062 0)
(-0.120163982 -0.0703095521 0)
(-0.0998791211 -0.081529624 0)
(-0.0766569624 -0.085491821 0)
(-0.0524121088 -0.0809232592 0)
(-0.0295299776 -0.06724673 0)
(-0.0112185501 -0.0449265208 0)
(-0.00184129278 -0.015938054 0)
(-0.00156251659 0.011207698 0)
(-0.00926985405 0.0318704039 0)
(-0.0242024384 0.0479366842 0)
(-0.042988301 0.0580488411 0)
(-0.0632317116 0.0619112496 0)
(-0.0831206115 0.059855669 0)
(-0.101085934 0.0526053361 0)
(-0.115848764 0.0411070138 0)
(-0.126440521 0.0264235499 0)
(-0.132186817 0.00968560236 0)
(-0.132697221 -0.00791664665 0)
(-0.127870333 -0.0251249136 0)
(-0.117915111 -0.0406100763 0)
(-0.103386233 -0.0529972092 0)
(-0.0852270092 -0.0609384342 0)
(-0.0648018088 -0.0632494312 0)
(-0.043865147 -0.0591131597 0)
(-0.0244674393 -0.0483248164 0)
(-0.00920307022 -0.0315518982 0)
(-0.00149087987 -0.0107193418 0)
(-0.00124269055 0.00687233679 0)
(-0.0074972416 0.0209538431 0)
(-0.0197996022 0.0325012873 0)
(-0.0355240536 0.0400871285 0)
(-0.0527237549 0.0432715782 0)
(-0.0698328365 0.0421739984 0)
(-0.085432337 0.0372604502 0)
(-0.0983248015 0.029199018 0)
(-0.107580377 0.0187672864 0)
(-0.112546293 0.00680863579 0)
(-0.112853911 -0.00578005876 0)
(-0.108431235 -0.0180486539 0)
(-0.0995210976 -0.0289996274 0)
(-0.0867018676 -0.037615886 0)
(-0.0709037356 -0.0429244783 0)
(-0.0534053133 -0.0441069949 0)
(-0.0357701908 -0.0406591201 0)
(-0.019728042 -0.0325809531 0)
(-0.00733070675 -0.0205902565 0)
(-0.00116697297 -0.00649224631 0)
(-0.00089987861 0.00347703221 0)
(-0.00566090967 0.0122243718 0)
(-0.0152977846 0.0199178451 0)
(-0.0279090721 0.0251885358 0)
(-0.0419706477 0.0275858045 0)
(-0.0561590304 0.0271261473 0)
(-0.0692271802 0.0240985598 0)
(-0.0800964763 0.0189453388 0)
(-0.087915619 0.0121895334 0)
(-0.0920840272 0.00440205057 0)
(-0.0922677587 -0.00380764569 0)
(-0.0884151448 -0.0117926952 0)
(-0.0807721651 -0.0188747776 0)
(-0.0698939314 -0.0243658559 0)
(-0.0566452373 -0.0276150649 0)
(-0.0421768908 -0.0280885787 0)
(-0.0278467947 -0.0254863076 0)
(-0.0150886776 -0.0198865293 0)
(-0.00547447565 -0.0119313114 0)
(-0.000833544976 -0.00322196465 0)
(-0.000507501104 0.00108921111 0)
(-0.00368886974 0.00574011797 0)
(-0.0105871765 0.0102223302 0)
(-0.0199878473 0.0134021445 0)
(-0.0307551492 0.0149400202 0)
(-0.0418074537 0.0148326477 0)
(-0.0521002257 0.013250121 0)
(-0.0607203102 0.0104516265 0)
(-0.0669422776 0.00673877795 0)
(-0.070253511 0.00243726728 0)
(-0.0703708694 -0.00210633995 0)
(-0.0672555385 -0.00652334965 0)
(-0.0611261231 -0.0104251974 0)
(-0.0524662749 -0.0134154039 0)
(-0.0420199353 -0.0151166424 0)
(-0.0307625392 -0.0152182838 0)
(-0.0198242505 -0.0135493468 0)
(-0.0103614809 -0.0101761234 0)
(-0.00352668825 -0.00555505307 0)
(-0.000456468929 -0.00094596419 0)
(-6.44848265e-05 -0.000176233081 0)
(-0.0015989707 0.00163661833 0)
(-0.00569515498 0.00359858763 0)
(-0.011719874 0.00501065098 0)
(-0.0188879589 0.00571681201 0)
(-0.026391259 0.00573379673 0)
(-0.033454822 0.00514769646 0)
(-0.0394083087 0.00407324888 0)
(-0.0437223408 0.00263487677 0)
(-0.0460236714 0.000961852225 0)
(-0.0461056129 -0.000810104961 0)
(-0.0439386715 -0.00253597782 0)
(-0.0396812047 -0.00406054061 0)
(-0.0336868086 -0.00522172876 0)
(-0.0265026254 -0.00586027808 0)
(-0.0188495503 -0.00583827199 0)
(-0.0115674987 -0.00507037434 0)
(-0.00551557583 -0.00357094 0)
(-0.00148202976 -0.00155258153 0)
(-3.10933045e-05 0.000233975683 0)
(0.000261397914 -0.000255573936 0)
(0.000151447467 0.000102077569 0)
(-0.00117493971 0.000547415929 0)
(-0.00348061095 0.000863511494 0)
(-0.00637555246 0.00102207006 0)
(-0.00946682883 0.0010379693 0)
(-0.0123999769 0.000936213164 0)
(-0.0148817051 0.000743059124 0)
(-0.0166860213 0.00048317837 0)
(-0.0176546455 0.000180085791 1.08300349e-33)
(-0.0176984431 -0.000142309983 -1.08300349e-33)
(-0.0168014138 -0.000458217875 0)
(-0.0150265646 -0.000739015673 0)
(-0.0125218474 -0.000953239363 0)
(-0.00952351007 -0.00106772703 0)
(-0.00635300009 -0.00105052182 0)
(-0.00340013894 -0.000876785335 0)
(-0.00108361346 -0.000539614733 0)
(0.000206108896 -8.25146491e-05 0)
(0.000274562452 0.000266744132 0)
)
;

boundaryField
{
    walls
    {
        type            fixedValue;
        value           uniform (0 0 0);
    }
    mov_wall
    {
        type            fixedValue;
        value           uniform (1 0 0);
    }
    empty
    {
        type            empty;
    }
}


// ************************************************************************* //
