/*--------------------------------*- C++ -*----------------------------------*\
| =========                 |                                                 |
| \\      /  F ield         | OpenFOAM: The Open Source CFD Toolbox           |
|  \\    /   O peration     | Version:  5.x                                   |
|   \\  /    A nd           | Web:      www.OpenFOAM.org                      |
|    \\/     M anipulation  |                                                 |
\*---------------------------------------------------------------------------*/
FoamFile
{
    version     2.0;
    format      ascii;
    class       volScalarField;
    location    "7.9";
    object      p;
}
// * * * * * * * * * * * * * * * * * * * * * * * * * * * * * * * * * * * * * //

dimensions      [0 2 -2 0 0 0 0];

internalField   nonuniform List<scalar> 
400
(
6.73551983e-07
2.45245974
3.49432336
3.8988795
4.10664746
4.22470696
4.29429162
4.34027847
4.37633895
4.41011105
4.44676
4.49091491
4.54765457
4.62448963
4.73479782
4.9045963
5.18237997
5.68420134
6.8413159
9.41172492
1.88670546
2.86728956
3.41988376
3.74774403
3.96518099
4.10974745
4.20767451
4.27899247
4.33674502
4.38961333
4.44424551
4.50657204
4.58333364
4.68329793
4.81972642
5.0136792
5.29402245
5.69846919
6.3384157
7.4283714
2.98207791
3.26253034
3.54233125
3.77067973
3.94570584
4.07571592
4.17322581
4.25000347
4.31527579
4.37623609
4.43892523
4.50902173
4.59257525
4.69678288
4.83085027
5.00663831
5.23632183
5.5239394
5.86049089
6.19823766
3.52778431
3.5853429
3.72178555
3.86537691
3.98906423
4.09083248
4.17461037
4.24571414
4.30952706
4.37102331
4.43477473
4.50520449
4.58678858
4.68425472
4.80245133
4.94569283
5.11574954
5.30514808
5.47833709
5.55963906
3.84421722
3.82688058
3.88517995
3.96938308
4.05221989
4.12779111
4.1956687
4.25747788
4.315923
4.37409239
4.43506518
4.50185767
4.57733122
4.66400615
4.76350414
4.87551116
4.99635918
5.11480197
5.19584604
5.18371593
4.04550119
4.00365887
4.02142614
4.06784991
4.12138245
4.17574102
4.22885487
4.28053777
4.33186019
4.38449176
4.44027106
4.50096814
4.56804884
4.64232641
4.7233264
4.80836646
4.89180687
4.96267805
4.99308069
4.94680801
4.18058576
4.13383089
4.13183881
4.15536856
4.1888335
4.22706668
4.26772699
4.30987178
4.35363733
4.39973131
4.44903836
4.50233693
4.56001895
4.62172178
4.68578539
4.74862601
4.80455983
4.84466578
4.84862465
4.79368004
4.2756585
4.23084244
4.21966001
4.22967424
4.24984567
4.27635461
4.30712227
4.34098266
4.37757841
4.41699893
4.45945138
4.50499627
4.55328527
4.60324918
4.65270493
4.69801118
4.7342586
4.75484678
4.74556049
4.69204216
4.34467397
4.30373089
4.28862885
4.29082738
4.30237606
4.32057146
4.34372986
4.37070166
4.40089287
4.43401532
4.4698281
4.50791762
4.54748344
4.58710897
4.62451326
4.65641309
4.67889344
4.68733305
4.67187919
4.62321648
4.39525897
4.35850418
4.34215695
4.33995792
4.34598884
4.35836093
4.37576067
4.39714473
4.42182504
4.44929837
4.47905044
4.5103866
4.54227397
4.57319231
4.60100009
4.62292588
4.63599542
4.63709206
4.6193245
4.57637746
4.4319632
4.39925722
4.38305401
4.37851015
4.38106542
4.38939561
4.40248689
4.41942397
4.43950163
4.46210839
4.48658186
4.51208637
4.53750752
4.56136847
4.5817758
4.59648088
4.6032941
4.60017316
4.5822054
4.54489352
4.45777609
4.42889525
4.41357984
4.40794439
4.40837911
4.41394679
4.42386362
4.43733793
4.45368762
4.47226062
4.49233044
4.5130133
4.53320606
4.55155096
4.56643261
4.57607003
4.57888521
4.57357418
4.55655476
4.52447753
4.47482711
4.44957294
4.43556082
4.42962002
4.42885253
4.43259322
4.44023501
4.45109794
4.46454236
4.47991522
4.49647687
4.5133499
4.52949064
4.54368806
4.55459142
4.56081035
4.56122679
4.5550355
4.53957279
4.51225894
4.4847301
4.46295891
4.4504926
4.44475093
4.44341616
4.44602839
4.45212209
4.46111698
4.47242232
4.48540276
4.49933033
4.51335855
4.52651935
4.5377458
4.54591761
4.54995873
4.54909318
4.54285658
4.52925494
4.50627145
4.48877367
4.47040231
4.45962031
4.45439302
4.45292685
4.45493641
4.46007832
4.46786152
4.47774135
4.48910234
4.50123207
4.51331623
4.52445558
4.53370575
4.54013424
4.5429125
4.54152266
4.53574817
4.52413412
4.50513527
4.48806094
4.47305663
4.46400901
4.45945486
4.45813075
4.45992368
4.46460492
4.47176249
4.48088676
4.49137014
4.50250204
4.51348283
4.52345777
4.5315706
4.53703016
4.53919914
4.53776196
4.5327074
4.52308317
4.50782081
4.48366805
4.47201006
4.46464053
4.46076242
4.45970159
4.46153674
4.46615314
4.4732057
4.48220046
4.49251383
4.50340931
4.51406972
4.52364698
4.53132866
4.53641537
4.53841217
4.53717001
4.53287791
4.52512608
4.51341582
4.47685521
4.46838751
4.46242912
4.45901555
4.45816201
4.46016986
4.46503478
4.47245715
4.48192764
4.49277009
4.50418103
4.51528003
4.52517424
4.53303864
4.53820771
4.54027793
4.5392387
4.53549815
4.52928738
4.52085587
4.4692858
4.46319421
4.45767415
4.4539679
4.45292191
4.45508914
4.46054282
4.46896818
4.47977084
4.49214878
4.50515392
4.5177582
4.52893093
4.53773407
4.54343423
4.54563067
4.5444041
4.54041586
4.53469879
4.52866576
4.46344872
4.45752292
4.45037038
4.44492688
4.44290332
4.44509538
4.45156738
4.46187268
4.47521458
4.49055089
4.50667212
4.52227583
4.53605324
4.54679924
4.55355187
4.55576518
4.55352004
4.54774918
4.54035129
4.5344619
)
;

boundaryField
{
    walls
    {
        type            zeroGradient;
    }
    mov_wall
    {
        type            zeroGradient;
    }
    empty
    {
        type            empty;
    }
}


// ************************************************************************* //
