/*--------------------------------*- C++ -*----------------------------------*\
| =========                 |                                                 |
| \\      /  F ield         | OpenFOAM: The Open Source CFD Toolbox           |
|  \\    /   O peration     | Version:  5.x                                   |
|   \\  /    A nd           | Web:      www.OpenFOAM.org                      |
|    \\/     M anipulation  |                                                 |
\*---------------------------------------------------------------------------*/
FoamFile
{
    version     2.0;
    format      ascii;
    class       surfaceScalarField;
    location    "7.9";
    object      phi;
}
// * * * * * * * * * * * * * * * * * * * * * * * * * * * * * * * * * * * * * //

dimensions      [0 3 -1 0 0 0 0];

internalField   nonuniform List<scalar> 
760
(
0.00134817677
-0.00134817709
0.00245763985
-0.00110946308
0.00313513473
-0.000677494879
0.00355971575
-0.000424581024
0.00383225133
-0.000272535582
0.00400945217
-0.000177200837
0.00412521452
-0.000115762343
0.00419921709
-7.40025697e-05
0.00424243237
-4.32152796e-05
0.00426055359
-1.81212292e-05
0.00425562236
4.93123575e-06
0.00422675778
2.88645784e-05
0.0041693894
5.7368383e-05
0.00407358505
9.58043518e-05
0.00391995094
0.000153634105
0.0036720193
0.000247931643
0.00326316023
0.000408859071
0.00257264077
0.000690519467
0.00140850173
0.00116413904
0.00140850173
-5.46951942e-05
-0.0012934819
0.000412592727
-0.001576751
0.00103002988
-0.00129493202
0.00157871393
-0.000973265073
0.00201483274
-0.000708654397
0.00234477729
-0.00050714539
0.00258511633
-0.000356101388
0.00275126943
-0.000240155659
0.00285456781
-0.000146513656
0.00290179533
-6.53487522e-05
0.00289536661
1.13599571e-05
0.00283293037
9.13008163e-05
0.00270712574
0.000183173011
0.00250436375
0.000298566351
0.00220410989
0.000453887967
0.00178090173
0.000671139802
0.00121756799
0.000972192801
0.00055281256
0.0013552749
1.30664796e-05
0.00170388512
0.00142156821
-0.000271734622
-0.00102174728
-0.000221026549
-0.00162745907
7.13678494e-05
-0.00158732642
0.000446285695
-0.00134818291
0.000812489722
-0.00107485842
0.0011292993
-0.000823954968
0.00138207833
-0.000608880426
0.00156800789
-0.000426085216
0.00168837698
-0.000266882734
0.00174468455
-0.000121656324
0.00173678977
1.92547368e-05
0.00166213442
0.00016595616
0.00151571288
0.000329594548
0.00129125424
0.000523024998
0.000985011696
0.000760130517
0.000605009656
0.00105114184
0.000189850709
0.00138735175
-0.000160045078
0.00170517069
-0.000261640631
0.00180548067
0.00115992758
-0.000227941569
-0.000793805706
-0.000361197299
-0.00149420334
-0.000308328196
-0.00164019552
-0.00013482118
-0.00152168993
8.9209413e-05
-0.00129888901
0.000314971894
-0.00104971745
0.000513263018
-0.000807171553
0.000668300028
-0.000581122227
0.000771990336
-0.000370573037
0.000820036129
-0.000169702112
0.000809727664
2.9563202e-05
0.000739201031
0.00023648279
0.000607935669
0.000460859908
0.000419110873
0.000711849797
0.00018452433
0.000994717065
-6.71911721e-05
0.00130285735
-0.000280617543
0.00160077811
-0.00036941848
0.00179397162
-0.000246993635
0.00168305583
0.000912933952
-0.00016896521
-0.000624840493
-0.000352016178
-0.00131115238
-0.000431557675
-0.00156065402
-0.000408908969
-0.00154433863
-0.000319435162
-0.00138836282
-0.000200095162
-0.00116905745
-7.98100665e-05
-0.000927456652
2.1578259e-05
-0.000682510557
9.14287007e-05
-0.000440423477
0.000122135393
-0.000200408798
0.000109757208
4.1941392e-05
5.36457243e-05
0.000292594272
-4.27490056e-05
0.000557254633
-0.000169694036
0.000838794827
-0.000307652432
0.00113267547
-0.000423468625
0.00141867354
-0.000470024869
0.00164733436
-0.000397824824
0.00172177158
-0.000196431031
0.00148166203
0.000716502925
-0.000124192132
-0.000500648355
-0.000308335635
-0.00112700888
-0.0004504941
-0.00141849556
-0.000523204017
-0.00147162871
-0.000535391052
-0.00137617578
-0.000508160806
-0.00119628769
-0.000463156872
-0.000972460585
-0.000418060928
-0.000727606505
-0.000385619009
-0.0004728654
-0.000373912066
-0.000212115738
-0.00038672792
5.47572536e-05
-0.000423459489
0.000329325844
-0.000478356366
0.000612151507
-0.000539178272
0.000899616728
-0.000585818881
0.00117931608
-0.000590512333
0.001423367
-0.000523085127
0.00157990716
-0.000366699081
0.00156538553
-0.000150585987
0.00126554894
0.000565916937
-9.4572932e-05
-0.00040607542
-0.000264649739
-0.000956932068
-0.000430738383
-0.00125240692
-0.000556976944
-0.00134539016
-0.000636793217
-0.0012963595
-0.000678141756
-0.00115493914
-0.00069394391
-0.000956658425
-0.000696929226
-0.00072462119
-0.00069727405
-0.000472520582
-0.000701661756
-0.000207728035
-0.000712860709
6.5956212e-05
-0.000729336352
0.000345801495
-0.000744753795
0.000627568951
-0.000747580296
0.000902443223
-0.000721469901
0.00115320568
-0.000647843392
0.00134974049
-0.000512876918
0.00144494069
-0.000321206274
0.00137371489
-0.000116485699
0.00106082836
0.000449431234
-7.53437386e-05
-0.000330731682
-0.000228206811
-0.000804068988
-0.000398353654
-0.00108226007
-0.000550539522
-0.00119320429
-0.000670626454
-0.00117627257
-0.000757578342
-0.00106798725
-0.000816784803
-0.000897451956
-0.000855587429
-0.000685818558
-0.000880624287
-0.000447483729
-0.000896360322
-0.000191992007
-0.000904270087
7.38659769e-05
-0.000902360307
0.000343891723
-0.000884972196
0.000610180849
-0.000843104151
0.000860575178
-0.000765820188
0.00107592171
-0.000643664741
0.00122758504
-0.000475103942
0.0012763799
-0.000276309843
0.0011749208
-9.21328564e-05
0.000876651379
0.000357298374
-6.22883133e-05
-0.000268443375
-0.00019854132
-0.000667815974
-0.000362893646
-0.000917907742
-0.000523850717
-0.00103224722
-0.000664415224
-0.00103570807
-0.000778128922
-0.000954273558
-0.000864812172
-0.000810768701
-0.000927165464
-0.000623465257
-0.00096839967
-0.000406249519
-0.000990721205
-0.000169670479
-0.000994436369
7.75811326e-05
-0.000977525741
0.000326981096
-0.000935694998
0.000568350116
-0.000863101229
0.000787981416
-0.000754123151
0.000966943628
-0.000606626308
0.00108008819
-0.000426950412
0.001096704
-0.00023603829
0.00098400868
-7.43490179e-05
0.000714962113
0.000282949356
-5.27689752e-05
-0.000215674406
-0.000173812793
-0.000546772153
-0.000327557402
-0.000764163126
-0.000486865973
-0.000872938646
-0.00063438018
-0.000888193867
-0.000760757855
-0.000827895891
-0.000862116665
-0.000709409895
-0.000937654758
-0.000547927156
-0.000987783217
-0.00035612105
-0.00101282395
-0.000144629744
-0.00101222276
7.69799322e-05
-0.000984240702
0.000298999034
-0.000926163069
0.000510272485
-0.000835158811
0.000696977169
-0.000709976082
0.000841760905
-0.000553597324
0.000923709433
-0.000376676981
0.000919783647
-0.000200960052
0.000808291748
-6.08626275e-05
0.000574864692
0.000222086733
-4.5297928e-05
-0.00017037648
-0.000152453979
-0.000439616107
-0.000293299618
-0.000623317484
-0.000444763101
-0.000721475153
-0.000590345835
-0.000742611128
-0.00071947335
-0.00069876838
-0.000826046348
-0.000602836906
-0.000906878216
-0.000467095289
-0.000960347576
-0.000302651679
-0.000985403141
-0.000119574168
-0.000980963148
7.25399388e-05
-0.00094573211
0.000263767986
-0.000878480036
0.000443020405
-0.000778855064
0.0005973522
-0.00064878405
0.000711689901
-0.000494403543
0.000769328932
-0.000328204151
0.000753584253
-0.000170678369
0.000650765962
-5.0280661e-05
0.000454466981
0.000171806076
-3.90621753e-05
-0.000131314299
-0.000133403801
-0.00034527449
-0.000260349975
-0.000496371313
-0.000400388973
-0.00058143615
-0.00053843119
-0.000604568901
-0.000663692773
-0.000573506793
-0.000768938043
-0.000497591644
-0.000849523084
-0.000386510258
-0.000902500941
-0.000249673821
-0.000925934096
-9.61410028e-05
-0.000918488867
6.509472e-05
-0.000879356186
0.000224635303
-0.000808535334
0.000372199543
-0.000707505276
0.000496322137
-0.000580261696
0.000584446325
-0.000434588335
0.00062365558
-0.000283248287
0.00060224421
-0.000144573362
0.000512091035
-4.17551885e-05
0.000351648803
0.000130050889
-3.36094014e-05
-9.77048875e-05
-0.0001159735
-0.000262910397
-0.000228685889
-0.000383658931
-0.00035533115
-0.000454790892
-0.000482448493
-0.000477451551
-0.00059965664
-0.000456298635
-0.000699324722
-0.00039792356
-0.000776050476
-0.000309784512
-0.000826127633
-0.000199596673
-0.000847124142
-7.51444918e-05
-0.000837646086
5.56166759e-05
-0.000797332195
0.000184321421
-0.000727102521
0.000301969867
-0.000629656431
0.000398876039
-0.000510163478
0.000464953366
-0.000377005144
0.000490497251
-0.000242314864
0.000467553936
-0.000121978231
0.000391754406
-3.47332153e-05
0.000264403786
9.53176711e-05
-2.86574898e-05
-6.90473908e-05
-9.96602221e-05
-0.000191907661
-0.000198117003
-0.000285202154
-0.000310357565
-0.000342550339
-0.000424616071
-0.000363193046
-0.000531265891
-0.000349648806
-0.000622765444
-0.000306423996
-0.00069344662
-0.000239103335
-0.000739258809
-0.000153784494
-0.00075755804
-5.6845269e-05
-0.000747003455
4.50620943e-05
-0.000707597935
0.000144915912
-0.00064088439
0.000235256329
-0.000550277057
0.000308268704
-0.000441462347
0.00035613865
-0.000322745861
0.000371780761
-0.000205166587
0.000349974665
-0.00010218544
0.000288773264
-2.88024147e-05
0.000191020764
6.65152537e-05
-2.39812147e-05
-4.50661775e-05
-8.3997434e-05
-0.000131891431
-0.00016825709
-0.000200942494
-0.000265595487
-0.000245211947
-0.000365935597
-0.000262852944
-0.000460594503
-0.000254989901
-0.000542423532
-0.000224594957
-0.000605821308
-0.000175705549
-0.000646681719
-0.000112924083
-0.00066233938
-4.11876177e-05
-0.000651561335
3.42840436e-05
-0.000614612947
0.000107967527
-0.000553400634
0.000174044026
-0.000471663888
0.000226531964
-0.000375153998
0.000259628758
-0.000271701953
0.000268328711
-0.00017105886
0.000249331571
-8.44170704e-05
0.000202131477
-2.35998642e-05
0.000130203563
4.29153895e-05
-1.93492334e-05
-2.57169523e-05
-6.84700372e-05
-8.27706188e-05
-0.000138506749
-0.000130905774
-0.000220638068
-0.000163080625
-0.000306428409
-0.00017706261
-0.00038822876
-0.000173189557
-0.00045947418
-0.000153349536
-0.000514859806
-0.000120319913
-0.000550429782
-7.73540988e-05
-0.000563627554
-2.79898464e-05
-0.000553348423
2.40049052e-05
-0.000520016435
7.46355337e-05
-0.000465682618
0.000119710211
-0.000394114911
0.000154964266
-0.00031082298
0.000176336832
-0.00022294126
0.00018044699
-0.000138894621
0.000165284929
-6.78135194e-05
0.000131050374
-1.87621141e-05
8.11521594e-05
2.41532775e-05
-1.4505535e-05
-1.12114249e-05
-5.25211146e-05
-4.47550385e-05
-0.000108122814
-7.53040677e-05
-0.000174687789
-9.65156421e-05
-0.000245343233
-0.000106407164
-0.000313520815
-0.000105011982
-0.000373387905
-9.34824523e-05
-0.00042012943
-7.35783869e-05
-0.000450116072
-4.73674482e-05
-0.000461009075
-1.70968362e-05
-0.000451841626
1.48374555e-05
-0.000423096904
4.58908055e-05
-0.000376775973
7.33892762e-05
-0.000316426455
9.46147503e-05
-0.000247079549
0.000106989931
-0.000175030349
0.000108397794
-0.000107403058
9.76576373e-05
-5.14858461e-05
7.51331605e-05
-1.39146236e-05
4.35809362e-05
1.02386558e-05
-9.20279918e-06
-2.00862645e-06
-3.56847437e-05
-1.82730995e-05
-7.64355334e-05
-3.45532788e-05
-0.000126811025
-4.61401446e-05
-0.000181408064
-5.18101171e-05
-0.000234817142
-5.16029028e-05
-0.000282132226
-4.61673732e-05
-0.000319263544
-3.64470748e-05
-0.000343116516
-2.35144748e-05
-0.000351700044
-8.51330079e-06
-0.000344207012
7.34442977e-06
-0.000321084425
2.27682186e-05
-0.000284086158
3.63910048e-05
-0.000236279537
4.68081258e-05
-0.000181958577
5.26689729e-05
-0.000126403746
5.28429673e-05
-7.54285387e-05
4.66824329e-05
-3.46816264e-05
3.43862484e-05
-8.71390927e-06
1.7613218e-05
1.52474716e-06
-3.43751955e-06
1.42889951e-06
-1.80438762e-05
-3.66674878e-06
-4.34060415e-05
-9.19111856e-06
-7.64336729e-05
-1.31125133e-05
-0.000113187159
-1.50566249e-05
-0.000149665112
-1.5124943e-05
-0.000182251542
-1.3580943e-05
-0.000207952846
-1.07457763e-05
-0.000224514096
-6.95322815e-06
-0.000230484762
-2.54263265e-06
-0.000225272645
2.1323189e-06
-0.000209197079
6.69265705e-06
-0.000183535354
1.07292801e-05
-0.00015053681
1.38095779e-05
-0.000113368295
1.55004559e-05
-7.59397604e-05
1.54144347e-05
-4.25472214e-05
1.32898972e-05
-1.7276736e-05
9.11576527e-06
-3.10385724e-06
3.44033962e-06
-1.57911038e-06
1.4289061e-06
-2.23783826e-06
-1.14289582e-05
-2.45414765e-05
-3.95981044e-05
-5.47230446e-05
-6.83039816e-05
-7.90497545e-05
-8.6002985e-05
-8.85456223e-05
-8.64133053e-05
-7.97206456e-05
-6.89913613e-05
-5.51817812e-05
-3.96813261e-05
-2.42668931e-05
-1.09769965e-05
-1.8612304e-06
1.57911039e-06
)
;

boundaryField
{
    walls
    {
        type            calculated;
        value           uniform 0;
    }
    mov_wall
    {
        type            calculated;
        value           uniform 0;
    }
    empty
    {
        type            empty;
        value           nonuniform 0();
    }
}


// ************************************************************************* //
