/*--------------------------------*- C++ -*----------------------------------*\
| =========                 |                                                 |
| \\      /  F ield         | OpenFOAM: The Open Source CFD Toolbox           |
|  \\    /   O peration     | Version:  5.x                                   |
|   \\  /    A nd           | Web:      www.OpenFOAM.org                      |
|    \\/     M anipulation  |                                                 |
\*---------------------------------------------------------------------------*/
FoamFile
{
    version     2.0;
    format      ascii;
    class       volVectorField;
    location    "7.9";
    object      U;
}
// * * * * * * * * * * * * * * * * * * * * * * * * * * * * * * * * * * * * * //

dimensions      [0 1 -1 0 0 0 0];

internalField   nonuniform List<vector> 
400
(
(0.291698417 0.149643824 0)
(0.38818716 0.128007697 0)
(0.557616066 0.0757318277 0)
(0.674785701 0.043304439 0)
(0.743766594 0.0251591052 0)
(0.787075021 0.0148802972 0)
(0.815462958 0.0089309214 0)
(0.833939561 0.00530992809 0)
(0.845365463 0.00289956167 0)
(0.851349264 0.00108485306 2.66526769e-34)
(0.852640748 -0.000502853067 -2.66526769e-34)
(0.849354292 -0.00216072063 0)
(0.840973371 -0.00421710586 0)
(0.826113774 -0.00722098577 0)
(0.802020426 -0.0122365009 0)
(0.763538945 -0.0213892101 0)
(0.69948889 -0.0388386155 0)
(0.584557335 -0.072273275 0)
(0.407900535 -0.128436308 0)
(0.300688068 -0.152947536 0)
(0.00120417894 0.28743241 0)
(0.0133209544 0.293872126 0)
(0.140044439 0.209904855 0)
(0.264971586 0.142986164 0)
(0.364177739 0.0968019854 0)
(0.440120063 0.0654411221 0)
(0.496541038 0.0439762516 0)
(0.536691066 0.0287011564 0)
(0.563274466 0.0170798543 0)
(0.578137342 0.00742308687 0)
(0.582210286 -0.00150101233 0)
(0.575515251 -0.0107977552 0)
(0.557109248 -0.0217346528 0)
(0.524912995 -0.0361396919 0)
(0.475518408 -0.0569634969 0)
(0.404326004 -0.0889771519 0)
(0.305687293 -0.139150756 0)
(0.174497789 -0.215275203 0)
(0.0341065836 -0.310801156 0)
(0.010869156 -0.305909063 0)
(-0.0321467645 0.241773923 0)
(-0.0634303687 0.33354716 0)
(-0.0219362062 0.299502491 0)
(0.0505996246 0.240051666 0)
(0.127397382 0.183020808 0)
(0.196818609 0.135454524 0)
(0.254167102 0.0974523427 0)
(0.298088299 0.0668891705 0)
(0.328665675 0.0413758236 0)
(0.346307826 0.0187814605 -2.35796988e-33)
(0.351211314 -0.00280949162 2.35796988e-33)
(0.343126748 -0.0252950465 0)
(0.321277579 -0.0508299476 0)
(0.284432899 -0.0820948311 0)
(0.231328818 -0.122479774 0)
(0.161916762 -0.17565804 0)
(0.07983502 -0.243208457 0)
(-0.00333734275 -0.317981961 0)
(-0.0578531346 -0.366363502 0)
(-0.0313893208 -0.270690675 0)
(-0.0261204156 0.182361575 0)
(-0.0666192793 0.316884134 0)
(-0.0735377847 0.33090174 0)
(-0.0481307217 0.29535291 0)
(-0.00567217604 0.244253507 0)
(0.0411124758 0.192431742 0)
(0.0845451074 0.14509504 0)
(0.12042433 0.103006629 0)
(0.146585244 0.0651543626 0)
(0.161925478 0.0298884062 2.3554653e-33)
(0.165812818 -0.00469432241 -2.3554653e-33)
(0.157798802 -0.0406696187 0)
(0.137586497 -0.0803027385 0)
(0.10528521 -0.12597958 0)
(0.0620900261 -0.179774808 0)
(0.011609269 -0.242029717 0)
(-0.0380283784 -0.307764354 0)
(-0.0720490945 -0.359579369 0)
(-0.0711639185 -0.355585637 0)
(-0.0287210569 -0.209178581 0)
(-0.0176296829 0.140767915 0)
(-0.0549165457 0.281827203 0)
(-0.0828629968 0.32448436 0)
(-0.088076227 0.3123968 0)
(-0.0751196918 0.274441982 0)
(-0.0526276268 0.226778429 0)
(-0.0275118492 0.177302819 0)
(-0.00458009365 0.129145425 0)
(0.0130234868 0.0829123608 0)
(0.0233567939 0.0379330311 -2.94545492e-34)
(0.0253097459 -0.00710139527 2.94545492e-34)
(0.0184152072 -0.0537995221 0)
(0.00288698408 -0.103801261 0)
(-0.0200872029 -0.158367938 0)
(-0.0477707951 -0.217530723 0)
(-0.0750614585 -0.278347554 0)
(-0.0936267078 -0.331694802 0)
(-0.0922270553 -0.357398868 0)
(-0.0635074675 -0.31887989 0)
(-0.0207312599 -0.162076725 0)
(-0.0116542793 0.111592251 0)
(-0.0431521994 0.243765267 0)
(-0.078283997 0.299859404 0)
(-0.100579263 0.30500083 0)
(-0.108310592 0.280421266 0)
(-0.105716507 0.240369184 0)
(-0.0975361727 0.193277769 0)
(-0.0877934478 0.143545371 0)
(-0.0795351929 0.0930260747 0)
(-0.0748272202 0.0420752313 0)
(-0.0748481348 -0.00975925841 0)
(-0.0799345786 -0.063250619 0)
(-0.0895000218 -0.119033274 0)
(-0.101812876 -0.176993444 0)
(-0.113690951 -0.235297921 0)
(-0.120284782 -0.288849073 0)
(-0.115237023 -0.327084783 0)
(-0.0922711129 -0.331566551 0)
(-0.052187627 -0.27511969 0)
(-0.0142847856 -0.127260098 0)
(-0.00803185595 0.0899680191 0)
(-0.034305282 0.207876698 0)
(-0.0703686588 0.267741358 0)
(-0.100959317 0.283509147 0)
(-0.121509111 0.269753781 0)
(-0.133061965 0.237807847 0)
(-0.138135837 0.195384125 0)
(-0.139450241 0.147216492 0)
(-0.139365665 0.0958906827 0)
(-0.139599233 0.0425957581 0)
(-0.141114115 -0.0122625682 0)
(-0.144054665 -0.0685401664 0)
(-0.147657208 -0.125824594 0)
(-0.1501406 -0.182787205 0)
(-0.148667742 -0.236314556 0)
(-0.139565529 -0.280390168 0)
(-0.119015754 -0.304900547 0)
(-0.08487474 -0.294957285 0)
(-0.0422046449 -0.232154476 0)
(-0.0100065904 -0.100709815 0)
(-0.0058981904 0.0731569041 0)
(-0.0280514394 0.175459928 0)
(-0.0624620757 0.23345497 0)
(-0.0961931098 0.254650692 0)
(-0.12378429 0.248662375 0)
(-0.144336449 0.223978321 0)
(-0.15862204 0.187072458 0)
(-0.168069546 0.142434107 0)
(-0.174171008 0.0929433399 0)
(-0.178091651 0.0403533013 0)
(-0.180456263 -0.0142245249 0)
(-0.181230009 -0.0698446783 0)
(-0.179647303 -0.125225754 0)
(-0.174205195 -0.178177561 0)
(-0.162809069 -0.224940953 0)
(-0.143212558 -0.259512836 0)
(-0.113841639 -0.273201304 0)
(-0.0753166182 -0.254896364 0)
(-0.0343188969 -0.192925777 0)
(-0.00728498465 -0.0799917706 0)
(-0.00459312336 0.0595160146 0)
(-0.0235441698 0.146542618 0)
(-0.0553429904 0.199662157 0)
(-0.0893196713 0.222701635 0)
(-0.120051817 0.221819416 0)
(-0.145609093 0.20313183 0)
(-0.165570653 0.171796549 0)
(-0.1803171 0.131775629 0)
(-0.190531073 0.0859405102 0)
(-0.196813732 0.0363510087 2.97711435e-34)
(-0.1994489 -0.0153915451 -2.97711435e-34)
(-0.198275633 -0.067756644 0)
(-0.192646156 -0.118867799 0)
(-0.181489351 -0.166059308 0)
(-0.163546087 -0.20544087 0)
(-0.137858729 -0.231577792 0)
(-0.104503396 -0.237504908 0)
(-0.0656637272 -0.215386226 0)
(-0.028173798 -0.158249844 0)
(-0.00551068995 -0.0634668204 0)
(-0.0037331439 0.0480883405 0)
(-0.020121235 0.120839397 0)
(-0.0490153886 0.167676442 0)
(-0.0816389779 0.1902875 0)
(-0.112989447 0.19248765 0)
(-0.14068056 0.178557131 4.67987952e-33)
(-0.163557393 0.152465448 0)
(-0.181246282 0.117554995 0)
(-0.193784174 0.076504742 -4.74063733e-33)
(-0.201296969 0.0314709951 2.26591656e-36)
(-0.203789194 -0.0156743956 4.98648623e-36)
(-0.201035367 -0.0630555965 0)
(-0.192565932 -0.108481585 0)
(-0.177765514 -0.149141429 0)
(-0.156124907 -0.181360927 0)
(-0.127679782 -0.200524262 0)
(-0.0935645701 -0.201318536 0)
(-0.0566770451 -0.178463973 0)
(-0.0233146668 -0.128090141 0)
(-0.00429570499 -0.0500435346 0)
(-0.00311504097 0.0383306344 0)
(-0.0173631171 0.0980508509 0)
(-0.0433176204 0.138129965 0)
(-0.0737180752 0.158979199 0)
(-0.104104451 0.162838224 0)
(-0.131970532 0.15261818 -4.67987952e-33)
(-0.155761614 0.131295701 0)
(-0.174612861 0.101603274 0)
(-0.188100218 0.0659289912 4.74063733e-33)
(-0.195997419 0.0263693612 1.49106825e-33)
(-0.198111611 -0.0151233189 -1.49832065e-33)
(-0.19420401 -0.0565442448 0)
(-0.183996559 -0.09562604 0)
(-0.167277173 -0.129654845 0)
(-0.144124394 -0.155368917 0)
(-0.115252464 -0.169022498 0)
(-0.0823814078 -0.16671389 0)
(-0.0485941037 -0.145040225 0)
(-0.0193975965 -0.102103348 0)
(-0.00342090971 -0.0390050016 0)
(-0.00263393546 0.0299262659 0)
(-0.0150226237 0.0779301292 0)
(-0.0380974222 0.11131111 0)
(-0.0658175683 0.129695793 0)
(-0.0942794741 0.134263878 0)
(-0.121044026 0.126925343 0)
(-0.144383608 0.109860569 0)
(-0.163148984 0.0852480442 0)
(-0.176619508 0.0551416355 0)
(-0.184335475 0.0214703135 2.99742611e-34)
(-0.185982937 -0.013881365 -2.99742611e-34)
(-0.181343674 -0.0489515412 0)
(-0.170313962 -0.0815745573 0)
(-0.152999252 -0.109289272 0)
(-0.129891606 -0.129330739 0)
(-0.102114501 -0.138764248 0)
(-0.0716393807 -0.13481614 0)
(-0.0414365949 -0.115407289 0)
(-0.0161843494 -0.0798582223 0)
(-0.00276403337 -0.0298606591 0)
(-0.00223473575 0.0226800246 0)
(-0.0129541258 0.0602838585 0)
(-0.0332381485 0.0873308369 0)
(-0.058055529 0.1029545 0)
(-0.0840353814 0.10762182 0)
(-0.108906084 0.102520709 0)
(-0.13091408 0.0892086502 0)
(-0.148775832 0.0693818657 0)
(-0.161603549 0.0447501622 0)
(-0.168801289 0.0170067312 3.00137193e-34)
(-0.169993546 -0.0121372157 -3.00137193e-34)
(-0.164999672 -0.0408861811 0)
(-0.153857534 -0.0672953772 0)
(-0.13689908 -0.0892417079 0)
(-0.114876636 -0.104468704 0)
(-0.0891189083 -0.110744421 0)
(-0.0616328444 -0.106158118 0)
(-0.0351269751 -0.0895353375 0)
(-0.0135037425 -0.0609264423 0)
(-0.00225327237 -0.0222578268 0)
(-0.00188545597 0.016466255 0)
(-0.011062484 0.0449645394 0)
(-0.0286411424 0.0662105068 0)
(-0.0504611289 0.0790278192 0)
(-0.0736531643 0.0834123306 0)
(-0.0961641801 0.0800414887 0)
(-0.116305918 0.069995359 0)
(-0.13276334 0.0545610883 0)
(-0.144575601 0.0351143621 0)
(-0.151082435 0.0130747327 0)
(-0.151887893 -0.0100881561 0)
(-0.146853004 -0.0328250796 0)
(-0.136119504 -0.0534823551 0)
(-0.120164254 -0.0703098561 0)
(-0.099879339 -0.0815299513 0)
(-0.0766571208 -0.0854921394 0)
(-0.0524122114 -0.0809235409 0)
(-0.029530034 -0.0672469522 0)
(-0.0112185727 -0.0449266645 0)
(-0.00184129729 -0.0159381047 0)
(-0.00156251824 0.0112077479 0)
(-0.00926988074 0.0318705361 0)
(-0.0242025201 0.0479368758 0)
(-0.0429884452 0.0580490722 0)
(-0.0632319151 0.0619115009 0)
(-0.0831208709 0.0598559179 0)
(-0.101086249 0.0526055541 0)
(-0.115849131 0.0411071735 0)
(-0.126440927 0.0264236341 0)
(-0.132187239 0.00968560734 0)
(-0.132697634 -0.00791671617 0)
(-0.127870718 -0.0251250513 0)
(-0.117915458 -0.0406102742 0)
(-0.103386532 -0.0529974528 0)
(-0.085227252 -0.0609387001 0)
(-0.064801988 -0.063249691 0)
(-0.0438652632 -0.059113387 0)
(-0.0244675013 -0.0483249912 0)
(-0.00920309302 -0.0315520073 0)
(-0.00149088369 -0.010719378 0)
(-0.0012426922 0.0068723669 0)
(-0.00749726492 0.0209539381 0)
(-0.0197996775 0.0325014305 0)
(-0.0355241957 0.0400873006 0)
(-0.0527239643 0.0432717636 0)
(-0.0698331061 0.0421741833 0)
(-0.0854326593 0.0372606181 0)
(-0.0983251712 0.0291991481 0)
(-0.107580785 0.0187673603 0)
(-0.112546721 0.00680864512 0)
(-0.112854335 -0.00578011084 0)
(-0.108431631 -0.0180487582 0)
(-0.0995214494 -0.028999774 0)
(-0.0867021669 -0.0376160646 0)
(-0.0709039769 -0.042924674 0)
(-0.0534054927 -0.0441071879 0)
(-0.0357703083 -0.040659289 0)
(-0.0197281044 -0.0325810803 0)
(-0.00733072859 -0.0205903319 0)
(-0.00116697604 -0.00649226838 0)
(-0.000899882812 0.00347704313 0)
(-0.00566093246 0.0122244281 0)
(-0.0152978481 0.0199179406 0)
(-0.0279091949 0.0251886543 0)
(-0.0419708369 0.0275859307 0)
(-0.0561592816 0.0271262709 0)
(-0.0692274825 0.024098673 0)
(-0.0800968189 0.0189454316 0)
(-0.0879159925 0.0121895927 0)
(-0.0920844192 0.00440206581 0)
(-0.0922681503 -0.00380767656 0)
(-0.0884155134 -0.0117927654 0)
(-0.0807724918 -0.0188748768 0)
(-0.0698942049 -0.024365974 0)
(-0.0566454536 -0.0276151926 0)
(-0.0421770498 -0.0280887045 0)
(-0.0278468987 -0.0254864179 0)
(-0.0150887329 -0.0198866111 0)
(-0.0054744947 -0.0119313568 0)
(-0.000833547443 -0.00322197491 0)
(-0.000507507802 0.00108920861 0)
(-0.00368889245 0.00574013985 0)
(-0.0105872263 0.0102223805 0)
(-0.0199879402 0.0134022142 0)
(-0.0307552961 0.0149400962 0)
(-0.0418076562 0.0148327197 0)
(-0.0521004757 0.0132501845 0)
(-0.0607205945 0.0104516793 0)
(-0.0669425841 0.00673881574 0)
(-0.0702538292 0.00243728306 0)
(-0.0703711871 -0.00210635126 0)
(-0.0672558399 -0.00652338691 0)
(-0.0611263913 -0.0104252537 0)
(-0.0524664976 -0.0134154706 0)
(-0.0420201073 -0.0151167124 0)
(-0.0307626615 -0.0152183511 0)
(-0.019824328 -0.013549405 0)
(-0.0103615209 -0.0101761657 0)
(-0.00352670146 -0.00555507437 0)
(-0.000456470435 -0.000945966161 0)
(-6.44909884e-05 -0.000176240388 0)
(-0.00159898875 0.00163661744 0)
(-0.00569518866 0.00359860169 0)
(-0.0117199323 0.00501067873 0)
(-0.0188880505 0.00571684625 0)
(-0.026391389 0.00573382904 0)
(-0.0334549881 0.00514772228 0)
(-0.0394085018 0.0040732685 0)
(-0.0437225492 0.00263489175 0)
(-0.0460238851 0.000961861506 0)
(-0.0461058239 -0.000810104912 0)
(-0.0439388711 -0.00253598937 0)
(-0.039681383 -0.00406056214 0)
(-0.0336869561 -0.00522175554 0)
(-0.0265027366 -0.00586030527 0)
(-0.0188496254 -0.00583829651 0)
(-0.0115675424 -0.00507039436 0)
(-0.00551559554 -0.00357095356 0)
(-0.00148203455 -0.00155258667 0)
(-3.10931944e-05 0.000233977817 0)
(0.000261395857 -0.000255577634 0)
(0.000151440717 0.000102073379 0)
(-0.00117495279 0.000547415584 0)
(-0.00348063232 0.000863516076 0)
(-0.00637558414 0.00102207781 0)
(-0.00946687347 0.00103797696 0)
(-0.0124000359 0.000936218433 0)
(-0.0148817767 0.00074306208 0)
(-0.0166861004 0.000483180553 0)
(-0.0176547262 0.000180088037 1.08300132e-33)
(-0.0176985212 -0.000142308536 -1.08300133e-33)
(-0.0168014863 -0.000458218715 0)
(-0.0150266288 -0.000739019213 0)
(-0.0125219002 -0.000953244476 0)
(-0.00952354871 -0.00106773206 0)
(-0.00635302378 -0.00105052576 0)
(-0.00340014957 -0.000876787981 0)
(-0.00108361509 -0.000539616049 0)
(0.000206111083 -8.25143667e-05 0)
(0.00027456381 0.000266745655 0)
)
;

boundaryField
{
    walls
    {
        type            fixedValue;
        value           uniform (0 0 0);
    }
    mov_wall
    {
        type            fixedValue;
        value           uniform (1 0 0);
    }
    empty
    {
        type            empty;
    }
}


// ************************************************************************* //
