/*--------------------------------*- C++ -*----------------------------------*\
| =========                 |                                                 |
| \\      /  F ield         | OpenFOAM: The Open Source CFD Toolbox           |
|  \\    /   O peration     | Version:  5.x                                   |
|   \\  /    A nd           | Web:      www.OpenFOAM.org                      |
|    \\/     M anipulation  |                                                 |
\*---------------------------------------------------------------------------*/
FoamFile
{
    version     2.0;
    format      ascii;
    class       volScalarField;
    location    "7.7";
    object      p;
}
// * * * * * * * * * * * * * * * * * * * * * * * * * * * * * * * * * * * * * //

dimensions      [0 2 -2 0 0 0 0];

internalField   nonuniform List<scalar> 
400
(
7.30775777e-07
2.45245981
3.49432345
3.89887963
4.1066476
4.22470706
4.29429167
4.34027851
4.37633903
4.4101112
4.44676014
4.49091498
4.54765459
4.62448969
4.73479795
4.90459646
5.18238008
5.68420138
6.84131591
9.41172492
1.88670555
2.86728963
3.41988381
3.74774411
3.96518112
4.1097476
4.20767461
4.27899251
4.33674505
4.38961343
4.44424567
4.50657218
4.5833337
4.68329794
4.81972649
5.01367934
5.29402262
5.69846932
6.33841576
7.42837141
2.98207803
3.26253044
3.5423313
3.77067976
3.94570592
4.07571607
4.17322596
4.25000356
4.31527581
4.37623613
4.43892535
4.50902191
4.59257537
4.69678291
4.83085029
5.00663839
5.23632199
5.52393956
5.86049099
6.19823769
3.52778441
3.58534304
3.72178564
3.86537694
3.98906426
4.09083259
4.17461055
4.24571428
4.30952711
4.37102331
4.43477479
4.50520465
4.58678876
4.68425481
4.80245134
4.94569286
5.11574965
5.30514824
5.47833723
5.55963912
3.84421729
3.82688073
3.8851801
3.96938315
4.05221989
4.12779114
4.19566884
4.25747807
4.31592311
4.3740924
4.43506518
4.50185778
4.57733141
4.66400631
4.76350419
4.87551115
4.99635923
5.1148021
5.1958462
5.18371604
4.04550122
4.00365898
4.02142631
4.06785005
4.12138249
4.17574101
4.22885493
4.28053795
4.33186038
4.38449184
4.44027104
4.50096816
4.56804898
4.64232662
4.72332654
4.80836649
4.89180686
4.96267811
4.99308084
4.94680817
4.18058577
4.13383094
4.13183896
4.15536875
4.18883362
4.22706668
4.26772697
4.30987187
4.35363754
4.39973149
4.4490384
4.50233688
4.56001899
4.62172196
4.6857856
4.74862612
4.80455984
4.84466578
4.84862474
4.79368019
4.27565856
4.23084245
4.21966008
4.22967442
4.24984587
4.2763547
4.30712223
4.34098265
4.37757856
4.41699917
4.45945153
4.50499626
4.55328522
4.60324925
4.65270513
4.69801138
4.73425869
4.75484679
4.74556051
4.69204225
4.34467411
4.30373091
4.28862884
4.29082747
4.30237627
4.32057166
4.3437299
4.3707016
4.40089288
4.43401551
4.46982835
4.50791774
4.5474834
4.58710893
4.62451335
4.6564133
4.67889363
4.68733314
4.67187921
4.62321651
4.39525916
4.35850427
4.34215693
4.33995791
4.34598897
4.35836117
4.37576085
4.39714473
4.42182496
4.44929841
4.47905066
4.51038684
4.54227406
4.57319226
4.60100006
4.62292599
4.63599562
4.63709224
4.61932459
4.57637749
4.43196338
4.3992574
4.38305406
4.37851011
4.38106541
4.38939578
4.40248715
4.41942412
4.43950159
4.46210831
4.48658194
4.51208661
4.53750776
4.56136854
4.58177575
4.59648087
4.60329421
4.60017334
4.58220555
4.5448936
4.45777619
4.42889546
4.41358001
4.40794441
4.40837904
4.41394681
4.42386383
4.4373382
4.45368774
4.47226056
4.49233038
4.51301341
4.53320631
4.55155117
4.56643268
4.57607
4.57888521
4.57357428
4.55655492
4.52447767
4.47482711
4.44957308
4.43556105
4.42962018
4.42885252
4.43259314
4.44023506
4.45109817
4.46454262
4.47991531
4.4964768
4.51334986
4.52949076
4.5436883
4.55459161
4.56081042
4.56122679
4.55503552
4.53957289
4.51225909
4.48473007
4.46295895
4.45049278
4.44475117
4.4434163
4.44602836
4.45212202
4.46111706
4.47242256
4.48540299
4.4993304
4.51335848
4.52651933
4.53774593
4.54591783
4.5499589
4.54909325
4.5428566
4.52925499
4.50627155
4.48877369
4.47040228
4.45962037
4.45439322
4.45292709
4.45493652
4.46007828
4.46786146
4.47774145
4.48910259
4.50123228
4.51331629
4.52445553
4.53370574
4.54013436
4.54291269
4.54152281
4.53574825
4.52413416
4.50513534
4.48806109
4.47305663
4.46400897
4.45945492
4.45813096
4.45992391
4.46460501
4.47176244
4.48088673
4.49137026
4.50250227
4.51348302
4.52345783
4.53157058
4.53703018
4.53919925
4.53776212
4.53270753
4.52308326
4.50782086
4.48366826
4.47201017
4.46464052
4.46076239
4.45970167
4.46153695
4.46615334
4.47320577
4.48220043
4.49251382
4.50340943
4.51406992
4.52364715
4.53132872
4.53641538
4.53841221
4.53717011
4.53287804
4.5251262
4.5134159
4.47685538
4.46838769
4.46242921
4.45901554
4.458162
4.46016996
4.46503498
4.47245733
4.4819277
4.49277008
4.50418105
4.51528015
4.52517442
4.53303879
4.53820779
4.54027797
4.53923876
4.53549825
4.52928749
4.52085598
4.46928587
4.46319437
4.45767431
4.453968
4.45292193
4.45508916
4.46054293
4.46896835
4.47977099
4.49214885
4.50515393
4.51775824
4.52893104
4.53773422
4.54343436
4.54563076
4.54440417
4.54041593
4.53469889
4.52866586
4.46344871
4.45752299
4.45037053
4.44492703
4.4429034
4.4450954
4.45156741
4.46187279
4.47521475
4.49055103
4.50667219
4.52227586
4.53605329
4.54679934
4.553552
4.55576531
4.55352013
4.54774926
4.54035137
4.53446199
)
;

boundaryField
{
    walls
    {
        type            zeroGradient;
    }
    mov_wall
    {
        type            zeroGradient;
    }
    empty
    {
        type            empty;
    }
}


// ************************************************************************* //
