/*--------------------------------*- C++ -*----------------------------------*\
| =========                 |                                                 |
| \\      /  F ield         | OpenFOAM: The Open Source CFD Toolbox           |
|  \\    /   O peration     | Version:  5.x                                   |
|   \\  /    A nd           | Web:      www.OpenFOAM.org                      |
|    \\/     M anipulation  |                                                 |
\*---------------------------------------------------------------------------*/
FoamFile
{
    version     2.0;
    format      ascii;
    class       surfaceScalarField;
    location    "7.7";
    object      phi;
}
// * * * * * * * * * * * * * * * * * * * * * * * * * * * * * * * * * * * * * //

dimensions      [0 3 -1 0 0 0 0];

internalField   nonuniform List<scalar> 
760
(
0.00134817676
-0.00134817711
0.00245763984
-0.00110946308
0.00313513472
-0.000677494877
0.00355971575
-0.000424581022
0.00383225133
-0.000272535584
0.00400945217
-0.000177200843
0.00412521452
-0.000115762348
0.00419921708
-7.4002568e-05
0.00424243236
-4.32152738e-05
0.00426055359
-1.81212262e-05
0.00425562236
4.93123257e-06
0.00422675779
2.88645722e-05
0.0041693894
5.73683816e-05
0.00407358505
9.58043567e-05
0.00391995094
0.00015363411
0.0036720193
0.000247931643
0.00326316023
0.000408859065
0.00257264077
0.000690519461
0.00140850173
0.00116413904
0.00140850173
-5.46951987e-05
-0.00129348191
0.000412592721
-0.001576751
0.00103002987
-0.00129493203
0.00157871392
-0.000973265073
0.00201483274
-0.000708654397
0.00234477729
-0.000507145392
0.00258511634
-0.000356101392
0.00275126943
-0.000240155661
0.0028545678
-0.000146513655
0.00290179533
-6.53487491e-05
0.00289536661
1.1359958e-05
0.00283293037
9.13008138e-05
0.00270712574
0.000183173008
0.00250436375
0.000298566351
0.00220410989
0.00045388797
0.00178090173
0.000671139805
0.001217568
0.000972192802
0.000552812563
0.0013552749
1.30664825e-05
0.00170388512
0.00142156821
-0.000271734626
-0.00102174728
-0.000221026551
-0.00162745908
7.13678452e-05
-0.00158732642
0.000446285687
-0.00134818292
0.000812489714
-0.00107485842
0.00112929929
-0.000823954968
0.00138207834
-0.000608880429
0.00156800789
-0.00042608522
0.00168837697
-0.000266882735
0.00174468454
-0.000121656322
0.00173678976
1.92547395e-05
0.00166213442
0.00016595616
0.00151571289
0.000329594545
0.00129125424
0.000523024996
0.000985011691
0.000760130517
0.000605009652
0.00105114184
0.00018985071
0.00138735175
-0.000160045076
0.00170517069
-0.000261640627
0.00180548067
0.00115992758
-0.000227941574
-0.000793805705
-0.000361197299
-0.00149420335
-0.000308328196
-0.00164019553
-0.000134821184
-0.00152168993
8.9209405e-05
-0.00129888901
0.000314971887
-0.00104971745
0.000513263018
-0.000807171554
0.000668300032
-0.000581122231
0.000771990336
-0.000370573041
0.000820036123
-0.000169702112
0.000809727657
2.95632053e-05
0.00073920103
0.000236482792
0.000607935673
0.000460859906
0.000419110876
0.000711849793
0.000184524327
0.000994717063
-6.71911774e-05
0.00130285735
-0.000280617545
0.00160077812
-0.000369418479
0.00179397163
-0.000246993629
0.00168305583
0.000912933948
-0.000168965217
-0.00062484049
-0.000352016179
-0.00131115238
-0.000431557673
-0.00156065403
-0.000408908968
-0.00154433864
-0.000319435167
-0.00138836282
-0.000200095171
-0.00116905745
-7.98100714e-05
-0.00092745665
2.15782616e-05
-0.000682510559
9.14287051e-05
-0.000440423483
0.000122135391
-0.000200408802
0.0001097572
4.19413934e-05
5.36457182e-05
0.000292594276
-4.2749004e-05
0.000557254635
-0.000169694031
0.000838794824
-0.00030765243
0.00113267546
-0.000423468628
0.00141867354
-0.000470024874
0.00164733436
-0.000397824825
0.00172177158
-0.000196431026
0.00148166203
0.00071650292
-0.000124192139
-0.000500648355
-0.000308335639
-0.00112700888
-0.0004504941
-0.00141849556
-0.000523204013
-0.00147162872
-0.000535391052
-0.00137617578
-0.000508160813
-0.00119628769
-0.000463156881
-0.000972460581
-0.000418060931
-0.000727606503
-0.000385619004
-0.000472865404
-0.000373912061
-0.000212115744
-0.000386727924
5.47572506e-05
-0.000423459498
0.000329325847
-0.00047835637
0.000612151512
-0.000539178268
0.000899616729
-0.000585818876
0.00117931607
-0.000590512333
0.001423367
-0.000523085131
0.00157990716
-0.000366699084
0.00156538553
-0.000150585986
0.00126554894
0.000565916937
-9.45729327e-05
-0.000406075424
-0.000264649745
-0.000956932067
-0.000430738387
-0.00125240692
-0.000556976941
-0.00134539016
-0.000636793212
-0.00129635951
-0.000678141757
-0.00115493915
-0.000693943919
-0.000956658424
-0.000696929234
-0.000724621186
-0.00069727405
-0.00047252058
-0.000701661749
-0.00020772804
-0.000712860705
6.59562048e-05
-0.000729336358
0.000345801493
-0.000744753805
0.000627568956
-0.000747580298
0.000902443229
-0.000721469896
0.00115320568
-0.000647843386
0.00134974049
-0.000512876919
0.00144494069
-0.000321206279
0.00137371489
-0.000116485704
0.00106082836
0.000449431238
-7.53437316e-05
-0.000330731689
-0.000228206815
-0.00080406899
-0.000398353661
-0.00108226007
-0.000550539524
-0.00119320429
-0.000670626449
-0.00117627258
-0.000757578336
-0.00106798726
-0.000816784805
-0.000897451961
-0.00085558744
-0.000685818555
-0.000880624294
-0.000447483723
-0.000896360318
-0.000191992006
-0.000904270079
7.38659703e-05
-0.000902360305
0.000343891715
-0.000884972205
0.000610180848
-0.00084310416
0.000860575184
-0.000765820189
0.00107592171
-0.000643664734
0.00122758504
-0.000475103938
0.00127637989
-0.000276309845
0.00117492079
-9.21328633e-05
0.000876651379
0.000357298379
-6.22883023e-05
-0.000268443379
-0.000198541318
-0.000667815978
-0.000362893652
-0.000917907742
-0.000523850725
-0.00103224722
-0.000664415225
-0.00103570807
-0.000778128914
-0.000954273563
-0.000864812166
-0.00081076871
-0.000927165469
-0.000623465261
-0.000968399682
-0.000406249514
-0.00099072121
-0.000169670472
-0.000994436362
7.75811326e-05
-0.000977525732
0.000326981088
-0.000935694998
0.000568350108
-0.000863101237
0.000787981416
-0.000754123158
0.000966943634
-0.000606626307
0.0010800882
-0.000426950406
0.001096704
-0.000236038288
0.000984008675
-7.43490214e-05
0.000714962109
0.000282949357
-5.27689682e-05
-0.000215674405
-0.000173812787
-0.000546772159
-0.000327557402
-0.000764163131
-0.000486865981
-0.000872938644
-0.000634380188
-0.000888193861
-0.000760757853
-0.000827895889
-0.000862116654
-0.000709409902
-0.000937654754
-0.000547927165
-0.000987783225
-0.000356121052
-0.00101282396
-0.000144629738
-0.00101222276
7.69799396e-05
-0.000984240694
0.000298999033
-0.00092616306
0.000510272476
-0.000835158813
0.000696977161
-0.00070997609
0.000841760906
-0.000553597329
0.000923709439
-0.000376676979
0.000919783652
-0.000200960047
0.000808291747
-6.08626244e-05
0.000574864687
0.000222086729
-4.52979311e-05
-0.000170376473
-0.000152453972
-0.000439616109
-0.000293299611
-0.000623317492
-0.000444763104
-0.000721475158
-0.000590345845
-0.000742611125
-0.000719473357
-0.000698768373
-0.000826046343
-0.000602836905
-0.000906878205
-0.000467095297
-0.000960347574
-0.000302651689
-0.000985403151
-0.00011957417
-0.000980963159
7.25399467e-05
-0.00094573211
0.000263767993
-0.000878480027
0.000443020403
-0.000778855057
0.000597352191
-0.000648784052
0.000711689894
-0.00049440355
0.000769328932
-0.000328204155
0.000753584259
-0.000170678367
0.000650765966
-5.02806544e-05
0.00045446698
0.000171806071
-3.90621874e-05
-0.000131314291
-0.000133403799
-0.000345274487
-0.000260349967
-0.000496371318
-0.000400388967
-0.000581436158
-0.000538431195
-0.000604568905
-0.000663692785
-0.000573506788
-0.000768938048
-0.000497591636
-0.000849523076
-0.000386510258
-0.00090250093
-0.00024967383
-0.000925934095
-9.61410124e-05
-0.000918488878
6.50947197e-05
-0.000879356195
0.000224635312
-0.000808535333
0.00037219955
-0.000707505268
0.000496322135
-0.00058026169
0.000584446316
-0.000434588338
0.000623655574
-0.000283248293
0.00060224421
-0.000144573364
0.000512091039
-4.17551848e-05
0.000351648806
0.000130050888
-3.36094137e-05
-9.7704886e-05
-0.000115973505
-0.000262910391
-0.000228685885
-0.000383658929
-0.00035533114
-0.000454790898
-0.000482448488
-0.00047745156
-0.000599656648
-0.000456298637
-0.000699324733
-0.000397923553
-0.000776050479
-0.000309784504
-0.000826127624
-0.000199596674
-0.000847124132
-7.51445012e-05
-0.000837646087
5.56166669e-05
-0.000797332205
0.000184321421
-0.000727102528
0.000301969875
-0.000629656429
0.000398876045
-0.00051016347
0.000464953365
-0.000377005141
0.000490497244
-0.000242314866
0.000467553931
-0.000121978235
0.000391754406
-3.47332174e-05
0.000264403789
9.53176739e-05
-2.86574925e-05
-6.90473972e-05
-9.96602299e-05
-0.000191907657
-0.000198117008
-0.000285202147
-0.000310357559
-0.000342550336
-0.000424616061
-0.000363193053
-0.000531265888
-0.000349648815
-0.000622765453
-0.000306423998
-0.000693446631
-0.000239103328
-0.000739258809
-0.000153784486
-0.00075755803
-5.68452698e-05
-0.000747003447
4.50620852e-05
-0.000707597937
0.000144915904
-0.000640884399
0.00023525633
-0.000550277063
0.000308268711
-0.000441462345
0.000356138655
-0.000322745855
0.00037178076
-0.000205166584
0.00034997466
-0.000102185442
0.000288773261
-2.88024198e-05
0.000191020765
6.65152571e-05
-2.39812055e-05
-4.50661868e-05
-8.39974377e-05
-0.000131891434
-0.000168257099
-0.000200942489
-0.00026559549
-0.00024521194
-0.00036593559
-0.000262852943
-0.000460594493
-0.000254989908
-0.000542423531
-0.000224594965
-0.000605821317
-0.00017570555
-0.000646681728
-0.000112924076
-0.000662339379
-4.11876103e-05
-0.000651561327
3.42840427e-05
-0.000614612941
0.000107967519
-0.000553400636
0.000174044019
-0.000471663895
0.000226531964
-0.000375154002
0.000259628764
-0.000271701951
0.000268328715
-0.000171058856
0.00024933157
-8.4417069e-05
0.000202131474
-2.35998672e-05
0.00013020356
4.29153901e-05
-1.93492203e-05
-2.57169564e-05
-6.8470034e-05
-8.27706254e-05
-0.000138506754
-0.000130905776
-0.000220638077
-0.00016308062
-0.000306428411
-0.000177062603
-0.000388228752
-0.000173189556
-0.000459474171
-0.000153349543
-0.000514859806
-0.000120319921
-0.000550429791
-7.73540996e-05
-0.000563627561
-2.79898396e-05
-0.000553348422
2.40049117e-05
-0.000520016428
7.46355331e-05
-0.000465682613
0.000119710205
-0.000394114914
0.00015496426
-0.000310822985
0.000176336831
-0.000222941262
0.000180446993
-0.00013889462
0.000165284932
-6.78135166e-05
0.000131050374
-1.8762113e-05
8.11521574e-05
2.41532757e-05
-1.45055289e-05
-1.12114204e-05
-5.25211077e-05
-4.47550425e-05
-0.000108122813
-7.53040742e-05
-0.000174687795
-9.65156443e-05
-0.000245343241
-0.000106407159
-0.000313520815
-0.000105011975
-0.000373387898
-9.34824514e-05
-0.000420129423
-7.3578393e-05
-0.000450116073
-4.73674549e-05
-0.000461009083
-1.70968366e-05
-0.000451841632
1.48374611e-05
-0.000423096903
4.58908107e-05
-0.000376775967
7.33892759e-05
-0.000316426452
9.46147455e-05
-0.000247079551
0.000106989927
-0.000175030353
0.000108397793
-0.00010740306
9.76576398e-05
-5.14858448e-05
7.51331626e-05
-1.39146208e-05
4.35809362e-05
1.02386542e-05
-9.20280385e-06
-2.00861738e-06
-3.56847395e-05
-1.82730972e-05
-7.64355271e-05
-3.45532824e-05
-0.000126811024
-4.61401508e-05
-0.00018140807
-5.18101195e-05
-0.000234817148
-5.1602899e-05
-0.000282132226
-4.61673674e-05
-0.000319263537
-3.64470736e-05
-0.00034311651
-2.35144794e-05
-0.000351700045
-8.51330632e-06
-0.000344207018
7.34442888e-06
-0.000321084429
2.27682226e-05
-0.000284086157
3.6391009e-05
-0.000236279533
4.68081263e-05
-0.000181958575
5.266897e-05
-0.000126403747
5.28429643e-05
-7.54285412e-05
4.66824323e-05
-3.46816272e-05
3.43862496e-05
-8.71390758e-06
1.76132192e-05
1.52474712e-06
-3.43753005e-06
1.42890514e-06
-1.80438778e-05
-3.66673982e-06
-4.34060373e-05
-9.19111441e-06
-7.64336674e-05
-1.31125169e-05
-0.000113187158
-1.50566322e-05
-0.000149665117
-1.51249458e-05
-0.000182251546
-1.35809382e-05
-0.000207952845
-1.07457691e-05
-0.000224514092
-6.9532263e-06
-0.000230484759
-2.54263788e-06
-0.000225272646
2.13231235e-06
-0.000209197082
6.6926555e-06
-0.000183535357
1.07292842e-05
-0.000150536809
1.38095829e-05
-0.000113368292
1.55004573e-05
-7.59397591e-05
1.54144324e-05
-4.25472222e-05
1.32898942e-05
-1.72767373e-05
9.11576408e-06
-3.10385761e-06
3.44034037e-06
-1.57910935e-06
1.42889946e-06
-2.23784561e-06
-1.14289596e-05
-2.45414712e-05
-3.95980983e-05
-5.47230444e-05
-6.83039873e-05
-7.90497597e-05
-8.60029843e-05
-8.85456171e-05
-8.64133012e-05
-7.97206463e-05
-6.89913651e-05
-5.5181784e-05
-3.96813258e-05
-2.42668911e-05
-1.09769952e-05
-1.86123078e-06
1.57910934e-06
)
;

boundaryField
{
    walls
    {
        type            calculated;
        value           uniform 0;
    }
    mov_wall
    {
        type            calculated;
        value           uniform 0;
    }
    empty
    {
        type            empty;
        value           nonuniform 0();
    }
}


// ************************************************************************* //
