/*--------------------------------*- C++ -*----------------------------------*\
| =========                 |                                                 |
| \\      /  F ield         | OpenFOAM: The Open Source CFD Toolbox           |
|  \\    /   O peration     | Version:  5.x                                   |
|   \\  /    A nd           | Web:      www.OpenFOAM.org                      |
|    \\/     M anipulation  |                                                 |
\*---------------------------------------------------------------------------*/
FoamFile
{
    version     2.0;
    format      ascii;
    class       volVectorField;
    location    "7.7";
    object      U;
}
// * * * * * * * * * * * * * * * * * * * * * * * * * * * * * * * * * * * * * //

dimensions      [0 1 -1 0 0 0 0];

internalField   nonuniform List<vector> 
400
(
(0.291698416 0.149643826 0)
(0.388187157 0.128007698 0)
(0.557616064 0.0757318279 0)
(0.6747857 0.043304439 0)
(0.743766594 0.0251591053 0)
(0.787075022 0.0148802976 0)
(0.815462958 0.00893092168 0)
(0.83393956 0.00530992795 0)
(0.845365462 0.00289956127 0)
(0.851349264 0.00108485289 2.66526777e-34)
(0.852640749 -0.000502852766 -2.66526777e-34)
(0.849354292 -0.0021607202 0)
(0.840973371 -0.00421710579 0)
(0.826113773 -0.00722098614 0)
(0.802020426 -0.0122365012 0)
(0.763538946 -0.0213892101 0)
(0.699488891 -0.038838615 0)
(0.584557335 -0.0722732745 0)
(0.407900534 -0.128436308 0)
(0.300688067 -0.152947536 0)
(0.00120417807 0.287432412 0)
(0.0133209529 0.293872128 0)
(0.140044438 0.209904856 0)
(0.264971584 0.142986164 0)
(0.364177738 0.0968019856 0)
(0.440120063 0.0654411227 0)
(0.496541038 0.0439762522 0)
(0.536691066 0.0287011564 0)
(0.563274465 0.0170798538 0)
(0.578137342 0.0074230864 0)
(0.582210286 -0.00150101212 0)
(0.575515252 -0.0107977545 0)
(0.557109248 -0.0217346524 0)
(0.524912994 -0.0361396922 0)
(0.475518407 -0.0569634975 0)
(0.404326003 -0.0889771521 0)
(0.305687294 -0.139150756 0)
(0.17449779 -0.215275202 0)
(0.0341065838 -0.310801155 0)
(0.010869156 -0.305909063 0)
(-0.0321467649 0.241773925 0)
(-0.0634303693 0.333547162 0)
(-0.0219362069 0.299502492 0)
(0.0505996234 0.240051666 0)
(0.12739738 0.183020808 0)
(0.196818608 0.135454525 0)
(0.254167102 0.0974523433 0)
(0.2980883 0.0668891711 0)
(0.328665675 0.0413758236 0)
(0.346307825 0.01878146 -2.35796993e-33)
(0.351211313 -0.00280949194 2.35796993e-33)
(0.343126749 -0.0252950463 0)
(0.321277579 -0.0508299471 0)
(0.2844329 -0.0820948309 0)
(0.231328818 -0.122479775 0)
(0.161916762 -0.17565804 0)
(0.0798350198 -0.243208457 0)
(-0.00333734259 -0.317981961 0)
(-0.0578531342 -0.366363502 0)
(-0.0313893205 -0.270690675 0)
(-0.026120416 0.182361575 0)
(-0.0666192797 0.316884135 0)
(-0.0735377848 0.330901741 0)
(-0.0481307222 0.295352911 0)
(-0.00567217718 0.244253507 0)
(0.0411124745 0.192431742 0)
(0.0845451068 0.14509504 0)
(0.12042433 0.10300663 0)
(0.146585244 0.0651543631 0)
(0.161925478 0.029888406 2.35546531e-33)
(0.165812817 -0.00469432293 -2.35546531e-33)
(0.157798801 -0.0406696189 0)
(0.137586498 -0.080302738 0)
(0.105285211 -0.12597958 0)
(0.0620900261 -0.179774808 0)
(0.0116092684 -0.242029717 0)
(-0.0380283789 -0.307764354 0)
(-0.0720490946 -0.359579369 0)
(-0.071163918 -0.355585637 0)
(-0.0287210565 -0.20917858 0)
(-0.0176296834 0.140767915 0)
(-0.0549165464 0.281827204 0)
(-0.0828629969 0.324484361 0)
(-0.0880762269 0.312396801 0)
(-0.0751196922 0.274441982 0)
(-0.0526276281 0.226778429 0)
(-0.0275118504 0.177302819 0)
(-0.00458009387 0.129145426 0)
(0.0130234873 0.0829123616 0)
(0.023356794 0.0379330314 -2.94545492e-34)
(0.025309745 -0.00710139567 2.94545492e-34)
(0.018415206 -0.0537995227 0)
(0.00288698374 -0.103801261 0)
(-0.0200872024 -0.158367937 0)
(-0.0477707946 -0.217530723 0)
(-0.0750614587 -0.278347554 0)
(-0.0936267085 -0.331694803 0)
(-0.0922270558 -0.357398869 0)
(-0.0635074673 -0.31887989 0)
(-0.0207312596 -0.162076724 0)
(-0.0116542797 0.111592251 0)
(-0.0431522002 0.243765267 0)
(-0.0782839973 0.299859404 0)
(-0.100579263 0.305000831 0)
(-0.108310592 0.280421267 0)
(-0.105716508 0.240369184 0)
(-0.0975361741 0.193277769 0)
(-0.0877934488 0.143545371 0)
(-0.0795351927 0.0930260755 0)
(-0.0748272195 0.0420752322 0)
(-0.0748481348 -0.00975925825 0)
(-0.0799345797 -0.0632506196 0)
(-0.0895000229 -0.119033275 0)
(-0.101812876 -0.176993443 0)
(-0.11369095 -0.23529792 0)
(-0.120284782 -0.288849073 0)
(-0.115237024 -0.327084783 0)
(-0.0922711136 -0.331566552 0)
(-0.0521876272 -0.275119691 0)
(-0.0142847855 -0.127260098 0)
(-0.008031856 0.0899680196 0)
(-0.0343052825 0.207876697 0)
(-0.0703686596 0.267741358 0)
(-0.100959318 0.283509147 0)
(-0.121509111 0.269753782 0)
(-0.133061965 0.237807848 0)
(-0.138135838 0.195384125 0)
(-0.139450243 0.147216492 0)
(-0.139365666 0.0958906829 0)
(-0.139599233 0.0425957592 0)
(-0.141114115 -0.0122625673 0)
(-0.144054665 -0.0685401665 0)
(-0.147657209 -0.125824595 0)
(-0.150140601 -0.182787206 0)
(-0.148667741 -0.236314556 0)
(-0.139565528 -0.280390167 0)
(-0.119015754 -0.304900546 0)
(-0.0848747405 -0.294957286 0)
(-0.0422046456 -0.232154477 0)
(-0.0100065906 -0.100709815 0)
(-0.00589819 0.0731569052 0)
(-0.0280514393 0.175459928 0)
(-0.0624620766 0.23345497 0)
(-0.0961931106 0.254650692 0)
(-0.12378429 0.248662376 0)
(-0.144336448 0.223978322 0)
(-0.158622039 0.187072458 0)
(-0.168069547 0.142434106 0)
(-0.17417101 0.0929433392 0)
(-0.178091651 0.0403533016 0)
(-0.180456262 -0.0142245237 0)
(-0.181230008 -0.0698446774 0)
(-0.179647304 -0.125225755 0)
(-0.174205197 -0.178177562 0)
(-0.16280907 -0.224940954 0)
(-0.143212558 -0.259512836 0)
(-0.113841638 -0.273201303 0)
(-0.075316618 -0.254896363 0)
(-0.0343188975 -0.192925778 0)
(-0.00728498509 -0.0799917715 0)
(-0.00459312271 0.0595160156 0)
(-0.023544169 0.146542618 0)
(-0.0553429908 0.199662156 0)
(-0.0893196724 0.222701634 0)
(-0.120051818 0.221819416 0)
(-0.145609092 0.203131831 0)
(-0.165570652 0.17179655 0)
(-0.1803171 0.131775629 0)
(-0.190531075 0.0859405092 0)
(-0.196813734 0.036351008 2.9771145e-34)
(-0.1994489 -0.0153915445 -2.9771145e-34)
(-0.198275632 -0.0677566427 0)
(-0.192646155 -0.118867798 0)
(-0.181489352 -0.166059309 0)
(-0.163546088 -0.205440871 0)
(-0.13785873 -0.231577792 0)
(-0.104503396 -0.237504907 0)
(-0.0656637265 -0.215386225 0)
(-0.028173798 -0.158249843 0)
(-0.00551069019 -0.0634668211 0)
(-0.00373314349 0.0480883407 0)
(-0.020121234 0.120839398 0)
(-0.0490153881 0.167676442 0)
(-0.0816389787 0.190287499 0)
(-0.112989448 0.19248765 0)
(-0.14068056 0.178557131 4.67987974e-33)
(-0.163557392 0.152465449 0)
(-0.181246281 0.117554996 0)
(-0.193784174 0.0765047418 -4.74063726e-33)
(-0.201296971 0.0314709939 2.26595712e-36)
(-0.203789196 -0.0156743962 4.98649079e-36)
(-0.201035367 -0.0630555958 0)
(-0.19256593 -0.108481583 0)
(-0.177765514 -0.149141428 0)
(-0.156124908 -0.181360928 0)
(-0.127679783 -0.200524263 0)
(-0.0935645705 -0.201318537 0)
(-0.0566770446 -0.178463972 0)
(-0.0233146661 -0.128090141 0)
(-0.00429570481 -0.0500435344 0)
(-0.00311504115 0.0383306335 0)
(-0.0173631167 0.0980508516 0)
(-0.0433176194 0.138129966 0)
(-0.0737180749 0.158979199 0)
(-0.104104452 0.162838223 0)
(-0.131970534 0.152618179 -4.67987974e-33)
(-0.155761614 0.131295702 0)
(-0.17461286 0.101603276 0)
(-0.188100217 0.0659289923 4.74063726e-33)
(-0.195997419 0.0263693608 1.49106824e-33)
(-0.198111613 -0.0151233202 -1.49832069e-33)
(-0.194204011 -0.0565442454 0)
(-0.183996559 -0.0956260391 0)
(-0.167277172 -0.129654843 0)
(-0.144124393 -0.155368916 0)
(-0.115252464 -0.169022499 0)
(-0.0823814088 -0.166713891 0)
(-0.0485941039 -0.145040225 0)
(-0.0193975959 -0.102103348 0)
(-0.0034209093 -0.0390050007 0)
(-0.00263393619 0.0299262645 0)
(-0.0150226243 0.0779301292 0)
(-0.0380974214 0.111311111 0)
(-0.0658175672 0.129695794 0)
(-0.094279474 0.134263878 0)
(-0.121044028 0.126925342 0)
(-0.144383609 0.109860568 0)
(-0.163148984 0.085248045 0)
(-0.176619506 0.0551416371 0)
(-0.184335474 0.0214703145 2.99742606e-34)
(-0.185982938 -0.0138813656 -2.99742606e-34)
(-0.181343676 -0.0489515425 0)
(-0.170313963 -0.0815745578 0)
(-0.152999251 -0.109289271 0)
(-0.129891604 -0.129330738 0)
(-0.102114501 -0.138764247 0)
(-0.0716393815 -0.134816141 0)
(-0.0414365956 -0.115407289 0)
(-0.0161843493 -0.0798582224 0)
(-0.00276403314 -0.0298606584 0)
(-0.00223473649 0.0226800238 0)
(-0.012954127 0.0602838577 0)
(-0.0332381486 0.0873308371 0)
(-0.0580555279 0.102954501 0)
(-0.0840353802 0.107621822 0)
(-0.108906084 0.102520709 0)
(-0.130914081 0.089208649 0)
(-0.148775833 0.069381865 0)
(-0.161603549 0.0447501631 0)
(-0.168801288 0.0170067328 3.00137194e-34)
(-0.169993545 -0.0121372148 -3.00137193e-34)
(-0.164999673 -0.0408861819 0)
(-0.153857536 -0.0672953785 0)
(-0.13689908 -0.0892417083 0)
(-0.114876635 -0.104468703 0)
(-0.0891189074 -0.11074442 0)
(-0.0616328442 -0.106158118 0)
(-0.0351269757 -0.0895353379 0)
(-0.0135037431 -0.0609264428 0)
(-0.0022532725 -0.0222578268 0)
(-0.00188545611 0.0164662556 0)
(-0.0110624848 0.0449645386 0)
(-0.0286411433 0.0662105059 0)
(-0.0504611288 0.0790278195 0)
(-0.0736531631 0.083412332 0)
(-0.096164179 0.0800414897 0)
(-0.116305918 0.0699953586 0)
(-0.132763342 0.054561087 0)
(-0.144575602 0.0351143615 0)
(-0.151082434 0.0130747336 0)
(-0.151887891 -0.0100881545 0)
(-0.146853003 -0.0328250789 0)
(-0.136119505 -0.0534823558 0)
(-0.120164255 -0.0703098572 0)
(-0.0998793393 -0.0815299516 0)
(-0.0766571201 -0.0854921387 0)
(-0.0524122107 -0.08092354 0)
(-0.029530034 -0.0672469519 0)
(-0.0112185732 -0.0449266648 0)
(-0.00184129761 -0.0159381053 0)
(-0.00156251765 0.0112077494 0)
(-0.00926988047 0.0318705361 0)
(-0.0242025211 0.0479368748 0)
(-0.0429884462 0.0580490714 0)
(-0.0632319149 0.0619115014 0)
(-0.0831208695 0.0598559193 0)
(-0.101086248 0.0526055551 0)
(-0.115849132 0.041107173 0)
(-0.126440929 0.0264236327 0)
(-0.13218724 0.00968560679 0)
(-0.132697633 -0.0079167153 0)
(-0.127870716 -0.02512505 0)
(-0.117915457 -0.0406102736 0)
(-0.103386533 -0.0529974534 0)
(-0.0852272529 -0.060938701 0)
(-0.0648019883 -0.0632496912 0)
(-0.0438652627 -0.0591133865 0)
(-0.0244675008 -0.0483249906 0)
(-0.00920309307 -0.0315520071 0)
(-0.00149088387 -0.0107193784 0)
(-0.00124269138 0.00687236814 0)
(-0.0074972638 0.0209539389 0)
(-0.0197996776 0.0325014302 0)
(-0.0355241968 0.0400872996 0)
(-0.0527239652 0.0432717628 0)
(-0.0698331057 0.0421741839 0)
(-0.0854326579 0.0372606195 0)
(-0.0983251704 0.029199149 0)
(-0.107580786 0.0187673597 0)
(-0.112546723 0.00680864391 0)
(-0.112854336 -0.00578011131 0)
(-0.10843163 -0.0180487574 0)
(-0.0995214484 -0.0289997729 0)
(-0.0867021666 -0.0376160641 0)
(-0.0709039775 -0.0429246745 0)
(-0.0534054935 -0.0441071886 0)
(-0.0357703084 -0.0406592891 0)
(-0.0197281041 -0.0325810799 0)
(-0.00733072827 -0.0205903315 0)
(-0.00116697596 -0.00649226831 0)
(-0.000899882462 0.00347704302 0)
(-0.00566093149 0.012224429 0)
(-0.0152978474 0.0199179413 0)
(-0.0279091951 0.0251886541 0)
(-0.041970838 0.0275859297 0)
(-0.0561592824 0.0271262702 0)
(-0.069227482 0.0240986736 0)
(-0.0800968176 0.0189454329 0)
(-0.0879159919 0.0121895934 0)
(-0.0920844199 0.00440206527 0)
(-0.0922681514 -0.00380767758 0)
(-0.0884155138 -0.0117927658 0)
(-0.0807724912 -0.0188748762 0)
(-0.0698942041 -0.0243659731 0)
(-0.0566454534 -0.0276151923 0)
(-0.0421770503 -0.0280887048 0)
(-0.0278468992 -0.0254864183 0)
(-0.015088733 -0.0198866112 0)
(-0.00547449442 -0.0119313566 0)
(-0.000833547268 -0.00322197459 0)
(-0.000507508132 0.00108920739 0)
(-0.00368889242 0.00574013998 0)
(-0.0105872254 0.0102223814 0)
(-0.0199879396 0.0134022149 0)
(-0.0307552964 0.014940096 0)
(-0.0418076573 0.0148327188 0)
(-0.0521004762 0.0132501839 0)
(-0.060720594 0.0104516797 0)
(-0.0669425831 0.00673881674 0)
(-0.0702538288 0.00243728357 0)
(-0.0703711877 -0.00210635168 0)
(-0.0672558407 -0.00652338769 0)
(-0.0611263916 -0.010425254 0)
(-0.0524664972 -0.0134154702 0)
(-0.0420201067 -0.0151167118 0)
(-0.0307626614 -0.0152183508 0)
(-0.0198243283 -0.0135494052 0)
(-0.0103615212 -0.010176166 0)
(-0.00352670145 -0.00555507444 0)
(-0.000456470346 -0.000945965968 0)
(-6.44915624e-05 -0.000176241627 0)
(-0.00159898951 0.00163661671 0)
(-0.00569518848 0.00359860175 0)
(-0.0117199315 0.00501067953 0)
(-0.0188880499 0.00571684696 0)
(-0.0263913892 0.00573382888 0)
(-0.0334549889 0.00514772143 0)
(-0.0394085022 0.0040732679 0)
(-0.0437225488 0.00263489205 0)
(-0.0460238844 0.000961862349 0)
(-0.0461058236 -0.000810104405 0)
(-0.0439388715 -0.00253598962 0)
(-0.0396813836 -0.00406056277 0)
(-0.0336869563 -0.00522175589 0)
(-0.0265027364 -0.00586030508 0)
(-0.0188496251 -0.0058382961 0)
(-0.0115675423 -0.00507039413 0)
(-0.00551559571 -0.00357095362 0)
(-0.0014820347 -0.00155258683 0)
(-3.10932314e-05 0.000233977771 0)
(0.000261395351 -0.000255578086 0)
(0.00015143957 0.000102072877 0)
(-0.00117495358 0.000547415319 0)
(-0.00348063203 0.000863516318 0)
(-0.00637558307 0.0010220783 0)
(-0.0094668728 0.00103797715 0)
(-0.0124000364 0.000936218111 0)
(-0.0148817777 0.000743061603 0)
(-0.0166861009 0.000483180434 0)
(-0.0176547258 0.000180088381 1.08300135e-33)
(-0.0176985203 -0.00014230811 -1.08300135e-33)
(-0.0168014859 -0.000458218623 0)
(-0.0150266292 -0.00073901948 0)
(-0.0125219008 -0.000953244788 0)
(-0.00952354899 -0.00106773214 0)
(-0.00635302358 -0.0010505256 0)
(-0.00340014925 -0.000876787799 0)
(-0.00108361497 -0.000539615993 0)
(0.000206110995 -8.25144246e-05 0)
(0.000274563734 0.000266745585 0)
)
;

boundaryField
{
    walls
    {
        type            fixedValue;
        value           uniform (0 0 0);
    }
    mov_wall
    {
        type            fixedValue;
        value           uniform (1 0 0);
    }
    empty
    {
        type            empty;
    }
}


// ************************************************************************* //
