/*--------------------------------*- C++ -*----------------------------------*\
| =========                 |                                                 |
| \\      /  F ield         | OpenFOAM: The Open Source CFD Toolbox           |
|  \\    /   O peration     | Version:  5.x                                   |
|   \\  /    A nd           | Web:      www.OpenFOAM.org                      |
|    \\/     M anipulation  |                                                 |
\*---------------------------------------------------------------------------*/
FoamFile
{
    version     2.0;
    format      ascii;
    class       volScalarField;
    location    "9.7";
    object      p;
}
// * * * * * * * * * * * * * * * * * * * * * * * * * * * * * * * * * * * * * //

dimensions      [0 2 -2 0 0 0 0];

internalField   nonuniform List<scalar> 
400
(
3.16205541e-07
2.4524592
3.49432281
3.898879
4.10664697
4.22470643
4.29429102
4.34027785
4.37633838
4.41011057
4.44675952
4.49091435
4.54765394
4.62448903
4.73479731
4.90459584
5.18237945
5.68420073
6.84131524
9.41172425
1.88670496
2.867289
3.41988317
3.74774347
3.96518048
4.10974698
4.20767398
4.27899186
4.3367444
4.38961278
4.44424504
4.50657156
4.58333306
4.68329729
4.81972583
5.0136787
5.294022
5.69846869
6.33841512
7.42837075
2.98207741
3.26252981
3.54233066
3.77067911
3.94570527
4.07571544
4.17322534
4.25000292
4.31527516
4.37623547
4.43892471
4.50902128
4.59257475
4.69678226
4.83084962
5.00663774
5.23632136
5.52393894
5.86049036
6.19823703
3.52778378
3.58534242
3.72178501
3.86537629
3.9890636
4.09083195
4.17460992
4.24571366
4.30952647
4.37102265
4.43477413
4.50520402
4.58678814
4.68425418
4.80245068
4.94569219
5.115749
5.30514762
5.47833661
5.55963849
3.84421665
3.8268801
3.88517948
3.96938252
4.05221924
4.12779049
4.19566821
4.25747746
4.31592249
4.37409174
4.43506451
4.50185713
4.57733079
4.66400569
4.76350355
4.87551049
4.99635856
5.11480146
5.19584558
5.18371542
4.04550056
4.00365834
4.02142569
4.06784943
4.12138185
4.17574034
4.22885428
4.28053732
4.33185977
4.38449121
4.44027037
4.50096749
4.56804835
4.64232601
4.72332592
4.80836584
4.89180619
4.96267745
4.9930802
4.94680755
4.18058512
4.13383029
4.13183833
4.15536814
4.188833
4.22706603
4.2677263
4.30987122
4.35363692
4.39973088
4.44903776
4.50233621
4.56001833
4.62172133
4.68578499
4.7486255
4.80455919
4.84466512
4.84862408
4.79367955
4.27565791
4.23084179
4.21965942
4.22967379
4.24984526
4.27635407
4.30712157
4.34098198
4.37757792
4.41699856
4.45945092
4.5049956
4.55328455
4.60324859
4.65270451
4.69801077
4.73425806
4.75484614
4.74555985
4.69204159
4.34467348
4.30373025
4.28862817
4.29082682
4.30237566
4.32057105
4.34372927
4.37070092
4.40089221
4.43401488
4.46982775
4.50791712
4.54748274
4.58710825
4.6245127
4.65641268
4.67889302
4.68733251
4.67187856
4.62321585
4.39525854
4.35850363
4.34215627
4.33995724
4.34598832
4.35836056
4.37576025
4.39714408
4.42182428
4.44929775
4.47905004
4.51038624
4.54227344
4.5731916
4.60099938
4.62292534
4.635995
4.63709162
4.61932396
4.57637684
4.43196276
4.39925678
4.38305342
4.37850943
4.38106474
4.38939514
4.40248655
4.41942351
4.43950093
4.46210763
4.48658128
4.512086
4.53750715
4.56136791
4.58177508
4.59648019
4.60329356
4.60017271
4.58220492
4.54489297
4.45777555
4.42889484
4.41357939
4.40794377
4.40837837
4.41394613
4.4238632
4.4373376
4.45368712
4.4722599
4.4923297
4.51301275
4.5332057
4.55155057
4.56643204
4.57606934
4.57888454
4.57357363
4.55655428
4.52447705
4.47482644
4.44957245
4.43556044
4.42961957
4.42885187
4.43259246
4.44023439
4.45109755
4.46454202
4.47991469
4.49647613
4.51334918
4.52949011
4.54368769
4.554591
4.56080979
4.56122613
4.55503486
4.53957224
4.51225845
4.4847294
4.46295829
4.45049216
4.44475057
4.44341568
4.4460277
4.45212133
4.4611164
4.47242195
4.48540239
4.49932977
4.51335781
4.52651865
4.53774528
4.54591721
4.54995829
4.54909262
4.54285595
4.52925433
4.5062709
4.48877304
4.47040161
4.45961971
4.45439259
4.45292649
4.4549359
4.46007762
4.46786078
4.4777408
4.48910197
4.50123167
4.51331565
4.52445487
4.53370507
4.54013371
4.54291206
4.54152219
4.53574761
4.52413351
4.50513469
4.48806046
4.47305598
4.4640083
4.45945426
4.45813034
4.45992331
4.46460438
4.47176178
4.48088605
4.49136961
4.50250165
4.51348241
4.52345719
4.53156992
4.53702951
4.5391986
4.53776149
4.53270691
4.52308262
4.50782022
4.48366764
4.47200954
4.46463986
4.46076172
4.45970102
4.46153633
4.46615273
4.47320514
4.48219976
4.49251315
4.50340878
4.5140693
4.52364653
4.53132808
4.53641472
4.53841155
4.53716947
4.53287741
4.52512557
4.51341526
4.47685475
4.46838707
4.46242858
4.45901488
4.45816133
4.46016931
4.46503436
4.47245671
4.48192707
4.49276942
4.50418039
4.51527951
4.52517379
4.53303816
4.53820715
4.54027732
4.53923811
4.53549761
4.52928685
4.52085534
4.46928522
4.46319374
4.4576737
4.45396736
4.45292127
4.4550885
4.46054228
4.46896773
4.47977037
4.49214821
4.50515328
4.51775759
4.5289304
4.53773359
4.54343373
4.54563012
4.54440352
4.54041529
4.53469824
4.52866522
4.46344804
4.45752235
4.4503699
4.44492641
4.44290276
4.44509475
4.45156675
4.46187215
4.47521412
4.4905504
4.50667155
4.5222752
4.53605264
4.5467987
4.55355137
4.55576467
4.55351949
4.54774861
4.54035073
4.53446135
)
;

boundaryField
{
    walls
    {
        type            zeroGradient;
    }
    mov_wall
    {
        type            zeroGradient;
    }
    empty
    {
        type            empty;
    }
}


// ************************************************************************* //
