/*--------------------------------*- C++ -*----------------------------------*\
| =========                 |                                                 |
| \\      /  F ield         | OpenFOAM: The Open Source CFD Toolbox           |
|  \\    /   O peration     | Version:  5.x                                   |
|   \\  /    A nd           | Web:      www.OpenFOAM.org                      |
|    \\/     M anipulation  |                                                 |
\*---------------------------------------------------------------------------*/
FoamFile
{
    version     2.0;
    format      ascii;
    class       surfaceScalarField;
    location    "9.7";
    object      phi;
}
// * * * * * * * * * * * * * * * * * * * * * * * * * * * * * * * * * * * * * //

dimensions      [0 3 -1 0 0 0 0];

internalField   nonuniform List<scalar> 
760
(
0.00134817685
-0.00134817701
0.00245763989
-0.00110946304
0.00313513474
-0.00067749485
0.00355971576
-0.000424581
0.00383225135
-0.000272535572
0.00400945219
-0.000177200845
0.00412521453
-0.000115762358
0.00419921708
-7.4002573e-05
0.00424243235
-4.32152664e-05
0.00426055359
-1.81212147e-05
0.00425562237
4.93123372e-06
0.0042267578
2.88645609e-05
0.0041693894
5.73683706e-05
0.00407358503
9.58043595e-05
0.00391995093
0.000153634124
0.00367201931
0.000247931651
0.00326316025
0.000408859056
0.00257264078
0.00069051944
0.00140850173
0.00116413902
0.00140850172
-5.46951413e-05
-0.00129348186
0.000412592779
-0.00157675096
0.0010300299
-0.001294932
0.00157871394
-0.000973265044
0.00201483275
-0.000708654372
0.00234477731
-0.000507145381
0.00258511636
-0.000356101397
0.00275126944
-0.000240155671
0.0028545678
-0.000146513653
0.00290179532
-6.53487349e-05
0.00289536661
1.13599694e-05
0.00283293039
9.13008092e-05
0.00270712576
0.000183172993
0.00250436374
0.000298566344
0.00220410987
0.00045388798
0.00178090172
0.000671139821
0.00121756801
0.000972192808
0.000552812583
0.00135527489
1.30664979e-05
0.00170388511
0.0014215682
-0.000271734599
-0.00102174725
-0.000221026505
-0.00162745905
7.1367886e-05
-0.0015873264
0.000446285709
-0.00134818289
0.000812489723
-0.00107485839
0.00112929931
-0.000823954944
0.00138207837
-0.000608880422
0.00156800793
-0.000426085229
0.00168837698
-0.000266882742
0.00174468453
-0.000121656313
0.00173678976
1.9254757e-05
0.00166213444
0.000165956168
0.00151571292
0.000329594535
0.00129125426
0.00052302498
0.000985011681
0.000760130515
0.000605009633
0.00105114186
0.000189850705
0.00138735176
-0.000160045061
0.00170517069
-0.000261640606
0.00180548066
0.00115992757
-0.00022794157
-0.000793805683
-0.000361197269
-0.00149420332
-0.000308328155
-0.00164019551
-0.000134821155
-0.00152168992
8.92094128e-05
-0.00129888899
0.000314971889
-0.00104971742
0.000513263037
-0.000807171532
0.000668300069
-0.000581122231
0.000771990366
-0.000370573053
0.000820036124
-0.000169702116
0.000809727641
2.95632212e-05
0.000739201028
0.000236482812
0.000607935698
0.000460859909
0.000419110906
0.000711849777
0.000184524334
0.000994717048
-6.71911949e-05
0.00130285735
-0.000280617562
0.00160077814
-0.000369418476
0.00179397164
-0.000246993613
0.00168305583
0.000912933936
-0.000168965227
-0.000624840474
-0.000352016169
-0.00131115235
-0.00043155764
-0.00156065401
-0.00040890893
-0.00154433863
-0.000319435149
-0.00138836281
-0.000200095175
-0.00116905742
-7.98100717e-05
-0.000927456618
2.15782879e-05
-0.000682510542
9.14287462e-05
-0.000440423491
0.000122135413
-0.000200408817
0.000109757188
4.19413968e-05
5.36457e-05
0.0002925943
-4.27489965e-05
0.000557254654
-0.000169693999
0.00083879482
-0.000307652406
0.00113267544
-0.000423468632
0.00141867353
-0.000470024894
0.00164733437
-0.000397824837
0.0017217716
-0.000196431022
0.00148166204
0.000716502916
-0.000124192153
-0.000500648348
-0.000308335648
-0.00112700885
-0.000450494085
-0.00141849554
-0.000523203976
-0.00147162871
-0.000535391019
-0.00137617579
-0.000508160809
-0.00119628768
-0.000463156896
-0.000972460554
-0.000418060928
-0.000727606471
-0.000385618969
-0.000472865395
-0.000373912021
-0.000212115761
-0.000386727915
5.47572361e-05
-0.00042345952
0.000329325859
-0.000478356386
0.000612151541
-0.000539178251
0.000899616746
-0.000585818842
0.00117931606
-0.000590512316
0.00142336697
-0.000523085141
0.00157990715
-0.000366699105
0.00156538555
-0.000150585996
0.00126554896
0.000565916945
-9.4572938e-05
-0.000406075429
-0.000264649761
-0.000956932049
-0.000430738394
-0.00125240688
-0.000556976919
-0.00134539014
-0.000636793171
-0.00129635951
-0.000678141732
-0.00115493916
-0.000693943929
-0.000956658416
-0.000696929254
-0.000724621152
-0.000697274039
-0.00047252055
-0.000701661706
-0.00020772804
-0.000712860671
6.59561812e-05
-0.000729336364
0.000345801482
-0.000744753833
0.000627568976
-0.000747580308
0.000902443261
-0.000721469873
0.00115320569
-0.000647843355
0.00134974047
-0.000512876909
0.00144494066
-0.000321206292
0.00137371488
-0.00011648572
0.00106082838
0.000449431253
-7.53437207e-05
-0.000330731701
-0.000228206823
-0.000804068988
-0.000398353682
-0.00108226004
-0.000550539529
-0.00119320426
-0.000670626418
-0.00117627256
-0.000757578293
-0.00106798727
-0.000816784793
-0.000897451975
-0.000855587464
-0.000685818541
-0.000880624314
-0.000447483684
-0.000896360297
-0.000191991981
-0.000904270032
7.38659594e-05
-0.00090236028
0.000343891687
-0.000884972221
0.000610180842
-0.00084310419
0.00086057521
-0.000765820193
0.00107592175
-0.00064366471
0.00122758505
-0.000475103912
0.00127637987
-0.00027630984
0.00117492077
-9.21328725e-05
0.000876651374
0.000357298387
-6.22882792e-05
-0.000268443389
-0.000198541307
-0.000667815991
-0.000362893669
-0.000917907735
-0.000523850751
-0.00103224719
-0.000664415223
-0.00103570803
-0.000778128875
-0.000954273557
-0.000864812127
-0.000810768732
-0.00092716547
-0.000623465275
-0.000968399715
-0.000406249492
-0.000990721225
-0.00016967043
-0.000994436332
7.75811523e-05
-0.000977525686
0.000326981069
-0.000935694983
0.000568350078
-0.000863101261
0.000787981414
-0.000754123186
0.000966943663
-0.000606626308
0.00108008823
-0.000426950384
0.001096704
-0.000236038267
0.000984008661
-7.43490152e-05
0.000714962093
0.000282949352
-5.27689479e-05
-0.000215674401
-0.000173812759
-0.000546772174
-0.000327557397
-0.000764163146
-0.000486866008
-0.000872938633
-0.000634380216
-0.000888193823
-0.000760757842
-0.000827895857
-0.000862116608
-0.000709409905
-0.000937654721
-0.000547927194
-0.000987783239
-0.000356121063
-0.001012824
-0.000144629709
-0.00101222277
7.69799825e-05
-0.000984240659
0.000298999047
-0.000926163019
0.000510272452
-0.000835158805
0.000696977132
-0.000709976115
0.000841760905
-0.000553597354
0.000923709467
-0.000376676979
0.000919783681
-0.000200960028
0.000808291756
-6.08626087e-05
0.000574864677
0.000222086716
-4.52979298e-05
-0.000170376455
-0.000152453946
-0.00043961611
-0.000293299583
-0.000623317514
-0.000444763106
-0.000721475175
-0.00059034588
-0.000742611108
-0.000719473383
-0.000698768331
-0.000826046322
-0.000602836877
-0.000906878156
-0.00046709531
-0.00096034755
-0.000302651721
-0.000985403176
-0.000119574176
-0.000980963197
7.25399805e-05
-0.000945732113
0.000263768035
-0.000878479991
0.000443020413
-0.000778855021
0.000597352166
-0.000648784049
0.000711689867
-0.000494403573
0.000769328932
-0.000328204174
0.000753584282
-0.000170678366
0.000650765989
-5.02806436e-05
0.000454466986
0.000171806064
-3.90622086e-05
-0.00013131427
-0.000133403796
-0.000345274467
-0.000260349934
-0.000496371325
-0.000400388938
-0.000581436186
-0.000538431206
-0.000604568921
-0.000663692826
-0.000573506766
-0.000768938068
-0.000497591592
-0.000849523047
-0.000386510236
-0.000902500882
-0.00024967385
-0.000925934081
-9.61410455e-05
-0.000918488908
6.50947173e-05
-0.00087935623
0.000224635347
-0.000808535331
0.000372199589
-0.000707505234
0.000496322142
-0.000580261661
0.000584446293
-0.000434588337
0.00062365555
-0.000283248312
0.000602244209
-0.00014457338
0.000512091056
-4.17551879e-05
0.000351648822
0.000130050892
-3.36094427e-05
-9.77048783e-05
-0.000115973529
-0.000262910363
-0.000228685874
-0.000383658908
-0.0003553311
-0.000454790909
-0.000482448463
-0.000477451592
-0.000599656668
-0.000456298651
-0.000699324776
-0.000397923526
-0.000776050492
-0.000309784461
-0.000826127589
-0.000199596658
-0.000847124088
-7.51445256e-05
-0.000837646081
5.56166353e-05
-0.000797332237
0.000184321421
-0.000727102558
0.000301969908
-0.000629656426
0.000398876079
-0.000510163442
0.000464953371
-0.000377005117
0.000490497225
-0.000242314866
0.000467553911
-0.00012197825
0.000391754403
-3.47332296e-05
0.0002644038
9.53176846e-05
-2.86575065e-05
-6.90474102e-05
-9.96602637e-05
-0.000191907643
-0.000198117029
-0.000285202113
-0.000310357541
-0.000342550316
-0.000424616019
-0.000363193068
-0.000531265869
-0.000349648848
-0.00062276548
-0.000306424008
-0.000693446672
-0.000239103298
-0.000739258816
-0.000153784446
-0.000757557994
-5.68452592e-05
-0.000747003409
4.50620597e-05
-0.000707597936
0.000144915875
-0.000640884428
0.000235256331
-0.000550277087
0.00030826874
-0.000441462342
0.000356138684
-0.000322745833
0.000371780766
-0.000205166567
0.000349974646
-0.000102185443
0.000288773246
-2.88024285e-05
0.000191020762
6.65152633e-05
-2.3981193e-05
-4.506621e-05
-8.39974535e-05
-0.000131891445
-0.000168257135
-0.000200942469
-0.000265595508
-0.000245211904
-0.000365935566
-0.000262852925
-0.000460594452
-0.000254989926
-0.00054242352
-0.000224594997
-0.000605821348
-0.000175705556
-0.000646681764
-0.000112924046
-0.000662339379
-4.11875746e-05
-0.000651561293
3.42840495e-05
-0.00061461291
0.000107967495
-0.000553400637
0.000174043994
-0.000471663919
0.000226531965
-0.000375154021
0.000259628787
-0.000271701948
0.000268328738
-0.00017105884
0.000249331576
-8.4417057e-05
0.000202131465
-2.35998655e-05
0.000130203551
4.29153881e-05
-1.93491923e-05
-2.57169695e-05
-6.84700195e-05
-8.27706508e-05
-0.000138506775
-0.000130905785
-0.000220638114
-0.000163080599
-0.000306428423
-0.000177062568
-0.000388228726
-0.000173189543
-0.000459474135
-0.000153349563
-0.000514859802
-0.00012031995
-0.000550429821
-7.73541023e-05
-0.000563627591
-2.79898123e-05
-0.000553348419
2.40049413e-05
-0.000520016399
7.46355374e-05
-0.000465682589
0.000119710185
-0.000394114916
0.00015496424
-0.000310823004
0.000176336831
-0.000222941276
0.00018044701
-0.000138894618
0.000165284949
-6.78135053e-05
0.000131050379
-1.87621049e-05
8.11521527e-05
2.41532703e-05
-1.45055095e-05
-1.12114115e-05
-5.25210776e-05
-4.47550569e-05
-0.000108122804
-7.53041001e-05
-0.00017468782
-9.65156535e-05
-0.000245343275
-0.00010640714
-0.000313520822
-0.000105011946
-0.000373387871
-9.34824426e-05
-0.000420129394
-7.35784117e-05
-0.000450116074
-4.73674782e-05
-0.00046100911
-1.70968378e-05
-0.000451841655
1.48374834e-05
-0.000423096899
4.58908338e-05
-0.000376775944
7.33892792e-05
-0.000316426435
9.46147308e-05
-0.000247079552
0.000106989912
-0.000175030366
0.000108397792
-0.000107403069
9.76576499e-05
-5.14858429e-05
7.51331729e-05
-1.39146146e-05
4.35809391e-05
1.02386515e-05
-9.20280779e-06
-2.0085963e-06
-3.56847207e-05
-1.82730877e-05
-7.6435502e-05
-3.45532977e-05
-0.00012681102
-4.6140175e-05
-0.000181408094
-5.18101272e-05
-0.000234817174
-5.16028818e-05
-0.000282132227
-4.61673439e-05
-0.000319263513
-3.64470684e-05
-0.000343116489
-2.35144963e-05
-0.000351700048
-8.51332549e-06
-0.000344207039
7.34442793e-06
-0.000321084445
2.27682397e-05
-0.000284086153
3.63910266e-05
-0.000236279516
4.68081294e-05
-0.000181958563
5.266896e-05
-0.000126403749
5.28429536e-05
-7.54285493e-05
4.66824301e-05
-3.46816321e-05
3.43862547e-05
-8.71390719e-06
1.76132243e-05
1.52474817e-06
-3.43754869e-06
1.42892206e-06
-1.80438837e-05
-3.66672095e-06
-4.34060215e-05
-9.19110964e-06
-7.64336471e-05
-1.31125299e-05
-0.000113187157
-1.50566479e-05
-0.000149665136
-1.51249468e-05
-0.000182251565
-1.35809235e-05
-0.000207952844
-1.07457548e-05
-0.000224514073
-6.95322738e-06
-0.000230484744
-2.54265205e-06
-0.000225272649
2.13230047e-06
-0.000209197097
6.69265739e-06
-0.000183535367
1.07292965e-05
-0.000150536806
1.38095932e-05
-0.000113368282
1.55004577e-05
-7.59397523e-05
1.54144254e-05
-4.25472228e-05
1.32898878e-05
-1.72767415e-05
9.11576283e-06
-3.1038603e-06
3.4403427e-06
-1.57910737e-06
1.42888269e-06
-2.23786267e-06
-1.14289623e-05
-2.45414574e-05
-3.95980845e-05
-5.4723046e-05
-6.83040021e-05
-7.90497716e-05
-8.60029814e-05
-8.8545604e-05
-8.64132918e-05
-7.97206487e-05
-6.89913746e-05
-5.51817905e-05
-3.96813246e-05
-2.42668856e-05
-1.09769915e-05
-1.86123081e-06
1.57910757e-06
)
;

boundaryField
{
    walls
    {
        type            calculated;
        value           uniform 0;
    }
    mov_wall
    {
        type            calculated;
        value           uniform 0;
    }
    empty
    {
        type            empty;
        value           nonuniform 0();
    }
}


// ************************************************************************* //
