/*--------------------------------*- C++ -*----------------------------------*\
| =========                 |                                                 |
| \\      /  F ield         | OpenFOAM: The Open Source CFD Toolbox           |
|  \\    /   O peration     | Version:  5.x                                   |
|   \\  /    A nd           | Web:      www.OpenFOAM.org                      |
|    \\/     M anipulation  |                                                 |
\*---------------------------------------------------------------------------*/
FoamFile
{
    version     2.0;
    format      ascii;
    class       volVectorField;
    location    "9.7";
    object      U;
}
// * * * * * * * * * * * * * * * * * * * * * * * * * * * * * * * * * * * * * //

dimensions      [0 1 -1 0 0 0 0];

internalField   nonuniform List<vector> 
400
(
(0.291698427 0.149643814 0)
(0.388187175 0.128007691 0)
(0.557616072 0.0757318244 0)
(0.674785703 0.0433044365 0)
(0.743766596 0.0251591041 0)
(0.787075025 0.014880298 0)
(0.815462961 0.00893092286 0)
(0.833939561 0.00530992848 0)
(0.84536546 0.00289956045 0)
(0.851349263 0.00108485166 2.66526739e-34)
(0.852640749 -0.000502852855 -2.66526739e-34)
(0.849354295 -0.00216071893 0)
(0.840973372 -0.00421710462 0)
(0.826113772 -0.00722098648 0)
(0.802020423 -0.0122365027 0)
(0.763538945 -0.0213892109 0)
(0.699488894 -0.038838614 0)
(0.584557339 -0.0722732722 0)
(0.407900536 -0.128436306 0)
(0.300688068 -0.152947535 0)
(0.00120418576 0.287432396 0)
(0.0133209666 0.293872118 0)
(0.140044448 0.209904849 0)
(0.26497159 0.142986158 0)
(0.364177741 0.0968019818 0)
(0.440120066 0.0654411219 0)
(0.496541043 0.043976254 0)
(0.536691071 0.0287011579 0)
(0.563274466 0.0170798528 0)
(0.57813734 0.00742308371 0)
(0.582210286 -0.00150101335 0)
(0.575515255 -0.0107977527 0)
(0.557109252 -0.0217346497 0)
(0.524912996 -0.0361396919 0)
(0.475518405 -0.0569635001 0)
(0.404326001 -0.0889771546 0)
(0.305687294 -0.139150755 0)
(0.174497793 -0.215275199 0)
(0.0341065877 -0.310801152 0)
(0.0108691578 -0.305909061 0)
(-0.0321467617 0.241773917 0)
(-0.0634303613 0.333547155 0)
(-0.0219361979 0.299502487 0)
(0.0505996297 0.240051661 0)
(0.127397383 0.183020802 0)
(0.196818611 0.135454521 0)
(0.254167106 0.0974523431 0)
(0.298088306 0.0668891729 0)
(0.328665679 0.0413758241 0)
(0.346307825 0.0187814577 -2.35796958e-33)
(0.351211311 -0.00280949487 2.35796958e-33)
(0.343126749 -0.0252950465 0)
(0.321277584 -0.0508299445 0)
(0.284432904 -0.0820948286 0)
(0.231328818 -0.122479776 0)
(0.161916759 -0.175658043 0)
(0.0798350172 -0.243208459 0)
(-0.00333734152 -0.317981961 0)
(-0.0578531304 -0.366363499 0)
(-0.0313893183 -0.270690673 0)
(-0.0261204155 0.182361571 0)
(-0.0666192762 0.31688413 0)
(-0.0735377775 0.330901738 0)
(-0.048130715 0.295352907 0)
(-0.00567217346 0.244253502 0)
(0.0411124753 0.192431736 0)
(0.0845451088 0.145095037 0)
(0.120424336 0.103006631 0)
(0.146585251 0.0651543651 0)
(0.161925481 0.0298884055 2.35546496e-33)
(0.165812815 -0.00469432638 -2.35546496e-33)
(0.157798799 -0.0406696217 0)
(0.1375865 -0.0803027372 0)
(0.105285216 -0.125979577 0)
(0.0620900298 -0.179774806 0)
(0.0116092671 -0.242029719 0)
(-0.0380283826 -0.307764358 0)
(-0.0720490961 -0.359579371 0)
(-0.0711639159 -0.355585636 0)
(-0.0287210547 -0.209178578 0)
(-0.0176296846 0.140767911 0)
(-0.0549165467 0.281827198 0)
(-0.0828629925 0.324484358 0)
(-0.0880762196 0.3123968 0)
(-0.0751196865 0.274441979 0)
(-0.0526276269 0.226778424 0)
(-0.0275118511 0.177302813 0)
(-0.00458009133 0.129145424 0)
(0.0130234943 0.0829123638 0)
(0.0233568006 0.0379330333 -2.94545448e-34)
(0.025309746 -0.00710139768 2.94545448e-34)
(0.0184152028 -0.0537995272 0)
(0.00288698249 -0.103801263 0)
(-0.0200871982 -0.158367935 0)
(-0.0477707886 -0.217530719 0)
(-0.0750614565 -0.278347553 0)
(-0.0936267111 -0.331694805 0)
(-0.0922270592 -0.357398872 0)
(-0.063507468 -0.318879891 0)
(-0.020731259 -0.162076723 0)
(-0.0116542813 0.111592249 0)
(-0.0431522028 0.243765262 0)
(-0.0782839968 0.2998594 0)
(-0.100579257 0.30500083 0)
(-0.108310584 0.280421267 0)
(-0.105716504 0.240369181 0)
(-0.0975361754 0.193277763 0)
(-0.0877934502 0.143545366 0)
(-0.0795351888 0.0930260755 0)
(-0.0748272116 0.0420752355 0)
(-0.0748481297 -0.00975925714 0)
(-0.0799345813 -0.0632506233 0)
(-0.089500027 -0.11903328 0)
(-0.101812876 -0.176993445 0)
(-0.113690945 -0.235297917 0)
(-0.120284776 -0.288849069 0)
(-0.115237023 -0.327084783 0)
(-0.0922711168 -0.331566555 0)
(-0.0521876304 -0.275119694 0)
(-0.0142847865 -0.127260098 0)
(-0.00803185655 0.0899680194 0)
(-0.0343052849 0.207876693 0)
(-0.0703686621 0.267741352 0)
(-0.100959316 0.283509144 0)
(-0.121509104 0.269753783 0)
(-0.133061958 0.237807849 0)
(-0.138135836 0.195384121 0)
(-0.139450246 0.147216485 0)
(-0.139365667 0.0958906789 0)
(-0.139599227 0.0425957611 0)
(-0.141114106 -0.0122625634 0)
(-0.144054662 -0.0685401666 0)
(-0.147657213 -0.1258246 0)
(-0.150140606 -0.182787211 0)
(-0.14866774 -0.236314556 0)
(-0.139565523 -0.280390163 0)
(-0.11901575 -0.304900543 0)
(-0.0848747409 -0.294957286 0)
(-0.0422046489 -0.23215448 0)
(-0.0100065924 -0.100709818 0)
(-0.00589818872 0.073156907 0)
(-0.0280514389 0.175459926 0)
(-0.0624620797 0.233454964 0)
(-0.0961931134 0.254650687 0)
(-0.123784287 0.248662375 0)
(-0.144336441 0.223978325 0)
(-0.158622034 0.187072459 0)
(-0.168069548 0.142434101 0)
(-0.174171015 0.0929433321 0)
(-0.178091651 0.0403532992 0)
(-0.180456255 -0.01422452 0)
(-0.181230001 -0.0698446733 0)
(-0.179647303 -0.125225756 0)
(-0.174205202 -0.178177568 0)
(-0.162809073 -0.224940958 0)
(-0.143212556 -0.259512835 0)
(-0.113841633 -0.273201299 0)
(-0.0753166149 -0.25489636 0)
(-0.0343188982 -0.192925778 0)
(-0.00728498619 -0.0799917739 0)
(-0.00459312014 0.059516018 0)
(-0.0235441652 0.146542619 0)
(-0.0553429914 0.199662153 0)
(-0.0893196771 0.222701628 0)
(-0.12005182 0.221819411 0)
(-0.145609088 0.203131832 0)
(-0.165570643 0.171796554 0)
(-0.180317096 0.131775629 0)
(-0.190531078 0.0859405029 0)
(-0.196813739 0.0363510011 2.97711409e-34)
(-0.199448899 -0.0153915454 -2.97711409e-34)
(-0.198275624 -0.0677566377 0)
(-0.192646148 -0.118867794 0)
(-0.181489353 -0.166059311 0)
(-0.163546094 -0.205440878 0)
(-0.137858733 -0.231577796 0)
(-0.104503393 -0.237504906 0)
(-0.065663722 -0.215386222 0)
(-0.0281737953 -0.158249841 0)
(-0.00551068964 -0.0634668214 0)
(-0.00373314131 0.0480883414 0)
(-0.0201212289 0.120839401 0)
(-0.0490153846 0.167676443 0)
(-0.0816389809 0.190287495 0)
(-0.112989454 0.192487642 0)
(-0.140680562 0.178557127 4.67987907e-33)
(-0.163557386 0.152465452 0)
(-0.181246273 0.117555001 0)
(-0.193784172 0.0765047406 -4.74063655e-33)
(-0.201296977 0.0314709865 2.26596531e-36)
(-0.203789201 -0.0156744027 4.98649164e-36)
(-0.201035364 -0.0630555952 0)
(-0.192565922 -0.108481578 0)
(-0.177765508 -0.149141425 0)
(-0.156124909 -0.181360931 0)
(-0.127679788 -0.200524269 0)
(-0.093564573 -0.201318541 0)
(-0.0566770425 -0.178463972 0)
(-0.0233146625 -0.128090138 0)
(-0.00429570314 -0.0500435325 0)
(-0.00311504114 0.0383306314 0)
(-0.017363114 0.0980508533 0)
(-0.0433176137 0.13812997 0)
(-0.073718072 0.1589792 0)
(-0.104104456 0.162838217 0)
(-0.13197054 0.152618171 -4.67987907e-33)
(-0.155761614 0.131295699 0)
(-0.174612853 0.10160328 0)
(-0.18810021 0.0659289968 4.74063655e-33)
(-0.195997419 0.0263693584 1.49106802e-33)
(-0.198111619 -0.0151233281 -1.49832047e-33)
(-0.194204015 -0.0565442511 0)
(-0.183996555 -0.0956260375 0)
(-0.167277164 -0.129654838 0)
(-0.144124389 -0.155368913 0)
(-0.115252467 -0.169022501 0)
(-0.0823814133 -0.166713896 0)
(-0.0485941058 -0.145040229 0)
(-0.0193975945 -0.102103347 0)
(-0.00342090805 -0.0390049986 0)
(-0.00263393864 0.0299262605 0)
(-0.0150226265 0.0779301273 0)
(-0.0380974177 0.111311114 0)
(-0.0658175606 0.129695798 0)
(-0.094279472 0.134263878 0)
(-0.121044033 0.126925336 0)
(-0.144383616 0.109860561 0)
(-0.163148983 0.0852480441 0)
(-0.176619498 0.0551416426 0)
(-0.184335467 0.0214703187 2.99742561e-34)
(-0.18598294 -0.0138813688 -2.99742561e-34)
(-0.181343682 -0.0489515506 0)
(-0.170313967 -0.0815745628 0)
(-0.152999247 -0.109289269 0)
(-0.129891598 -0.129330732 0)
(-0.102114498 -0.138764245 0)
(-0.0716393834 -0.134816143 0)
(-0.0414365992 -0.115407294 0)
(-0.0161843512 -0.0798582248 0)
(-0.00276403338 -0.0298606582 0)
(-0.00223473969 0.0226800208 0)
(-0.0129541329 0.0602838528 0)
(-0.0332381501 0.0873308358 0)
(-0.0580555226 0.102954506 0)
(-0.0840353733 0.107621827 0)
(-0.108906084 0.102520708 0)
(-0.130914088 0.0892086416 0)
(-0.148775839 0.0693818582 0)
(-0.161603547 0.0447501636 0)
(-0.168801279 0.0170067389 3.0013715e-34)
(-0.16999354 -0.0121372112 -3.0013715e-34)
(-0.164999676 -0.0408861856 0)
(-0.153857542 -0.067295386 0)
(-0.136899083 -0.0892417125 0)
(-0.114876632 -0.104468702 0)
(-0.0891189019 -0.110744415 0)
(-0.0616328418 -0.106158116 0)
(-0.0351269772 -0.0895353393 0)
(-0.013503746 -0.0609264457 0)
(-0.0022532738 -0.0222578285 0)
(-0.00188545755 0.0164662561 0)
(-0.0110624898 0.0449645342 0)
(-0.0286411491 0.0662105003 0)
(-0.0504611291 0.0790278186 0)
(-0.0736531567 0.083412337 0)
(-0.0961641726 0.0800414946 0)
(-0.116305919 0.0699953569 0)
(-0.132763349 0.0545610794 0)
(-0.144575607 0.0351143556 0)
(-0.151082431 0.0130747351 0)
(-0.151887884 -0.0100881485 0)
(-0.146852999 -0.0328250759 0)
(-0.136119508 -0.0534823594 0)
(-0.120164261 -0.0703098638 0)
(-0.0998793415 -0.0815299553 0)
(-0.0766571174 -0.0854921374 0)
(-0.0524122065 -0.0809235365 0)
(-0.0295300323 -0.06724695 0)
(-0.0112185743 -0.0449266656 0)
(-0.00184129862 -0.015938107 0)
(-0.00156251615 0.0112077532 0)
(-0.00926988056 0.0318705358 0)
(-0.0242025265 0.0479368691 0)
(-0.0429884518 0.0580490655 0)
(-0.0632319142 0.0619115012 0)
(-0.0831208627 0.0598559247 0)
(-0.101086242 0.0526055594 0)
(-0.115849134 0.0411071706 0)
(-0.126440936 0.0264236254 0)
(-0.132187244 0.00968560198 0)
(-0.132697629 -0.00791671331 0)
(-0.12787071 -0.0251250444 0)
(-0.117915454 -0.0406102711 0)
(-0.103386536 -0.0529974565 0)
(-0.0852272575 -0.0609387064 0)
(-0.0648019899 -0.0632496942 0)
(-0.0438652607 -0.0591133856 0)
(-0.0244674979 -0.0483249882 0)
(-0.00920309175 -0.0315520059 0)
(-0.00149088377 -0.0107193788 0)
(-0.00124268826 0.00687237194 0)
(-0.00749725907 0.0209539427 0)
(-0.0197996783 0.0325014291 0)
(-0.0355242029 0.0400872936 0)
(-0.0527239704 0.0432717575 0)
(-0.0698331042 0.0421741844 0)
(-0.0854326513 0.037260625 0)
(-0.0983251661 0.0291991526 0)
(-0.107580788 0.018767357 0)
(-0.112546729 0.00680863735 0)
(-0.112854339 -0.00578011511 0)
(-0.108431627 -0.0180487554 0)
(-0.0995214429 -0.0289997682 0)
(-0.0867021644 -0.037616062 0)
(-0.0709039797 -0.0429246768 0)
(-0.0534054969 -0.0441071927 0)
(-0.0357703096 -0.0406592915 0)
(-0.0197281026 -0.0325810795 0)
(-0.00733072622 -0.0205903301 0)
(-0.00116697512 -0.00649226751 0)
(-0.000899880386 0.00347704354 0)
(-0.00566092621 0.0122244332 0)
(-0.0152978433 0.019917945 0)
(-0.0279091968 0.0251886528 0)
(-0.0419708441 0.0275859241 0)
(-0.0561592866 0.0271262658 0)
(-0.0692274798 0.0240986747 0)
(-0.0800968117 0.0189454378 0)
(-0.0879159889 0.0121895962 0)
(-0.0920844228 0.00440206258 0)
(-0.0922681566 -0.00380768301 0)
(-0.0884155157 -0.0117927687 0)
(-0.0807724883 -0.0188748745 0)
(-0.0698941999 -0.0243659695 0)
(-0.0566454518 -0.0276151906 0)
(-0.0421770519 -0.0280887063 0)
(-0.0278469015 -0.0254864211 0)
(-0.0150887337 -0.0198866128 0)
(-0.00547449349 -0.0119313565 0)
(-0.000833546577 -0.00322197376 0)
(-0.000507508651 0.00108920427 0)
(-0.00368889099 0.00574014047 0)
(-0.0105872208 0.0102223857 0)
(-0.0199879365 0.0134022184 0)
(-0.0307552985 0.0149400948 0)
(-0.0418076625 0.014832714 0)
(-0.0521004791 0.0132501805 0)
(-0.0607205915 0.0104516811 0)
(-0.0669425784 0.00673882093 0)
(-0.070253827 0.00243728576 0)
(-0.0703711903 -0.00210635384 0)
(-0.0672558446 -0.00652339187 0)
(-0.0611263927 -0.0104252562 0)
(-0.0524664949 -0.013415469 0)
(-0.0420201038 -0.0151167092 0)
(-0.0307626604 -0.0152183495 0)
(-0.0198243293 -0.013549406 0)
(-0.0103615225 -0.0101761676 0)
(-0.00352670186 -0.0055550753 0)
(-0.000456470263 -0.000945965834 0)
(-6.44937725e-05 -0.000176245746 0)
(-0.00159899237 0.00163661351 0)
(-0.00569518744 0.00359860272 0)
(-0.0117199277 0.00501068347 0)
(-0.0188880476 0.00571684959 0)
(-0.0263913911 0.00573382732 0)
(-0.0334549928 0.00514771739 0)
(-0.039408504 0.00407326571 0)
(-0.0437225468 0.00263489385 0)
(-0.046023881 0.000961865936 0)
(-0.0461058224 -0.000810102879 0)
(-0.0439388733 -0.00253599151 0)
(-0.0396813861 -0.00406056595 0)
(-0.0336869571 -0.00522175742 0)
(-0.026502735 -0.00586030414 0)
(-0.0188496233 -0.0058382942 0)
(-0.0115675417 -0.00507039314 0)
(-0.00551559624 -0.00357095394 0)
(-0.00148203543 -0.0015525876 0)
(-3.10935126e-05 0.000233977421 0)
(0.000261393487 -0.000255579925 0)
(0.000151435858 0.000102070709 0)
(-0.00117495563 0.000547414719 0)
(-0.00348063079 0.000863517695 0)
(-0.00637558017 0.00102208007 0)
(-0.00946687158 0.00103797735 0)
(-0.0124000381 0.000936216552 0)
(-0.0148817805 0.000743060006 0)
(-0.0166861018 0.00048318048 0)
(-0.017654724 0.000180089915 1.0830012e-33)
(-0.0176985179 -0.000142306748 -1.0830012e-33)
(-0.0168014852 -0.000458218744 0)
(-0.0150266304 -0.00073902079 0)
(-0.0125219025 -0.000953245948 0)
(-0.00952354949 -0.00106773223 0)
(-0.00635302285 -0.00105052486 0)
(-0.0034001483 -0.000876787075 0)
(-0.00108361462 -0.000539615818 0)
(0.000206110764 -8.2514661e-05 0)
(0.000274563532 0.000266745368 0)
)
;

boundaryField
{
    walls
    {
        type            fixedValue;
        value           uniform (0 0 0);
    }
    mov_wall
    {
        type            fixedValue;
        value           uniform (1 0 0);
    }
    empty
    {
        type            empty;
    }
}


// ************************************************************************* //
