/*--------------------------------*- C++ -*----------------------------------*\
| =========                 |                                                 |
| \\      /  F ield         | OpenFOAM: The Open Source CFD Toolbox           |
|  \\    /   O peration     | Version:  5.x                                   |
|   \\  /    A nd           | Web:      www.OpenFOAM.org                      |
|    \\/     M anipulation  |                                                 |
\*---------------------------------------------------------------------------*/
FoamFile
{
    version     2.0;
    format      ascii;
    class       volScalarField;
    location    "8.8";
    object      p;
}
// * * * * * * * * * * * * * * * * * * * * * * * * * * * * * * * * * * * * * //

dimensions      [0 2 -2 0 0 0 0];

internalField   nonuniform List<scalar> 
400
(
4.60232223e-07
2.45245943
3.49432306
3.89887922
4.10664715
4.2247066
4.29429124
4.34027812
4.37633865
4.41011078
4.44675968
4.49091454
4.5476542
4.62448932
4.73479753
4.90459599
5.18237961
5.68420099
6.84131559
9.41172463
1.88670515
2.86728922
3.41988342
3.74774373
3.96518071
4.10974715
4.20767415
4.27899209
4.33674468
4.38961304
4.44424524
4.50657171
4.58333327
4.68329757
4.81972612
5.01367891
5.29402213
5.69846883
6.33841535
7.42837108
2.98207761
3.26253
3.54233088
3.77067938
3.94570555
4.07571565
4.1732255
4.2500031
4.31527541
4.37623577
4.43892496
4.50902144
4.59257489
4.6967825
4.83084994
5.00663803
5.23632154
5.52393906
5.86049052
6.19823731
3.52778402
3.5853426
3.7217852
3.86537653
3.9890639
4.09083221
4.17461011
4.2457138
4.30952667
4.37102294
4.43477444
4.50520423
4.58678827
4.68425433
4.80245095
4.94569253
5.11574927
5.30514778
5.47833674
5.55963869
3.84421692
3.8268803
3.88517963
3.9693827
4.05221951
4.12779079
4.19566845
4.2574776
4.31592263
4.37409198
4.43506484
4.50185742
4.57733096
4.6640058
4.76350374
4.8755108
4.9963589
5.1148017
5.19584573
5.18371556
4.04550084
4.00365859
4.02142587
4.06784957
4.12138205
4.17574064
4.22885459
4.28053753
4.33185988
4.38449135
4.44027066
4.50096784
4.56804861
4.64232613
4.72332602
4.80836605
4.89180652
4.96267777
4.99308043
4.9468077
4.18058537
4.13383058
4.13183856
4.15536828
4.18883312
4.22706626
4.26772664
4.30987153
4.35363709
4.39973096
4.44903793
4.50233654
4.56001869
4.62172155
4.68578508
4.74862561
4.80455942
4.84466544
4.84862438
4.79367977
4.27565811
4.23084208
4.21965973
4.22967401
4.24984537
4.2763542
4.30712184
4.34098235
4.3775782
4.41699868
4.45945099
4.50499582
4.55328491
4.60324894
4.65270471
4.69801086
4.73425819
4.75484638
4.74556016
4.69204188
4.34467362
4.30373049
4.2886285
4.29082713
4.30237583
4.32057113
4.34372942
4.37070124
4.40089259
4.43401513
4.46982783
4.5079172
4.54748299
4.58710863
4.62451304
4.65641287
4.67889312
4.68733265
4.6718788
4.62321615
4.39525868
4.35850379
4.34215654
4.3399576
4.34598862
4.3583607
4.3757603
4.39714426
4.42182464
4.44929813
4.47905025
4.5103863
4.54227353
4.57319187
4.60099976
4.62292566
4.63599518
4.63709174
4.61932412
4.57637708
4.43196296
4.39925689
4.38305359
4.37850974
4.38106512
4.38939542
4.40248664
4.41942356
4.43950115
4.46210802
4.48658166
4.51208618
4.5375072
4.56136802
4.58177536
4.59648056
4.60329387
4.60017291
4.58220507
4.54489314
4.45777585
4.42889499
4.41357947
4.40794394
4.40837871
4.41394653
4.42386344
4.43733766
4.45368718
4.47226015
4.4923301
4.51301311
4.53320586
4.55155062
4.56643217
4.57606961
4.57888488
4.57357392
4.55655449
4.52447721
4.47482679
4.44957271
4.43556055
4.42961963
4.42885207
4.43259284
4.44023478
4.45109776
4.46454206
4.47991476
4.4964764
4.51334958
4.52949045
4.54368785
4.55459108
4.56080993
4.56122638
4.55503517
4.53957252
4.51225866
4.4847297
4.46295864
4.45049239
4.44475065
4.44341574
4.44602792
4.45212173
4.46111677
4.47242214
4.48540244
4.49932987
4.5133581
4.52651904
4.53774559
4.54591739
4.5499584
4.54909277
4.54285619
4.52925461
4.50627116
4.48877323
4.47040195
4.45962007
4.45439282
4.45292655
4.45493597
4.46007786
4.46786118
4.47774115
4.48910215
4.50123173
4.51331578
4.52445515
4.53370543
4.54013401
4.54291225
4.54152233
4.53574779
4.52413375
4.50513495
4.48806055
4.47305621
4.46400867
4.45945463
4.45813054
4.45992336
4.46460447
4.47176204
4.48088644
4.49136994
4.50250182
4.51348249
4.52345733
4.53157019
4.53702984
4.53919889
4.5377617
4.53270707
4.52308281
4.50782045
4.48366774
4.47200964
4.46464012
4.4607621
4.45970136
4.46153652
4.4661528
4.47320526
4.48220004
4.49251351
4.50340909
4.51406947
4.52364664
4.53132825
4.53641498
4.53841185
4.53716973
4.53287762
4.52512576
4.51341547
4.47685496
4.46838715
4.4624287
4.45901514
4.45816169
4.46016963
4.46503454
4.47245681
4.48192722
4.49276969
4.50418072
4.51527979
4.52517398
4.5330383
4.53820733
4.54027756
4.53923838
4.53549786
4.52928707
4.52085554
4.46928557
4.46319392
4.45767379
4.45396749
4.45292152
4.45508883
4.46054257
4.46896792
4.4797705
4.49214838
4.50515354
4.51775789
4.52893066
4.53773379
4.5434339
4.54563031
4.54440375
4.54041553
4.53469848
4.52866544
4.46344849
4.45752268
4.4503701
4.44492653
4.44290292
4.44509499
4.45156706
4.46187242
4.47521431
4.49055055
4.50667173
4.52227545
4.53605292
4.54679896
4.55355158
4.55576486
4.55351969
4.54774884
4.54035096
4.53446158
)
;

boundaryField
{
    walls
    {
        type            zeroGradient;
    }
    mov_wall
    {
        type            zeroGradient;
    }
    empty
    {
        type            empty;
    }
}


// ************************************************************************* //
