/*--------------------------------*- C++ -*----------------------------------*\
| =========                 |                                                 |
| \\      /  F ield         | OpenFOAM: The Open Source CFD Toolbox           |
|  \\    /   O peration     | Version:  5.x                                   |
|   \\  /    A nd           | Web:      www.OpenFOAM.org                      |
|    \\/     M anipulation  |                                                 |
\*---------------------------------------------------------------------------*/
FoamFile
{
    version     2.0;
    format      ascii;
    class       surfaceScalarField;
    location    "8.8";
    object      phi;
}
// * * * * * * * * * * * * * * * * * * * * * * * * * * * * * * * * * * * * * //

dimensions      [0 3 -1 0 0 0 0];

internalField   nonuniform List<scalar> 
760
(
0.00134817682
-0.00134817704
0.00245763987
-0.00110946305
0.00313513474
-0.00067749486
0.00355971576
-0.000424581018
0.00383225134
-0.00027253559
0.00400945217
-0.000177200847
0.00412521451
-0.000115762343
0.00419921708
-7.40025579e-05
0.00424243237
-4.32152696e-05
0.00426055361
-1.81212326e-05
0.00425562236
4.93122348e-06
0.00422675778
2.8864573e-05
0.00416938939
5.73683908e-05
0.00407358505
9.5804361e-05
0.00391995095
0.000153634102
0.00367201931
0.000247931631
0.00326316022
0.000408859068
0.00257264075
0.000690519481
0.00140850172
0.00116413906
0.00140850174
-5.46951637e-05
-0.00129348188
0.000412592749
-0.00157675097
0.00103002989
-0.001294932
0.00157871394
-0.000973265055
0.00201483276
-0.000708654393
0.00234477731
-0.000507145397
0.00258511634
-0.000356101393
0.00275126942
-0.000240155653
0.0028545678
-0.000146513644
0.00290179534
-6.53487475e-05
0.00289536663
1.13599493e-05
0.00283293037
9.13008072e-05
0.00270712573
0.000183173014
0.00250436374
0.000298566363
0.0022041099
0.000453887971
0.00178090175
0.000671139792
0.001217568
0.000972192787
0.000552812547
0.0013552749
1.30664627e-05
0.00170388513
0.00142156822
-0.000271734601
-0.00102174727
-0.00022102653
-0.00162745906
7.1367857e-05
-0.0015873264
0.000446285699
-0.00134818289
0.000812489736
-0.00107485841
0.00112929932
-0.000823954968
0.00138207835
-0.000608880434
0.00156800789
-0.000426085217
0.00168837696
-0.000266882722
0.00174468455
-0.000121656312
0.00173678979
1.92547356e-05
0.00166213444
0.000165956149
0.00151571288
0.000329594543
0.00129125423
0.000523025008
0.00098501169
0.00076013053
0.000605009671
0.00105114184
0.000189850728
0.00138735173
-0.000160045077
0.00170517068
-0.000261640645
0.00180548067
0.00115992759
-0.000227941554
-0.000793805699
-0.000361197278
-0.00149420334
-0.000308328185
-0.00164019551
-0.000134821182
-0.00152168991
8.92094143e-05
-0.00129888899
0.000314971913
-0.00104971744
0.000513263046
-0.000807171559
0.000668300042
-0.000581122236
0.000771990327
-0.000370573032
0.000820036117
-0.000169702096
0.000809727673
2.95632115e-05
0.000739201056
0.000236482782
0.000607935683
0.000460859893
0.000419110861
0.000711849797
0.000184524311
0.000994717081
-6.71911713e-05
0.00130285736
-0.000280617523
0.00160077811
-0.000369418465
0.00179397161
-0.000246993636
0.00168305582
0.000912933954
-0.000168965206
-0.000624840481
-0.000352016157
-0.00131115238
-0.000431557657
-0.00156065402
-0.000408908967
-0.00154433862
-0.000319435171
-0.00138836279
-0.000200095159
-0.00116905743
-7.98100411e-05
-0.000927456648
2.15782867e-05
-0.000682510569
9.14287046e-05
-0.000440423484
0.000122135375
-0.000200408786
0.000109757199
4.19414123e-05
5.36457438e-05
0.000292594276
-4.27489773e-05
0.000557254617
-0.000169694031
0.000838794811
-0.000307652453
0.00113267547
-0.000423468642
0.00141867357
-0.000470024862
0.00164733437
-0.000397824803
0.00172177157
-0.000196431017
0.00148166202
0.000716502913
-0.000124192142
-0.000500648342
-0.000308335623
-0.00112700887
-0.000450494076
-0.00141849556
-0.000523204003
-0.00147162872
-0.000535391061
-0.00137617576
-0.000508160819
-0.00119628766
-0.000463156862
-0.000972460566
-0.000418060896
-0.00072760651
-0.000385618986
-0.000472865418
-0.000373912075
-0.00021211574
-0.000386727943
5.47572746e-05
-0.000423459489
0.000329325866
-0.000478356337
0.000612151504
-0.000539178245
0.000899616705
-0.000585818885
0.00117931606
-0.000590512358
0.00142336701
-0.00052308514
0.00157990718
-0.000366699071
0.00156538555
-0.000150585969
0.00126554893
0.000565916922
-9.457295e-05
-0.000406075411
-0.000264649742
-0.000956932052
-0.000430738363
-0.00125240692
-0.000556976917
-0.00134539017
-0.000636793213
-0.00129635951
-0.000678141776
-0.00115493913
-0.000693943923
-0.000956658396
-0.000696929206
-0.000724621177
-0.000697274013
-0.000472520597
-0.000701661742
-0.000207728055
-0.00071286073
6.59562164e-05
-0.000729336377
0.000345801524
-0.000744753787
0.000627568973
-0.000747580262
0.000902443215
-0.00072146988
0.00115320565
-0.000647843402
0.00134974048
-0.000512876942
0.0014449407
-0.000321206284
0.00137371491
-0.000116485693
0.00106082837
0.00044943123
-7.53437531e-05
-0.000330731683
-0.000228206828
-0.00080406897
-0.00039835365
-0.00108226006
-0.000550539494
-0.0011932043
-0.000670626429
-0.00117627259
-0.000757578349
-0.00106798726
-0.00081678483
-0.000897451933
-0.000855587437
-0.000685818527
-0.000880624256
-0.000447483723
-0.000896360284
-0.000191992031
-0.000904270085
7.3865956e-05
-0.000902360338
0.000343891735
-0.000884972218
0.000610180884
-0.000843104136
0.000860575198
-0.000765820154
0.00107592169
-0.000643664724
0.00122758501
-0.000475103954
0.00127637988
-0.000276309864
0.00117492081
-9.2132868e-05
0.000876651398
0.000357298385
-6.22883126e-05
-0.000268443387
-0.000198541341
-0.000667815964
-0.000362893663
-0.000917907717
-0.000523850705
-0.00103224721
-0.000664415189
-0.00103570808
-0.000778128903
-0.000954273581
-0.000864812192
-0.000810768701
-0.000927165496
-0.000623465226
-0.000968399669
-0.000406249488
-0.000990721166
-0.000169670481
-0.000994436334
7.75811014e-05
-0.000977525749
0.000326981076
-0.000935695033
0.000568350133
-0.000863101246
0.000787981454
-0.000754123132
0.000966943647
-0.000606626277
0.00108008818
-0.0004269504
0.00109670397
-0.000236038302
0.000984008667
-7.43490365e-05
0.000714962121
0.000282949372
-5.27689563e-05
-0.000215674422
-0.000173812801
-0.000546772159
-0.000327557429
-0.000764163108
-0.000486865987
-0.000872938617
-0.000634380157
-0.000888193857
-0.000760757816
-0.000827895912
-0.000862116654
-0.00070940992
-0.00093765479
-0.000547927149
-0.000987783249
-0.000356121012
-0.00101282394
-0.000144629715
-0.00101222271
7.6979922e-05
-0.000984240674
0.000298998998
-0.000926163084
0.000510272467
-0.000835158847
0.000696977189
-0.000709976096
0.000841760942
-0.000553597306
0.000923709451
-0.000376676955
0.000919783636
-0.000200960042
0.000808291726
-6.08626349e-05
0.000574864681
0.000222086738
-4.52979011e-05
-0.000170376487
-0.000152453965
-0.000439616126
-0.000293299635
-0.000623317486
-0.000444763135
-0.000721475128
-0.000590345842
-0.000742611097
-0.000719473317
-0.000698768377
-0.000826046308
-0.000602836935
-0.000906878216
-0.000467095315
-0.000960347616
-0.000302651667
-0.00098540317
-0.000119574126
-0.00098096313
7.25399659e-05
-0.000945732065
0.000263767971
-0.000878480014
0.000443020368
-0.000778855083
0.000597352183
-0.000648784082
0.000711689921
-0.000494403554
0.000769328965
-0.000328204135
0.00075358427
-0.000170678348
0.000650765954
-5.02806503e-05
0.000454466964
0.000171806067
-3.90621592e-05
-0.00013131429
-0.000133403771
-0.000345274507
-0.000260349967
-0.000496371335
-0.000400389001
-0.000581436147
-0.000538431226
-0.000604568868
-0.000663692773
-0.000573506761
-0.000768938001
-0.000497591647
-0.000849523047
-0.000386510293
-0.000902500952
-0.000249673846
-0.000925934139
-9.61409848e-05
-0.000918488891
6.50947638e-05
-0.000879356164
0.000224635328
-0.000808535292
0.000372199526
-0.000707505259
0.000496322101
-0.000580261714
0.000584446309
-0.000434588363
0.000623655596
-0.000283248297
0.000602244238
-0.00014457335
0.00051209105
-4.17551709e-05
0.000351648798
0.000130050876
-3.36094099e-05
-9.77048661e-05
-0.000115973475
-0.000262910397
-0.000228685858
-0.000383658956
-0.000355331149
-0.000454790916
-0.000482448529
-0.000477451543
-0.000599656675
-0.000456298597
-0.000699324712
-0.000397923529
-0.00077605043
-0.000309784522
-0.000826127602
-0.000199596712
-0.00084712416
-7.51445139e-05
-0.000837646129
5.56166965e-05
-0.000797332214
0.000184321463
-0.000727102498
0.000301969888
-0.000629656395
0.000398876023
-0.000510163464
0.000464953335
-0.00037700516
0.000490497236
-0.000242314886
0.000467553947
-0.000121978238
0.000391754426
-3.47332079e-05
0.000264403797
9.53176678e-05
-2.86575196e-05
-6.90473718e-05
-9.96602221e-05
-0.000191907641
-0.000198116972
-0.00028520216
-0.000310357534
-0.000342550369
-0.000424616078
-0.000363193069
-0.000531265932
-0.000349648793
-0.000622765474
-0.000306423956
-0.000693446604
-0.000239103307
-0.000739258763
-0.000153784508
-0.000757558015
-5.68453072e-05
-0.000747003476
4.50620749e-05
-0.000707597974
0.000144915932
-0.000640884404
0.000235256367
-0.000550277036
0.000308268723
-0.000441462317
0.000356138637
-0.000322745851
0.000371780736
-0.000205166599
0.000349974652
-0.000102185457
0.000288773271
-2.88024224e-05
0.000191020778
6.65152612e-05
-2.39812455e-05
-4.50661756e-05
-8.39974604e-05
-0.000131891405
-0.000168257082
-0.000200942474
-0.000265595449
-0.000245211958
-0.000365935569
-0.000262852977
-0.000460594516
-0.000254989923
-0.000542423575
-0.000224594941
-0.000605821333
-0.000175705509
-0.000646681699
-0.000112924059
-0.000662339338
-4.11876327e-05
-0.000651561317
3.42840085e-05
-0.000614612968
0.00010796751
-0.000553400667
0.000174044043
-0.000471663898
0.000226531996
-0.000375153981
0.000259628775
-0.00027170193
0.000268328702
-0.000171058853
0.000249331552
-8.44170797e-05
0.000202131467
-2.35998772e-05
0.000130203566
4.29153982e-05
-1.9349243e-05
-2.57169696e-05
-6.84700713e-05
-8.27706057e-05
-0.000138506771
-0.000130905743
-0.000220638055
-0.000163080606
-0.000306428371
-0.000177062622
-0.000388228737
-0.000173189591
-0.000459474198
-0.000153349556
-0.000514859846
-0.000120319898
-0.0005504298
-7.73540627e-05
-0.000563627533
-2.79898264e-05
-0.000553348388
2.40048913e-05
-0.000520016422
7.46355038e-05
-0.000465682636
0.000119710197
-0.000394114937
0.000154964278
-0.000310822988
0.000176336856
-0.000222941247
0.000180447003
-0.000138894605
0.000165284924
-6.78135147e-05
0.000131050362
-1.87621198e-05
8.11521531e-05
2.41532795e-05
-1.4505516e-05
-1.12114497e-05
-5.25211321e-05
-4.47550481e-05
-0.000108122848
-7.53040504e-05
-0.000174687807
-9.65156109e-05
-0.000245343216
-0.000106407146
-0.000313520779
-0.000105011994
-0.000373387888
-9.34824827e-05
-0.00042012945
-7.35784039e-05
-0.000450116106
-4.73674344e-05
-0.000461009088
-1.70968062e-05
-0.000451841607
1.48374717e-05
-0.000423096876
4.58907947e-05
-0.000376775964
7.33892529e-05
-0.000316426469
9.46147383e-05
-0.000247079568
0.000106989939
-0.000175030355
0.00010839781
-0.000107403049
9.76576472e-05
-5.14858357e-05
7.51331588e-05
-1.39146199e-05
4.35809298e-05
1.02386522e-05
-9.20276371e-06
-2.00864404e-06
-3.56847351e-05
-1.82731247e-05
-7.64355528e-05
-3.45532879e-05
-0.000126811056
-4.61401288e-05
-0.000181408078
-5.1810088e-05
-0.000234817124
-5.1602886e-05
-0.000282132196
-4.61673836e-05
-0.000319263532
-3.64471005e-05
-0.000343116533
-2.35144891e-05
-0.00035170007
-8.51329008e-06
-0.00034420702
7.34445324e-06
-0.00032108441
2.27682317e-05
-0.000284086138
3.63909975e-05
-0.00023627953
4.68081088e-05
-0.000181958586
5.26689631e-05
-0.000126403758
5.2842971e-05
-7.54285419e-05
4.6682443e-05
-3.46816209e-05
3.43862549e-05
-8.71390284e-06
1.76132179e-05
1.52474404e-06
-3.43748885e-06
1.42889159e-06
-1.80438515e-05
-3.66677498e-06
-4.34060355e-05
-9.19114592e-06
-7.64336899e-05
-1.31125241e-05
-0.000113187184
-1.5056613e-05
-0.000149665122
-1.51249207e-05
-0.000182251528
-1.35809314e-05
-0.000207952823
-1.07457854e-05
-0.000224514088
-6.95324736e-06
-0.000230484775
-2.54264234e-06
-0.000225272663
2.13232726e-06
-0.000209197084
6.6926737e-06
-0.000183535344
1.0729289e-05
-0.000150536797
1.38095729e-05
-0.00011336829
1.55004443e-05
-7.59397657e-05
1.54144276e-05
-4.25472281e-05
1.32898985e-05
-1.72767374e-05
9.11577045e-06
-3.10385462e-06
3.44034302e-06
-1.57911039e-06
1.4289181e-06
-2.23781796e-06
-1.14289367e-05
-2.45414688e-05
-3.95981163e-05
-5.47230643e-05
-6.83039899e-05
-7.90497444e-05
-8.6002968e-05
-8.85456157e-05
-8.64133136e-05
-7.97206587e-05
-6.89913666e-05
-5.5181776e-05
-3.96813178e-05
-2.42668896e-05
-1.09769986e-05
-1.86123361e-06
1.57910913e-06
)
;

boundaryField
{
    walls
    {
        type            calculated;
        value           uniform 0;
    }
    mov_wall
    {
        type            calculated;
        value           uniform 0;
    }
    empty
    {
        type            empty;
        value           nonuniform 0();
    }
}


// ************************************************************************* //
