/*--------------------------------*- C++ -*----------------------------------*\
| =========                 |                                                 |
| \\      /  F ield         | OpenFOAM: The Open Source CFD Toolbox           |
|  \\    /   O peration     | Version:  5.x                                   |
|   \\  /    A nd           | Web:      www.OpenFOAM.org                      |
|    \\/     M anipulation  |                                                 |
\*---------------------------------------------------------------------------*/
FoamFile
{
    version     2.0;
    format      ascii;
    class       volVectorField;
    location    "8.8";
    object      U;
}
// * * * * * * * * * * * * * * * * * * * * * * * * * * * * * * * * * * * * * //

dimensions      [0 1 -1 0 0 0 0];

internalField   nonuniform List<vector> 
400
(
(0.291698423 0.149643818 0)
(0.388187168 0.128007693 0)
(0.557616069 0.0757318257 0)
(0.674785703 0.0433044384 0)
(0.743766597 0.0251591059 0)
(0.787075023 0.0148802982 0)
(0.815462957 0.00893092128 0)
(0.833939559 0.00530992693 0)
(0.845365462 0.00289956077 0)
(0.851349266 0.0010848535 2.66526751e-34)
(0.85264075 -0.000502851813 -2.66526751e-34)
(0.849354292 -0.00216072017 0)
(0.840973369 -0.00421710669 0)
(0.826113773 -0.00722098664 0)
(0.802020427 -0.0122365005 0)
(0.763538947 -0.0213892089 0)
(0.69948889 -0.0388386152 0)
(0.584557332 -0.0722732764 0)
(0.407900532 -0.12843631 0)
(0.300688067 -0.152947537 0)
(0.00120418289 0.287432401 0)
(0.0133209606 0.29387212 0)
(0.140044443 0.209904851 0)
(0.264971588 0.142986161 0)
(0.364177742 0.0968019858 0)
(0.440120067 0.0654411238 0)
(0.49654104 0.043976252 0)
(0.536691066 0.0287011545 0)
(0.563274464 0.0170798522 0)
(0.578137343 0.00742308687 0)
(0.582210289 -0.00150101025 0)
(0.575515254 -0.0107977538 0)
(0.557109247 -0.0217346539 0)
(0.524912992 -0.0361396939 0)
(0.475518408 -0.0569634968 0)
(0.404326007 -0.0889771495 0)
(0.305687296 -0.139150754 0)
(0.174497788 -0.215275204 0)
(0.0341065802 -0.310801159 0)
(0.010869154 -0.305909065 0)
(-0.032146762 0.24177392 0)
(-0.0634303642 0.333547156 0)
(-0.0219362035 0.299502486 0)
(0.0505996257 0.240051662 0)
(0.127397384 0.183020806 0)
(0.196818613 0.135454525 0)
(0.254167106 0.0974523439 0)
(0.298088301 0.0668891699 0)
(0.328665674 0.0413758212 0)
(0.346307824 0.0187814589 -2.35796972e-33)
(0.351211316 -0.00280949066 2.35796972e-33)
(0.343126752 -0.0252950445 0)
(0.32127758 -0.0508299474 0)
(0.284432897 -0.0820948333 0)
(0.231328816 -0.122479776 0)
(0.161916764 -0.175658039 0)
(0.0798350236 -0.243208454 0)
(-0.0033373408 -0.31798196 0)
(-0.0578531362 -0.366363503 0)
(-0.0313893223 -0.270690678 0)
(-0.0261204139 0.182361574 0)
(-0.0666192754 0.316884133 0)
(-0.0735377815 0.330901737 0)
(-0.048130721 0.295352906 0)
(-0.00567217615 0.244253503 0)
(0.0411124779 0.192431741 0)
(0.0845451122 0.145095041 0)
(0.120424334 0.10300663 0)
(0.146585244 0.0651543609 0)
(0.161925476 0.0298884034 2.35546512e-33)
(0.165812818 -0.0046943232 -2.35546512e-33)
(0.157798806 -0.0406696167 0)
(0.137586501 -0.0803027365 0)
(0.10528521 -0.125979581 0)
(0.0620900228 -0.179774811 0)
(0.0116092672 -0.242029718 0)
(-0.0380283761 -0.307764352 0)
(-0.0720490909 -0.359579366 0)
(-0.0711639172 -0.355585636 0)
(-0.0287210571 -0.209178582 0)
(-0.0176296824 0.140767913 0)
(-0.0549165431 0.281827203 0)
(-0.0828629929 0.324484359 0)
(-0.0880762251 0.312396797 0)
(-0.0751196927 0.274441977 0)
(-0.0526276275 0.226778426 0)
(-0.0275118462 0.177302819 0)
(-0.00458008819 0.129145427 0)
(0.0130234899 0.0829123609 0)
(0.0233567924 0.0379330281 -2.94545467e-34)
(0.0253097432 -0.00710139825 2.94545467e-34)
(0.0184152084 -0.0537995216 0)
(0.00288698907 -0.103801258 0)
(-0.0200871996 -0.158367936 0)
(-0.0477707969 -0.217530726 0)
(-0.0750614625 -0.278347558 0)
(-0.0936267088 -0.331694803 0)
(-0.0922270525 -0.357398866 0)
(-0.0635074641 -0.318879887 0)
(-0.0207312586 -0.162076724 0)
(-0.0116542802 0.111592249 0)
(-0.0431521991 0.243765266 0)
(-0.0782839933 0.299859404 0)
(-0.100579259 0.30500083 0)
(-0.108310592 0.280421263 0)
(-0.10571651 0.240369179 0)
(-0.0975361731 0.193277767 0)
(-0.0877934434 0.143545373 0)
(-0.0795351872 0.0930260771 0)
(-0.0748272189 0.0420752302 0)
(-0.0748481382 -0.00975926263 0)
(-0.0799345811 -0.0632506216 0)
(-0.0895000188 -0.119033272 0)
(-0.10181287 -0.17699344 0)
(-0.113690949 -0.23529792 0)
(-0.120284785 -0.288849076 0)
(-0.115237027 -0.327084787 0)
(-0.0922711132 -0.331566552 0)
(-0.0521876241 -0.275119688 0)
(-0.0142847837 -0.127260096 0)
(-0.00803185781 0.0899680169 0)
(-0.0343052842 0.207876695 0)
(-0.070368657 0.267741358 0)
(-0.100959313 0.283509148 0)
(-0.121509108 0.26975378 0)
(-0.133061967 0.237807843 0)
(-0.13813584 0.195384121 0)
(-0.139450241 0.147216491 0)
(-0.139365659 0.095890686 0)
(-0.139599228 0.0425957604 0)
(-0.141114116 -0.0122625709 0)
(-0.14405467 -0.0685401716 0)
(-0.147657209 -0.125824596 0)
(-0.150140596 -0.182787202 0)
(-0.148667736 -0.236314552 0)
(-0.139565528 -0.280390168 0)
(-0.119015758 -0.30490055 0)
(-0.0848747434 -0.294957289 0)
(-0.0422046451 -0.232154477 0)
(-0.0100065896 -0.100709813 0)
(-0.00589819206 0.0731569033 0)
(-0.0280514429 0.175459925 0)
(-0.0624620771 0.233454968 0)
(-0.0961931065 0.254650694 0)
(-0.123784285 0.248662378 0)
(-0.144336448 0.22397832 0)
(-0.158622043 0.187072453 0)
(-0.16806955 0.142434103 0)
(-0.174171006 0.0929433409 0)
(-0.178091644 0.0403533058 0)
(-0.180456259 -0.0142245233 0)
(-0.181230012 -0.0698446825 0)
(-0.179647309 -0.12522576 0)
(-0.174205196 -0.178177562 0)
(-0.162809064 -0.224940949 0)
(-0.143212553 -0.259512832 0)
(-0.113841639 -0.273201304 0)
(-0.0753166217 -0.254896367 0)
(-0.0343189001 -0.192925781 0)
(-0.00728498569 -0.0799917713 0)
(-0.00459312352 0.0595160159 0)
(-0.0235441722 0.146542615 0)
(-0.0553429943 0.199662152 0)
(-0.0893196716 0.222701634 0)
(-0.120051812 0.221819419 0)
(-0.145609087 0.203131832 0)
(-0.165570653 0.171796546 0)
(-0.180317105 0.131775623 0)
(-0.190531076 0.0859405065 0)
(-0.196813728 0.0363510115 2.9771142e-34)
(-0.199448893 -0.0153915398 -2.9771142e-34)
(-0.198275631 -0.0677566434 0)
(-0.19264616 -0.118867804 0)
(-0.181489356 -0.166059314 0)
(-0.163546087 -0.205440871 0)
(-0.137858724 -0.231577787 0)
(-0.104503392 -0.237504903 0)
(-0.0656637273 -0.215386226 0)
(-0.0281738012 -0.158249846 0)
(-0.0055106918 -0.0634668232 0)
(-0.00373314211 0.0480883432 0)
(-0.020121234 0.120839397 0)
(-0.0490153923 0.167676437 0)
(-0.0816389822 0.190287495 0)
(-0.112989446 0.192487651 0)
(-0.140680553 0.178557135 4.67987929e-33)
(-0.163557388 0.152465451 0)
(-0.181246285 0.117554991 0)
(-0.19378418 0.0765047349 -4.74063686e-33)
(-0.201296972 0.0314709924 2.26594096e-36)
(-0.203789189 -0.0156743912 4.98649005e-36)
(-0.20103536 -0.0630555909 0)
(-0.192565931 -0.108481585 0)
(-0.17776552 -0.149141435 0)
(-0.156124912 -0.181360933 0)
(-0.127679781 -0.200524262 0)
(-0.0935645655 -0.201318532 0)
(-0.0566770416 -0.178463969 0)
(-0.0233146668 -0.128090141 0)
(-0.00429570585 -0.0500435368 0)
(-0.00311503815 0.0383306367 0)
(-0.0173631128 0.0980508534 0)
(-0.0433176209 0.138129963 0)
(-0.0737180805 0.158979194 0)
(-0.104104455 0.16283822 0)
(-0.13197053 0.152618182 -4.67987929e-33)
(-0.155761606 0.131295707 0)
(-0.174612857 0.101603276 0)
(-0.188100223 0.0659289859 4.74063686e-33)
(-0.195997426 0.0263693539 1.49106815e-33)
(-0.198111612 -0.0151233204 -1.49832058e-33)
(-0.194204004 -0.0565442395 0)
(-0.183996553 -0.0956260344 0)
(-0.167277173 -0.129654845 0)
(-0.144124399 -0.155368923 0)
(-0.115252468 -0.169022503 0)
(-0.0823814073 -0.166713891 0)
(-0.0485940999 -0.145040222 0)
(-0.0193975934 -0.102103345 0)
(-0.00342090877 -0.0390050011 0)
(-0.00263393357 0.0299262658 0)
(-0.0150226187 0.0779301329 0)
(-0.0380974184 0.111311112 0)
(-0.0658175705 0.12969579 0)
(-0.0942794806 0.134263871 0)
(-0.12104403 0.12692534 0)
(-0.144383604 0.109860572 0)
(-0.163148976 0.0852480505 0)
(-0.176619505 0.0551416365 0)
(-0.18433548 0.0214703073 2.99742583e-34)
(-0.185982944 -0.0138813721 -2.99742583e-34)
(-0.181343674 -0.048951542 0)
(-0.170313956 -0.0815745517 0)
(-0.152999246 -0.109289267 0)
(-0.129891606 -0.12933074 0)
(-0.102114506 -0.138764253 0)
(-0.0716393845 -0.134816145 0)
(-0.0414365944 -0.115407289 0)
(-0.0161843463 -0.07985822 0)
(-0.00276403165 -0.0298606567 0)
(-0.00223473639 0.0226800216 0)
(-0.0129541239 0.0602838603 0)
(-0.0332381428 0.0873308417 0)
(-0.0580555258 0.102954502 0)
(-0.0840353852 0.107621816 0)
(-0.108906092 0.102520702 0)
(-0.130914082 0.0892086477 0)
(-0.148775826 0.0693818705 0)
(-0.161603542 0.0447501686 0)
(-0.168801288 0.0170067314 3.00137162e-34)
(-0.169993552 -0.0121372223 -3.00137162e-34)
(-0.164999678 -0.0408861879 0)
(-0.153857534 -0.0672953775 0)
(-0.136899074 -0.0892417025 0)
(-0.114876631 -0.1044687 0)
(-0.0891189087 -0.110744421 0)
(-0.0616328483 -0.106158122 0)
(-0.0351269779 -0.0895353411 0)
(-0.0135037424 -0.0609264429 0)
(-0.00225327155 -0.0222578251 0)
(-0.00188545896 0.016466251 0)
(-0.011062487 0.0449645374 0)
(-0.028641139 0.0662105101 0)
(-0.0504611224 0.0790278247 0)
(-0.073653162 0.0834123321 0)
(-0.0961641852 0.0800414834 0)
(-0.116305925 0.0699953518 0)
(-0.132763341 0.0545610867 0)
(-0.144575594 0.0351143676 0)
(-0.151082428 0.0130747388 0)
(-0.151887893 -0.0100881563 0)
(-0.14685301 -0.032825086 0)
(-0.136119509 -0.0534823612 0)
(-0.120164253 -0.0703098563 0)
(-0.0998793337 -0.0815299468 0)
(-0.0766571168 -0.0854921354 0)
(-0.0524122116 -0.0809235408 0)
(-0.029530037 -0.067246955 0)
(-0.0112185751 -0.0449266669 0)
(-0.00184129797 -0.0159381051 0)
(-0.00156252157 0.0112077457 0)
(-0.00926988688 0.0318705314 0)
(-0.0242025219 0.0479368745 0)
(-0.0429884404 0.0580490764 0)
(-0.0632319085 0.0619115067 0)
(-0.0831208696 0.0598559187 0)
(-0.101086255 0.0526055483 0)
(-0.115849138 0.0411071667 0)
(-0.126440927 0.0264236331 0)
(-0.132187233 0.00968561288 0)
(-0.132697627 -0.00791671062 0)
(-0.127870718 -0.0251250518 0)
(-0.117915463 -0.0406102799 0)
(-0.103386537 -0.052997458 0)
(-0.0852272512 -0.0609387004 0)
(-0.0648019839 -0.0632496875 0)
(-0.0438652601 -0.0591133838 0)
(-0.0244675015 -0.0483249909 0)
(-0.00920309529 -0.0315520091 0)
(-0.00149088495 -0.0107193797 0)
(-0.00124269343 0.00687236835 0)
(-0.00749726972 0.020953934 0)
(-0.0197996832 0.0325014253 0)
(-0.0355241963 0.0400872998 0)
(-0.0527239588 0.0432717684 0)
(-0.0698330999 0.042174189 0)
(-0.085432659 0.0372606185 0)
(-0.0983251772 0.0291991424 0)
(-0.107580791 0.0187673542 0)
(-0.112546721 0.00680864472 0)
(-0.112854329 -0.00578010574 0)
(-0.108431626 -0.0180487534 0)
(-0.09952145 -0.0289997744 0)
(-0.0867021714 -0.0376160692 0)
(-0.0709039803 -0.0429246782 0)
(-0.0534054922 -0.0441071884 0)
(-0.0357703053 -0.0406592866 0)
(-0.0197281024 -0.032581078 0)
(-0.00733072879 -0.0205903316 0)
(-0.00116697666 -0.00649226948 0)
(-0.000899880981 0.00347704734 0)
(-0.00566093242 0.0122244276 0)
(-0.0152978534 0.0199179355 0)
(-0.0279092001 0.0251886491 0)
(-0.0419708368 0.0275859303 0)
(-0.0561592761 0.0271262757 0)
(-0.0692274771 0.0240986782 0)
(-0.0800968192 0.0189454317 0)
(-0.087915998 0.0121895876 0)
(-0.092084424 0.00440206071 0)
(-0.0922681495 -0.00380767671 0)
(-0.0884155086 -0.0117927612 0)
(-0.080772488 -0.0188748729 0)
(-0.0698942054 -0.0243659742 0)
(-0.0566454569 -0.027615196 0)
(-0.0421770522 -0.0280887076 0)
(-0.0278468983 -0.0254864184 0)
(-0.015088731 -0.0198866096 0)
(-0.00547449334 -0.0119313555 0)
(-0.00083354713 -0.00322197474 0)
(-0.000507504081 0.00108921297 0)
(-0.00368888775 0.0057401434 0)
(-0.0105872275 0.0102223796 0)
(-0.0199879455 0.0134022093 0)
(-0.0307553006 0.0149400914 0)
(-0.0418076557 0.0148327193 0)
(-0.0521004708 0.0132501887 0)
(-0.0607205903 0.0104516837 0)
(-0.0669425848 0.00673881575 0)
(-0.0702538337 0.00243727886 0)
(-0.0703711906 -0.00210635532 0)
(-0.0672558391 -0.0065233871 0)
(-0.0611263877 -0.0104252505 0)
(-0.0524664949 -0.0134154676 0)
(-0.0420201077 -0.0151167122 0)
(-0.0307626637 -0.0152183532 0)
(-0.0198243295 -0.0135494071 0)
(-0.0103615206 -0.0101761662 0)
(-0.00352670026 -0.00555507367 0)
(-0.000456469825 -0.000945965456 0)
(-6.44876089e-05 -0.000176237589 0)
(-0.00159898273 0.001636623 0)
(-0.00569518556 0.00359860562 0)
(-0.0117199335 0.00501067818 0)
(-0.0188880549 0.00571684187 0)
(-0.0263913925 0.00573382492 0)
(-0.0334549876 0.00514772222 0)
(-0.0394084981 0.00407327224 0)
(-0.0437225462 0.00263489529 0)
(-0.0460238857 0.000961861333 0)
(-0.0461058271 -0.000810108324 0)
(-0.0439388735 -0.00253599249 0)
(-0.0396813825 -0.00406056224 0)
(-0.0336869538 -0.00522175316 0)
(-0.0265027349 -0.005860303 0)
(-0.0188496256 -0.00583829619 0)
(-0.0115675436 -0.0050703956 0)
(-0.00551559633 -0.0035709548 0)
(-0.00148203439 -0.001552587 0)
(-3.1092925e-05 0.000233978156 0)
(0.000261397202 -0.00025557675 0)
(0.000151444244 0.000102076248 0)
(-0.00117494851 0.000547418488 0)
(-0.00348062945 0.000863517151 0)
(-0.00637558466 0.00102207648 0)
(-0.00946687671 0.00103797462 0)
(-0.0124000387 0.00093621731 0)
(-0.0148817764 0.000743063137 0)
(-0.0166860976 0.000483182574 0)
(-0.0176547239 0.00018008896 1.08300124e-33)
(-0.0176985214 -0.0001423095 -1.08300124e-33)
(-0.0168014885 -0.000458220459 0)
(-0.0150266306 -0.000739020066 0)
(-0.0125219001 -0.000953243873 0)
(-0.00952354733 -0.00106773084 0)
(-0.0063530226 -0.00105052506 0)
(-0.00340014946 -0.000876788163 0)
(-0.00108361562 -0.000539616608 0)
(0.000206110666 -8.25147054e-05 0)
(0.0002745637 0.000266745673 0)
)
;

boundaryField
{
    walls
    {
        type            fixedValue;
        value           uniform (0 0 0);
    }
    mov_wall
    {
        type            fixedValue;
        value           uniform (1 0 0);
    }
    empty
    {
        type            empty;
    }
}


// ************************************************************************* //
