/*--------------------------------*- C++ -*----------------------------------*\
| =========                 |                                                 |
| \\      /  F ield         | OpenFOAM: The Open Source CFD Toolbox           |
|  \\    /   O peration     | Version:  5.x                                   |
|   \\  /    A nd           | Web:      www.OpenFOAM.org                      |
|    \\/     M anipulation  |                                                 |
\*---------------------------------------------------------------------------*/
FoamFile
{
    version     2.0;
    format      ascii;
    class       volScalarField;
    location    "9.3";
    object      p;
}
// * * * * * * * * * * * * * * * * * * * * * * * * * * * * * * * * * * * * * //

dimensions      [0 2 -2 0 0 0 0];

internalField   nonuniform List<scalar> 
400
(
3.73370806e-07
2.4524593
3.49432291
3.89887906
4.106647
4.22470647
4.29429114
4.34027801
4.3763385
4.41011061
4.44675954
4.49091443
4.54765409
4.62448918
4.73479737
4.90459584
5.18237949
5.68420087
6.84131547
9.4117245
1.88670502
2.8672891
3.4198833
3.74774359
3.96518055
4.109747
4.20767402
4.27899199
4.33674456
4.38961289
4.44424507
4.50657157
4.58333316
4.68329746
4.81972598
5.01367875
5.29402197
5.6984687
6.33841523
7.42837096
2.98207746
3.26252987
3.54233077
3.77067927
3.9457054
4.07571548
4.17322534
4.25000298
4.31527531
4.37623564
4.43892479
4.50902128
4.59257476
4.69678239
4.83084982
5.00663788
5.23632138
5.52393892
5.8604904
6.19823719
3.52778386
3.58534245
3.72178507
3.86537643
3.98906378
4.09083205
4.17460993
4.24571366
4.30952657
4.37102284
4.43477429
4.50520405
4.58678811
4.68425422
4.80245085
4.9456924
5.11574911
5.30514762
5.47833661
5.55963858
3.84421678
3.82688014
3.88517949
3.96938259
4.05221941
4.12779066
4.19566828
4.25747743
4.3159225
4.37409189
4.43506473
4.50185725
4.57733077
4.66400566
4.76350364
4.8755107
4.99635875
5.11480154
5.19584558
5.18371543
4.04550073
4.00365843
4.02142569
4.06784943
4.12138195
4.17574055
4.22885445
4.28053734
4.33185972
4.38449125
4.44027058
4.50096771
4.56804842
4.64232595
4.7233259
4.80836596
4.89180641
4.96267762
4.99308026
4.94680755
4.18058527
4.13383045
4.13183838
4.15536811
4.188833
4.22706618
4.26772654
4.30987136
4.35363689
4.39973081
4.44903785
4.50233645
4.56001854
4.62172136
4.68578492
4.7486255
4.80455934
4.84466533
4.84862423
4.7936796
4.27565801
4.23084198
4.21965958
4.22967382
4.2498452
4.2763541
4.30712177
4.34098223
4.37757801
4.41699848
4.45945087
4.50499575
4.55328482
4.60324878
4.65270451
4.6980107
4.73425808
4.75484629
4.74556004
4.69204173
4.34467349
4.3037304
4.28862839
4.29082696
4.30237563
4.32057098
4.34372933
4.37070117
4.40089245
4.43401492
4.46982764
4.50791709
4.54748292
4.58710852
4.62451286
4.65641267
4.67889296
4.68733254
4.6718787
4.62321603
4.39525851
4.35850368
4.34215646
4.33995748
4.34598844
4.35836049
4.37576017
4.3971442
4.42182457
4.44929797
4.47905004
4.51038612
4.54227344
4.57319181
4.60099965
4.62292548
4.63599499
4.63709159
4.619324
4.57637697
4.43196277
4.39925674
4.3830535
4.37850967
4.38106499
4.38939522
4.40248645
4.41942344
4.4395011
4.46210793
4.48658147
4.51208596
4.53750704
4.56136793
4.58177529
4.59648044
4.60329369
4.60017272
4.58220492
4.54489303
4.45777568
4.42889481
4.41357934
4.40794386
4.40837863
4.41394638
4.42386323
4.43733747
4.45368708
4.4722601
4.49233
4.51301292
4.53320565
4.55155047
4.56643209
4.57606953
4.57888476
4.57357376
4.55655432
4.52447706
4.47482667
4.44957252
4.43556036
4.42961951
4.428852
4.43259275
4.44023461
4.45109754
4.46454188
4.47991468
4.49647635
4.51334947
4.52949025
4.54368764
4.55459093
4.56080984
4.5612263
4.55503505
4.53957236
4.5122585
4.48472962
4.46295849
4.45049219
4.44475047
4.44341563
4.44602786
4.45212163
4.46111659
4.47242191
4.48540227
4.49932979
4.51335804
4.52651892
4.5377454
4.54591719
4.54995825
4.54909267
4.5428561
4.52925448
4.50627101
4.48877315
4.47040185
4.45961991
4.45439261
4.45292638
4.45493587
4.4600778
4.46786107
4.47774096
4.48910193
4.50123158
4.5133157
4.52445508
4.53370531
4.54013383
4.54291207
4.54152218
4.53574767
4.52413364
4.50513482
4.48806043
4.47305613
4.46400856
4.45945446
4.45813034
4.4599232
4.46460438
4.47176198
4.48088632
4.49136975
4.50250162
4.51348234
4.52345725
4.53157011
4.53702972
4.53919872
4.53776152
4.53270693
4.52308269
4.50782033
4.48366757
4.47200954
4.46464003
4.46076198
4.45970119
4.46153632
4.46615265
4.47320517
4.48219996
4.49251339
4.5034089
4.51406928
4.52364649
4.53132815
4.53641488
4.53841172
4.53716958
4.53287746
4.52512562
4.51341534
4.47685478
4.46838701
4.4624286
4.45901505
4.45816157
4.46016945
4.46503435
4.47245666
4.48192712
4.4927696
4.50418059
4.51527961
4.5251738
4.53303816
4.53820722
4.54027745
4.53923825
4.53549771
4.52928692
4.52085541
4.4692854
4.46319376
4.45767365
4.45396739
4.45292143
4.4550887
4.4605424
4.46896774
4.47977035
4.49214828
4.50515344
4.51775776
4.5289305
4.53773363
4.54343376
4.54563019
4.54440363
4.5404154
4.53469834
4.5286653
4.46344833
4.45752251
4.45036994
4.44492639
4.44290281
4.4450949
4.45156693
4.46187226
4.47521414
4.49055041
4.50667162
4.52227535
4.53605279
4.5467988
4.55355142
4.55576472
4.55351957
4.54774871
4.54035083
4.53446144
)
;

boundaryField
{
    walls
    {
        type            zeroGradient;
    }
    mov_wall
    {
        type            zeroGradient;
    }
    empty
    {
        type            empty;
    }
}


// ************************************************************************* //
