/*--------------------------------*- C++ -*----------------------------------*\
| =========                 |                                                 |
| \\      /  F ield         | OpenFOAM: The Open Source CFD Toolbox           |
|  \\    /   O peration     | Version:  5.x                                   |
|   \\  /    A nd           | Web:      www.OpenFOAM.org                      |
|    \\/     M anipulation  |                                                 |
\*---------------------------------------------------------------------------*/
FoamFile
{
    version     2.0;
    format      ascii;
    class       surfaceScalarField;
    location    "9.3";
    object      phi;
}
// * * * * * * * * * * * * * * * * * * * * * * * * * * * * * * * * * * * * * //

dimensions      [0 3 -1 0 0 0 0];

internalField   nonuniform List<scalar> 
760
(
0.00134817684
-0.00134817702
0.00245763988
-0.00110946304
0.00313513475
-0.000677494863
0.00355971576
-0.000424581015
0.00383225134
-0.000272535578
0.00400945218
-0.000177200836
0.00412521452
-0.000115762343
0.00419921709
-7.40025688e-05
0.00424243237
-4.32152784e-05
0.00426055359
-1.81212286e-05
0.00425562236
4.93123567e-06
0.00422675778
2.88645775e-05
0.00416938941
5.73683823e-05
0.00407358505
9.58043518e-05
0.00391995094
0.000153634106
0.0036720193
0.000247931644
0.00326316023
0.000408859072
0.00257264077
0.000690519467
0.00140850173
0.00116413904
0.00140850173
-5.46951539e-05
-0.00129348186
0.000412592765
-0.00157675096
0.0010300299
-0.001294932
0.00157871395
-0.000973265057
0.00201483275
-0.000708654386
0.0023447773
-0.000507145384
0.00258511634
-0.000356101386
0.00275126944
-0.000240155659
0.00285456781
-0.000146513655
0.00290179534
-6.53487498e-05
0.00289536661
1.13599592e-05
0.00283293037
9.13008163e-05
0.00270712575
0.000183173009
0.00250436375
0.00029856635
0.00220410989
0.000453887968
0.00178090173
0.000671139804
0.001217568
0.000972192802
0.000552812563
0.0013552749
1.30664799e-05
0.00170388512
0.00142156821
-0.000271734604
-0.00102174726
-0.000221026523
-0.00162745904
7.13678742e-05
-0.0015873264
0.000446285715
-0.0013481829
0.000812489738
-0.00107485841
0.00112929931
-0.000823954958
0.00138207835
-0.00060888042
0.0015680079
-0.000426085214
0.00168837698
-0.000266882732
0.00174468455
-0.000121656321
0.00173678977
1.92547401e-05
0.00166213443
0.000165956162
0.00151571289
0.000329594547
0.00129125425
0.000523024997
0.000985011696
0.000760130517
0.000605009656
0.00105114184
0.000189850711
0.00138735175
-0.000160045075
0.00170517069
-0.00026164063
0.00180548067
0.00115992758
-0.000227941561
-0.000793805695
-0.000361197282
-0.00149420332
-0.000308328176
-0.0016401955
-0.000134821163
-0.00152168991
8.92094275e-05
-0.001298889
0.000314971907
-0.00104971744
0.000513263032
-0.000807171544
0.000668300042
-0.000581122222
0.000771990346
-0.000370573035
0.000820036135
-0.00016970211
0.000809727669
2.95632055e-05
0.000739201036
0.000236482794
0.000607935676
0.000460859909
0.000419110878
0.000711849796
0.000184524332
0.000994717063
-6.71911721e-05
0.00130285735
-0.000280617542
0.00160077812
-0.000369418479
0.00179397163
-0.000246993634
0.00168305583
0.000912933952
-0.000168965209
-0.000624840485
-0.000352016169
-0.00131115236
-0.000431557661
-0.00156065401
-0.000408908953
-0.00154433862
-0.000319435149
-0.0013883628
-0.000200095152
-0.00116905744
-7.98100553e-05
-0.000927456641
2.15782723e-05
-0.000682510549
9.14287131e-05
-0.000440423474
0.000122135401
-0.000200408797
0.000109757212
4.19413947e-05
5.36457283e-05
0.000292594276
-4.27489992e-05
0.000557254637
-0.000169694029
0.000838794828
-0.000307652428
0.00113267546
-0.000423468624
0.00141867354
-0.00047002487
0.00164733436
-0.000397824824
0.00172177158
-0.000196431031
0.00148166203
0.000716502924
-0.000124192135
-0.00050064835
-0.000308335632
-0.00112700887
-0.000450494091
-0.00141849555
-0.000523204003
-0.0014716287
-0.00053539104
-0.00137617577
-0.000508160797
-0.00119628768
-0.000463156865
-0.000972460575
-0.000418060918
-0.000727606496
-0.000385618997
-0.000472865395
-0.000373912055
-0.000212115736
-0.000386727915
5.4757255e-05
-0.000423459486
0.000329325848
-0.000478356362
0.000612151512
-0.000539178265
0.000899616732
-0.000585818875
0.00117931607
-0.000590512331
0.001423367
-0.000523085127
0.00157990716
-0.000366699082
0.00156538553
-0.000150585987
0.00126554894
0.000565916937
-9.45729347e-05
-0.000406075417
-0.000264649739
-0.000956932061
-0.000430738379
-0.00125240691
-0.000556976934
-0.00134539015
-0.000636793206
-0.00129635949
-0.000678141747
-0.00115493914
-0.000693943905
-0.000956658417
-0.00069692922
-0.000724621181
-0.000697274041
-0.000472520574
-0.000701661745
-0.000207728031
-0.000712860701
6.59562126e-05
-0.00072933635
0.000345801497
-0.000744753794
0.000627568957
-0.000747580293
0.000902443229
-0.000721469896
0.00115320568
-0.000647843387
0.00134974049
-0.000512876917
0.00144494069
-0.000321206274
0.00137371489
-0.000116485699
0.00106082836
0.000449431234
-7.53437375e-05
-0.000330731683
-0.000228206811
-0.000804068984
-0.000398353654
-0.00108226007
-0.000550539517
-0.00119320428
-0.000670626444
-0.00117627256
-0.000757578332
-0.00106798725
-0.000816784797
-0.000897451951
-0.000855587427
-0.000685818551
-0.000880624282
-0.00044748372
-0.000896360312
-0.000191992001
-0.000904270077
7.38659786e-05
-0.000902360302
0.000343891723
-0.000884972196
0.000610180852
-0.000843104151
0.000860575184
-0.000765820185
0.00107592171
-0.000643664736
0.00122758504
-0.000475103938
0.00127637989
-0.000276309842
0.0011749208
-9.21328564e-05
0.00087665138
0.000357298375
-6.22883075e-05
-0.000268443377
-0.000198541318
-0.000667815972
-0.000362893647
-0.000917907736
-0.000523850717
-0.00103224721
-0.000664415219
-0.00103570806
-0.000778128912
-0.000954273552
-0.000864812164
-0.000810768698
-0.000927165461
-0.000623465253
-0.000968399669
-0.000406249511
-0.000990721201
-0.00016967047
-0.000994436359
7.75811376e-05
-0.000977525732
0.000326981096
-0.000935694995
0.000568350115
-0.00086310123
0.00078798142
-0.000754123152
0.000966943634
-0.000606626306
0.0010800882
-0.000426950408
0.001096704
-0.000236038288
0.000984008679
-7.43490178e-05
0.000714962112
0.000282949357
-5.27689678e-05
-0.000215674407
-0.000173812789
-0.000546772152
-0.000327557401
-0.000764163124
-0.000486865975
-0.00087293864
-0.00063438018
-0.000888193858
-0.000760757849
-0.000827895883
-0.000862116655
-0.000709409891
-0.000937654752
-0.000547927154
-0.000987783217
-0.000356121046
-0.00101282395
-0.000144629736
-0.00101222275
7.69799406e-05
-0.000984240694
0.000298999037
-0.000926163062
0.000510272484
-0.000835158809
0.000696977168
-0.000709976083
0.000841760909
-0.000553597325
0.000923709439
-0.000376676979
0.000919783652
-0.000200960049
0.000808291749
-6.08626272e-05
0.000574864691
0.000222086733
-4.52979242e-05
-0.000170376477
-0.000152453974
-0.000439616105
-0.000293299614
-0.000623317484
-0.000444763102
-0.000721475151
-0.000590345838
-0.000742611122
-0.00071947335
-0.000698768371
-0.000826046341
-0.0006028369
-0.000906878207
-0.000467095288
-0.000960347573
-0.000302651679
-0.000985403143
-0.000119574164
-0.00098096315
7.25399473e-05
-0.000945732106
0.000263767994
-0.000878480029
0.000443020407
-0.000778855058
0.000597352198
-0.000648784049
0.000711689901
-0.000494403544
0.000769328935
-0.000328204152
0.000753584258
-0.000170678369
0.000650765966
-5.02806604e-05
0.000454466981
0.000171806076
-3.90621786e-05
-0.000131314294
-0.000133403799
-0.000345274486
-0.00026034997
-0.000496371312
-0.00040038897
-0.000581436151
-0.000538431193
-0.000604568899
-0.000663692777
-0.000573506786
-0.000768938042
-0.000497591635
-0.000849523076
-0.000386510253
-0.000902500934
-0.000249673822
-0.000925934094
-9.61410034e-05
-0.00091848887
6.50947243e-05
-0.000879356188
0.000224635312
-0.000808535331
0.00037219955
-0.00070750527
0.000496322138
-0.000580261692
0.000584446323
-0.000434588335
0.00062365558
-0.000283248289
0.000602244212
-0.000144573363
0.000512091039
-4.17551879e-05
0.000351648805
0.000130050888
-3.36094101e-05
-9.77048832e-05
-0.000115973503
-0.000262910392
-0.000228685886
-0.000383658927
-0.000355331144
-0.000454790892
-0.000482448491
-0.000477451552
-0.000599656644
-0.000456298632
-0.000699324726
-0.000397923552
-0.000776050474
-0.000309784504
-0.000826127626
-0.00019959667
-0.000847124136
-7.51444934e-05
-0.000837646086
5.5616675e-05
-0.000797332198
0.000184321425
-0.000727102522
0.000301969875
-0.000629656429
0.000398876045
-0.000510163473
0.000464953368
-0.000377005141
0.000490497249
-0.000242314864
0.000467553936
-0.000121978232
0.000391754407
-3.47332151e-05
0.000264403789
9.53176715e-05
-2.86574977e-05
-6.90473901e-05
-9.96602278e-05
-0.000191907658
-0.000198117005
-0.000285202148
-0.000310357561
-0.000342550335
-0.000424616066
-0.000363193047
-0.00053126589
-0.000349648808
-0.000622765448
-0.000306423994
-0.000693446624
-0.000239103327
-0.000739258807
-0.000153784487
-0.000757558033
-5.68452672e-05
-0.00074700345
4.50620919e-05
-0.000707597935
0.000144915911
-0.000640884393
0.000235256333
-0.000550277059
0.000308268711
-0.000441462345
0.000356138655
-0.000322745858
0.000371780762
-0.000205166585
0.000349974664
-0.00010218544
0.000288773264
-2.88024149e-05
0.000191020766
6.6515255e-05
-2.39812158e-05
-4.5066181e-05
-8.39974376e-05
-0.000131891432
-0.000168257095
-0.00020094249
-0.000265595488
-0.000245211941
-0.000365935592
-0.000262852941
-0.000460594498
-0.000254989902
-0.000542423533
-0.000224594959
-0.000605821313
-0.000175705546
-0.000646681723
-0.000112924076
-0.000662339377
-4.11876115e-05
-0.00065156133
3.42840445e-05
-0.000614612943
0.000107967524
-0.000553400634
0.000174044025
-0.00047166389
0.000226531967
-0.000375153999
0.000259628764
-0.000271701951
0.000268328714
-0.000171058858
0.000249331571
-8.4417069e-05
0.000202131477
-2.35998645e-05
0.000130203562
4.29153905e-05
-1.93492269e-05
-2.57169568e-05
-6.84700361e-05
-8.27706212e-05
-0.000138506753
-0.000130905774
-0.000220638073
-0.000163080621
-0.000306428409
-0.000177062604
-0.000388228756
-0.000173189556
-0.000459474176
-0.000153349539
-0.000514859807
-0.000120319915
-0.000550429787
-7.7354096e-05
-0.000563627557
-2.79898398e-05
-0.000553348421
2.40049102e-05
-0.000520016431
7.4635534e-05
-0.000465682615
0.000119710209
-0.000394114912
0.000154964264
-0.000310822982
0.000176336834
-0.00022294126
0.000180446994
-0.00013889462
0.000165284932
-6.7813518e-05
0.000131050375
-1.8762114e-05
8.11521589e-05
2.41532776e-05
-1.45055263e-05
-1.12114263e-05
-5.25211105e-05
-4.47550394e-05
-0.000108122814
-7.53040702e-05
-0.000174687794
-9.65156418e-05
-0.000245343238
-0.00010640716
-0.000313520815
-0.000105011977
-0.000373387901
-9.34824516e-05
-0.000420129427
-7.35783899e-05
-0.000450116074
-4.73674503e-05
-0.000461009079
-1.70968339e-05
-0.000451841629
1.48374608e-05
-0.000423096903
4.58908094e-05
-0.000376775969
7.33892763e-05
-0.000316426453
9.46147482e-05
-0.000247079549
0.00010698993
-0.00017503035
0.000108397795
-0.000107403058
9.765764e-05
-5.14858455e-05
7.51331623e-05
-1.39146233e-05
4.35809365e-05
1.02386554e-05
-9.20279465e-06
-2.00862309e-06
-3.56847414e-05
-1.82730971e-05
-7.6435531e-05
-3.4553281e-05
-0.000126811026
-4.6140148e-05
-0.000181408068
-5.18101166e-05
-0.000234817145
-5.16028979e-05
-0.000282132226
-4.61673685e-05
-0.00031926354
-3.64470747e-05
-0.000343116513
-2.35144785e-05
-0.000351700045
-8.51330358e-06
-0.000344207015
7.34443127e-06
-0.000321084427
2.27682231e-05
-0.000284086157
3.63910082e-05
-0.000236279534
4.68081261e-05
-0.000181958575
5.26689711e-05
-0.000126403746
5.2842966e-05
-7.54285393e-05
4.66824334e-05
-3.46816265e-05
3.43862499e-05
-8.71390888e-06
1.7613219e-05
1.52474693e-06
-3.43752067e-06
1.42890436e-06
-1.80438786e-05
-3.66674697e-06
-4.34060403e-05
-9.19112158e-06
-7.64336708e-05
-1.31125193e-05
-0.00011318716
-1.50566282e-05
-0.000149665115
-1.51249401e-05
-0.000182251544
-1.35809368e-05
-0.000207952845
-1.07457729e-05
-0.000224514094
-6.95323069e-06
-0.000230484761
-2.54263795e-06
-0.000225272646
2.13231647e-06
-0.000209197081
6.69265959e-06
-0.000183535355
1.07292847e-05
-0.000150536809
1.38095803e-05
-0.000113368293
1.55004548e-05
-7.59397594e-05
1.54144322e-05
-4.25472214e-05
1.32898958e-05
-1.72767362e-05
9.11576565e-06
-3.103857e-06
3.44034072e-06
-1.57911005e-06
1.42890198e-06
-2.23784042e-06
-1.14289563e-05
-2.45414731e-05
-3.95981036e-05
-5.47230476e-05
-6.83039853e-05
-7.90497554e-05
-8.60029824e-05
-8.85456193e-05
-8.64133047e-05
-7.97206475e-05
-6.89913633e-05
-5.51817815e-05
-3.96813249e-05
-2.42668918e-05
-1.09769962e-05
-1.86123079e-06
1.57911019e-06
)
;

boundaryField
{
    walls
    {
        type            calculated;
        value           uniform 0;
    }
    mov_wall
    {
        type            calculated;
        value           uniform 0;
    }
    empty
    {
        type            empty;
        value           nonuniform 0();
    }
}


// ************************************************************************* //
