/*--------------------------------*- C++ -*----------------------------------*\
| =========                 |                                                 |
| \\      /  F ield         | OpenFOAM: The Open Source CFD Toolbox           |
|  \\    /   O peration     | Version:  5.x                                   |
|   \\  /    A nd           | Web:      www.OpenFOAM.org                      |
|    \\/     M anipulation  |                                                 |
\*---------------------------------------------------------------------------*/
FoamFile
{
    version     2.0;
    format      ascii;
    class       volVectorField;
    location    "9.3";
    object      U;
}
// * * * * * * * * * * * * * * * * * * * * * * * * * * * * * * * * * * * * * //

dimensions      [0 1 -1 0 0 0 0];

internalField   nonuniform List<vector> 
400
(
(0.291698426 0.149643815 0)
(0.388187172 0.128007692 0)
(0.557616072 0.0757318257 0)
(0.674785703 0.0433044379 0)
(0.743766596 0.0251591046 0)
(0.787075023 0.0148802971 0)
(0.815462959 0.00893092152 0)
(0.833939561 0.00530992819 0)
(0.845365463 0.00289956156 0)
(0.851349264 0.00108485285 2.66526741e-34)
(0.852640748 -0.000502853122 -2.66526741e-34)
(0.849354292 -0.00216072044 0)
(0.840973371 -0.0042171056 0)
(0.826113774 -0.00722098575 0)
(0.802020426 -0.0122365011 0)
(0.763538945 -0.0213892104 0)
(0.69948889 -0.0388386154 0)
(0.584557335 -0.0722732745 0)
(0.407900535 -0.128436307 0)
(0.300688068 -0.152947536 0)
(0.0012041842 0.287432397 0)
(0.0133209636 0.293872118 0)
(0.140044446 0.209904851 0)
(0.264971591 0.142986161 0)
(0.364177742 0.0968019838 0)
(0.440120066 0.0654411213 0)
(0.49654104 0.0439762514 0)
(0.536691068 0.0287011564 0)
(0.563274467 0.0170798542 0)
(0.578137343 0.00742308648 0)
(0.582210287 -0.00150101258 0)
(0.575515252 -0.010797755 0)
(0.557109249 -0.0217346524 0)
(0.524912995 -0.0361396917 0)
(0.475518408 -0.0569634972 0)
(0.404326004 -0.0889771523 0)
(0.305687294 -0.139150756 0)
(0.17449779 -0.215275202 0)
(0.0341065843 -0.310801155 0)
(0.0108691564 -0.305909062 0)
(-0.0321467624 0.241773918 0)
(-0.0634303637 0.333547155 0)
(-0.0219362008 0.299502486 0)
(0.0505996292 0.240051662 0)
(0.127397385 0.183020805 0)
(0.196818612 0.135454523 0)
(0.254167105 0.0974523419 0)
(0.298088302 0.0668891703 0)
(0.328665677 0.0413758234 0)
(0.346307827 0.0187814599 -2.35796965e-33)
(0.351211315 -0.00280949226 2.35796965e-33)
(0.343126749 -0.0252950467 0)
(0.32127758 -0.0508299472 0)
(0.284432901 -0.0820948307 0)
(0.231328819 -0.122479775 0)
(0.161916762 -0.175658041 0)
(0.0798350198 -0.243208457 0)
(-0.00333734234 -0.317981961 0)
(-0.0578531339 -0.366363501 0)
(-0.0313893202 -0.270690675 0)
(-0.0261204149 0.182361572 0)
(-0.0666192768 0.31688413 0)
(-0.0735377809 0.330901736 0)
(-0.0481307177 0.295352907 0)
(-0.00567217263 0.244253504 0)
(0.0411124784 0.19243174 0)
(0.0845451099 0.145095038 0)
(0.120424332 0.103006629 0)
(0.146585247 0.0651543624 0)
(0.16192548 0.0298884058 2.35546505e-33)
(0.165812819 -0.00469432321 -2.35546505e-33)
(0.157798803 -0.0406696194 0)
(0.137586499 -0.0803027385 0)
(0.105285211 -0.12597958 0)
(0.0620900273 -0.179774808 0)
(0.0116092693 -0.242029717 0)
(-0.0380283787 -0.307764355 0)
(-0.0720490946 -0.35957937 0)
(-0.0711639182 -0.355585637 0)
(-0.0287210566 -0.209178581 0)
(-0.017629683 0.140767913 0)
(-0.0549165448 0.2818272 0)
(-0.0828629945 0.324484357 0)
(-0.0880762238 0.312396797 0)
(-0.0751196886 0.274441979 0)
(-0.0526276245 0.226778427 0)
(-0.0275118473 0.177302817 0)
(-0.0045800915 0.129145424 0)
(0.0130234894 0.0829123603 0)
(0.0233567964 0.0379330309 -2.94545461e-34)
(0.0253097473 -0.00710139592 2.94545461e-34)
(0.0184152077 -0.0537995231 0)
(0.0028869847 -0.103801261 0)
(-0.0200872016 -0.158367938 0)
(-0.0477707936 -0.217530723 0)
(-0.0750614577 -0.278347554 0)
(-0.0936267079 -0.331694803 0)
(-0.0922270558 -0.357398869 0)
(-0.0635074677 -0.31887989 0)
(-0.0207312599 -0.162076725 0)
(-0.0116542796 0.11159225 0)
(-0.0431521994 0.243765265 0)
(-0.0782839959 0.299859401 0)
(-0.100579261 0.305000828 0)
(-0.108310589 0.280421264 0)
(-0.105716505 0.240369182 0)
(-0.0975361712 0.193277767 0)
(-0.0877934465 0.143545369 0)
(-0.0795351908 0.0930260737 0)
(-0.0748272176 0.0420752312 0)
(-0.0748481327 -0.00975925869 0)
(-0.0799345778 -0.06325062 0)
(-0.0895000217 -0.119033275 0)
(-0.101812875 -0.176993444 0)
(-0.113690949 -0.23529792 0)
(-0.120284781 -0.288849073 0)
(-0.115237023 -0.327084783 0)
(-0.0922711133 -0.331566552 0)
(-0.0521876274 -0.275119691 0)
(-0.0142847858 -0.127260098 0)
(-0.00803185598 0.0899680184 0)
(-0.0343052821 0.207876696 0)
(-0.0703686586 0.267741355 0)
(-0.100959316 0.283509144 0)
(-0.121509109 0.269753779 0)
(-0.133061963 0.237807846 0)
(-0.138135835 0.195384124 0)
(-0.13945024 0.14721649 0)
(-0.139365664 0.0958906811 0)
(-0.139599231 0.0425957577 0)
(-0.141114113 -0.0122625682 0)
(-0.144054664 -0.0685401669 0)
(-0.147657208 -0.125824596 0)
(-0.1501406 -0.182787206 0)
(-0.148667741 -0.236314556 0)
(-0.139565528 -0.280390168 0)
(-0.119015753 -0.304900546 0)
(-0.0848747399 -0.294957286 0)
(-0.0422046452 -0.232154477 0)
(-0.0100065907 -0.100709815 0)
(-0.00589818995 0.073156904 0)
(-0.0280514391 0.175459927 0)
(-0.0624620757 0.233454968 0)
(-0.0961931097 0.25465069 0)
(-0.123784289 0.248662373 0)
(-0.144336447 0.22397832 0)
(-0.158622037 0.187072457 0)
(-0.168069545 0.142434105 0)
(-0.174171008 0.0929433379 0)
(-0.17809165 0.0403533001 0)
(-0.180456261 -0.014224525 0)
(-0.181230007 -0.0698446781 0)
(-0.179647303 -0.125225755 0)
(-0.174205196 -0.178177563 0)
(-0.162809069 -0.224940954 0)
(-0.143212557 -0.259512836 0)
(-0.113841638 -0.273201304 0)
(-0.0753166175 -0.254896363 0)
(-0.0343188968 -0.192925778 0)
(-0.00728498473 -0.0799917708 0)
(-0.0045931226 0.059516015 0)
(-0.0235441689 0.146542617 0)
(-0.0553429901 0.199662155 0)
(-0.0893196716 0.222701633 0)
(-0.120051817 0.221819414 0)
(-0.145609091 0.203131828 0)
(-0.16557065 0.171796548 0)
(-0.180317098 0.131775628 0)
(-0.190531073 0.0859405084 0)
(-0.196813732 0.0363510068 2.97711406e-34)
(-0.199448899 -0.015391546 -2.97711406e-34)
(-0.198275631 -0.0677566438 0)
(-0.192646154 -0.118867798 0)
(-0.181489351 -0.166059309 0)
(-0.163546087 -0.205440872 0)
(-0.137858729 -0.231577793 0)
(-0.104503396 -0.237504908 0)
(-0.0656637263 -0.215386226 0)
(-0.0281737975 -0.158249843 0)
(-0.00551068973 -0.0634668206 0)
(-0.00373314333 0.0480883408 0)
(-0.0201212339 0.120839397 0)
(-0.0490153877 0.167676441 0)
(-0.0816389779 0.190287498 0)
(-0.112989448 0.192487648 0)
(-0.14068056 0.178557129 4.67987907e-33)
(-0.163557391 0.152465447 0)
(-0.18124628 0.117554995 0)
(-0.193784173 0.076504741 -4.74063679e-33)
(-0.20129697 0.0314709931 2.26592368e-36)
(-0.203789195 -0.0156743973 4.98648766e-36)
(-0.201035366 -0.063055597 0)
(-0.19256593 -0.108481584 0)
(-0.177765513 -0.149141429 0)
(-0.156124907 -0.181360928 0)
(-0.127679782 -0.200524263 0)
(-0.0935645703 -0.201318537 0)
(-0.0566770447 -0.178463973 0)
(-0.0233146663 -0.128090141 0)
(-0.00429570467 -0.0500435347 0)
(-0.00311504106 0.0383306341 0)
(-0.0173631165 0.0980508507 0)
(-0.0433176194 0.138129965 0)
(-0.0737180744 0.158979199 0)
(-0.104104451 0.162838222 0)
(-0.131970533 0.152618178 -4.67987908e-33)
(-0.155761613 0.1312957 0)
(-0.17461286 0.101603274 0)
(-0.188100217 0.0659289912 4.74063679e-33)
(-0.195997418 0.0263693602 1.4910681e-33)
(-0.198111612 -0.0151233208 -1.49832052e-33)
(-0.19420401 -0.0565442464 0)
(-0.183996558 -0.0956260403 0)
(-0.167277172 -0.129654844 0)
(-0.144124393 -0.155368917 0)
(-0.115252464 -0.169022499 0)
(-0.0823814084 -0.166713891 0)
(-0.048594104 -0.145040226 0)
(-0.0193975964 -0.102103348 0)
(-0.00342090956 -0.0390050015 0)
(-0.00263393626 0.029926265 0)
(-0.0150226243 0.0779301286 0)
(-0.0380974217 0.11131111 0)
(-0.0658175671 0.129695793 0)
(-0.0942794735 0.134263877 0)
(-0.121044027 0.126925342 0)
(-0.144383609 0.109860567 0)
(-0.163148983 0.0852480434 0)
(-0.176619506 0.0551416357 0)
(-0.184335473 0.0214703136 2.99742578e-34)
(-0.185982937 -0.0138813661 -2.99742578e-34)
(-0.181343675 -0.0489515431 0)
(-0.170313963 -0.0815745587 0)
(-0.152999251 -0.109289272 0)
(-0.129891604 -0.129330739 0)
(-0.102114501 -0.138764248 0)
(-0.0716393809 -0.134816141 0)
(-0.0414365954 -0.11540729 0)
(-0.0161843496 -0.0798582228 0)
(-0.0027640335 -0.029860659 0)
(-0.00223473673 0.0226800236 0)
(-0.0129541272 0.0602838575 0)
(-0.033238149 0.0873308362 0)
(-0.0580555281 0.1029545 0)
(-0.0840353801 0.107621821 0)
(-0.108906084 0.102520708 0)
(-0.130914081 0.0892086484 0)
(-0.148775833 0.069381864 0)
(-0.161603549 0.0447501617 0)
(-0.168801287 0.0170067316 3.00137157e-34)
(-0.169993545 -0.0121372155 -3.00137158e-34)
(-0.164999672 -0.0408861823 0)
(-0.153857535 -0.067295379 0)
(-0.13689908 -0.089241709 0)
(-0.114876635 -0.104468704 0)
(-0.0891189072 -0.110744421 0)
(-0.0616328438 -0.106158118 0)
(-0.0351269752 -0.0895353379 0)
(-0.0135037428 -0.0609264429 0)
(-0.0022532726 -0.0222578268 0)
(-0.00188545635 0.0164662546 0)
(-0.0110624851 0.0449645386 0)
(-0.0286411435 0.0662105055 0)
(-0.0504611291 0.0790278186 0)
(-0.0736531633 0.083412331 0)
(-0.0961641789 0.080041489 0)
(-0.116305918 0.0699953583 0)
(-0.132763341 0.0545610865 0)
(-0.144575602 0.0351143606 0)
(-0.151082434 0.0130747325 0)
(-0.151887891 -0.0100881555 0)
(-0.146853003 -0.0328250795 0)
(-0.136119504 -0.0534823561 0)
(-0.120164255 -0.0703098576 0)
(-0.0998793392 -0.0815299523 0)
(-0.0766571202 -0.0854921395 0)
(-0.0524122106 -0.0809235406 0)
(-0.0295300336 -0.0672469521 0)
(-0.0112185727 -0.0449266647 0)
(-0.00184129741 -0.0159381049 0)
(-0.0015625177 0.0112077484 0)
(-0.00926988075 0.031870536 0)
(-0.024202521 0.0479368747 0)
(-0.0429884464 0.0580490708 0)
(-0.0632319152 0.0619115005 0)
(-0.0831208697 0.0598559184 0)
(-0.101086248 0.0526055545 0)
(-0.115849131 0.0411071727 0)
(-0.126440928 0.0264236324 0)
(-0.13218724 0.0096856061 0)
(-0.132697633 -0.00791671621 0)
(-0.127870716 -0.0251250507 0)
(-0.117915457 -0.0406102741 0)
(-0.103386532 -0.0529974537 0)
(-0.0852272526 -0.0609387013 0)
(-0.0648019882 -0.0632496918 0)
(-0.0438652628 -0.0591133871 0)
(-0.0244675007 -0.048324991 0)
(-0.00920309275 -0.0315520072 0)
(-0.0014908836 -0.0107193782 0)
(-0.00124269117 0.0068723679 0)
(-0.00749726381 0.0209539387 0)
(-0.0197996774 0.0325014302 0)
(-0.0355241968 0.0400872994 0)
(-0.0527239654 0.0432717624 0)
(-0.0698331059 0.0421741831 0)
(-0.0854326581 0.0372606188 0)
(-0.0983251704 0.0291991485 0)
(-0.107580786 0.0187673595 0)
(-0.112546722 0.00680864363 0)
(-0.112854336 -0.00578011184 0)
(-0.10843163 -0.0180487581 0)
(-0.0995214483 -0.0289997735 0)
(-0.0867021664 -0.0376160644 0)
(-0.0709039771 -0.0429246746 0)
(-0.0534054932 -0.0441071888 0)
(-0.0357703084 -0.0406592895 0)
(-0.0197281041 -0.0325810804 0)
(-0.00733072829 -0.0205903318 0)
(-0.00116697586 -0.00649226845 0)
(-0.00089988215 0.00347704375 0)
(-0.00566093122 0.0122244287 0)
(-0.0152978473 0.0199179412 0)
(-0.0279091951 0.025188654 0)
(-0.0419708381 0.0275859295 0)
(-0.0561592826 0.0271262699 0)
(-0.0692274822 0.024098673 0)
(-0.0800968178 0.0189454323 0)
(-0.0879159919 0.012189593 0)
(-0.0920844197 0.0044020651 0)
(-0.0922681512 -0.00380767778 0)
(-0.0884155138 -0.0117927662 0)
(-0.0807724912 -0.0188748767 0)
(-0.069894204 -0.0243659736 0)
(-0.0566454532 -0.0276151925 0)
(-0.04217705 -0.0280887049 0)
(-0.027846899 -0.0254864184 0)
(-0.015088733 -0.0198866114 0)
(-0.00547449457 -0.0119313569 0)
(-0.000833547335 -0.00322197491 0)
(-0.000507508038 0.00108920822 0)
(-0.0036888922 0.00574013954 0)
(-0.0105872256 0.0102223811 0)
(-0.0199879396 0.0134022148 0)
(-0.0307552965 0.0149400959 0)
(-0.0418076573 0.0148327186 0)
(-0.0521004763 0.0132501837 0)
(-0.0607205941 0.0104516794 0)
(-0.0669425832 0.00673881642 0)
(-0.0702538288 0.00243728339 0)
(-0.0703711876 -0.00210635177 0)
(-0.0672558406 -0.00652338784 0)
(-0.0611263915 -0.0104252543 0)
(-0.0524664971 -0.0134154705 0)
(-0.0420201067 -0.0151167121 0)
(-0.0307626612 -0.015218351 0)
(-0.0198243281 -0.0135494052 0)
(-0.010361521 -0.010176166 0)
(-0.0035267015 -0.00555507454 0)
(-0.00045647044 -0.000945966148 0)
(-6.44918731e-05 -0.000176241473 0)
(-0.00159898968 0.00163661655 0)
(-0.00569518886 0.00359860187 0)
(-0.0117199316 0.00501067966 0)
(-0.01888805 0.0057168468 0)
(-0.0263913893 0.00573382854 0)
(-0.0334549889 0.0051477212 0)
(-0.0394085023 0.00407326793 0)
(-0.0437225489 0.00263489216 0)
(-0.0460238844 0.000961862328 0)
(-0.0461058236 -0.000810104603 0)
(-0.0439388714 -0.00253598987 0)
(-0.0396813835 -0.00406056293 0)
(-0.0336869563 -0.00522175595 0)
(-0.0265027363 -0.00586030513 0)
(-0.0188496251 -0.00583829617 0)
(-0.0115675422 -0.00507039421 0)
(-0.00551559559 -0.00357095366 0)
(-0.00148203462 -0.00155258683 0)
(-3.10932496e-05 0.000233977808 0)
(0.000261395113 -0.000255578374 0)
(0.000151439782 0.00010207258 0)
(-0.00117495297 0.000547415343 0)
(-0.00348063169 0.000863516541 0)
(-0.00637558348 0.00102207843 0)
(-0.00946687354 0.00103797704 0)
(-0.0124000367 0.0009362179 0)
(-0.0148817774 0.0007430615 0)
(-0.0166861003 0.000483180509 0)
(-0.0176547256 0.000180088517 1.08300121e-33)
(-0.0176985207 -0.000142308065 -1.08300121e-33)
(-0.0168014864 -0.000458218707 0)
(-0.0150266292 -0.000739019612 0)
(-0.0125219005 -0.00095324487 0)
(-0.00952354866 -0.00106773214 0)
(-0.00635302348 -0.00105052558 0)
(-0.00340014935 -0.000876787782 0)
(-0.00108361507 -0.000539615996 0)
(0.000206111011 -8.25144242e-05 0)
(0.000274563766 0.000266745628 0)
)
;

boundaryField
{
    walls
    {
        type            fixedValue;
        value           uniform (0 0 0);
    }
    mov_wall
    {
        type            fixedValue;
        value           uniform (1 0 0);
    }
    empty
    {
        type            empty;
    }
}


// ************************************************************************* //
