/*--------------------------------*- C++ -*----------------------------------*\
| =========                 |                                                 |
| \\      /  F ield         | OpenFOAM: The Open Source CFD Toolbox           |
|  \\    /   O peration     | Version:  5.x                                   |
|   \\  /    A nd           | Web:      www.OpenFOAM.org                      |
|    \\/     M anipulation  |                                                 |
\*---------------------------------------------------------------------------*/
FoamFile
{
    version     2.0;
    format      ascii;
    class       volScalarField;
    location    "0.1";
    object      p;
}
// * * * * * * * * * * * * * * * * * * * * * * * * * * * * * * * * * * * * * //

dimensions      [0 2 -2 0 0 0 0];

internalField   nonuniform List<scalar> 
400
(
-5.28284914e-08
2.4273322
3.44622575
3.84106656
4.05631024
4.19696781
4.29983957
4.38515281
4.46267312
4.53706687
4.6112972
4.68825033
4.7715474
4.86730184
4.98755265
5.15722984
5.4245504
5.90705066
7.03933426
9.58283108
1.91223452
2.86884416
3.40508754
3.72899663
3.95560715
4.12062522
4.24682893
4.35065015
4.44207265
4.52733406
4.61111797
4.69778727
4.79268288
4.90346136
5.04268087
5.23145552
5.50009496
5.8893042
6.51066069
7.57312675
3.03513262
3.29185535
3.55801692
3.78404936
3.96784393
4.11609901
4.23828942
4.34302554
4.43685459
4.52480963
4.61118207
4.70020302
4.79677433
4.90730892
5.04081313
5.20984747
5.4285686
5.70370871
6.0242769
6.33376949
3.59972789
3.63710524
3.76294289
3.90574596
4.03770178
4.15561025
4.26097107
4.35640074
4.44490184
4.52949306
4.61318002
4.69912667
4.79091039
4.89278234
5.00972503
5.14697618
5.30804736
5.48708257
5.64586347
5.70332258
3.92340327
3.8918369
3.94422085
4.03013715
4.12153707
4.21174993
4.29858453
4.38153355
4.46131596
4.5393088
4.61723527
4.6970628
4.78096764
4.87121831
4.96974244
5.07714451
5.19116436
5.3016705
5.3721699
5.34418011
4.12228145
4.07357522
4.09018687
4.14085949
4.20364713
4.27173481
4.3417878
4.41200545
4.48186334
4.55162274
4.6219795
4.69385619
4.76821982
4.84579972
4.92652734
5.00861364
5.08762444
5.1536406
5.17890486
5.12695647
4.2499348
4.20332157
4.20420724
4.23398789
4.27728222
4.32855137
4.38453308
4.44307759
4.50307152
4.56408915
4.62609063
4.68919897
4.75347424
4.81860754
4.88342656
4.94524229
4.99947434
5.03827085
5.04268292
4.99135765
4.33646344
4.29737383
4.29212626
4.30975042
4.33999781
4.37882337
4.42347938
4.47190608
4.52278224
4.5753042
4.62895745
4.68332242
4.73786779
4.79169051
4.84315359
4.88950024
4.92682987
4.94954974
4.94541788
4.90226993
4.39821694
4.36684647
4.35974585
4.37033918
4.39188729
4.42159378
4.45730446
4.49722117
4.5400199
4.58472563
4.63055432
4.67676429
4.72249403
4.76657153
4.80728011
4.84216767
4.86819714
4.88160124
4.87461876
4.84030482
4.44397188
4.41901883
4.41185552
4.41837078
4.43407779
4.45709694
4.48580101
4.51869031
4.55453647
4.59232239
4.63114149
4.67009464
4.70817666
4.74415185
4.77641856
4.80293913
4.82145443
4.82950065
4.82211487
4.79519166
4.47862957
4.45863761
4.45207299
4.45619892
4.46793545
4.48603192
4.50927793
4.53644827
4.5664479
4.59829225
4.63104842
4.66377039
4.69542809
4.72483526
4.75058141
4.77102768
4.78452699
4.78948585
4.78263245
4.76137431
4.50508642
4.48883474
4.48304328
4.48575339
4.49475921
4.50922418
4.52824681
4.55083113
4.57602045
4.60290029
4.63056774
4.65809603
4.68449701
4.70868593
4.72945532
4.74550234
4.75562843
4.75879773
4.7527497
4.73569988
4.52515419
4.51171596
4.5066843
4.50855651
4.51567574
4.52747122
4.54326208
4.5622341
4.58355775
4.60640187
4.62992115
4.65324163
4.67544753
4.69557073
4.71258833
4.72546214
4.73330955
4.73544368
4.73021303
4.71627516
4.54001761
4.52872396
4.52438646
4.52578322
4.5316125
4.54147322
4.55483967
4.57103748
4.58934539
4.60901342
4.6292619
4.64928127
4.66823526
4.6852664
4.69950622
4.71011707
4.71643486
4.71799015
4.71350896
4.70190264
4.5504649
4.5408633
4.53716029
4.53832558
4.54330429
4.55180765
4.56341961
4.57757092
4.59362645
4.61090579
4.62869013
4.6462315
4.66276623
4.67753043
4.68977719
4.69881686
4.70413632
4.70540575
4.70160337
4.69180516
4.55701797
4.54885082
4.54574961
4.5468555
4.55131731
4.55892939
4.56935465
4.58210002
4.59659326
4.61220613
4.6282675
4.64407902
4.65893434
4.67214064
4.68304021
4.69104936
4.69576042
4.69694209
4.69377455
4.68548152
4.56004709
4.55324846
4.55074637
4.55190904
4.55610653
4.56320782
4.57293347
4.58484131
4.598398
4.6130067
4.62802584
4.64278901
4.65662697
4.66889261
4.67898644
4.68639599
4.69078776
4.69201348
4.68947012
4.68258817
4.55993184
4.55456063
4.55263255
4.5538899
4.55799767
4.56490042
4.57435472
4.58594243
4.599143
4.61336763
4.62798307
4.64233373
4.65576399
4.66764437
4.6774012
4.68455995
4.68883325
4.69015209
4.68820348
4.68277595
4.55727528
4.55307613
4.55137475
4.55254509
4.55664032
4.56364855
4.57330628
4.58516934
4.59869034
4.61325679
4.62821604
4.64289611
4.65662506
4.66875405
4.67868758
4.6859315
4.69018383
4.69142043
4.68971337
4.68547418
4.55326178
4.54916526
4.54677439
4.54737732
4.5514394
4.55888474
4.56931531
4.58217565
4.59683413
4.6126153
4.62881641
4.64471888
4.65959876
4.67274139
4.68346383
4.69115753
4.69538431
4.69605565
4.69365802
4.68952067
)
;

boundaryField
{
    walls
    {
        type            zeroGradient;
    }
    mov_wall
    {
        type            zeroGradient;
    }
    empty
    {
        type            empty;
    }
}


// ************************************************************************* //
