/*--------------------------------*- C++ -*----------------------------------*\
| =========                 |                                                 |
| \\      /  F ield         | OpenFOAM: The Open Source CFD Toolbox           |
|  \\    /   O peration     | Version:  5.x                                   |
|   \\  /    A nd           | Web:      www.OpenFOAM.org                      |
|    \\/     M anipulation  |                                                 |
\*---------------------------------------------------------------------------*/
FoamFile
{
    version     2.0;
    format      ascii;
    class       surfaceScalarField;
    location    "0.1";
    object      phi;
}
// * * * * * * * * * * * * * * * * * * * * * * * * * * * * * * * * * * * * * //

dimensions      [0 3 -1 0 0 0 0];

internalField   nonuniform List<scalar> 
760
(
0.00135245008
-0.00135245006
0.00244349192
-0.00109104186
0.00308057397
-0.000637082094
0.00345257546
-0.000372001431
0.00367045688
-0.000217881491
0.0037981441
-0.00012768714
0.00387355849
-7.54144015e-05
0.00391799795
-4.44394333e-05
0.00394270239
-2.47044175e-05
0.00395310505
-1.04026741e-05
0.00395098177
2.12324536e-06
0.00393531698
1.5664776e-05
0.00390157832
3.37386658e-05
0.00383972741
6.18509054e-05
0.00372960259
0.000110124796
0.00353252705
0.000197075524
0.00317732296
0.000355204092
0.0025353132
0.000642009778
0.00140352009
0.00113179311
0.0014035201
-7.14362747e-05
-0.00128101376
0.000339464826
-0.00150194292
0.000865329422
-0.00116294669
0.00130096237
-0.000807634378
0.00161834104
-0.000535260153
0.00183711791
-0.000346464103
0.00198285084
-0.000221147351
0.00207608892
-0.000137677481
0.00213062499
-7.92405093e-05
0.00215425513
-3.40328612e-05
0.00214978061
6.59775536e-06
0.00211517788
5.02675295e-05
0.00204314548
0.000105771073
0.0019194554
0.000185540988
0.00172114908
0.000308431149
0.00141706419
0.000501160448
0.000979442949
0.000792825343
0.000430856837
0.0011905959
-2.29747482e-05
0.00158562469
0.00138054535
-0.000303071299
-0.000977942434
-0.000329474542
-0.00147553973
-0.000149278279
-0.00134314297
9.16975488e-05
-0.0010486102
0.000317093079
-0.000760655697
0.000499760031
-0.000529131064
0.000635610276
-0.000356997577
0.000729054185
-0.00023112142
0.000785882514
-0.000136068876
0.00081024392
-5.83942694e-05
0.000803542781
1.32989017e-05
0.000764011643
8.97986562e-05
0.000686598635
0.000183184055
0.000563481559
0.000308658055
0.000386693694
0.000485219037
0.000155872931
0.000731981233
-0.000104234982
0.00105293326
-0.000312566393
0.00139892731
-0.000308492679
0.00158155097
0.00107205266
-0.00026038554
-0.000717556846
-0.000467957542
-0.0012679677
-0.000518257102
-0.00129284351
-0.000466388061
-0.00110047918
-0.00037121606
-0.000855827728
-0.000270311675
-0.000630035448
-0.00018303978
-0.000444269472
-0.000117411083
-0.000296750136
-7.58667316e-05
-0.000177613249
-5.88859905e-05
-7.53750201e-05
-6.68254321e-05
2.12383423e-05
-0.000100574777
0.000123547995
-0.000161227758
0.000243837025
-0.000248379746
0.00039581003
-0.000356131542
0.000592970806
-0.000465809614
0.000841659282
-0.000536319182
0.00112344281
-0.000498841777
0.00136144989
-0.000284922949
0.00136763215
0.000787129703
-0.000193215956
-0.00052434089
-0.000430165493
-0.00103101819
-0.000584005882
-0.00113900313
-0.000649523463
-0.00103496164
-0.000655182129
-0.000850169116
-0.000630217885
-0.000654999651
-0.000595734823
-0.000478752529
-0.000564518713
-0.000327966273
-0.000543486374
-0.000198645601
-0.000536063696
-8.27976939e-05
-0.000543676128
2.88507698e-05
-0.000566253576
0.000146125427
-0.000601702322
0.000279285777
-0.000644170958
0.000438278678
-0.00068095824
0.000629758066
-0.000688766998
0.000849468025
-0.000632610945
0.00106728672
-0.000475515831
0.00120435474
-0.000217559638
0.00110967597
0.000569570049
-0.000136296534
-0.000388044385
-0.000347614776
-0.000819699943
-0.000527787588
-0.000958830297
-0.00064716532
-0.000915583939
-0.000712054014
-0.000785280415
-0.000739523478
-0.000627530194
-0.000746059923
-0.000472216113
-0.000743909215
-0.000330116999
-0.000740937323
-0.000201617488
-0.000741531603
-8.22034106e-05
-0.000747384906
3.47040471e-05
-0.000757724625
0.000156465107
-0.000768833078
0.000290394215
-0.000772871986
0.000442317579
-0.0007563648
0.00061325087
-0.000699675875
0.000792779105
-0.000580727194
0.000948338014
-0.000388587117
0.00101221461
-0.00015429935
0.000875388199
0.000415270686
-9.54367268e-05
-0.000292607656
-0.000267501097
-0.000647635543
-0.000437368162
-0.000788963262
-0.000570802322
-0.000782149788
-0.000662245905
-0.000693836785
-0.000718964996
-0.000570811112
-0.000751510541
-0.00043967058
-0.000769277968
-0.000312349556
-0.000779051918
-0.000191843515
-0.000784866235
-7.63890829e-05
-0.000788178985
3.80167938e-05
-0.000787880445
0.000156166574
-0.000779978358
0.000282492139
-0.00075707132
0.000419410526
-0.000708129555
0.000564309086
-0.000619836319
0.000704485851
-0.00048173731
0.000810239
-0.000298023079
0.000828500337
-0.000107050536
0.000684415656
0.000308220146
-6.78724439e-05
-0.000224735211
-0.000203134896
-0.000512373103
-0.000349847251
-0.000642250898
-0.000477260213
-0.000654736795
-0.000575015021
-0.00059608197
-0.000644130287
-0.000501695861
-0.000690176773
-0.000393624114
-0.000719344338
-0.000283182
-0.000736612791
-0.000174575076
-0.000745088581
-6.79133169e-05
-0.000745810643
3.8738856e-05
-0.000737640226
0.000147996201
-0.000717116591
0.000261968533
-0.000678416832
0.000380710773
-0.000613888869
0.000499781106
-0.000516058177
0.000606655133
-0.000382365169
0.000676546011
-0.000223609919
0.000669745072
-7.48162258e-05
0.000535621967
0.000233403933
-4.95973829e-05
-0.000175137823
-0.000155166773
-0.000406803756
-0.000277264919
-0.000520152734
-0.000390730473
-0.000541271189
-0.000484228744
-0.00050258372
-0.000555404364
-0.000430520233
-0.00060635967
-0.00034266878
-0.000640604697
-0.000248936937
-0.000661351025
-0.000153828726
-0.000670695662
-5.85686878e-05
-0.000669269975
3.7313169e-05
-0.000656091857
0.000134818113
-0.000628547137
0.000234423822
-0.000582620396
0.000334784065
-0.000513719703
0.000430880421
-0.000418644722
0.000511580139
-0.000299277165
0.000557178489
-0.000168062209
0.000538530132
-5.35591851e-05
0.000421118953
0.000179844769
-3.74154832e-05
-0.000137722301
-0.000120452767
-0.000323766401
-0.000220839599
-0.00041976589
-0.000318694729
-0.000443416034
-0.00040342156
-0.000417856893
-0.000471153476
-0.000362788316
-0.000521853262
-0.000291968999
-0.000557098593
-0.000213691608
-0.000578682792
-0.000132244531
-0.000587846614
-4.94048626e-05
-0.000584904564
3.4371153e-05
-0.000569104905
0.000119018496
-0.00053868248
0.000204001407
-0.000491192247
0.000287293871
-0.000424345704
0.000364033907
-0.000337647747
0.000424882174
-0.000235036747
0.000454567525
-0.00012826983
0.000431763249
-3.96099072e-05
0.000332459047
0.000140234876
-2.91374703e-05
-0.000108584852
-9.54547005e-05
-0.000257449151
-0.000178085492
-0.000337135118
-0.000261417646
-0.00036008392
-0.000336169751
-0.000343104773
-0.000398019891
-0.000300938163
-0.000445745898
-0.00024424298
-0.000479663825
-0.00017977366
-0.000500554341
-0.000111354004
-0.000509022481
-4.09367089e-05
-0.000505167113
3.05158216e-05
-0.000488467159
0.000102318564
-0.00045786308
0.000173397342
-0.000412092493
0.000241523294
-0.000350409985
0.000302351436
-0.000273838795
0.000348310979
-0.000186982585
0.000367711349
-0.00010008915
0.000344869858
-3.03298353e-05
0.000262699755
0.000109905052
-2.3366839e-05
-8.52179973e-05
-7.73138063e-05
-0.000203502213
-0.000145897383
-0.000268551505
-0.000216742228
-0.000289239055
-0.000281931645
-0.000277915301
-0.000337220437
-0.000245649347
-0.000380813172
-0.000200650224
-0.00041226829
-0.000148318516
-0.00043170178
-9.19205101e-05
-0.000439287741
-3.33507418e-05
-0.00043499258
2.622067e-05
-0.000418490085
8.58160419e-05
-0.000389245576
0.000144152853
-0.000346806771
0.000199084474
-0.000291372645
0.000246917356
-0.000224709482
0.000281647822
-0.00015137982
0.000294381711
-8.00251317e-05
0.000273515211
-2.40039243e-05
0.000206678568
8.5901138e-05
-1.92444251e-05
-6.59735614e-05
-6.39833043e-05
-0.000158763333
-0.000121601109
-0.000210933667
-0.000182118582
-0.000228721526
-0.000238829926
-0.000221203923
-0.000287796052
-0.000196683224
-0.000327007647
-0.000161438621
-0.000355606676
-0.000119719487
-0.000373303316
-7.42238937e-05
-0.000380000299
-2.66537673e-05
-0.000375590407
2.18107795e-05
-0.000359896142
7.01217403e-05
-0.000332744125
0.000117000872
-0.000294197593
0.000160537921
-0.00024498568
0.000197705482
-0.000187161316
0.000223823472
-0.000124943558
0.000232163961
-6.55525713e-05
0.000214124255
-1.95757253e-05
0.000160701735
6.63254099e-05
-1.623584e-05
-4.97377552e-05
-5.40384961e-05
-0.000120960632
-0.000103105368
-0.000161866794
-0.000155233355
-0.000176593507
-0.000204723752
-0.000171713546
-0.000248013039
-0.000153393957
-0.000283071507
-0.000126380138
-0.000308838223
-9.39527657e-05
-0.000324793497
-5.82686364e-05
-0.000330680824
-2.07664373e-05
-0.000326356933
1.74868988e-05
-0.000311749916
5.55147087e-05
-0.000286920112
9.21711073e-05
-0.000252237676
0.000125855469
-0.000208699557
0.000154167391
-0.000158401426
0.000173525362
-0.000105129308
0.00017889184
-5.49363936e-05
0.000163931362
-1.63994979e-05
0.00012216486
4.99259146e-05
-1.39730847e-05
-3.57646667e-05
-4.64145607e-05
-8.85191196e-05
-8.87093423e-05
-0.000119572002
-0.000134004905
-0.000131297935
-0.000177421212
-0.00012829727
-0.000215763286
-0.000115051878
-0.000247074091
-9.50692903e-05
-0.000270215152
-7.08116784e-05
-0.000284549304
-4.39344791e-05
-0.000289734521
-1.558121e-05
-0.000285613562
1.3365936e-05
-0.000272184862
4.20860123e-05
-0.000249650646
6.9636913e-05
-0.000218550049
9.47548552e-05
-0.000179992628
0.000115609976
-0.000136000997
0.000129533751
-8.99383233e-05
0.000132829163
-4.69261463e-05
0.000120919193
-1.40481376e-05
8.92868581e-05
3.58777851e-05
-1.21332799e-05
-2.36313403e-05
-4.01498081e-05
-6.05026039e-05
-7.67976958e-05
-8.29240983e-05
-0.00011631024
-9.1785397e-05
-0.000154477448
-9.01300714e-05
-0.000188437515
-8.10917781e-05
-0.00021634609
-6.71606791e-05
-0.000237059694
-5.00980777e-05
-0.000249894885
-3.10993068e-05
-0.000254471991
-1.10041142e-05
-0.000250632313
9.52622394e-06
-0.000238417258
2.98709762e-05
-0.000218106229
4.93259101e-05
-0.000190317412
6.69660437e-05
-0.000156183091
8.1475646e-05
-0.000117604789
9.0955451e-05
-7.75693728e-05
9.27937505e-05
-4.04525815e-05
8.38024178e-05
-1.2167432e-05
6.10017012e-05
2.37103455e-05
-1.03374485e-05
-1.32938884e-05
-3.41613387e-05
-3.667875e-05
-6.55309275e-05
-5.15545103e-05
-9.96299824e-05
-5.76863599e-05
-0.000132819251
-5.69408084e-05
-0.000162541121
-5.13699097e-05
-0.000187090264
-4.26115745e-05
-0.000205370828
-3.18175909e-05
-0.000216706132
-1.97640395e-05
-0.000220714555
-6.99566247e-06
-0.0002172443
6.0559728e-06
-0.0002063576
1.89842999e-05
-0.000188361491
3.13297828e-05
-0.000163887282
4.24918255e-05
-0.000134027851
5.16162208e-05
-0.000100535978
5.7463593e-05
-6.60634754e-05
5.83212133e-05
-3.43670907e-05
5.21060221e-05
-1.03602039e-05
3.6994815e-05
1.33501194e-05
-8.06447762e-06
-5.22946216e-06
-2.71057617e-05
-1.7637479e-05
-5.26551432e-05
-2.60051407e-05
-8.07962302e-05
-2.95453105e-05
-0.00010842641
-2.93106778e-05
-0.000133313823
-2.64825473e-05
-0.000153950121
-2.19753119e-05
-0.000169355258
-1.64124715e-05
-0.000178917796
-1.02014916e-05
-0.000182291114
-3.6223421e-06
-0.000179339998
3.10481563e-06
-0.000170128103
9.7724394e-06
-0.000154943081
1.61447992e-05
-0.00013436196
2.19107061e-05
-0.00010936526
2.66194553e-05
-8.15008394e-05
2.95991838e-05
-5.30741116e-05
2.98944722e-05
-2.72755374e-05
2.63074084e-05
-8.09059708e-06
1.78098566e-05
5.25950107e-06
-4.68518755e-06
-5.44304158e-07
-1.75495415e-05
-4.77310507e-06
-3.57013969e-05
-7.85330076e-06
-5.61285379e-05
-9.1181842e-06
-7.63690796e-05
-9.07013094e-06
-9.46715279e-05
-8.18009631e-06
-0.000109874476
-6.77240186e-06
-0.00012123563
-5.05138663e-06
-0.000128295889
-3.1412418e-06
-0.000130794992
-1.12318292e-06
-0.00012863008
9.39933177e-07
-0.00012184679
2.98914334e-06
-0.000110658892
4.95686712e-06
-9.54989675e-05
6.75081196e-06
-7.71104499e-05
8.23089228e-06
-5.66864275e-05
9.17512456e-06
-3.60361688e-05
9.24419147e-06
-1.76894854e-05
7.96068009e-06
-4.71031361e-06
4.83064883e-06
5.49168952e-07
-5.44286325e-07
-5.3173794e-06
-1.31706712e-05
-2.22888665e-05
-3.13590245e-05
-3.95391414e-05
-4.63115467e-05
-5.13629331e-05
-5.45041613e-05
-5.56273346e-05
-5.46873999e-05
-5.16982392e-05
-4.67414041e-05
-3.99905999e-05
-3.1759722e-05
-2.25846274e-05
-1.33404511e-05
-5.37979428e-06
-5.49169046e-07
)
;

boundaryField
{
    walls
    {
        type            calculated;
        value           uniform 0;
    }
    mov_wall
    {
        type            calculated;
        value           uniform 0;
    }
    empty
    {
        type            empty;
        value           nonuniform 0();
    }
}


// ************************************************************************* //
