/*--------------------------------*- C++ -*----------------------------------*\
| =========                 |                                                 |
| \\      /  F ield         | OpenFOAM: The Open Source CFD Toolbox           |
|  \\    /   O peration     | Version:  5.x                                   |
|   \\  /    A nd           | Web:      www.OpenFOAM.org                      |
|    \\/     M anipulation  |                                                 |
\*---------------------------------------------------------------------------*/
FoamFile
{
    version     2.0;
    format      ascii;
    class       volVectorField;
    location    "0.1";
    object      U;
}
// * * * * * * * * * * * * * * * * * * * * * * * * * * * * * * * * * * * * * //

dimensions      [0 1 -1 0 0 0 0];

internalField   nonuniform List<vector> 
400
(
(0.292654614 0.150599936 0)
(0.388170817 0.127217356 0)
(0.551448298 0.073052733 0)
(0.658961185 0.039609142 0)
(0.716866531 0.0213126437 0)
(0.749501767 0.0114735889 0)
(0.768758481 0.00625834149 0)
(0.780181836 0.00345455753 0)
(0.786784286 0.00183647563 0)
(0.790146757 0.000757308051 2.75298567e-34)
(0.790949387 -0.000141493536 -2.75298567e-34)
(0.789261436 -0.00112652488 0)
(0.784561618 -0.00250386739 0)
(0.775473825 -0.00481817576 0)
(0.759182728 -0.00916918985 0)
(0.730266245 -0.0177808848 0)
(0.676903362 -0.0349931029 0)
(0.572657037 -0.0687922691 0)
(0.404723801 -0.126364627 0)
(0.300882213 -0.153099719 0)
(0.000646550543 0.287351057 0)
(0.00637102083 0.285967395 0)
(0.117728015 0.194469668 0)
(0.221428561 0.123275333 0)
(0.296764764 0.0762573454 0)
(0.349174219 0.0466512655 0)
(0.384660643 0.0284681024 0)
(0.407861863 0.0171617221 0)
(0.422185671 0.00969629886 0)
(0.429772037 0.00416815162 0)
(0.431657778 -0.000689455737 0)
(0.427923694 -0.00593611472 0)
(0.417675046 -0.0128053492 0)
(0.39880926 -0.023189966 0)
(0.36766968 -0.0403020945 0)
(0.318912735 -0.0694615889 0)
(0.245380904 -0.11851465 0)
(0.139583717 -0.196401827 0)
(0.0208108469 -0.297724961 0)
(0.00881394855 -0.302301833 0)
(-0.0341473047 0.236348431 0)
(-0.0753861214 0.311116595 0)
(-0.0533775577 0.262031992 0)
(-0.00617710414 0.193657905 0)
(0.0424706505 0.134472279 0)
(0.0837956776 0.0902332094 0)
(0.115580992 0.0591739515 0)
(0.138258907 0.0375418988 0)
(0.153050554 0.0218624531 0)
(0.161035958 0.00943734318 -2.44378889e-33)
(0.162799643 -0.00185648321 2.44378889e-33)
(0.158315327 -0.0139582488 0)
(0.14689555 -0.0290812821 0)
(0.127191675 -0.0501912847 0)
(0.0974302466 -0.0813997191 0)
(0.0563759168 -0.12771352 0)
(0.00555262229 -0.192693767 0)
(-0.046568109 -0.271539786 0)
(-0.0750090885 -0.332523554 0)
(-0.034477571 -0.257914337 0)
(-0.0284572365 0.170117424 0)
(-0.0788783979 0.278328494 0)
(-0.103958742 0.270569804 0)
(-0.101610539 0.221854574 0)
(-0.0847316956 0.167103378 0)
(-0.063837298 0.119729595 0)
(-0.044444546 0.0826176522 0)
(-0.0289556348 0.0543315692 0)
(-0.0181951754 0.0322568167 0)
(-0.0123369882 0.013785746 2.44557609e-33)
(-0.0114118125 -0.00346277791 -2.44557609e-33)
(-0.0155371247 -0.021815187 0)
(-0.0249517901 -0.0438409466 0)
(-0.0398425265 -0.0725885588 0)
(-0.0598289408 -0.111457845 0)
(-0.0828404563 -0.162997599 0)
(-0.103124558 -0.225278961 0)
(-0.109050238 -0.284238377 0)
(-0.0855641174 -0.300366186 0)
(-0.0313043262 -0.187209798 0)
(-0.019399984 0.122621006 0)
(-0.0639667934 0.229980882 0)
(-0.105023174 0.245860472 0)
(-0.126839493 0.217332088 0)
(-0.132545674 0.174261131 0)
(-0.129383203 0.131496833 0)
(-0.122668033 0.0945141623 0)
(-0.115668514 0.0639726509 0)
(-0.11022344 0.0385275399 0)
(-0.107277136 0.0162026147 -3.06160806e-34)
(-0.107269022 -0.00511538276 3.06160806e-34)
(-0.110334168 -0.0276116329 0)
(-0.116304731 -0.0536119228 0)
(-0.124491913 -0.0855342278 0)
(-0.133210616 -0.125374909 0)
(-0.139031447 -0.173149512 0)
(-0.135850133 -0.223493305 0)
(-0.114951503 -0.259961523 0)
(-0.0716955802 -0.248217672 0)
(-0.0220156475 -0.134004629 0)
(-0.0125424671 0.0897728176 0)
(-0.0476952524 0.183751175 0)
(-0.0894424463 0.209968407 0)
(-0.120316023 0.19642415 0)
(-0.138120589 0.16540071 0)
(-0.146488151 0.130079029 0)
(-0.149205704 0.0966212037 0)
(-0.149183495 0.0669281771 0)
(-0.148394975 0.0407228 0)
(-0.148021868 0.0167783133 0)
(-0.148646488 -0.00649943747 0)
(-0.150365398 -0.0308496834 0)
(-0.152767145 -0.0580431779 0)
(-0.154759224 -0.0896377429 0)
(-0.15427682 -0.126309286 0)
(-0.147993986 -0.166386871 0)
(-0.131264296 -0.203285086 0)
(-0.0993251424 -0.22207061 0)
(-0.0538915408 -0.197110205 0)
(-0.0143025153 -0.0968051062 0)
(-0.0081147331 0.0669356352 0)
(-0.0346561727 0.145148913 0)
(-0.071210808 0.173937326 0)
(-0.102788678 0.169833703 0)
(-0.125184478 0.148568915 0)
(-0.139507138 0.120731946 0)
(-0.147942264 0.0920656987 0)
(-0.152590572 0.0649494222 0)
(-0.155092485 0.0397972076 0)
(-0.156524326 0.0160227683 0)
(-0.157428258 -0.00741332621 0)
(-0.157845326 -0.0317150411 0)
(-0.157285864 -0.0580368535 0)
(-0.154631281 -0.0871551754 0)
(-0.148029955 -0.118816336 0)
(-0.13493838 -0.150566558 0)
(-0.112511799 -0.176040535 0)
(-0.0790243393 -0.183189612 0)
(-0.0388884959 -0.154168606 0)
(-0.00914433407 -0.0710345461 0)
(-0.00540544094 0.0509139521 0)
(-0.0252498 0.114596487 0)
(-0.0553376694 0.142012295 0)
(-0.0839713871 0.143166545 0)
(-0.106679214 0.128975548 0)
(-0.123153197 0.107536816 0)
(-0.134368482 0.083724115 0)
(-0.141618067 0.0599152601 0)
(-0.146068015 0.0368833533 0)
(-0.148543635 0.0145029204 0)
(-0.149464321 -0.00779133968 0)
(-0.148825576 -0.0307147751 0)
(-0.146173265 -0.0548891163 0)
(-0.140571102 -0.0805122088 0)
(-0.130624769 -0.106808416 0)
(-0.114689567 -0.13117913 0)
(-0.0913885542 -0.14814865 0)
(-0.0608099073 -0.148576433 0)
(-0.0278971036 -0.120370073 0)
(-0.00596197371 -0.0532049838 0)
(-0.00375955108 0.0394113648 0)
(-0.0187308606 0.0908033485 0)
(-0.0429371088 0.115186372 0)
(-0.0675553261 0.118891877 0)
(-0.0885617345 0.10952835 0)
(-0.104993845 0.0931570754 0)
(-0.117054202 0.0737136254 0)
(-0.125405561 0.0533379153 0)
(-0.130774111 0.0329323581 0)
(-0.133716174 0.0126615511 3.08124715e-34)
(-0.134514772 -0.00768712839 -3.08124715e-34)
(-0.133138641 -0.0284476898 0)
(-0.129224548 -0.049846996 0)
(-0.122087449 -0.0717165685 0)
(-0.110808867 -0.093066988 0)
(-0.094491107 -0.111503183 0)
(-0.0727339115 -0.122602517 0)
(-0.0465029035 -0.119627115 0)
(-0.020301505 -0.0943816906 0)
(-0.00404504692 -0.0406582651 0)
(-0.00274121347 0.0308842551 0)
(-0.014253153 0.0722113391 0)
(-0.0336786508 0.0930992424 0)
(-0.0543818885 0.0977629101 0)
(-0.0729781886 0.0915900423 0)
(-0.0882877652 0.0790943438 4.7843999e-33)
(-0.100078844 0.0633728746 0)
(-0.108584545 0.0462449858 0)
(-0.11419023 0.0286060551 -4.87954915e-33)
(-0.117225281 0.0107778487 4.39342504e-36)
(-0.117856422 -0.0072182097 5.17941775e-36)
(-0.116042098 -0.0254519401 0)
(-0.111522552 -0.0438917788 0)
(-0.10385081 -0.0621733484 0)
(-0.092499813 -0.0792859289 0)
(-0.0770984502 -0.0931790785 0)
(-0.0578078743 -0.100398334 0)
(-0.0359030728 -0.096017749 0)
(-0.0151557655 -0.0743898435 0)
(-0.00288186612 -0.031550602 0)
(-0.00208937637 0.0243471609 0)
(-0.0111491376 0.0574887301 0)
(-0.0268664209 0.0749710845 0)
(-0.0441785528 0.07972323 0)
(-0.0603099177 0.0756331875 0)
(-0.0740815201 0.0660718881 -4.7843999e-33)
(-0.0850489808 0.0534459821 0)
(-0.0931799655 0.0392518872 0)
(-0.0986230984 0.0243075493 4.87954915e-33)
(-0.101539537 0.00899970053 1.53779485e-33)
(-0.102009726 -0.00651307759 -1.54736769e-33)
(-0.0999923885 -0.0221376909 0)
(-0.0953203005 -0.0376946395 0)
(-0.0877371238 -0.052741607 0)
(-0.0769981173 -0.0663484222 0)
(-0.0630634946 -0.0768326037 0)
(-0.0463727329 -0.0815399362 0)
(-0.0282193008 -0.0768581847 0)
(-0.0116582801 -0.05880415 0)
(-0.0021560157 -0.0246976596 0)
(-0.00165498042 0.0191764601 0)
(-0.00895769893 0.0456213374 0)
(-0.021848404 0.0600019227 0)
(-0.0363747308 0.0644047892 0)
(-0.0502693695 0.0616785196 0)
(-0.062446209 0.0543525826 0)
(-0.072378942 0.0442851552 0)
(-0.0798856955 0.0326814903 0)
(-0.0849636659 0.0202521496 0)
(-0.0876599352 0.00738996112 3.08732857e-34)
(-0.0879967265 -0.00568046964 -3.08732857e-34)
(-0.0859382492 -0.0187802424 0)
(-0.0813899259 -0.0316614414 0)
(-0.0742330128 -0.0438770888 0)
(-0.0644085888 -0.0546211895 0)
(-0.0520656708 -0.0625484096 0)
(-0.0377531377 -0.0656348033 0)
(-0.0226592602 -0.0612131149 0)
(-0.009241315 -0.0464147834 0)
(-0.0016848256 -0.0193577975 0)
(-0.00135485747 0.014969839 0)
(-0.00737931037 0.035869208 0)
(-0.018122114 0.0475050561 0)
(-0.0304160563 0.0513638055 0)
(-0.042395139 0.0495451147 0)
(-0.0530935747 0.0439504211 0)
(-0.0619732511 0.036006615 0)
(-0.0687772244 0.0266690419 0)
(-0.0734128043 0.0165331819 0)
(-0.075855097 0.00596306059 3.08828317e-34)
(-0.0760899458 -0.00479907434 -3.08828317e-34)
(-0.074088699 -0.0155424161 0)
(-0.0698091348 -0.0260033111 0)
(-0.063224601 -0.0357713686 0)
(-0.0543896025 -0.0441758729 0)
(-0.04354932 -0.0501602387 0)
(-0.0312717377 -0.0521885882 0)
(-0.018603269 -0.0482819176 0)
(-0.00753497467 -0.0363505061 0)
(-0.00136659316 -0.0150624093 0)
(-0.00114172426 0.0114592107 0)
(-0.0062200041 0.0276987792 0)
(-0.0153204847 0.0369312928 0)
(-0.0258410907 0.0401802759 0)
(-0.0362265792 0.0389820816 0)
(-0.0456293788 0.0347586238 0)
(-0.0535330311 0.0285959466 0)
(-0.0596498306 0.0212389058 0)
(-0.0638379734 0.0131710563 0)
(-0.0660301719 0.00470855297 0)
(-0.0661911474 -0.00391958776 0)
(-0.064299078 -0.0125058638 0)
(-0.0603471299 -0.0208034899 0)
(-0.0543665294 -0.0284594322 0)
(-0.0464760508 -0.0349336163 0)
(-0.0369618893 -0.0394098852 0)
(-0.0263686571 -0.0407311159 0)
(-0.0156037243 -0.037431962 0)
(-0.00630347928 -0.0279946811 0)
(-0.00114464992 -0.0115069677 0)
(-0.000985386228 0.00846225597 0)
(-0.00534259459 0.0207302483 0)
(-0.0131598738 0.0278617333 0)
(-0.0222583294 0.0304989369 0)
(-0.0313249369 0.0297385484 0)
(-0.0396168657 0.026627205 0)
(-0.0466522436 0.0219779398 0)
(-0.0521370935 0.0163585365 0)
(-0.0559058954 0.010148095 0)
(-0.0578684371 0.00360558591 0)
(-0.0579782568 -0.00307173559 0)
(-0.0562191626 -0.00970128726 0)
(-0.052606837 -0.0160720012 0)
(-0.0472065453 -0.0218969917 0)
(-0.0401701043 -0.0267561376 0)
(-0.0317943741 -0.0300323582 0)
(-0.0225846413 -0.0308664173 0)
(-0.013326768 -0.0281872407 0)
(-0.00538635981 -0.0209164373 0)
(-0.000984404674 -0.00848889468 0)
(-0.000860098791 0.00586213327 0)
(-0.00462653618 0.0147123176 0)
(-0.0113802529 0.0200038123 0)
(-0.0192855849 0.0220535355 0)
(-0.0272249334 0.0216086402 0)
(-0.0345442873 0.0194165064 0)
(-0.0407992941 0.0160676894 0)
(-0.04570282 0.0119795048 0)
(-0.0490813087 0.00743499838 0)
(-0.0508343022 0.00263240749 0)
(-0.0509105359 -0.00227294069 0)
(-0.0492979934 -0.00713560358 0)
(-0.0460253939 -0.011790103 0)
(-0.0411757467 -0.0160179788 0)
(-0.0349143771 -0.0195073258 0)
(-0.0275327796 -0.0218073617 0)
(-0.0194938203 -0.0222976532 0)
(-0.0114822679 -0.0202169112 0)
(-0.00465032819 -0.0148327805 0)
(-0.000858045789 -0.00587958054 0)
(-0.000734290111 0.0036087081 0)
(-0.00393459601 0.00951955502 0)
(-0.00969029997 0.0131954919 0)
(-0.0164820702 0.0146855807 0)
(-0.0233608719 0.0144636136 0)
(-0.0297486322 0.0130362406 0)
(-0.0352395821 0.0108089588 0)
(-0.0395626857 0.00806889141 0)
(-0.0425479311 0.00501100918 0)
(-0.0440941069 0.00177282946 0)
(-0.0441498297 -0.00153664319 0)
(-0.0427058708 -0.00481477115 0)
(-0.0397965321 -0.00794553462 0)
(-0.0355103346 -0.0107775611 0)
(-0.0300121266 -0.0130965367 0)
(-0.0235774734 -0.0145934422 0)
(-0.0166266522 -0.0148438197 0)
(-0.00976011678 -0.0133330014 0)
(-0.00395064425 -0.00959780466 0)
(-0.000732874637 -0.00362150644 0)
(-0.000561236109 0.00173725116 0)
(-0.00309001496 0.00516858776 0)
(-0.00773518333 0.00742359698 0)
(-0.0133045711 0.00837318811 0)
(-0.0190093716 0.00829132811 0)
(-0.0243451838 0.00749004787 0)
(-0.0289536301 0.00621689215 0)
(-0.0325934562 0.00464408361 0)
(-0.0351115362 0.00288630553 0)
(-0.0364157974 0.00102346208 0)
(-0.0364595464 -0.000881207044 0)
(-0.0352353793 -0.00276807023 0)
(-0.0327763952 -0.00456970775 0)
(-0.0291647538 -0.00619775963 0)
(-0.0245499248 -0.00752574098 0)
(-0.0191774307 -0.00836835562 0)
(-0.0134173757 -0.00846698165 0)
(-0.00779110094 -0.00750506113 0)
(-0.00310467583 -0.00521522299 0)
(-0.00056117309 -0.00174546348 0)
(-0.000285154125 0.000411702011 0)
(-0.00190292721 0.0019086225 0)
(-0.00513862691 0.00296572271 0)
(-0.00914295691 0.00341435555 0)
(-0.0133062501 0.00339683234 0)
(-0.0172240655 0.00306879085 0)
(-0.0206163117 0.00254487342 0)
(-0.0232990099 0.00190017371 0)
(-0.0251568331 0.0011819762 0)
(-0.0261206944 0.000421937495 0)
(-0.0261553381 -0.000355281257 0)
(-0.0252547705 -0.00112645072 0)
(-0.0234434394 -0.00186503803 0)
(-0.0207828254 -0.00253545893 0)
(-0.0173855277 -0.00308493078 0)
(-0.0134389401 -0.00343219908 0)
(-0.00923253197 -0.00345744931 0)
(-0.0051839268 -0.00300289981 0)
(-0.00191577516 -0.00192928214 0)
(-0.000285661667 -0.000414522022 0)
(4.58739404e-05 -4.22221024e-05 0)
(-0.000424473351 0.000300910137 0)
(-0.00176416626 0.00056309068 0)
(-0.00352488874 0.000670460371 0)
(-0.0053855046 0.000669042566 0)
(-0.00713768961 0.000602082637 0)
(-0.00865010793 0.000497181854 0)
(-0.0098430158 0.000370384784 0)
(-0.0106685262 0.000230646402 0)
(-0.0110981685 8.34679236e-05 1.11239688e-33)
(-0.0111170423 -6.69779581e-05 -1.11239688e-33)
(-0.0107219673 -0.000216828189 0)
(-0.00992186598 -0.000361572422 0)
(-0.00874077413 -0.000494728631 0)
(-0.00722505612 -0.000605922348 0)
(-0.00545643114 -0.00067759244 0)
(-0.00357155029 -0.00068085946 0)
(-0.00178630957 -0.00057191387 0)
(-0.000429172056 -0.00030542426 0)
(4.66232139e-05 4.21789045e-05 0)
)
;

boundaryField
{
    walls
    {
        type            fixedValue;
        value           uniform (0 0 0);
    }
    mov_wall
    {
        type            fixedValue;
        value           uniform (1 0 0);
    }
    empty
    {
        type            empty;
    }
}


// ************************************************************************* //
