/*--------------------------------*- C++ -*----------------------------------*\
| =========                 |                                                 |
| \\      /  F ield         | OpenFOAM: The Open Source CFD Toolbox           |
|  \\    /   O peration     | Version:  5.x                                   |
|   \\  /    A nd           | Web:      www.OpenFOAM.org                      |
|    \\/     M anipulation  |                                                 |
\*---------------------------------------------------------------------------*/
FoamFile
{
    version     2.0;
    format      ascii;
    class       volScalarField;
    location    "4.2";
    object      p;
}
// * * * * * * * * * * * * * * * * * * * * * * * * * * * * * * * * * * * * * //

dimensions      [0 2 -2 0 0 0 0];

internalField   nonuniform List<scalar> 
400
(
3.25161477e-06
2.4524635
3.49432732
3.89888352
4.10665149
4.22471094
4.29429555
4.34028242
4.37634296
4.41011511
4.44676403
4.49091887
4.5476585
4.62449361
4.73480185
4.90460033
5.18238395
5.68420529
6.84131988
9.41172891
1.88670914
2.86729341
3.41988765
3.74774798
3.96518501
4.10975149
4.20767848
4.27899639
4.33674896
4.38961735
4.44424957
4.50657606
4.58333759
4.68330187
4.81973042
5.01368324
5.29402647
5.69847317
6.33841966
7.42837537
2.98208187
3.26253425
3.54233513
3.77068363
3.94570982
4.07571997
4.17322984
4.25000743
4.3152797
4.37624005
4.43892927
4.50902579
4.59257923
4.6967868
4.83085423
5.00664233
5.23632588
5.52394341
5.86049485
6.19824161
3.5277883
3.5853469
3.72178948
3.86538079
3.98906815
4.0908365
4.17461444
4.24571815
4.30953098
4.37102722
4.43477872
4.50520855
4.58679262
4.68425867
4.80245525
4.94569681
5.11575358
5.30515212
5.47834108
5.559643
3.8442212
3.82688462
3.88518396
3.96938701
4.05222377
4.12779506
4.19567276
4.25748196
4.31592697
4.37409628
4.43506911
4.50186171
4.5773353
4.66401015
4.76350806
4.87551509
4.99636319
5.11480602
5.19585007
5.1837199
4.04550513
4.0036629
4.02143021
4.06785391
4.12138635
4.1757449
4.22885886
4.28054186
4.33186425
4.38449569
4.44027494
4.50097211
4.56805292
4.64233048
4.72333037
4.80837036
4.8918108
4.96268207
4.99308475
4.94681204
4.18058966
4.13383486
4.13184288
4.15537264
4.18883748
4.22707055
4.26773089
4.30987582
4.35364144
4.39973534
4.44904226
4.50234081
4.56002296
4.62172588
4.68578945
4.74862996
4.80456373
4.84466973
4.84862868
4.79368409
4.27566244
4.23084635
4.21966401
4.22967834
4.24984975
4.27635855
4.30712612
4.34098659
4.3775825
4.41700305
4.45945536
4.50500013
4.55328917
4.60325322
4.65270904
4.69801522
4.73426253
4.75485069
4.74556445
4.69204618
4.34467798
4.30373479
4.28863276
4.29083142
4.30238019
4.32057552
4.34373375
4.3707055
4.40089684
4.43401945
4.46983221
4.50792156
4.54748728
4.58711289
4.62451732
4.65641721
4.67889748
4.68733699
4.67188311
4.62322044
4.39526306
4.35850813
4.34216082
4.33996184
4.34599292
4.35836508
4.3757647
4.39714858
4.42182889
4.44930239
4.47905459
4.51039069
4.54227789
4.57319616
4.60100403
4.62292995
4.63599952
4.6370961
4.61932845
4.57638138
4.43196732
4.39926128
4.38305792
4.378514
4.38106936
4.38939973
4.40249104
4.41942795
4.43950545
4.46211226
4.48658592
4.51209053
4.53751159
4.56137237
4.58177965
4.59648483
4.60329816
4.60017724
4.58220942
4.54489748
4.45778014
4.42889937
4.41358387
4.40794827
4.40838295
4.41395077
4.42386777
4.43734206
4.45369156
4.47226444
4.49233434
4.51301738
4.53321022
4.55155501
4.56643652
4.5760739
4.57888916
4.57357822
4.55655882
4.52448155
4.47483104
4.44957703
4.43556495
4.42962403
4.42885638
4.43259707
4.44023903
4.45110211
4.46454647
4.47991913
4.49648068
4.51335382
4.52949473
4.5436922
4.55459545
4.56081427
4.56123069
4.55503946
4.53957682
4.51226299
4.48473396
4.4629629
4.45049673
4.44475506
4.44342014
4.44603222
4.45212595
4.46112103
4.47242649
4.48540684
4.49933423
4.51336238
4.52652329
4.53774989
4.54592173
4.54996276
4.54909711
4.5428605
4.52925891
4.50627547
4.48877755
4.4704062
4.45962433
4.45439716
4.45293096
4.45494036
4.46008215
4.46786541
4.47774542
4.4891065
4.50123612
4.51332013
4.52445943
4.5337097
4.54013831
4.54291659
4.54152668
4.53575212
4.52413806
4.50513926
4.48806494
4.47306051
4.46401291
4.45945889
4.45813489
4.45992777
4.46460885
4.47176633
4.48089068
4.49137422
4.50250617
4.51348687
4.52346168
4.53157448
4.53703412
4.53920319
4.53776603
4.53271141
4.52308714
4.50782477
4.48367214
4.47201402
4.46464441
4.46076633
4.45970563
4.46154087
4.4661572
4.47320962
4.48220432
4.49251777
4.50341338
4.51407382
4.523651
4.53133258
4.53641928
4.53841614
4.53717404
4.53288194
4.52513009
4.51341979
4.47685931
4.46839155
4.46243307
4.45901943
4.45816594
4.46017391
4.46503889
4.47246119
4.48193156
4.49277398
4.50418499
4.51528409
4.52517832
4.53304265
4.53821166
4.54028187
4.53924268
4.53550217
4.5292914
4.52085987
4.46928983
4.46319828
4.45767818
4.45397186
4.45292582
4.45509309
4.46054687
4.46897226
4.47977486
4.49215272
4.50515783
4.51776217
4.52893497
4.53773812
4.54343824
4.54563464
4.54440807
4.54041984
4.5347028
4.52866976
4.46345269
4.45752695
4.45037444
4.44493091
4.44290727
4.4450993
4.45157133
4.46187672
4.47521865
4.4905549
4.50667607
4.52227976
4.53605721
4.54680326
4.5535559
4.55576919
4.55352402
4.54775316
4.54035528
4.5344659
)
;

boundaryField
{
    walls
    {
        type            zeroGradient;
    }
    mov_wall
    {
        type            zeroGradient;
    }
    empty
    {
        type            empty;
    }
}


// ************************************************************************* //
