/*--------------------------------*- C++ -*----------------------------------*\
| =========                 |                                                 |
| \\      /  F ield         | OpenFOAM: The Open Source CFD Toolbox           |
|  \\    /   O peration     | Version:  5.x                                   |
|   \\  /    A nd           | Web:      www.OpenFOAM.org                      |
|    \\/     M anipulation  |                                                 |
\*---------------------------------------------------------------------------*/
FoamFile
{
    version     2.0;
    format      ascii;
    class       surfaceScalarField;
    location    "4.2";
    object      phi;
}
// * * * * * * * * * * * * * * * * * * * * * * * * * * * * * * * * * * * * * //

dimensions      [0 3 -1 0 0 0 0];

internalField   nonuniform List<scalar> 
760
(
0.00134817618
-0.00134817773
0.00245763955
-0.00110946337
0.00313513455
-0.000677494999
0.00355971565
-0.000424581087
0.00383225127
-0.000272535621
0.00400945213
-0.000177200862
0.00412521448
-0.000115762357
0.00419921706
-7.40025715e-05
0.00424243234
-4.32152762e-05
0.00426055358
-1.81212291e-05
0.00425562235
4.93123104e-06
0.00422675777
2.88645733e-05
0.00416938939
5.73683837e-05
0.00407358504
9.58043568e-05
0.00391995094
0.000153634108
0.0036720193
0.000247931642
0.00326316023
0.000408859068
0.00257264076
0.000690519468
0.00140850173
0.00116413904
0.00140850173
-5.46955187e-05
-0.00129348221
0.000412592403
-0.00157675129
0.00103002962
-0.00129493222
0.00157871374
-0.000973265196
0.0020148326
-0.000708654474
0.00234477719
-0.000507145441
0.00258511625
-0.000356101422
0.00275126936
-0.000240155678
0.00285456775
-0.000146513665
0.00290179529
-6.53487561e-05
0.00289536658
1.13599529e-05
0.00283293034
9.13008112e-05
0.00270712572
0.000183173008
0.00250436372
0.000298566352
0.00220410987
0.00045388797
0.00178090172
0.000671139803
0.00121756799
0.0009721928
0.000552812554
0.0013552749
1.30664745e-05
0.00170388512
0.00142156821
-0.000271734767
-0.00102174743
-0.000221026759
-0.0016274593
7.13676354e-05
-0.00158732661
0.000446285501
-0.00134818306
0.000812489558
-0.00107485852
0.00112929917
-0.00082395504
0.00138207823
-0.000608880478
0.0015680078
-0.000426085253
0.00168837689
-0.000266882756
0.00174468448
-0.000121656336
0.00173678971
1.92547281e-05
0.00166213438
0.000165956151
0.00151571285
0.00032959454
0.00129125421
0.000523024994
0.000985011667
0.000760130516
0.000605009637
0.00105114184
0.0001898507
0.00138735174
-0.000160045083
0.00170517069
-0.000261640634
0.00180548067
0.00115992758
-0.00022794164
-0.00079380579
-0.000361197425
-0.0014942035
-0.000308328349
-0.00164019569
-0.000134821342
-0.00152169007
8.92092586e-05
-0.00129888912
0.000314971759
-0.00104971753
0.000513262906
-0.000807171616
0.000668299933
-0.000581122277
0.000771990248
-0.000370573073
0.000820036048
-0.000169702135
0.000809727596
2.95631874e-05
0.00073920098
0.000236482777
0.000607935629
0.000460859894
0.000419110837
0.000711849785
0.000184524296
0.000994717058
-6.71911971e-05
0.00130285734
-0.000280617556
0.00160077811
-0.000369418485
0.00179397162
-0.000246993635
0.00168305582
0.00091293395
-0.000168965251
-0.000624840539
-0.000352016253
-0.00131115249
-0.000431557778
-0.00156065416
-0.000408909089
-0.00154433876
-0.000319435291
-0.00138836292
-0.000200095288
-0.00116905753
-7.98101772e-05
-0.000927456717
2.1578166e-05
-0.000682510612
9.14286169e-05
-0.000440423523
0.000122135312
-0.000200408832
0.000109757133
4.19413703e-05
5.36456647e-05
0.000292594255
-4.27490483e-05
0.000557254616
-0.000169694071
0.000838794808
-0.000307652465
0.00113267545
-0.000423468653
0.00141867353
-0.000470024886
0.00164733435
-0.00039782483
0.00172177157
-0.000196431029
0.00148166203
0.000716502918
-0.000124192158
-0.000500648385
-0.000308335684
-0.00112700895
-0.000450494169
-0.00141849566
-0.0005232041
-0.00147162882
-0.000535391151
-0.00137617587
-0.000508160913
-0.00119628777
-0.000463156976
-0.000972460647
-0.000418061017
-0.000727606559
-0.000385619084
-0.00047286545
-0.000373912138
-0.000212115781
-0.000386727992
5.47572229e-05
-0.000423459553
0.000329325823
-0.000478356413
0.000612151488
-0.000539178304
0.000899616706
-0.000585818908
0.00117931605
-0.000590512359
0.00142336698
-0.000523085147
0.00157990715
-0.00036669909
0.00156538552
-0.000150585985
0.00126554893
0.000565916931
-9.4572945e-05
-0.000406075443
-0.000264649773
-0.00095693212
-0.000430738432
-0.00125240699
-0.000556977002
-0.00134539024
-0.000636793286
-0.00129635959
-0.000678141839
-0.00115493922
-0.000693944
-0.000956658485
-0.000696929309
-0.000724621239
-0.000697274118
-0.000472520629
-0.000701661815
-0.000207728081
-0.000712860769
6.5956172e-05
-0.000729336413
0.000345801467
-0.000744753846
0.000627568931
-0.000747580329
0.000902443202
-0.000721469922
0.00115320565
-0.00064784341
0.00134974047
-0.000512876936
0.00144494067
-0.000321206286
0.00137371488
-0.000116485702
0.00106082836
0.000449431232
-7.53437385e-05
-0.000330731703
-0.000228206833
-0.000804069027
-0.000398353692
-0.00108226013
-0.000550539566
-0.00119320436
-0.000670626501
-0.00117627264
-0.000757578399
-0.00106798732
-0.000816784873
-0.000897452015
-0.000855587505
-0.000685818604
-0.000880624351
-0.000447483769
-0.00089636037
-0.00019199205
-0.000904270131
7.38659321e-05
-0.000902360356
0.000343891684
-0.000884972245
0.000610180822
-0.000843104188
0.000860575157
-0.000765820209
0.00107592168
-0.000643664752
0.00122758501
-0.000475103953
0.00127637987
-0.000276309854
0.00117492078
-9.21328643e-05
0.000876651371
0.000357298375
-6.22883036e-05
-0.000268443391
-0.00019854133
-0.000667816006
-0.000362893675
-0.000917907781
-0.000523850754
-0.00103224727
-0.00066441526
-0.00103570812
-0.000778128958
-0.000954273618
-0.000864812219
-0.00081076876
-0.000927165523
-0.000623465304
-0.00096839973
-0.000406249555
-0.000990721251
-0.000169670513
-0.000994436401
7.75810914e-05
-0.000977525773
0.000326981052
-0.000935695036
0.000568350079
-0.000863101266
0.000787981391
-0.000754123176
0.000966943607
-0.000606626319
0.00108008817
-0.000426950417
0.00109670397
-0.000236038296
0.000984008657
-7.43490256e-05
0.0007149621
0.000282949355
-5.27689648e-05
-0.000215674414
-0.000173812793
-0.00054677218
-0.000327557418
-0.000764163161
-0.000486866003
-0.00087293868
-0.000634380212
-0.000888193903
-0.00076075788
-0.000827895936
-0.00086211669
-0.000709409948
-0.000937654796
-0.000547927206
-0.000987783266
-0.000356121088
-0.00101282399
-0.000144629773
-0.00101222279
7.69799007e-05
-0.000984240722
0.000298998993
-0.000926163091
0.000510272442
-0.00083515884
0.000696977133
-0.000709976108
0.000841760881
-0.000553597339
0.000923709414
-0.000376676985
0.000919783626
-0.000200960052
0.000808291727
-6.08626295e-05
0.000574864675
0.000222086727
-4.52979261e-05
-0.000170376479
-0.000152453972
-0.000439616127
-0.00029329962
-0.000623317516
-0.00044476312
-0.000721475185
-0.000590345863
-0.000742611156
-0.000719473374
-0.00069876841
-0.000826046362
-0.000602836946
-0.000906878232
-0.000467095336
-0.000960347606
-0.000302651723
-0.000985403181
-0.0001195742
-0.00098096318
7.25399143e-05
-0.000945732127
0.000263767957
-0.000878480046
0.000443020366
-0.000778855078
0.000597352159
-0.000648784071
0.000711689869
-0.000494403561
0.00076932891
-0.000328204159
0.000753584237
-0.00017067837
0.000650765946
-5.02806572e-05
0.000454466966
0.000171806067
-3.90621847e-05
-0.000131314293
-0.000133403796
-0.0003452745
-0.000260349968
-0.000496371339
-0.000400388976
-0.000581436182
-0.000538431209
-0.000604568929
-0.000663692797
-0.000573506815
-0.000768938057
-0.000497591668
-0.000849523088
-0.000386510294
-0.00090250095
-0.000249673864
-0.000925934119
-9.61410411e-05
-0.000918488897
6.50946933e-05
-0.000879356207
0.000224635282
-0.000808535342
0.000372199516
-0.00070750528
0.000496322101
-0.000580261705
0.000584446288
-0.00043458835
0.000623655552
-0.0002832483
0.000602244192
-0.000144573366
0.000512091023
-4.17551842e-05
0.000351648793
0.000130050881
-3.36094155e-05
-9.7704885e-05
-0.0001159735
-0.000262910399
-0.00022868588
-0.000383658945
-0.00035533114
-0.000454790919
-0.000482448495
-0.000477451581
-0.000599656657
-0.000456298658
-0.000699324739
-0.000397923576
-0.000776050481
-0.000309784533
-0.00082612763
-0.000199596706
-0.000847124146
-7.51445311e-05
-0.000837646104
5.56166422e-05
-0.000797332217
0.000184321398
-0.000727102534
0.000301969848
-0.000629656434
0.000398876015
-0.000510163478
0.000464953335
-0.000377005151
0.00049049722
-0.000242314874
0.000467553914
-0.000121978238
0.000391754393
-3.47332159e-05
0.00026440378
9.53176684e-05
-2.86574972e-05
-6.90473965e-05
-9.96602271e-05
-0.000191907662
-0.000198117
-0.000285202158
-0.000310357552
-0.000342550354
-0.00042461606
-0.000363193072
-0.000531265893
-0.000349648833
-0.000622765457
-0.000306424015
-0.000693446631
-0.000239103347
-0.000739258807
-0.000153784512
-0.000757558032
-5.68452984e-05
-0.000747003456
4.50620594e-05
-0.000707597948
0.000144915883
-0.000640884406
0.00023525631
-0.000550277065
0.000308268689
-0.000441462348
0.00035613863
-0.000322745861
0.000371780736
-0.000205166591
0.000349974642
-0.000102185447
0.000288773248
-2.880242e-05
0.000191020757
6.65152539e-05
-2.39812089e-05
-4.50661889e-05
-8.39974368e-05
-0.000131891437
-0.000168257093
-0.000200942496
-0.00026559548
-0.000245211953
-0.000365935581
-0.00026285296
-0.00046059449
-0.000254989925
-0.000542423533
-0.00022459498
-0.000605821318
-0.000175705564
-0.000646681724
-0.000112924093
-0.000662339374
-4.11876324e-05
-0.000651561327
3.42840184e-05
-0.000614612947
0.000107967497
-0.000553400644
0.000174044002
-0.000471663899
0.000226531948
-0.000375154003
0.000259628746
-0.000271701952
0.000268328696
-0.00017105886
0.000249331553
-8.44170736e-05
0.000202131462
-2.35998696e-05
0.000130203554
4.29153887e-05
-1.93492186e-05
-2.57169614e-05
-6.84700329e-05
-8.27706288e-05
-0.000138506751
-0.00013090578
-0.000220638069
-0.000163080627
-0.000306428399
-0.000177062614
-0.000388228743
-0.000173189571
-0.000459474168
-0.000153349558
-0.000514859806
-0.000120319933
-0.000550429789
-7.73541095e-05
-0.000563627556
-2.79898527e-05
-0.000553348416
2.40048939e-05
-0.000520016427
7.46355136e-05
-0.000465682618
0.000119710188
-0.000394114919
0.000154964247
-0.000310822989
0.00017633682
-0.000222941264
0.000180446981
-0.000138894622
0.000165284919
-6.78135196e-05
0.000131050363
-1.87621159e-05
8.11521509e-05
2.41532744e-05
-1.45055222e-05
-1.12114257e-05
-5.25211045e-05
-4.47550471e-05
-0.00010812281
-7.53040779e-05
-0.00017468779
-9.65156476e-05
-0.000245343231
-0.000106407165
-0.000313520804
-0.000105011985
-0.000373387889
-9.34824639e-05
-0.00042012942
-7.35784042e-05
-0.000450116073
-4.73674628e-05
-0.00046100908
-1.70968433e-05
-0.000451841626
1.48374519e-05
-0.000423096898
4.58907978e-05
-0.000376775967
7.33892619e-05
-0.000316426456
9.46147337e-05
-0.000247079556
0.000106989918
-0.000175030356
0.000108397786
-0.000107403061
9.76576323e-05
-5.14858464e-05
7.51331553e-05
-1.39146224e-05
4.35809309e-05
1.02386524e-05
-9.20279544e-06
-2.00862072e-06
-3.56847341e-05
-1.82731019e-05
-7.64355232e-05
-3.4553287e-05
-0.000126811021
-4.61401536e-05
-0.000181408064
-5.18101209e-05
-0.000234817139
-5.16029018e-05
-0.000282132216
-4.61673738e-05
-0.00031926353
-3.64470822e-05
-0.000343116508
-2.35144869e-05
-0.000351700044
-8.51331086e-06
-0.000344207015
7.34442569e-06
-0.000321084425
2.27682177e-05
-0.000284086154
3.63910014e-05
-0.000236279534
4.68081178e-05
-0.000181958578
5.2668963e-05
-0.000126403752
5.28429595e-05
-7.5428544e-05
4.66824287e-05
-3.46816286e-05
3.43862463e-05
-8.71390791e-06
1.76132163e-05
1.52474558e-06
-3.43752327e-06
1.42890433e-06
-1.80438721e-05
-3.66674476e-06
-4.3406032e-05
-9.19112048e-06
-7.64336639e-05
-1.31125212e-05
-0.000113187156
-1.50566326e-05
-0.000149665113
-1.51249437e-05
-0.00018225154
-1.35809375e-05
-0.000207952838
-1.07457722e-05
-0.000224514087
-6.95323174e-06
-0.000230484757
-2.54264172e-06
-0.000225272646
2.132312e-06
-0.000209197082
6.69265672e-06
-0.000183535355
1.07292837e-05
-0.000150536808
1.38095797e-05
-0.000113368294
1.5500453e-05
-7.59397624e-05
1.54144293e-05
-4.25472253e-05
1.3289893e-05
-1.7276739e-05
9.11576392e-06
-3.10385739e-06
3.4403403e-06
-1.57910947e-06
1.42890153e-06
-2.23784103e-06
-1.14289541e-05
-2.45414675e-05
-3.95980979e-05
-5.47230454e-05
-6.83039862e-05
-7.90497557e-05
-8.60029798e-05
-8.85456152e-05
-8.64133023e-05
-7.97206481e-05
-6.89913655e-05
-5.51817832e-05
-3.96813253e-05
-2.4266892e-05
-1.09769971e-05
-1.86123225e-06
1.57910943e-06
)
;

boundaryField
{
    walls
    {
        type            calculated;
        value           uniform 0;
    }
    mov_wall
    {
        type            calculated;
        value           uniform 0;
    }
    empty
    {
        type            empty;
        value           nonuniform 0();
    }
}


// ************************************************************************* //
