/*--------------------------------*- C++ -*----------------------------------*\
| =========                 |                                                 |
| \\      /  F ield         | OpenFOAM: The Open Source CFD Toolbox           |
|  \\    /   O peration     | Version:  5.x                                   |
|   \\  /    A nd           | Web:      www.OpenFOAM.org                      |
|    \\/     M anipulation  |                                                 |
\*---------------------------------------------------------------------------*/
FoamFile
{
    version     2.0;
    format      ascii;
    class       volVectorField;
    location    "4.2";
    object      U;
}
// * * * * * * * * * * * * * * * * * * * * * * * * * * * * * * * * * * * * * //

dimensions      [0 1 -1 0 0 0 0];

internalField   nonuniform List<vector> 
400
(
(0.291698348 0.149643899 0)
(0.388187051 0.128007736 0)
(0.557616015 0.075731844 0)
(0.674785676 0.0433044467 0)
(0.743766579 0.0251591092 0)
(0.787075012 0.0148802994 0)
(0.81546295 0.00893092241 0)
(0.833939554 0.00530992818 0)
(0.845365458 0.00289956139 0)
(0.851349261 0.00108485303 2.66527012e-34)
(0.852640746 -0.000502852701 -2.66527012e-34)
(0.849354289 -0.00216072033 0)
(0.840973368 -0.004217106 0)
(0.826113772 -0.0072209862 0)
(0.802020425 -0.0122365011 0)
(0.763538945 -0.02138921 0)
(0.69948889 -0.0388386153 0)
(0.584557334 -0.072273275 0)
(0.407900534 -0.128436308 0)
(0.300688067 -0.152947536 0)
(0.00120413478 0.287432516 0)
(0.0133208765 0.293872195 0)
(0.140044381 0.209904892 0)
(0.264971543 0.142986184 0)
(0.364177707 0.0968019975 0)
(0.440120039 0.0654411294 0)
(0.49654102 0.0439762559 0)
(0.536691052 0.0287011583 0)
(0.563274453 0.0170798549 0)
(0.578137332 0.00742308716 0)
(0.582210279 -0.00150101162 0)
(0.575515246 -0.0107977544 0)
(0.557109242 -0.0217346527 0)
(0.524912989 -0.0361396924 0)
(0.475518404 -0.0569634974 0)
(0.404326001 -0.0889771519 0)
(0.305687292 -0.139150756 0)
(0.174497788 -0.215275203 0)
(0.0341065827 -0.310801156 0)
(0.0108691556 -0.305909063 0)
(-0.0321467826 0.241773973 0)
(-0.0634304088 0.333547214 0)
(-0.0219362502 0.299502531 0)
(0.0505995834 0.240051694 0)
(0.127397346 0.183020826 0)
(0.19681858 0.135454537 0)
(0.254167078 0.0974523513 0)
(0.29808828 0.0668891761 0)
(0.328665658 0.0413758267 0)
(0.346307811 0.0187814621 -2.35797202e-33)
(0.351211302 -0.00280949041 2.35797202e-33)
(0.343126739 -0.0252950453 0)
(0.321277571 -0.0508299467 0)
(0.284432892 -0.0820948309 0)
(0.231328812 -0.122479775 0)
(0.161916758 -0.17565804 0)
(0.0798350173 -0.243208457 0)
(-0.00333734425 -0.317981961 0)
(-0.0578531354 -0.366363502 0)
(-0.031389321 -0.270690676 0)
(-0.0261204236 0.182361597 0)
(-0.0666193005 0.316884172 0)
(-0.073537814 0.330901776 0)
(-0.0481307541 0.29535294 0)
(-0.00567220789 0.244253529 0)
(0.0411124469 0.192431758 0)
(0.0845450827 0.145095052 0)
(0.120424309 0.103006638 0)
(0.146585225 0.0651543685 0)
(0.161925462 0.0298884098 2.35546741e-33)
(0.165812803 -0.00469432003 -2.35546741e-33)
(0.15779879 -0.0406696166 0)
(0.137586488 -0.0803027363 0)
(0.105285202 -0.125979579 0)
(0.0620900192 -0.179774807 0)
(0.0116092634 -0.242029716 0)
(-0.038028382 -0.307764353 0)
(-0.0720490963 -0.359579368 0)
(-0.071163919 -0.355585637 0)
(-0.0287210569 -0.209178581 0)
(-0.0176296869 0.140767927 0)
(-0.0549165575 0.281827229 0)
(-0.0828630154 0.32448439 0)
(-0.0880762501 0.312396827 0)
(-0.0751197171 0.274442004 0)
(-0.0526276525 0.226778446 0)
(-0.0275118729 0.177302832 0)
(-0.00458011415 0.129145436 0)
(0.0130234689 0.082912369 0)
(0.0233567773 0.0379330368 -2.94545754e-34)
(0.0253097304 -0.00710139152 2.94545754e-34)
(0.018415194 -0.0537995191 0)
(0.00288697385 -0.103801258 0)
(-0.0200872108 -0.158367935 0)
(-0.0477708019 -0.217530721 0)
(-0.0750614645 -0.278347553 0)
(-0.0936267122 -0.331694801 0)
(-0.0922270576 -0.357398867 0)
(-0.0635074679 -0.318879889 0)
(-0.0207312598 -0.162076724 0)
(-0.0116542814 0.111592259 0)
(-0.0431522063 0.243765286 0)
(-0.0782840089 0.299859427 0)
(-0.100579279 0.305000854 0)
(-0.108310611 0.280421286 0)
(-0.105716528 0.2403692 0)
(-0.0975361938 0.193277783 0)
(-0.0877934671 0.143545382 0)
(-0.0795352095 0.0930260843 0)
(-0.0748272351 0.0420752389 0)
(-0.0748481491 -0.00975925306 0)
(-0.079934592 -0.0632506151 0)
(-0.0895000328 -0.11903327 0)
(-0.101812884 -0.17699344 0)
(-0.113690957 -0.235297917 0)
(-0.120284787 -0.28884907 0)
(-0.115237028 -0.327084781 0)
(-0.0922711157 -0.33156655 0)
(-0.0521876277 -0.275119689 0)
(-0.0142847854 -0.127260097 0)
(-0.00803185689 0.0899680243 0)
(-0.0343052861 0.20787671 0)
(-0.070368667 0.267741375 0)
(-0.100959329 0.283509166 0)
(-0.121509124 0.269753799 0)
(-0.133061981 0.237807863 0)
(-0.138135854 0.195384138 0)
(-0.139450259 0.147216503 0)
(-0.139365681 0.0958906924 0)
(-0.139599246 0.042595767 0)
(-0.141114127 -0.0122625611 0)
(-0.144054677 -0.0685401613 0)
(-0.147657219 -0.12582459 0)
(-0.150140609 -0.182787201 0)
(-0.148667747 -0.236314551 0)
(-0.139565533 -0.280390164 0)
(-0.119015758 -0.304900544 0)
(-0.0848747428 -0.294957284 0)
(-0.0422046462 -0.232154475 0)
(-0.0100065906 -0.100709814 0)
(-0.00589819042 0.0731569085 0)
(-0.0280514415 0.175459937 0)
(-0.0624620815 0.233454983 0)
(-0.0961931181 0.254650707 0)
(-0.1237843 0.248662391 0)
(-0.14433646 0.223978336 0)
(-0.158622052 0.18707247 0)
(-0.16806956 0.142434117 0)
(-0.174171022 0.0929433487 0)
(-0.178091663 0.0403533102 0)
(-0.180456272 -0.0142245165 0)
(-0.181230018 -0.0698446715 0)
(-0.179647313 -0.125225749 0)
(-0.174205204 -0.178177557 0)
(-0.162809075 -0.224940948 0)
(-0.143212561 -0.259512831 0)
(-0.113841642 -0.2732013 0)
(-0.0753166204 -0.254896361 0)
(-0.0343188985 -0.192925776 0)
(-0.00728498519 -0.0799917705 0)
(-0.00459312274 0.0595160183 0)
(-0.0235441701 0.146542625 0)
(-0.0553429941 0.199662165 0)
(-0.0893196777 0.222701646 0)
(-0.120051824 0.221819428 0)
(-0.1456091 0.203131842 0)
(-0.165570661 0.171796561 0)
(-0.180317111 0.131775638 0)
(-0.190531085 0.085940518 0)
(-0.196813743 0.0363510166 2.97711711e-34)
(-0.199448908 -0.0153915366 -2.97711711e-34)
(-0.19827564 -0.0677566359 0)
(-0.192646163 -0.118867792 0)
(-0.181489358 -0.166059303 0)
(-0.163546093 -0.205440865 0)
(-0.137858733 -0.231577787 0)
(-0.104503398 -0.237504902 0)
(-0.0656637284 -0.215386222 0)
(-0.0281737991 -0.158249841 0)
(-0.0055106905 -0.0634668205 0)
(-0.00373314321 0.0480883428 0)
(-0.0201212342 0.120839403 0)
(-0.0490153901 0.167676449 0)
(-0.0816389823 0.190287508 0)
(-0.112989453 0.192487659 0)
(-0.140680566 0.178557141 4.67988394e-33)
(-0.163557399 0.152465459 0)
(-0.181246289 0.117555005 0)
(-0.193784182 0.0765047495 -4.74064143e-33)
(-0.201296979 0.0314710016 2.26595449e-36)
(-0.203789202 -0.0156743882 4.98649145e-36)
(-0.201035373 -0.0630555882 0)
(-0.192565936 -0.108481577 0)
(-0.177765519 -0.149141423 0)
(-0.156124912 -0.181360923 0)
(-0.127679786 -0.200524257 0)
(-0.0935645721 -0.201318532 0)
(-0.0566770458 -0.178463968 0)
(-0.0233146671 -0.128090139 0)
(-0.00429570516 -0.050043534 0)
(-0.00311504078 0.038330635 0)
(-0.0173631163 0.0980508554 0)
(-0.0433176201 0.138129971 0)
(-0.0737180772 0.158979206 0)
(-0.104104455 0.16283823 0)
(-0.131970537 0.152618187 -4.67988394e-33)
(-0.155761618 0.13129571 0)
(-0.174612865 0.101603284 0)
(-0.188100223 0.0659289993 4.74064143e-33)
(-0.195997425 0.0263693675 1.49106957e-33)
(-0.198111618 -0.015123313 -1.49832201e-33)
(-0.194204015 -0.0565442378 0)
(-0.183996562 -0.0956260319 0)
(-0.167277176 -0.129654837 0)
(-0.144124397 -0.155368911 0)
(-0.115252467 -0.169022494 0)
(-0.0823814104 -0.166713886 0)
(-0.0485941047 -0.145040221 0)
(-0.0193975963 -0.102103345 0)
(-0.00342090948 -0.0390050001 0)
(-0.00263393598 0.0299262652 0)
(-0.0150226237 0.0779301321 0)
(-0.0380974211 0.111311115 0)
(-0.065817568 0.129695799 0)
(-0.0942794761 0.134263883 0)
(-0.12104403 0.126925349 0)
(-0.144383612 0.109860575 0)
(-0.163148986 0.0852480524 0)
(-0.176619509 0.0551416439 0)
(-0.184335478 0.0214703205 2.99742868e-34)
(-0.185982942 -0.0138813596 -2.99742868e-34)
(-0.181343679 -0.0489515359 0)
(-0.170313965 -0.0815745507 0)
(-0.152999253 -0.109289264 0)
(-0.129891607 -0.129330732 0)
(-0.102114504 -0.138764243 0)
(-0.0716393833 -0.134816137 0)
(-0.0414365965 -0.115407286 0)
(-0.0161843495 -0.0798582198 0)
(-0.00276403311 -0.0298606574 0)
(-0.00223473658 0.0226800239 0)
(-0.0129541266 0.0602838598 0)
(-0.0332381477 0.0873308407 0)
(-0.0580555274 0.102954506 0)
(-0.0840353809 0.107621826 0)
(-0.108906086 0.102520713 0)
(-0.130914083 0.0892086545 0)
(-0.148775834 0.0693818714 0)
(-0.16160355 0.0447501697 0)
(-0.16880129 0.0170067388 3.00137451e-34)
(-0.169993548 -0.0121372096 -3.00137451e-34)
(-0.164999676 -0.0408861765 0)
(-0.153857538 -0.0672953724 0)
(-0.136899082 -0.0892417019 0)
(-0.114876637 -0.104468698 0)
(-0.0891189091 -0.110744415 0)
(-0.061632846 -0.106158114 0)
(-0.0351269767 -0.0895353349 0)
(-0.0135037433 -0.0609264406 0)
(-0.00225327243 -0.0222578257 0)
(-0.00188545637 0.0164662554 0)
(-0.0110624848 0.0449645398 0)
(-0.0286411423 0.0662105087 0)
(-0.0504611274 0.0790278233 0)
(-0.0736531623 0.0834123361 0)
(-0.0961641793 0.0800414936 0)
(-0.116305919 0.0699953626 0)
(-0.132763342 0.0545610918 0)
(-0.144575602 0.0351143672 0)
(-0.151082434 0.0130747394 0)
(-0.151887892 -0.0100881494 0)
(-0.146853005 -0.0328250744 0)
(-0.136119506 -0.0534823512 0)
(-0.120164257 -0.070309852 0)
(-0.0998793399 -0.0815299462 0)
(-0.076657121 -0.085492134 0)
(-0.0524122119 -0.0809235364 0)
(-0.0295300351 -0.0672469493 0)
(-0.0112185737 -0.044926663 0)
(-0.00184129766 -0.0159381044 0)
(-0.0015625178 0.0112077496 0)
(-0.00926988049 0.0318705368 0)
(-0.0242025203 0.0479368766 0)
(-0.0429884447 0.0580490743 0)
(-0.0632319132 0.061911505 0)
(-0.0831208684 0.0598559228 0)
(-0.101086248 0.0526055582 0)
(-0.115849132 0.0411071764 0)
(-0.126440928 0.0264236369 0)
(-0.132187239 0.00968561177 0)
(-0.132697632 -0.00791671033 0)
(-0.127870717 -0.0251250456 0)
(-0.117915459 -0.0406102699 0)
(-0.103386534 -0.0529974495 0)
(-0.0852272536 -0.0609386967 0)
(-0.0648019887 -0.063249687 0)
(-0.0438652633 -0.0591133829 0)
(-0.0244675017 -0.0483249881 0)
(-0.00920309371 -0.0315520057 0)
(-0.00149088406 -0.0107193779 0)
(-0.00124269121 0.00687236886 0)
(-0.00749726346 0.0209539396 0)
(-0.0197996771 0.0325014313 0)
(-0.0355241956 0.0400873015 0)
(-0.0527239633 0.0432717657 0)
(-0.0698331037 0.0421741871 0)
(-0.0854326566 0.0372606225 0)
(-0.09832517 0.0291991515 0)
(-0.107580786 0.0187673625 0)
(-0.112546722 0.0068086474 0)
(-0.112854335 -0.00578010718 0)
(-0.108431629 -0.0180487533 0)
(-0.0995214487 -0.0289997694 0)
(-0.0867021676 -0.0376160611 0)
(-0.0709039784 -0.0429246715 0)
(-0.053405494 -0.0441071854 0)
(-0.0357703089 -0.0406592862 0)
(-0.0197281046 -0.0325810776 0)
(-0.00733072878 -0.0205903302 0)
(-0.00116697617 -0.00649226802 0)
(-0.000899881965 0.00347704404 0)
(-0.00566093062 0.0122244298 0)
(-0.0152978467 0.0199179421 0)
(-0.0279091942 0.0251886551 0)
(-0.0419708365 0.0275859314 0)
(-0.0561592804 0.0271262727 0)
(-0.06922748 0.0240986762 0)
(-0.0800968163 0.0189454352 0)
(-0.0879159914 0.0121895953 0)
(-0.0920844195 0.00440206729 0)
(-0.0922681506 -0.00380767491 0)
(-0.0884155129 -0.0117927626 0)
(-0.0807724908 -0.0188748731 0)
(-0.0698942045 -0.0243659706 0)
(-0.0566454543 -0.0276151902 0)
(-0.0421770511 -0.0280887028 0)
(-0.0278468997 -0.0254864163 0)
(-0.0150887334 -0.0198866094 0)
(-0.00547449471 -0.0119313555 0)
(-0.000833547384 -0.00322197429 0)
(-0.000507507553 0.00108920821 0)
(-0.00368889128 0.00574014089 0)
(-0.0105872244 0.0102223822 0)
(-0.0199879387 0.0134022155 0)
(-0.0307552955 0.0149400967 0)
(-0.0418076558 0.01483272 0)
(-0.0521004744 0.0132501857 0)
(-0.0607205923 0.0104516816 0)
(-0.0669425821 0.00673881827 0)
(-0.0702538284 0.00243728473 0)
(-0.0703711874 -0.00210635041 0)
(-0.0672558402 -0.00652338595 0)
(-0.061126391 -0.0104252519 0)
(-0.052466497 -0.0134154682 0)
(-0.0420201072 -0.0151167102 0)
(-0.0307626622 -0.0152183496 0)
(-0.019824329 -0.0135494041 0)
(-0.0103615216 -0.0101761649 0)
(-0.00352670165 -0.00555507364 0)
(-0.000456470379 -0.000945965655 0)
(-6.44911563e-05 -0.000176241242 0)
(-0.00159898854 0.00163661748 0)
(-0.00569518738 0.00359860263 0)
(-0.0117199305 0.00501068014 0)
(-0.0188880492 0.00571684717 0)
(-0.0263913885 0.00573382903 0)
(-0.0334549878 0.00514772199 0)
(-0.0394085009 0.00407326896 0)
(-0.0437225476 0.00263489317 0)
(-0.0460238837 0.000961863088 0)
(-0.0461058234 -0.000810104035 0)
(-0.0439388714 -0.00253598922 0)
(-0.0396813834 -0.00406056201 0)
(-0.0336869561 -0.00522175484 0)
(-0.0265027365 -0.0058603041 0)
(-0.0188496256 -0.0058382954 0)
(-0.011567543 -0.00507039367 0)
(-0.00551559623 -0.00357095325 0)
(-0.00148203489 -0.00155258653 0)
(-3.10932365e-05 0.000233977912 0)
(0.000261395522 -0.000255578017 0)
(0.000151440172 0.000102073182 0)
(-0.00117495262 0.000547415738 0)
(-0.00348063109 0.000863516635 0)
(-0.00637558261 0.00102207835 0)
(-0.00946687283 0.00103797702 0)
(-0.0124000364 0.00093621807 0)
(-0.0148817773 0.000743061834 0)
(-0.0166861001 0.00048318083 0)
(-0.0176547251 0.000180088669 1.08300228e-33)
(-0.0176985202 -0.000142308064 -1.08300228e-33)
(-0.0168014862 -0.00045821869 0)
(-0.0150266294 -0.000739019435 0)
(-0.0125219008 -0.000953244551 0)
(-0.00952354887 -0.00106773182 0)
(-0.00635302362 -0.00105052538 0)
(-0.00340014953 -0.000876787703 0)
(-0.00108361531 -0.000539615967 0)
(0.000206110849 -8.25144099e-05 0)
(0.000274563736 0.000266745588 0)
)
;

boundaryField
{
    walls
    {
        type            fixedValue;
        value           uniform (0 0 0);
    }
    mov_wall
    {
        type            fixedValue;
        value           uniform (1 0 0);
    }
    empty
    {
        type            empty;
    }
}


// ************************************************************************* //
