/*--------------------------------*- C++ -*----------------------------------*\
| =========                 |                                                 |
| \\      /  F ield         | OpenFOAM: The Open Source CFD Toolbox           |
|  \\    /   O peration     | Version:  5.x                                   |
|   \\  /    A nd           | Web:      www.OpenFOAM.org                      |
|    \\/     M anipulation  |                                                 |
\*---------------------------------------------------------------------------*/
FoamFile
{
    version     2.0;
    format      ascii;
    class       volScalarField;
    location    "7.3";
    object      p;
}
// * * * * * * * * * * * * * * * * * * * * * * * * * * * * * * * * * * * * * //

dimensions      [0 2 -2 0 0 0 0];

internalField   nonuniform List<scalar> 
400
(
8.65172e-07
2.45246001
3.49432365
3.89887983
4.1066478
4.22470727
4.29429189
4.34027872
4.37633923
4.4101114
4.44676035
4.4909152
4.5476548
4.62448989
4.73479815
4.90459667
5.1823803
5.68420159
6.8413161
9.41172511
1.88670574
2.86728984
3.41988402
3.74774431
3.96518131
4.1097478
4.20767482
4.27899273
4.33674526
4.38961362
4.44424587
4.50657239
4.58333392
4.68329815
4.81972668
5.01367954
5.29402283
5.69846954
6.33841598
7.42837161
2.98207823
3.26253065
3.54233151
3.77067997
3.94570612
4.07571626
4.17322617
4.25000378
4.31527603
4.37623633
4.43892554
4.50902211
4.59257559
4.69678313
4.83085049
5.00663858
5.23632219
5.52393978
5.86049121
6.1982379
3.52778461
3.58534325
3.72178586
3.86537716
3.98906447
4.09083278
4.17461074
4.24571449
4.30952733
4.37102352
4.43477498
4.50520484
4.58678897
4.68425503
4.80245155
4.94569305
5.11574984
5.30514845
5.47833745
5.55963935
3.84421749
3.82688092
3.88518031
3.96938338
4.05222011
4.12779134
4.19566903
4.25747827
4.31592334
4.37409262
4.43506539
4.50185796
4.57733161
4.66400653
4.76350442
4.87551136
4.99635942
5.11480229
5.19584641
5.18371626
4.04550143
4.00365917
4.02142651
4.06785026
4.12138272
4.17574122
4.22885512
4.28053813
4.33186059
4.38449207
4.44027126
4.50096835
4.56804916
4.64232682
4.72332677
4.80836672
4.89180707
4.9626783
4.99308103
4.94680838
4.180586
4.13383114
4.13183914
4.15536895
4.18883384
4.22706691
4.26772718
4.30987205
4.35363773
4.39973171
4.44903864
4.5023371
4.56001917
4.62172214
4.68578581
4.74862636
4.80456007
4.84466599
4.84862493
4.79368038
4.27565879
4.23084266
4.21966027
4.2296746
4.24984608
4.27635493
4.30712246
4.34098285
4.37757873
4.41699936
4.45945176
4.5049965
4.55328543
4.60324943
4.65270531
4.69801159
4.73425892
4.75484702
4.74556072
4.69204244
4.34467433
4.30373113
4.28862905
4.29082765
4.30237646
4.32057188
4.34373015
4.37070182
4.40089306
4.43401568
4.46982856
4.50791798
4.54748364
4.58710913
4.62451353
4.65641349
4.67889384
4.68733337
4.67187943
4.62321671
4.39525936
4.3585045
4.34215716
4.33995811
4.34598914
4.35836136
4.37576108
4.39714497
4.42182518
4.44929859
4.47905083
4.51038705
4.54227431
4.5731925
4.60100026
4.62292616
4.6359958
4.63709245
4.61932481
4.57637771
4.43196357
4.39925761
4.3830543
4.37851033
4.3810656
4.38939595
4.40248735
4.41942436
4.43950184
4.46210852
4.48658211
4.51208679
4.53750797
4.56136878
4.58177598
4.59648106
4.60329439
4.60017352
4.58220576
4.54489383
4.45777637
4.42889565
4.41358023
4.40794465
4.40837926
4.41394698
4.42386399
4.4373384
4.45368798
4.47226081
4.49233058
4.51301357
4.53320649
4.55155139
4.56643292
4.57607023
4.57888541
4.57357446
4.55655511
4.52447788
4.4748273
4.44957326
4.43556125
4.42962042
4.42885277
4.43259335
4.44023523
4.45109834
4.46454283
4.47991556
4.49647704
4.51335005
4.52949093
4.54368848
4.55459183
4.56081066
4.56122701
4.55503572
4.53957308
4.51225928
4.48473029
4.46295913
4.45049296
4.44475137
4.44341654
4.4460286
4.45212222
4.46111722
4.47242274
4.48540321
4.49933065
4.51335872
4.52651952
4.53774609
4.54591801
4.54995912
4.54909348
4.54285683
4.52925519
4.50627174
4.48877393
4.47040249
4.45962054
4.45439339
4.4529273
4.45493677
4.46007852
4.46786166
4.47774162
4.48910276
4.5012325
4.51331653
4.52445577
4.53370594
4.54013454
4.54291288
4.54152303
4.53574847
4.52413438
4.50513554
4.48806132
4.47305687
4.46400917
4.45945509
4.45813114
4.45992412
4.46460526
4.47176268
4.48088692
4.49137043
4.50250245
4.51348324
4.52345807
4.53157081
4.53703038
4.53919943
4.53776232
4.53270774
4.52308348
4.50782108
4.48366847
4.47201041
4.46464075
4.46076259
4.45970184
4.46153713
4.46615356
4.47320602
4.48220066
4.49251402
4.5034096
4.51407011
4.52364736
4.53132896
4.5364156
4.53841241
4.53717031
4.53287824
4.52512641
4.51341611
4.47685556
4.46838791
4.46242945
4.45901577
4.45816219
4.46017013
4.46503516
4.47245754
4.48192794
4.49277031
4.50418125
4.51528033
4.52517461
4.533039
4.53820801
4.54027819
4.53923896
4.53549845
4.52928769
4.52085618
4.46928604
4.46319457
4.45767454
4.45396823
4.45292215
4.45508936
4.46054311
4.46896854
4.47977121
4.49214908
4.50515415
4.51775844
4.52893123
4.53773442
4.54343457
4.54563097
4.54440438
4.54041614
4.53469909
4.52866606
4.46344888
4.45752317
4.45037072
4.44492725
4.44290363
4.44509562
4.45156761
4.46187297
4.47521494
4.49055124
4.50667242
4.52227608
4.53605349
4.54679953
4.5535522
4.55576551
4.55352034
4.54774947
4.54035158
4.5344622
)
;

boundaryField
{
    walls
    {
        type            zeroGradient;
    }
    mov_wall
    {
        type            zeroGradient;
    }
    empty
    {
        type            empty;
    }
}


// ************************************************************************* //
