/*--------------------------------*- C++ -*----------------------------------*\
| =========                 |                                                 |
| \\      /  F ield         | OpenFOAM: The Open Source CFD Toolbox           |
|  \\    /   O peration     | Version:  5.x                                   |
|   \\  /    A nd           | Web:      www.OpenFOAM.org                      |
|    \\/     M anipulation  |                                                 |
\*---------------------------------------------------------------------------*/
FoamFile
{
    version     2.0;
    format      ascii;
    class       surfaceScalarField;
    location    "7.3";
    object      phi;
}
// * * * * * * * * * * * * * * * * * * * * * * * * * * * * * * * * * * * * * //

dimensions      [0 3 -1 0 0 0 0];

internalField   nonuniform List<scalar> 
760
(
0.00134817673
-0.00134817714
0.00245763983
-0.0011094631
0.00313513471
-0.000677494885
0.00355971574
-0.000424581025
0.00383225133
-0.000272535585
0.00400945217
-0.000177200843
0.00412521452
-0.000115762349
0.00419921708
-7.40025695e-05
0.00424243236
-4.32152747e-05
0.00426055359
-1.81212256e-05
0.00425562236
4.93123358e-06
0.00422675779
2.88645726e-05
0.0041693894
5.73683807e-05
0.00407358504
9.5804356e-05
0.00391995094
0.000153634111
0.0036720193
0.000247931644
0.00326316023
0.000408859065
0.00257264077
0.00069051946
0.00140850173
0.00116413904
0.00140850173
-5.46952168e-05
-0.00129348192
0.000412592704
-0.00157675102
0.00103002986
-0.00129493204
0.00157871391
-0.00097326508
0.00201483273
-0.000708654401
0.00234477728
-0.000507145394
0.00258511633
-0.000356101393
0.00275126942
-0.000240155662
0.0028545678
-0.000146513656
0.00290179533
-6.53487497e-05
0.00289536661
1.13599582e-05
0.00283293037
9.13008142e-05
0.00270712574
0.000183173008
0.00250436375
0.000298566351
0.00220410988
0.00045388797
0.00178090173
0.000671139805
0.001217568
0.000972192803
0.000552812563
0.0013552749
1.30664845e-05
0.00170388512
0.00142156821
-0.000271734634
-0.00102174729
-0.000221026562
-0.00162745909
7.13678348e-05
-0.00158732643
0.000446285678
-0.00134818293
0.000812489706
-0.00107485843
0.00112929929
-0.000823954972
0.00138207833
-0.000608880431
0.00156800789
-0.000426085222
0.00168837697
-0.000266882737
0.00174468454
-0.000121656323
0.00173678976
1.9254739e-05
0.00166213442
0.00016595616
0.00151571289
0.000329594545
0.00129125424
0.000523024995
0.00098501169
0.000760130516
0.00060500965
0.00105114184
0.000189850708
0.00138735175
-0.000160045076
0.00170517069
-0.000261640625
0.00180548067
0.00115992758
-0.000227941578
-0.000793805709
-0.000361197306
-0.00149420335
-0.000308328204
-0.00164019553
-0.000134821192
-0.00152168994
8.92093983e-05
-0.00129888902
0.00031497188
-0.00104971745
0.000513263011
-0.000807171557
0.000668300026
-0.000581122233
0.000771990332
-0.000370573043
0.00082003612
-0.000169702114
0.000809727654
2.95632039e-05
0.000739201026
0.000236482792
0.000607935671
0.000460859907
0.000419110875
0.000711849793
0.000184524328
0.000994717062
-6.71911782e-05
0.00130285735
-0.000280617547
0.00160077812
-0.00036941848
0.00179397163
-0.000246993629
0.00168305583
0.000912933948
-0.000168965218
-0.000624840494
-0.000352016184
-0.00131115239
-0.000431557679
-0.00156065403
-0.000408908974
-0.00154433864
-0.000319435172
-0.00138836282
-0.000200095176
-0.00116905745
-7.98100777e-05
-0.000927456653
2.15782553e-05
-0.00068251056
9.14287008e-05
-0.000440423484
0.000122135389
-0.000200408804
0.000109757197
4.19413911e-05
5.36457147e-05
0.000292594275
-4.27490079e-05
0.000557254635
-0.000169694033
0.000838794825
-0.000307652431
0.00113267546
-0.000423468628
0.00141867354
-0.000470024874
0.00164733436
-0.000397824826
0.00172177158
-0.000196431027
0.00148166203
0.000716502921
-0.000124192138
-0.000500648358
-0.000308335642
-0.00112700888
-0.000450494105
-0.00141849557
-0.000523204018
-0.00147162872
-0.000535391056
-0.00137617579
-0.000508160816
-0.00119628769
-0.000463156886
-0.000972460586
-0.000418060937
-0.000727606505
-0.000385619009
-0.000472865405
-0.000373912064
-0.000212115746
-0.000386727925
5.4757248e-05
-0.0004234595
0.000329325844
-0.000478356374
0.000612151511
-0.000539178271
0.00089961673
-0.000585818877
0.00117931607
-0.000590512333
0.001423367
-0.000523085131
0.00157990715
-0.000366699085
0.00156538553
-0.000150585987
0.00126554894
0.000565916938
-9.45729314e-05
-0.000406075425
-0.000264649745
-0.000956932071
-0.00043073839
-0.00125240692
-0.000556976946
-0.00134539016
-0.000636793216
-0.00129635951
-0.000678141759
-0.00115493915
-0.000693943921
-0.000956658429
-0.000696929239
-0.000724621189
-0.000697274055
-0.000472520582
-0.000701661753
-0.00020772804
-0.000712860707
6.59562031e-05
-0.000729336359
0.00034580149
-0.000744753807
0.000627568953
-0.000747580302
0.000902443228
-0.000721469899
0.00115320568
-0.000647843387
0.00134974049
-0.000512876918
0.00144494068
-0.000321206279
0.00137371489
-0.000116485705
0.00106082836
0.000449431239
-7.53437313e-05
-0.000330731689
-0.000228206814
-0.000804068993
-0.000398353663
-0.00108226008
-0.000550539528
-0.00119320429
-0.000670626453
-0.00117627258
-0.000757578339
-0.00106798726
-0.000816784806
-0.000897451965
-0.000855587442
-0.00068581856
-0.000880624298
-0.000447483725
-0.000896360323
-0.000191992007
-0.000904270082
7.386597e-05
-0.000902360306
0.000343891713
-0.000884972204
0.000610180845
-0.000843104162
0.000860575181
-0.000765820192
0.00107592171
-0.000643664737
0.00122758504
-0.000475103938
0.00127637989
-0.000276309844
0.00117492079
-9.21328628e-05
0.000876651378
0.000357298378
-6.22883039e-05
-0.000268443378
-0.000198541318
-0.00066781598
-0.000362893652
-0.000917907745
-0.000523850727
-0.00103224722
-0.000664415229
-0.00103570807
-0.000778128918
-0.000954273565
-0.000864812168
-0.000810768713
-0.000927165469
-0.000623465265
-0.000968399683
-0.000406249518
-0.000990721214
-0.000169670474
-0.000994436366
7.75811327e-05
-0.000977525734
0.000326981088
-0.000935694997
0.000568350106
-0.000863101237
0.000787981413
-0.00075412316
0.000966943632
-0.000606626309
0.0010800882
-0.000426950408
0.001096704
-0.000236038287
0.000984008675
-7.43490198e-05
0.000714962108
0.000282949355
-5.2768971e-05
-0.000215674404
-0.000173812787
-0.000546772159
-0.000327557401
-0.000764163134
-0.000486865981
-0.000872938648
-0.00063438019
-0.000888193864
-0.000760757857
-0.00082789589
-0.000862116658
-0.000709409902
-0.000937654754
-0.000547927167
-0.000987783224
-0.000356121056
-0.00101282396
-0.000144629742
-0.00101222276
7.69799382e-05
-0.000984240698
0.000298999033
-0.000926163061
0.000510272476
-0.000835158811
0.000696977159
-0.00070997609
0.000841760902
-0.000553597331
0.000923709437
-0.000376676981
0.000919783652
-0.000200960047
0.000808291748
-6.08626233e-05
0.000574864688
0.000222086728
-4.52979335e-05
-0.000170376473
-0.000152453974
-0.000439616109
-0.000293299611
-0.000623317493
-0.000444763102
-0.000721475161
-0.000590345845
-0.000742611129
-0.000719473359
-0.000698768376
-0.000826046347
-0.000602836905
-0.000906878207
-0.000467095297
-0.000960347573
-0.000302651691
-0.00098540315
-0.000119574174
-0.000980963161
7.2539943e-05
-0.000945732114
0.000263767992
-0.00087848003
0.000443020404
-0.000778855057
0.000597352191
-0.000648784051
0.000711689892
-0.00049440355
0.000769328929
-0.000328204156
0.000753584256
-0.000170678368
0.000650765966
-5.02806551e-05
0.00045446698
0.000171806072
-3.90621874e-05
-0.000131314293
-0.000133403801
-0.000345274487
-0.000260349968
-0.000496371318
-0.000400388967
-0.00058143616
-0.000538431193
-0.000604568908
-0.000663692785
-0.000573506792
-0.000768938051
-0.000497591637
-0.000849523079
-0.000386510257
-0.000902500932
-0.00024967383
-0.000925934094
-9.61410145e-05
-0.000918488876
6.50947156e-05
-0.000879356197
0.000224635308
-0.000808535336
0.00037219955
-0.00070750527
0.000496322136
-0.00058026169
0.000584446317
-0.000434588337
0.000623655572
-0.000283248293
0.000602244208
-0.000144573365
0.000512091038
-4.17551864e-05
0.000351648805
0.000130050889
-3.36094111e-05
-9.77048883e-05
-0.000115973506
-0.000262910392
-0.000228685887
-0.000383658928
-0.000355331141
-0.000454790897
-0.000482448486
-0.000477451561
-0.000599656646
-0.000456298641
-0.000699324734
-0.000397923557
-0.000776050482
-0.000309784506
-0.000826127627
-0.000199596673
-0.000847124132
-7.51445007e-05
-0.000837646085
5.56166649e-05
-0.000797332204
0.000184321417
-0.00072710253
0.000301969872
-0.000629656432
0.000398876045
-0.000510163472
0.000464953366
-0.00037700514
0.000490497244
-0.000242314865
0.00046755393
-0.000121978235
0.000391754404
-3.47332186e-05
0.000264403788
9.53176741e-05
-2.86574889e-05
-6.90473985e-05
-9.9660229e-05
-0.000191907659
-0.000198117009
-0.000285202148
-0.000310357561
-0.000342550336
-0.000424616061
-0.000363193052
-0.000531265886
-0.000349648817
-0.00062276545
-0.000306424002
-0.000693446632
-0.000239103331
-0.000739258813
-0.000153784487
-0.000757558033
-5.68452687e-05
-0.000747003446
4.50620859e-05
-0.000707597935
0.000144915902
-0.000640884398
0.000235256326
-0.000550277064
0.000308268708
-0.000441462347
0.000356138655
-0.000322745856
0.000371780761
-0.000205166584
0.00034997466
-0.000102185442
0.00028877326
-2.88024195e-05
0.000191020763
6.65152563e-05
-2.39812035e-05
-4.50661861e-05
-8.39974358e-05
-0.000131891436
-0.000168257099
-0.000200942491
-0.000265595492
-0.000245211941
-0.000365935592
-0.000262852942
-0.000460594493
-0.000254989907
-0.000542423529
-0.000224594967
-0.000605821315
-0.000175705554
-0.000646681729
-0.000112924079
-0.000662339381
-4.11876109e-05
-0.000651561329
3.4284044e-05
-0.00061461294
0.00010796752
-0.000553400635
0.000174044018
-0.000471663894
0.000226531961
-0.000375154003
0.000259628762
-0.000271701952
0.000268328714
-0.000171058857
0.000249331571
-8.44170687e-05
0.000202131474
-2.35998661e-05
0.00013020356
4.29153892e-05
-1.93492212e-05
-2.57169545e-05
-6.84700323e-05
-8.27706259e-05
-0.000138506753
-0.000130905778
-0.000220638077
-0.000163080622
-0.000306428413
-0.000177062603
-0.000388228754
-0.000173189555
-0.000459474171
-0.000153349542
-0.000514859804
-0.000120319922
-0.000550429789
-7.73541024e-05
-0.000563627562
-2.79898422e-05
-0.000553348424
2.40049112e-05
-0.00052001643
7.46355342e-05
-0.000465682613
0.000119710206
-0.000394114912
0.000154964259
-0.000310822985
0.000176336829
-0.000222941263
0.000180446992
-0.000138894621
0.000165284932
-6.78135171e-05
0.000131050374
-1.87621124e-05
8.11521576e-05
2.41532755e-05
-1.4505532e-05
-1.12114187e-05
-5.25211072e-05
-4.4755042e-05
-0.000108122811
-7.5304075e-05
-0.000174687794
-9.65156463e-05
-0.000245343241
-0.000106407161
-0.000313520817
-0.000105011975
-0.000373387899
-9.34824502e-05
-0.000420129423
-7.35783919e-05
-0.000450116071
-4.73674556e-05
-0.000461009082
-1.70968389e-05
-0.000451841633
1.48374591e-05
-0.000423096905
4.58908104e-05
-0.000376775968
7.33892768e-05
-0.000316426452
9.46147461e-05
-0.00024707955
0.000106989926
-0.000175030353
0.000108397792
-0.00010740306
9.76576387e-05
-5.14858456e-05
7.51331623e-05
-1.3914621e-05
4.35809364e-05
1.02386544e-05
-9.20280727e-06
-2.00861697e-06
-3.568474e-05
-1.82730963e-05
-7.64355263e-05
-3.45532818e-05
-0.000126811022
-4.61401512e-05
-0.000181408069
-5.18101212e-05
-0.000234817148
-5.16029008e-05
-0.000282132228
-4.61673678e-05
-0.000319263538
-3.64470725e-05
-0.00034311651
-2.35144783e-05
-0.000351700043
-8.51330655e-06
-0.000344207017
7.3444273e-06
-0.00032108443
2.2768221e-05
-0.000284086158
3.63910086e-05
-0.000236279533
4.68081269e-05
-0.000181958574
5.26689706e-05
-0.000126403747
5.28429642e-05
-7.54285411e-05
4.66824315e-05
-3.46816276e-05
3.4386249e-05
-8.71390818e-06
1.7613219e-05
1.52474739e-06
-3.43753225e-06
1.42890465e-06
-1.80438785e-05
-3.66673823e-06
-4.34060377e-05
-9.19111195e-06
-7.64336667e-05
-1.31125149e-05
-0.000113187156
-1.50566321e-05
-0.000149665115
-1.51249478e-05
-0.000182251547
-1.35809404e-05
-0.000207952846
-1.07457695e-05
-0.000224514092
-6.95322475e-06
-0.000230484758
-2.54263611e-06
-0.000225272645
2.13231253e-06
-0.000209197082
6.69265402e-06
-0.000183535357
1.07292825e-05
-0.00015053681
1.38095824e-05
-0.000113368293
1.55004581e-05
-7.59397591e-05
1.54144333e-05
-4.25472219e-05
1.32898945e-05
-1.72767373e-05
9.11576372e-06
-3.10385798e-06
3.44033989e-06
-1.57910945e-06
1.42889954e-06
-2.23784646e-06
-1.14289612e-05
-2.45414724e-05
-3.95980979e-05
-5.47230426e-05
-6.83039858e-05
-7.90497601e-05
-8.60029859e-05
-8.85456183e-05
-8.64133009e-05
-7.97206451e-05
-6.89913643e-05
-5.51817842e-05
-3.96813266e-05
-2.42668916e-05
-1.09769952e-05
-1.86123048e-06
1.57910944e-06
)
;

boundaryField
{
    walls
    {
        type            calculated;
        value           uniform 0;
    }
    mov_wall
    {
        type            calculated;
        value           uniform 0;
    }
    empty
    {
        type            empty;
        value           nonuniform 0();
    }
}


// ************************************************************************* //
