/*--------------------------------*- C++ -*----------------------------------*\
| =========                 |                                                 |
| \\      /  F ield         | OpenFOAM: The Open Source CFD Toolbox           |
|  \\    /   O peration     | Version:  5.x                                   |
|   \\  /    A nd           | Web:      www.OpenFOAM.org                      |
|    \\/     M anipulation  |                                                 |
\*---------------------------------------------------------------------------*/
FoamFile
{
    version     2.0;
    format      ascii;
    class       volVectorField;
    location    "7.3";
    object      U;
}
// * * * * * * * * * * * * * * * * * * * * * * * * * * * * * * * * * * * * * //

dimensions      [0 1 -1 0 0 0 0];

internalField   nonuniform List<vector> 
400
(
(0.291698412 0.14964383 0)
(0.388187152 0.1280077 0)
(0.557616062 0.0757318288 0)
(0.674785698 0.0433044393 0)
(0.743766593 0.0251591055 0)
(0.787075021 0.0148802977 0)
(0.815462958 0.00893092174 0)
(0.83393956 0.00530992805 0)
(0.845365462 0.00289956132 0)
(0.851349264 0.00108485285 2.66526789e-34)
(0.852640748 -0.000502852858 -2.66526789e-34)
(0.849354292 -0.00216072022 0)
(0.840973371 -0.00421710573 0)
(0.826113773 -0.00722098609 0)
(0.802020425 -0.0122365013 0)
(0.763538945 -0.0213892102 0)
(0.699488891 -0.038838615 0)
(0.584557336 -0.0722732744 0)
(0.407900534 -0.128436307 0)
(0.300688067 -0.152947536 0)
(0.00120417575 0.287432418 0)
(0.0133209488 0.293872132 0)
(0.140044435 0.209904858 0)
(0.264971582 0.142986165 0)
(0.364177736 0.0968019862 0)
(0.440120061 0.0654411229 0)
(0.496541037 0.0439762524 0)
(0.536691065 0.0287011566 0)
(0.563274464 0.017079854 0)
(0.578137341 0.00742308641 0)
(0.582210286 -0.00150101223 0)
(0.575515252 -0.0107977546 0)
(0.557109248 -0.0217346524 0)
(0.524912994 -0.0361396921 0)
(0.475518407 -0.0569634975 0)
(0.404326003 -0.0889771522 0)
(0.305687294 -0.139150756 0)
(0.17449779 -0.215275202 0)
(0.0341065839 -0.310801155 0)
(0.0108691561 -0.305909063 0)
(-0.0321467659 0.241773927 0)
(-0.0634303715 0.333547165 0)
(-0.0219362092 0.299502494 0)
(0.0505996214 0.240051668 0)
(0.127397379 0.183020809 0)
(0.196818607 0.135454525 0)
(0.2541671 0.0974523436 0)
(0.298088299 0.0668891713 0)
(0.328665674 0.0413758239 0)
(0.346307824 0.0187814602 -2.35797003e-33)
(0.351211313 -0.00280949191 2.35797003e-33)
(0.343126748 -0.0252950463 0)
(0.321277579 -0.0508299471 0)
(0.284432899 -0.0820948308 0)
(0.231328817 -0.122479775 0)
(0.161916762 -0.17565804 0)
(0.0798350195 -0.243208457 0)
(-0.00333734276 -0.317981961 0)
(-0.0578531342 -0.366363502 0)
(-0.0313893205 -0.270690675 0)
(-0.0261204165 0.182361576 0)
(-0.0666192809 0.316884137 0)
(-0.0735377864 0.330901743 0)
(-0.0481307238 0.295352912 0)
(-0.00567217863 0.244253508 0)
(0.0411124731 0.192431743 0)
(0.0845451055 0.145095041 0)
(0.120424329 0.10300663 0)
(0.146585243 0.0651543634 0)
(0.161925477 0.0298884064 2.35546542e-33)
(0.165812816 -0.00469432275 -2.35546542e-33)
(0.157798801 -0.0406696189 0)
(0.137586497 -0.0803027381 0)
(0.10528521 -0.12597958 0)
(0.0620900259 -0.179774808 0)
(0.0116092683 -0.242029717 0)
(-0.0380283792 -0.307764354 0)
(-0.0720490948 -0.359579369 0)
(-0.0711639181 -0.355585637 0)
(-0.0287210565 -0.20917858 0)
(-0.0176296836 0.140767916 0)
(-0.054916547 0.281827205 0)
(-0.082862998 0.324484363 0)
(-0.0880762282 0.312396802 0)
(-0.0751196934 0.274441983 0)
(-0.0526276292 0.22677843 0)
(-0.0275118516 0.17730282 0)
(-0.00458009509 0.129145426 0)
(0.0130234863 0.082912362 0)
(0.0233567933 0.0379330319 -2.94545507e-34)
(0.0253097445 -0.00710139531 2.94545507e-34)
(0.0184152055 -0.0537995225 0)
(0.00288698305 -0.103801261 0)
(-0.0200872029 -0.158367937 0)
(-0.0477707948 -0.217530722 0)
(-0.0750614588 -0.278347554 0)
(-0.0936267086 -0.331694802 0)
(-0.092227056 -0.357398869 0)
(-0.0635074674 -0.31887989 0)
(-0.0207312596 -0.162076724 0)
(-0.0116542797 0.111592252 0)
(-0.0431522004 0.243765268 0)
(-0.078283998 0.299859405 0)
(-0.100579264 0.305000832 0)
(-0.108310593 0.280421268 0)
(-0.105716509 0.240369185 0)
(-0.0975361749 0.19327777 0)
(-0.0877934499 0.143545372 0)
(-0.0795351938 0.0930260758 0)
(-0.0748272203 0.0420752326 0)
(-0.0748481353 -0.00975925778 0)
(-0.0799345801 -0.0632506193 0)
(-0.0895000235 -0.119033274 0)
(-0.101812877 -0.176993444 0)
(-0.113690951 -0.23529792 0)
(-0.120284782 -0.288849072 0)
(-0.115237024 -0.327084783 0)
(-0.0922711137 -0.331566551 0)
(-0.0521876274 -0.275119691 0)
(-0.0142847856 -0.127260098 0)
(-0.00803185593 0.08996802 0)
(-0.0343052825 0.207876698 0)
(-0.07036866 0.267741359 0)
(-0.100959318 0.283509148 0)
(-0.121509111 0.269753783 0)
(-0.133061966 0.237807849 0)
(-0.138135838 0.195384126 0)
(-0.139450243 0.147216492 0)
(-0.139365667 0.0958906832 0)
(-0.139599234 0.0425957594 0)
(-0.141114115 -0.0122625669 0)
(-0.144054666 -0.068540166 0)
(-0.147657209 -0.125824595 0)
(-0.150140602 -0.182787206 0)
(-0.148667742 -0.236314556 0)
(-0.139565529 -0.280390167 0)
(-0.119015754 -0.304900546 0)
(-0.0848747404 -0.294957285 0)
(-0.0422046456 -0.232154477 0)
(-0.0100065907 -0.100709815 0)
(-0.00589818998 0.0731569053 0)
(-0.0280514393 0.175459929 0)
(-0.0624620767 0.233454971 0)
(-0.0961931111 0.254650693 0)
(-0.123784291 0.248662377 0)
(-0.144336449 0.223978323 0)
(-0.15862204 0.187072459 0)
(-0.168069547 0.142434107 0)
(-0.17417101 0.0929433396 0)
(-0.178091652 0.0403533018 0)
(-0.180456263 -0.0142245234 0)
(-0.181230008 -0.0698446769 0)
(-0.179647304 -0.125225754 0)
(-0.174205197 -0.178177562 0)
(-0.16280907 -0.224940954 0)
(-0.143212558 -0.259512836 0)
(-0.113841639 -0.273201303 0)
(-0.075316618 -0.254896363 0)
(-0.0343188974 -0.192925778 0)
(-0.00728498506 -0.0799917714 0)
(-0.0045931228 0.0595160156 0)
(-0.0235441691 0.146542619 0)
(-0.0553429908 0.199662157 0)
(-0.0893196726 0.222701635 0)
(-0.120051818 0.221819416 0)
(-0.145609093 0.203131831 0)
(-0.165570652 0.171796551 0)
(-0.1803171 0.13177563 0)
(-0.190531075 0.0859405099 0)
(-0.196813734 0.0363510083 2.97711462e-34)
(-0.199448901 -0.0153915445 -2.97711462e-34)
(-0.198275633 -0.0677566425 0)
(-0.192646155 -0.118867797 0)
(-0.181489352 -0.166059308 0)
(-0.163546088 -0.205440871 0)
(-0.13785873 -0.231577792 0)
(-0.104503396 -0.237504907 0)
(-0.0656637266 -0.215386225 0)
(-0.0281737978 -0.158249843 0)
(-0.00551069009 -0.0634668209 0)
(-0.00373314365 0.0480883405 0)
(-0.0201212342 0.120839398 0)
(-0.0490153881 0.167676443 0)
(-0.0816389786 0.1902875 0)
(-0.112989449 0.19248765 0)
(-0.140680561 0.178557132 4.67987993e-33)
(-0.163557393 0.15246545 0)
(-0.181246282 0.117554997 0)
(-0.193784174 0.0765047426 -4.74063751e-33)
(-0.201296971 0.0314709945 2.26595217e-36)
(-0.203789196 -0.015674396 4.98648987e-36)
(-0.201035368 -0.0630555958 0)
(-0.192565931 -0.108481583 0)
(-0.177765514 -0.149141428 0)
(-0.156124907 -0.181360927 0)
(-0.127679783 -0.200524262 0)
(-0.0935645708 -0.201318537 0)
(-0.0566770448 -0.178463972 0)
(-0.0233146661 -0.128090141 0)
(-0.00429570474 -0.0500435342 0)
(-0.00311504129 0.0383306335 0)
(-0.0173631169 0.0980508517 0)
(-0.0433176195 0.138129966 0)
(-0.0737180748 0.1589792 0)
(-0.104104452 0.162838224 0)
(-0.131970534 0.152618179 -4.67987993e-33)
(-0.155761614 0.131295702 0)
(-0.174612861 0.101603276 0)
(-0.188100217 0.0659289929 4.74063751e-33)
(-0.195997419 0.0263693615 1.49106831e-33)
(-0.198111613 -0.0151233197 -1.49832075e-33)
(-0.194204012 -0.0565442453 0)
(-0.183996559 -0.0956260392 0)
(-0.167277172 -0.129654843 0)
(-0.144124393 -0.155368916 0)
(-0.115252464 -0.169022498 0)
(-0.0823814089 -0.166713891 0)
(-0.0485941041 -0.145040225 0)
(-0.019397596 -0.102103348 0)
(-0.00342090933 -0.0390050007 0)
(-0.00263393619 0.0299262647 0)
(-0.0150226244 0.0779301292 0)
(-0.0380974216 0.111311111 0)
(-0.0658175672 0.129695794 0)
(-0.0942794738 0.134263878 0)
(-0.121044028 0.126925343 0)
(-0.14438361 0.109860568 0)
(-0.163148984 0.085248045 0)
(-0.176619507 0.0551416374 0)
(-0.184335474 0.0214703151 2.99742621e-34)
(-0.185982938 -0.0138813649 -2.99742621e-34)
(-0.181343676 -0.0489515421 0)
(-0.170313964 -0.0815745578 0)
(-0.152999252 -0.109289271 0)
(-0.129891605 -0.129330738 0)
(-0.102114501 -0.138764247 0)
(-0.0716393813 -0.13481614 0)
(-0.0414365957 -0.115407289 0)
(-0.0161843495 -0.0798582224 0)
(-0.00276403324 -0.0298606586 0)
(-0.00223473633 0.0226800242 0)
(-0.0129541269 0.0602838578 0)
(-0.0332381488 0.0873308371 0)
(-0.0580555282 0.102954502 0)
(-0.0840353802 0.107621822 0)
(-0.108906084 0.102520709 0)
(-0.130914081 0.0892086495 0)
(-0.148775834 0.0693818651 0)
(-0.16160355 0.044750163 0)
(-0.168801288 0.017006733 3.0013721e-34)
(-0.169993545 -0.0121372143 -3.0013721e-34)
(-0.164999673 -0.0408861812 0)
(-0.153857536 -0.0672953781 0)
(-0.136899081 -0.0892417082 0)
(-0.114876636 -0.104468704 0)
(-0.0891189075 -0.11074442 0)
(-0.0616328441 -0.106158118 0)
(-0.0351269755 -0.0895353375 0)
(-0.0135037431 -0.0609264427 0)
(-0.00225327257 -0.022257827 0)
(-0.00188545589 0.0164662559 0)
(-0.0110624845 0.0449645389 0)
(-0.0286411434 0.066210506 0)
(-0.0504611291 0.0790278195 0)
(-0.0736531633 0.0834123321 0)
(-0.0961641789 0.0800414902 0)
(-0.116305918 0.0699953593 0)
(-0.132763341 0.0545610874 0)
(-0.144575602 0.0351143615 0)
(-0.151082435 0.0130747335 0)
(-0.151887892 -0.0100881544 0)
(-0.146853003 -0.0328250784 0)
(-0.136119504 -0.0534823553 0)
(-0.120164255 -0.0703098569 0)
(-0.0998793396 -0.0815299516 0)
(-0.0766571205 -0.0854921388 0)
(-0.0524122107 -0.0809235399 0)
(-0.0295300339 -0.0672469516 0)
(-0.0112185731 -0.0449266646 0)
(-0.00184129759 -0.0159381052 0)
(-0.00156251753 0.0112077495 0)
(-0.00926988018 0.0318705364 0)
(-0.0242025209 0.047936875 0)
(-0.0429884463 0.0580490714 0)
(-0.0632319152 0.0619115013 0)
(-0.0831208697 0.0598559194 0)
(-0.101086247 0.0526055555 0)
(-0.115849131 0.0411071736 0)
(-0.126440928 0.0264236331 0)
(-0.13218724 0.00968560678 0)
(-0.132697633 -0.00791671543 0)
(-0.127870717 -0.0251250498 0)
(-0.117915457 -0.0406102732 0)
(-0.103386533 -0.0529974529 0)
(-0.085227253 -0.0609387007 0)
(-0.0648019885 -0.0632496912 0)
(-0.0438652629 -0.0591133865 0)
(-0.0244675009 -0.0483249905 0)
(-0.00920309298 -0.031552007 0)
(-0.00149088381 -0.0107193783 0)
(-0.00124269144 0.00687236787 0)
(-0.00749726371 0.0209539391 0)
(-0.0197996773 0.0325014306 0)
(-0.0355241966 0.0400872998 0)
(-0.0527239653 0.0432717628 0)
(-0.069833106 0.0421741837 0)
(-0.085432658 0.0372606196 0)
(-0.0983251702 0.0291991493 0)
(-0.107580785 0.0187673603 0)
(-0.112546723 0.00680864421 0)
(-0.112854336 -0.00578011135 0)
(-0.10843163 -0.0180487575 0)
(-0.0995214485 -0.0289997728 0)
(-0.0867021665 -0.0376160638 0)
(-0.0709039774 -0.0429246741 0)
(-0.0534054935 -0.0441071884 0)
(-0.0357703086 -0.0406592891 0)
(-0.0197281042 -0.03258108 0)
(-0.00733072828 -0.0205903315 0)
(-0.00116697593 -0.00649226819 0)
(-0.000899882653 0.00347704266 0)
(-0.00566093164 0.012224429 0)
(-0.0152978472 0.0199179416 0)
(-0.0279091948 0.0251886544 0)
(-0.0419708378 0.0275859299 0)
(-0.0561592825 0.0271262702 0)
(-0.0692274823 0.0240986734 0)
(-0.0800968177 0.0189454329 0)
(-0.0879159917 0.0121895937 0)
(-0.0920844196 0.0044020657 0)
(-0.0922681513 -0.00380767735 0)
(-0.0884155141 -0.0117927658 0)
(-0.0807724915 -0.0188748763 0)
(-0.0698942042 -0.0243659731 0)
(-0.0566454533 -0.0276151921 0)
(-0.0421770502 -0.0280887046 0)
(-0.0278468992 -0.0254864182 0)
(-0.0150887331 -0.0198866112 0)
(-0.00547449451 -0.0119313567 0)
(-0.000833547285 -0.00322197458 0)
(-0.00050750832 0.0010892072 0)
(-0.00368889265 0.00574013987 0)
(-0.0105872254 0.0102223814 0)
(-0.0199879393 0.0134022151 0)
(-0.0307552961 0.0149400963 0)
(-0.0418076571 0.014832719 0)
(-0.0521004764 0.0132501839 0)
(-0.0607205942 0.0104516796 0)
(-0.0669425832 0.00673881671 0)
(-0.0702538287 0.0024372838 0)
(-0.0703711875 -0.00210635136 0)
(-0.0672558407 -0.00652338752 0)
(-0.0611263918 -0.010425254 0)
(-0.0524664974 -0.0134154703 0)
(-0.0420201068 -0.0151167118 0)
(-0.0307626614 -0.0152183507 0)
(-0.0198243282 -0.013549405 0)
(-0.0103615212 -0.0101761659 0)
(-0.00352670153 -0.00555507444 0)
(-0.000456470383 -0.000945966014 0)
(-6.44916478e-05 -0.000176241617 0)
(-0.00159898965 0.00163661657 0)
(-0.00569518856 0.00359860155 0)
(-0.0117199315 0.00501067945 0)
(-0.0188880497 0.00571684711 0)
(-0.026391389 0.00573382917 0)
(-0.0334549887 0.00514772162 0)
(-0.0394085023 0.00407326784 0)
(-0.043722549 0.00263489185 0)
(-0.0460238844 0.000961862257 0)
(-0.0461058234 -0.000810104274 0)
(-0.0439388713 -0.00253598939 0)
(-0.0396813835 -0.00406056263 0)
(-0.0336869564 -0.00522175591 0)
(-0.0265027365 -0.00586030518 0)
(-0.0188496252 -0.00583829614 0)
(-0.0115675423 -0.00507039408 0)
(-0.00551559568 -0.00357095353 0)
(-0.00148203471 -0.00155258678 0)
(-3.10932469e-05 0.000233977748 0)
(0.000261395365 -0.000255578039 0)
(0.000151439514 0.000102072803 0)
(-0.00117495379 0.000547415176 0)
(-0.00348063232 0.000863516192 0)
(-0.00637558317 0.0010220783 0)
(-0.0094668726 0.00103797728 0)
(-0.012400036 0.000936218255 0)
(-0.0148817776 0.000743061632 0)
(-0.0166861011 0.000483180335 0)
(-0.017654726 0.000180088268 1.0830014e-33)
(-0.0176985204 -0.000142308119 -1.0830014e-33)
(-0.0168014858 -0.000458218526 0)
(-0.015026629 -0.000739019376 0)
(-0.0125219007 -0.000953244761 0)
(-0.00952354908 -0.00106773218 0)
(-0.00635302372 -0.00105052566 0)
(-0.00340014931 -0.00087678781 0)
(-0.00108361495 -0.000539615967 0)
(0.000206111032 -8.25143995e-05 0)
(0.000274563749 0.000266745584 0)
)
;

boundaryField
{
    walls
    {
        type            fixedValue;
        value           uniform (0 0 0);
    }
    mov_wall
    {
        type            fixedValue;
        value           uniform (1 0 0);
    }
    empty
    {
        type            empty;
    }
}


// ************************************************************************* //
