/*--------------------------------*- C++ -*----------------------------------*\
| =========                 |                                                 |
| \\      /  F ield         | OpenFOAM: The Open Source CFD Toolbox           |
|  \\    /   O peration     | Version:  5.x                                   |
|   \\  /    A nd           | Web:      www.OpenFOAM.org                      |
|    \\/     M anipulation  |                                                 |
\*---------------------------------------------------------------------------*/
FoamFile
{
    version     2.0;
    format      ascii;
    class       volScalarField;
    location    "7.5";
    object      p;
}
// * * * * * * * * * * * * * * * * * * * * * * * * * * * * * * * * * * * * * //

dimensions      [0 2 -2 0 0 0 0];

internalField   nonuniform List<scalar> 
400
(
7.96057282e-07
2.45245992
3.49432355
3.8988797
4.10664765
4.22470714
4.2942918
4.34027866
4.37633915
4.41011125
4.44676019
4.49091509
4.54765475
4.62448983
4.73479802
4.90459649
5.18238015
5.68420153
6.84131611
9.41172513
1.88670563
2.86728974
3.41988395
3.74774423
3.96518119
4.10974765
4.20767468
4.27899265
4.33674521
4.38961353
4.44424571
4.50657222
4.58333382
4.68329812
4.81972663
5.0136794
5.29402263
5.69846936
6.33841588
7.4283716
2.9820781
3.26253052
3.54233143
3.77067992
3.94570604
4.07571612
4.17322599
4.25000365
4.31527597
4.37623629
4.43892543
4.50902193
4.59257542
4.69678305
4.83085047
5.00663852
5.23632203
5.52393958
5.86049106
6.19823785
3.5277845
3.58534309
3.72178573
3.86537709
3.98906442
4.09083269
4.17461057
4.24571432
4.30952723
4.3710235
4.43477494
4.50520469
4.58678877
4.68425489
4.80245151
4.94569304
5.11574975
5.30514827
5.47833727
5.55963924
3.84421742
3.82688078
3.88518014
3.96938326
4.05222007
4.12779131
4.19566891
4.25747808
4.31592317
4.37409256
4.43506538
4.50185789
4.57733142
4.66400632
4.76350431
4.87551135
4.99635939
5.11480218
5.19584623
5.1837161
4.04550138
4.00365907
4.02142634
4.06785009
4.12138262
4.1757412
4.22885508
4.28053798
4.33186037
4.38449192
4.44027124
4.50096835
4.56804906
4.6423266
4.72332657
4.80836663
4.89180706
4.96267826
4.9930809
4.9468082
4.18058594
4.13383109
4.13183902
4.15536875
4.18883367
4.22706685
4.26772719
4.30987199
4.35363753
4.39973148
4.44903852
4.50233711
4.56001917
4.62172199
4.68578557
4.74862617
4.80456001
4.84466598
4.84862486
4.79368024
4.27565867
4.23084263
4.21966022
4.22967445
4.24984586
4.27635477
4.30712244
4.34098287
4.37757864
4.41699913
4.45945154
4.50499643
4.55328547
4.60324941
4.65270514
4.69801135
4.73425876
4.75484696
4.74556069
4.69204236
4.34467415
4.30373106
4.28862904
4.2908276
4.30237627
4.32057163
4.34373001
4.37070184
4.40089309
4.43401555
4.46982829
4.50791777
4.5474836
4.58710917
4.62451349
4.6564133
4.67889362
4.68733321
4.67187937
4.62321668
4.39525916
4.35850435
4.34215713
4.33995812
4.34598906
4.35836113
4.37576084
4.39714488
4.42182523
4.4492986
4.47905066
4.51038678
4.54227412
4.57319248
4.6010003
4.62292611
4.63599563
4.63709225
4.61932467
4.57637764
4.43196341
4.3992574
4.38305417
4.37851033
4.38106563
4.38939584
4.40248709
4.41942412
4.43950178
4.46210859
4.4865821
4.51208659
4.5375077
4.56136861
4.58177597
4.59648108
4.60329432
4.60017336
4.58220558
4.54489369
4.45777631
4.42889545
4.41358
4.40794454
4.4083793
4.41394701
4.42386385
4.43733812
4.45368776
4.47226078
4.49233065
4.51301354
4.53320628
4.55155113
4.56643277
4.5760702
4.57888541
4.57357439
4.55655496
4.52447772
4.47482731
4.44957316
4.43556101
4.42962018
4.42885268
4.43259341
4.44023524
4.45109817
4.46454254
4.47991536
4.49647703
4.51335011
4.52949087
4.54368828
4.55459159
4.56081051
4.56122697
4.5550357
4.539573
4.51225914
4.48473028
4.46295913
4.45049282
4.44475112
4.44341631
4.44602854
4.45212229
4.46111721
4.47242254
4.48540293
4.49933047
4.51335871
4.52651956
4.53774603
4.54591782
4.54995891
4.54909334
4.54285676
4.52925514
4.50627165
4.48877383
4.4704025
4.45962054
4.45439324
4.45292703
4.45493656
4.46007848
4.46786172
4.47774158
4.48910256
4.50123224
4.51331638
4.52445575
4.53370595
4.54013446
4.54291271
4.54152284
4.53574834
4.5241343
4.50513547
4.4880611
4.4730568
4.46400921
4.45945508
4.45813097
4.45992386
4.46460507
4.47176265
4.48088696
4.49137037
4.50250225
4.513483
4.52345792
4.53157078
4.53703036
4.53919935
4.53776217
4.53270758
4.52308335
4.50782099
4.48366823
4.47201022
4.4646407
4.46076263
4.45970182
4.46153695
4.46615331
4.47320585
4.48220063
4.49251403
4.50340953
4.51406992
4.52364715
4.53132882
4.53641555
4.53841237
4.53717022
4.5328781
4.52512627
4.513416
4.47685542
4.46838768
4.46242927
4.45901572
4.45816221
4.46017008
4.46503499
4.47245732
4.4819278
4.49277027
4.50418124
4.51528025
4.52517444
4.53303882
4.53820789
4.54027811
4.5392389
4.53549835
4.52928757
4.52085606
4.46928603
4.46319441
4.45767432
4.45396806
4.45292209
4.45508935
4.46054304
4.46896838
4.47977101
4.49214895
4.5051541
4.5177584
4.52893114
4.53773427
4.54343441
4.54563085
4.54440429
4.54041605
4.53469899
4.52866595
4.46344895
4.45752314
4.45037058
4.44492705
4.44290348
4.44509556
4.45156758
4.4618729
4.47521478
4.49055107
4.50667229
4.52227601
4.53605344
4.54679945
4.55355207
4.55576537
4.55352022
4.54774937
4.54035148
4.53446209
)
;

boundaryField
{
    walls
    {
        type            zeroGradient;
    }
    mov_wall
    {
        type            zeroGradient;
    }
    empty
    {
        type            empty;
    }
}


// ************************************************************************* //
