/*--------------------------------*- C++ -*----------------------------------*\
| =========                 |                                                 |
| \\      /  F ield         | OpenFOAM: The Open Source CFD Toolbox           |
|  \\    /   O peration     | Version:  5.x                                   |
|   \\  /    A nd           | Web:      www.OpenFOAM.org                      |
|    \\/     M anipulation  |                                                 |
\*---------------------------------------------------------------------------*/
FoamFile
{
    version     2.0;
    format      ascii;
    class       surfaceScalarField;
    location    "7.5";
    object      phi;
}
// * * * * * * * * * * * * * * * * * * * * * * * * * * * * * * * * * * * * * //

dimensions      [0 3 -1 0 0 0 0];

internalField   nonuniform List<scalar> 
760
(
0.00134817674
-0.00134817712
0.00245763983
-0.00110946309
0.00313513472
-0.000677494884
0.00355971574
-0.000424581027
0.00383225133
-0.000272535585
0.00400945217
-0.000177200839
0.00412521452
-0.000115762344
0.00419921709
-7.40025687e-05
0.00424243237
-4.32152792e-05
0.00426055359
-1.812123e-05
0.00425562236
4.93123477e-06
0.00422675778
2.88645783e-05
0.0041693894
5.73683839e-05
0.00407358505
9.58043524e-05
0.00391995094
0.000153634104
0.0036720193
0.000247931642
0.00326316023
0.000408859071
0.00257264077
0.000690519469
0.00140850173
0.00116413904
0.00140850173
-5.4695209e-05
-0.00129348191
0.000412592711
-0.00157675101
0.00103002986
-0.00129493203
0.00157871392
-0.000973265078
0.00201483273
-0.000708654401
0.00234477728
-0.000507145393
0.00258511633
-0.00035610139
0.00275126943
-0.00024015566
0.00285456781
-0.000146513656
0.00290179533
-6.53487524e-05
0.00289536661
1.13599564e-05
0.00283293037
9.13008158e-05
0.00270712574
0.000183173011
0.00250436375
0.000298566352
0.00220410989
0.000453887967
0.00178090173
0.000671139802
0.00121756799
0.0009721928
0.000552812559
0.0013552749
1.30664773e-05
0.00170388512
0.00142156821
-0.000271734629
-0.00102174728
-0.000221026559
-0.00162745908
7.13678386e-05
-0.00158732643
0.000446285685
-0.00134818292
0.000812489714
-0.00107485843
0.00112929929
-0.000823954972
0.00138207833
-0.000608880429
0.00156800789
-0.000426085218
0.00168837697
-0.000266882734
0.00174468455
-0.000121656324
0.00173678977
1.92547361e-05
0.00166213442
0.000165956159
0.00151571288
0.000329594548
0.00129125424
0.000523024999
0.000985011695
0.000760130518
0.000605009656
0.00105114184
0.00018985071
0.00138735174
-0.000160045078
0.00170517069
-0.000261640633
0.00180548067
0.00115992758
-0.000227941572
-0.00079380571
-0.000361197304
-0.00149420335
-0.000308328203
-0.00164019553
-0.000134821189
-0.00152168993
8.92094054e-05
-0.00129888902
0.000314971888
-0.00104971745
0.000513263014
-0.000807171557
0.000668300024
-0.00058112223
0.000771990331
-0.000370573038
0.000820036125
-0.000169702112
0.000809727662
2.95632014e-05
0.00073920103
0.000236482789
0.000607935667
0.000460859907
0.00041911087
0.000711849797
0.000184524327
0.000994717065
-6.7191173e-05
0.00130285735
-0.000280617542
0.00160077811
-0.00036941848
0.00179397162
-0.000246993635
0.00168305583
0.000912933953
-0.000168965212
-0.000624840494
-0.00035201618
-0.00131115238
-0.00043155768
-0.00156065403
-0.000408908975
-0.00154433864
-0.000319435169
-0.00138836282
-0.000200095168
-0.00116905745
-7.98100705e-05
-0.000927456655
2.15782558e-05
-0.00068251056
9.14286965e-05
-0.00044042348
0.000122135388
-0.000200408799
0.000109757204
4.19413918e-05
5.36457228e-05
0.000292594271
-4.27490061e-05
0.000557254632
-0.000169694038
0.000838794826
-0.000307652435
0.00113267546
-0.000423468627
0.00141867354
-0.000470024869
0.00164733436
-0.000397824823
0.00172177158
-0.000196431031
0.00148166203
0.000716502924
-0.000124192135
-0.000500648356
-0.000308335637
-0.00112700888
-0.000450494102
-0.00141849557
-0.00052320402
-0.00147162872
-0.000535391058
-0.00137617578
-0.000508160812
-0.00119628769
-0.000463156876
-0.000972460588
-0.000418060931
-0.000727606508
-0.000385619012
-0.000472865404
-0.00037391207
-0.00021211574
-0.000386727925
5.47572533e-05
-0.000423459491
0.000329325844
-0.000478356366
0.000612151506
-0.000539178272
0.000899616726
-0.000585818883
0.00117931607
-0.000590512336
0.001423367
-0.000523085128
0.00157990716
-0.00036669908
0.00156538553
-0.000150585986
0.00126554894
0.000565916936
-9.45729343e-05
-0.00040607542
-0.000264649741
-0.000956932071
-0.000430738384
-0.00125240692
-0.000556976945
-0.00134539016
-0.000636793221
-0.00129635951
-0.000678141762
-0.00115493915
-0.000693943915
-0.000956658427
-0.000696929228
-0.000724621193
-0.000697274051
-0.000472520586
-0.000701661759
-0.000207728038
-0.000712860713
6.59562106e-05
-0.000729336356
0.000345801495
-0.000744753797
0.000627568952
-0.000747580296
0.000902443222
-0.000721469901
0.00115320567
-0.000647843393
0.00134974049
-0.000512876921
0.00144494069
-0.000321206275
0.00137371489
-0.000116485698
0.00106082836
0.000449431233
-7.53437398e-05
-0.000330731684
-0.000228206813
-0.00080406899
-0.000398353656
-0.00108226008
-0.000550539522
-0.0011932043
-0.000670626455
-0.00117627258
-0.000757578345
-0.00106798726
-0.000816784808
-0.000897451958
-0.000855587433
-0.000685818559
-0.000880624288
-0.000447483731
-0.000896360322
-0.000191992011
-0.00090427009
7.38659738e-05
-0.000902360311
0.000343891722
-0.0008849722
0.00061018085
-0.000843104152
0.000860575178
-0.000765820187
0.0010759217
-0.00064366474
0.00122758504
-0.000475103943
0.00127637989
-0.000276309844
0.0011749208
-9.21328569e-05
0.00087665138
0.000357298374
-6.22883124e-05
-0.000268443377
-0.000198541321
-0.000667815975
-0.000362893648
-0.000917907743
-0.000523850718
-0.00103224723
-0.000664415224
-0.00103570808
-0.000778128923
-0.000954273563
-0.000864812176
-0.000810768704
-0.000927165468
-0.000623465258
-0.000968399672
-0.00040624952
-0.000990721205
-0.000169670481
-0.000994436368
7.75811288e-05
-0.000977525743
0.000326981093
-0.000935695002
0.000568350115
-0.000863101231
0.000787981417
-0.000754123151
0.000966943628
-0.000606626307
0.00108008819
-0.000426950412
0.00109670399
-0.000236038291
0.000984008679
-7.43490196e-05
0.000714962113
0.000282949357
-5.27689726e-05
-0.000215674408
-0.000173812794
-0.000546772155
-0.000327557404
-0.000764163127
-0.000486865975
-0.000872938647
-0.00063438018
-0.000888193869
-0.000760757854
-0.000827895895
-0.000862116665
-0.000709409899
-0.000937654762
-0.000547927158
-0.000987783221
-0.00035612105
-0.00101282395
-0.000144629745
-0.00101222276
7.69799298e-05
-0.000984240702
0.00029899903
-0.000926163071
0.000510272482
-0.000835158814
0.000696977168
-0.000709976084
0.000841760906
-0.000553597324
0.000923709433
-0.00037667698
0.000919783646
-0.000200960051
0.000808291746
-6.08626288e-05
0.000574864691
0.000222086733
-4.52979254e-05
-0.000170376481
-0.000152453978
-0.000439616109
-0.000293299619
-0.000623317486
-0.000444763104
-0.000721475154
-0.000590345836
-0.000742611129
-0.000719473349
-0.000698768383
-0.000826046347
-0.00060283691
-0.000906878217
-0.000467095293
-0.00096034758
-0.000302651681
-0.000985403145
-0.000119574168
-0.000980963149
7.25399389e-05
-0.000945732108
0.000263767983
-0.000878480036
0.000443020401
-0.000778855066
0.000597352197
-0.000648784052
0.000711689901
-0.000494403544
0.000769328933
-0.00032820415
0.000753584253
-0.000170678368
0.000650765961
-5.02806608e-05
0.000454466979
0.000171806076
-3.90621746e-05
-0.000131314298
-0.000133403799
-0.000345274492
-0.000260349975
-0.000496371316
-0.000400388975
-0.000581436151
-0.000538431193
-0.000604568901
-0.000663692775
-0.000573506793
-0.000768938041
-0.000497591646
-0.000849523082
-0.000386510262
-0.000902500943
-0.000249673825
-0.0009259341
-9.61410035e-05
-0.00091848887
6.50947211e-05
-0.000879356186
0.000224635304
-0.000808535332
0.000372199541
-0.000707505276
0.000496322133
-0.000580261697
0.000584446322
-0.000434588338
0.00062365558
-0.000283248288
0.000602244211
-0.000144573362
0.000512091035
-4.17551871e-05
0.000351648802
0.000130050888
-3.36094035e-05
-9.77048856e-05
-0.000115973498
-0.000262910397
-0.000228685887
-0.000383658933
-0.000355331149
-0.000454790895
-0.000482448495
-0.000477451552
-0.000599656643
-0.000456298634
-0.000699324722
-0.000397923559
-0.000776050474
-0.000309784515
-0.000826127631
-0.000199596677
-0.000847124144
-7.51444949e-05
-0.00083764609
5.56166755e-05
-0.000797332197
0.000184321422
-0.00072710252
0.000301969867
-0.00062965643
0.000398876037
-0.000510163477
0.000464953363
-0.000377005146
0.000490497249
-0.000242314865
0.000467553936
-0.000121978231
0.000391754406
-3.47332142e-05
0.000264403787
9.53176704e-05
-2.86574934e-05
-6.90473894e-05
-9.96602224e-05
-0.00019190766
-0.000198117002
-0.000285202155
-0.000310357563
-0.000342550341
-0.000424616072
-0.000363193049
-0.000531265894
-0.000349648807
-0.000622765446
-0.000306423995
-0.00069344662
-0.000239103334
-0.000739258806
-0.000153784496
-0.000757558038
-5.68452728e-05
-0.000747003456
4.50620915e-05
-0.000707597938
0.000144915912
-0.000640884392
0.000235256331
-0.000550277057
0.000308268705
-0.000441462346
0.000356138648
-0.000322745861
0.000371780759
-0.000205166588
0.000349974664
-0.000102185441
0.000288773264
-2.88024149e-05
0.000191020765
6.65152541e-05
-2.39812172e-05
-4.5066178e-05
-8.39974356e-05
-0.00013189143
-0.00016825709
-0.000200942493
-0.000265595484
-0.000245211949
-0.000365935594
-0.000262852947
-0.000460594503
-0.000254989903
-0.000542423535
-0.000224594957
-0.00060582131
-0.000175705548
-0.000646681718
-0.000112924083
-0.000662339377
-4.11876194e-05
-0.000651561334
3.42840403e-05
-0.000614612948
0.000107967525
-0.000553400636
0.000174044026
-0.000471663889
0.000226531965
-0.000375153997
0.000259628759
-0.000271701952
0.000268328709
-0.00017105886
0.000249331569
-8.44170712e-05
0.000202131476
-2.35998653e-05
0.000130203563
4.29153901e-05
-1.93492328e-05
-2.57169544e-05
-6.84700388e-05
-8.27706185e-05
-0.00013850675
-0.000130905772
-0.000220638068
-0.000163080625
-0.000306428406
-0.000177062611
-0.000388228758
-0.00017318956
-0.000459474181
-0.000153349538
-0.000514859809
-0.000120319914
-0.000550429784
-7.73540974e-05
-0.000563627553
-2.79898456e-05
-0.000553348421
2.40049038e-05
-0.000520016435
7.4635531e-05
-0.000465682619
0.000119710209
-0.000394114913
0.000154964265
-0.000310822981
0.000176336832
-0.000222941259
0.00018044699
-0.000138894621
0.000165284928
-6.78135194e-05
0.000131050373
-1.87621149e-05
8.11521588e-05
2.41532776e-05
-1.45055317e-05
-1.12114271e-05
-5.2521115e-05
-4.47550394e-05
-0.000108122816
-7.53040672e-05
-0.00017468779
-9.65156408e-05
-0.000245343232
-0.000106407163
-0.000313520812
-0.000105011983
-0.000373387904
-9.34824547e-05
-0.000420129431
-7.35783888e-05
-0.000450116075
-4.73674482e-05
-0.000461009077
-1.70968348e-05
-0.000451841626
1.48374563e-05
-0.000423096903
4.58908045e-05
-0.000376775973
7.33892742e-05
-0.000316426456
9.46147488e-05
-0.00024707955
0.000106989931
-0.00017503035
0.000108397794
-0.000107403058
9.76576377e-05
-5.14858456e-05
7.51331602e-05
-1.39146236e-05
4.35809356e-05
1.02386554e-05
-9.20279521e-06
-2.00862742e-06
-3.56847429e-05
-1.82731008e-05
-7.6435534e-05
-3.45532797e-05
-0.000126811026
-4.61401444e-05
-0.000181408065
-5.18101157e-05
-0.000234817141
-5.16029016e-05
-0.000282132224
-4.61673736e-05
-0.000319263543
-3.64470767e-05
-0.000343116516
-2.35144764e-05
-0.000351700045
-8.51330094e-06
-0.000344207013
7.34443087e-06
-0.000321084425
2.27682195e-05
-0.000284086157
3.63910044e-05
-0.000236279536
4.68081246e-05
-0.000181958577
5.26689718e-05
-0.000126403747
5.2842967e-05
-7.54285391e-05
4.66824332e-05
-3.46816262e-05
3.43862487e-05
-8.71390882e-06
1.76132179e-05
1.52474678e-06
-3.43751662e-06
1.42889969e-06
-1.8043875e-05
-3.66675096e-06
-4.34060408e-05
-9.19112146e-06
-7.64336734e-05
-1.31125154e-05
-0.00011318716
-1.50566249e-05
-0.000149665113
-1.5124941e-05
-0.000182251541
-1.35809412e-05
-0.000207952844
-1.07457764e-05
-0.000224514096
-6.95323007e-06
-0.000230484763
-2.54263449e-06
-0.000225272646
2.13231881e-06
-0.000209197079
6.69265847e-06
-0.000183535354
1.07292814e-05
-0.000150536809
1.38095779e-05
-0.000113368294
1.55004548e-05
-7.59397609e-05
1.54144337e-05
-4.2547222e-05
1.32898969e-05
-1.72767362e-05
9.11576558e-06
-3.1038569e-06
3.44034002e-06
-1.57911031e-06
1.42890644e-06
-2.23783686e-06
-1.14289561e-05
-2.45414752e-05
-3.9598105e-05
-5.47230464e-05
-6.83039827e-05
-7.90497539e-05
-8.60029833e-05
-8.85456213e-05
-8.64133058e-05
-7.97206469e-05
-6.89913621e-05
-5.5181781e-05
-3.96813254e-05
-2.42668928e-05
-1.09769967e-05
-1.86123079e-06
1.57911032e-06
)
;

boundaryField
{
    walls
    {
        type            calculated;
        value           uniform 0;
    }
    mov_wall
    {
        type            calculated;
        value           uniform 0;
    }
    empty
    {
        type            empty;
        value           nonuniform 0();
    }
}


// ************************************************************************* //
