/*--------------------------------*- C++ -*----------------------------------*\
| =========                 |                                                 |
| \\      /  F ield         | OpenFOAM: The Open Source CFD Toolbox           |
|  \\    /   O peration     | Version:  5.x                                   |
|   \\  /    A nd           | Web:      www.OpenFOAM.org                      |
|    \\/     M anipulation  |                                                 |
\*---------------------------------------------------------------------------*/
FoamFile
{
    version     2.0;
    format      ascii;
    class       volVectorField;
    location    "7.5";
    object      U;
}
// * * * * * * * * * * * * * * * * * * * * * * * * * * * * * * * * * * * * * //

dimensions      [0 1 -1 0 0 0 0];

internalField   nonuniform List<vector> 
400
(
(0.291698414 0.149643828 0)
(0.388187155 0.128007699 0)
(0.557616063 0.0757318285 0)
(0.674785699 0.0433044394 0)
(0.743766593 0.0251591054 0)
(0.787075021 0.0148802974 0)
(0.815462957 0.00893092141 0)
(0.83393956 0.00530992803 0)
(0.845365463 0.00289956164 0)
(0.851349264 0.00108485312 2.6652678e-34)
(0.852640748 -0.000502852986 -2.6652678e-34)
(0.849354291 -0.00216072064 0)
(0.840973371 -0.00421710593 0)
(0.826113774 -0.00722098581 0)
(0.802020426 -0.0122365008 0)
(0.763538945 -0.0213892101 0)
(0.69948889 -0.0388386155 0)
(0.584557335 -0.0722732751 0)
(0.407900534 -0.128436308 0)
(0.300688068 -0.152947536 0)
(0.00120417685 0.287432415 0)
(0.0133209507 0.29387213 0)
(0.140044437 0.209904857 0)
(0.264971584 0.142986165 0)
(0.364177737 0.0968019861 0)
(0.440120062 0.0654411225 0)
(0.496541037 0.0439762518 0)
(0.536691066 0.0287011563 0)
(0.563274465 0.0170798543 0)
(0.578137342 0.00742308695 0)
(0.582210286 -0.00150101219 0)
(0.575515251 -0.0107977551 0)
(0.557109248 -0.0217346529 0)
(0.524912994 -0.036139692 0)
(0.475518408 -0.0569634969 0)
(0.404326004 -0.0889771517 0)
(0.305687293 -0.139150756 0)
(0.174497789 -0.215275203 0)
(0.0341065834 -0.310801156 0)
(0.0108691559 -0.305909063 0)
(-0.0321467653 0.241773926 0)
(-0.0634303706 0.333547163 0)
(-0.0219362084 0.299502493 0)
(0.0505996225 0.240051667 0)
(0.12739738 0.183020809 0)
(0.196818608 0.135454525 0)
(0.254167101 0.0974523431 0)
(0.298088298 0.0668891708 0)
(0.328665674 0.0413758237 0)
(0.346307825 0.0187814605 -2.35796999e-33)
(0.351211314 -0.0028094915 2.35796999e-33)
(0.343126748 -0.0252950464 0)
(0.321277578 -0.0508299476 0)
(0.284432899 -0.0820948312 0)
(0.231328818 -0.122479775 0)
(0.161916762 -0.17565804 0)
(0.07983502 -0.243208457 0)
(-0.00333734274 -0.317981961 0)
(-0.0578531347 -0.366363502 0)
(-0.0313893209 -0.270690675 0)
(-0.0261204159 0.182361576 0)
(-0.0666192802 0.316884136 0)
(-0.0735377861 0.330901741 0)
(-0.0481307234 0.295352911 0)
(-0.00567217763 0.244253508 0)
(0.0411124745 0.192431743 0)
(0.0845451064 0.145095041 0)
(0.120424329 0.10300663 0)
(0.146585243 0.0651543628 0)
(0.161925478 0.0298884063 2.3554654e-33)
(0.165812817 -0.00469432229 -2.3554654e-33)
(0.157798802 -0.0406696185 0)
(0.137586497 -0.0803027383 0)
(0.10528521 -0.12597958 0)
(0.0620900256 -0.179774808 0)
(0.0116092687 -0.242029717 0)
(-0.0380283784 -0.307764354 0)
(-0.0720490944 -0.359579369 0)
(-0.0711639185 -0.355585637 0)
(-0.0287210569 -0.209178581 0)
(-0.0176296831 0.140767916 0)
(-0.0549165462 0.281827204 0)
(-0.0828629976 0.324484362 0)
(-0.0880762281 0.312396801 0)
(-0.0751196931 0.274441983 0)
(-0.0526276281 0.22677843 0)
(-0.0275118502 0.17730282 0)
(-0.00458009442 0.129145426 0)
(0.013023486 0.0829123612 0)
(0.0233567931 0.0379330312 -2.94545505e-34)
(0.0253097451 -0.00710139518 2.94545505e-34)
(0.0184152067 -0.0537995219 0)
(0.00288698384 -0.10380126 0)
(-0.0200872032 -0.158367938 0)
(-0.0477707955 -0.217530723 0)
(-0.075061459 -0.278347554 0)
(-0.093626708 -0.331694802 0)
(-0.0922270553 -0.357398868 0)
(-0.0635074674 -0.31887989 0)
(-0.0207312599 -0.162076725 0)
(-0.0116542794 0.111592252 0)
(-0.0431521998 0.243765268 0)
(-0.0782839974 0.299859405 0)
(-0.100579264 0.305000831 0)
(-0.108310593 0.280421267 0)
(-0.105716508 0.240369185 0)
(-0.0975361737 0.19327777 0)
(-0.0877934485 0.143545372 0)
(-0.0795351934 0.0930260752 0)
(-0.0748272209 0.0420752316 0)
(-0.0748481356 -0.00975925834 0)
(-0.0799345793 -0.0632506189 0)
(-0.0895000222 -0.119033274 0)
(-0.101812876 -0.176993443 0)
(-0.113690951 -0.235297921 0)
(-0.120284783 -0.288849073 0)
(-0.115237024 -0.327084783 0)
(-0.092271113 -0.331566551 0)
(-0.0521876269 -0.27511969 0)
(-0.0142847855 -0.127260098 0)
(-0.00803185609 0.0899680192 0)
(-0.0343052823 0.207876698 0)
(-0.0703686591 0.267741359 0)
(-0.100959318 0.283509148 0)
(-0.121509112 0.269753782 0)
(-0.133061966 0.237807848 0)
(-0.138135838 0.195384126 0)
(-0.139450242 0.147216493 0)
(-0.139365666 0.0958906833 0)
(-0.139599234 0.0425957586 0)
(-0.141114116 -0.012262568 0)
(-0.144054666 -0.0685401664 0)
(-0.147657208 -0.125824594 0)
(-0.150140601 -0.182787205 0)
(-0.148667742 -0.236314556 0)
(-0.139565529 -0.280390168 0)
(-0.119015755 -0.304900547 0)
(-0.0848747403 -0.294957286 0)
(-0.0422046449 -0.232154476 0)
(-0.0100065903 -0.100709815 0)
(-0.00589819047 0.0731569043 0)
(-0.0280514397 0.175459929 0)
(-0.062462076 0.233454971 0)
(-0.0961931101 0.254650693 0)
(-0.12378429 0.248662376 0)
(-0.14433645 0.223978322 0)
(-0.15862204 0.187072458 0)
(-0.168069547 0.142434107 0)
(-0.174171009 0.0929433404 0)
(-0.178091651 0.0403533019 0)
(-0.180456263 -0.0142245244 0)
(-0.18123001 -0.0698446782 0)
(-0.179647304 -0.125225754 0)
(-0.174205196 -0.178177561 0)
(-0.162809069 -0.224940953 0)
(-0.143212558 -0.259512836 0)
(-0.113841639 -0.273201304 0)
(-0.0753166185 -0.254896364 0)
(-0.0343188971 -0.192925778 0)
(-0.00728498468 -0.0799917705 0)
(-0.0045931233 0.0595160149 0)
(-0.0235441699 0.146542618 0)
(-0.0553429907 0.199662157 0)
(-0.0893196716 0.222701636 0)
(-0.120051817 0.221819417 0)
(-0.145609093 0.20313183 0)
(-0.165570653 0.171796549 0)
(-0.180317101 0.131775629 0)
(-0.190531074 0.0859405105 0)
(-0.196813733 0.0363510093 2.97711449e-34)
(-0.1994489 -0.0153915445 -2.97711449e-34)
(-0.198275634 -0.0677566437 0)
(-0.192646156 -0.118867799 0)
(-0.181489352 -0.166059308 0)
(-0.163546087 -0.20544087 0)
(-0.137858729 -0.231577791 0)
(-0.104503396 -0.237504907 0)
(-0.0656637273 -0.215386226 0)
(-0.0281737982 -0.158249844 0)
(-0.00551069006 -0.0634668206 0)
(-0.00373314375 0.0480883408 0)
(-0.0201212348 0.120839397 0)
(-0.0490153888 0.167676442 0)
(-0.0816389783 0.1902875 0)
(-0.112989447 0.192487651 0)
(-0.14068056 0.178557132 4.67987975e-33)
(-0.163557393 0.152465449 0)
(-0.181246283 0.117554995 0)
(-0.193784175 0.0765047421 -4.74063751e-33)
(-0.20129697 0.0314709953 2.26591996e-36)
(-0.203789195 -0.015674395 4.986487e-36)
(-0.201035367 -0.0630555959 0)
(-0.192565932 -0.108481584 0)
(-0.177765515 -0.149141429 0)
(-0.156124907 -0.181360927 0)
(-0.127679782 -0.200524261 0)
(-0.09356457 -0.201318536 0)
(-0.056677045 -0.178463972 0)
(-0.0233146669 -0.128090141 0)
(-0.00429570508 -0.0500435348 0)
(-0.00311504081 0.0383306346 0)
(-0.0173631168 0.0980508513 0)
(-0.0433176204 0.138129965 0)
(-0.0737180755 0.158979199 0)
(-0.104104451 0.162838224 0)
(-0.131970532 0.15261818 -4.67987975e-33)
(-0.155761614 0.131295702 0)
(-0.174612861 0.101603275 0)
(-0.188100219 0.0659289913 4.74063751e-33)
(-0.195997419 0.0263693612 1.49106832e-33)
(-0.198111611 -0.0151233186 -1.49832073e-33)
(-0.19420401 -0.0565442442 0)
(-0.183996559 -0.0956260394 0)
(-0.167277173 -0.129654845 0)
(-0.144124394 -0.155368917 0)
(-0.115252464 -0.169022498 0)
(-0.0823814079 -0.16671389 0)
(-0.0485941036 -0.145040225 0)
(-0.0193975964 -0.102103348 0)
(-0.0034209097 -0.0390050016 0)
(-0.00263393542 0.0299262659 0)
(-0.0150226235 0.0779301296 0)
(-0.038097422 0.11131111 0)
(-0.0658175684 0.129695793 0)
(-0.0942794745 0.134263878 0)
(-0.121044027 0.126925344 0)
(-0.144383608 0.109860569 0)
(-0.163148983 0.085248045 0)
(-0.176619508 0.0551416359 0)
(-0.184335475 0.0214703136 2.99742623e-34)
(-0.185982938 -0.013881365 -2.99742623e-34)
(-0.181343674 -0.048951541 0)
(-0.170313962 -0.0815745568 0)
(-0.152999252 -0.109289271 0)
(-0.129891606 -0.129330739 0)
(-0.102114502 -0.138764248 0)
(-0.071639381 -0.13481614 0)
(-0.0414365949 -0.115407289 0)
(-0.0161843492 -0.0798582221 0)
(-0.00276403329 -0.0298606589 0)
(-0.00223473588 0.0226800243 0)
(-0.0129541258 0.0602838587 0)
(-0.0332381482 0.0873308373 0)
(-0.0580555288 0.102954501 0)
(-0.0840353816 0.107621821 0)
(-0.108906085 0.102520709 0)
(-0.13091408 0.0892086504 0)
(-0.148775832 0.0693818663 0)
(-0.161603549 0.0447501629 0)
(-0.168801289 0.0170067315 3.00137203e-34)
(-0.169993546 -0.0121372157 -3.00137203e-34)
(-0.164999672 -0.0408861812 0)
(-0.153857535 -0.067295377 0)
(-0.13689908 -0.0892417074 0)
(-0.114876636 -0.104468704 0)
(-0.0891189084 -0.110744421 0)
(-0.0616328447 -0.106158118 0)
(-0.0351269753 -0.0895353375 0)
(-0.0135037425 -0.0609264422 0)
(-0.0022532723 -0.0222578266 0)
(-0.00188545618 0.0164662547 0)
(-0.0110624842 0.0449645394 0)
(-0.0286411422 0.0662105071 0)
(-0.0504611285 0.0790278197 0)
(-0.0736531642 0.083412331 0)
(-0.0961641804 0.0800414887 0)
(-0.116305918 0.069995359 0)
(-0.13276334 0.0545610885 0)
(-0.144575601 0.0351143627 0)
(-0.151082435 0.0130747333 0)
(-0.151887893 -0.0100881558 0)
(-0.146853004 -0.0328250797 0)
(-0.136119504 -0.0534823552 0)
(-0.120164254 -0.0703098559 0)
(-0.0998793388 -0.0815299509 0)
(-0.0766571207 -0.085492139 0)
(-0.0524122115 -0.0809235407 0)
(-0.0295300342 -0.0672469522 0)
(-0.0112185728 -0.0449266645 0)
(-0.00184129731 -0.0159381047 0)
(-0.00156251838 0.0112077478 0)
(-0.00926988101 0.0318705359 0)
(-0.0242025202 0.0479368758 0)
(-0.042988445 0.0580490725 0)
(-0.0632319148 0.0619115014 0)
(-0.0831208707 0.0598559182 0)
(-0.101086249 0.0526055541 0)
(-0.115849131 0.0411071734 0)
(-0.126440927 0.0264236342 0)
(-0.132187239 0.00968560784 0)
(-0.132697633 -0.00791671563 0)
(-0.127870718 -0.0251250511 0)
(-0.117915458 -0.0406102743 0)
(-0.103386532 -0.0529974529 0)
(-0.085227252 -0.0609386999 0)
(-0.0648019879 -0.0632496907 0)
(-0.0438652631 -0.0591133867 0)
(-0.0244675013 -0.0483249911 0)
(-0.00920309316 -0.0315520073 0)
(-0.00149088376 -0.0107193781 0)
(-0.00124269216 0.00687236717 0)
(-0.00749726501 0.020953938 0)
(-0.0197996777 0.0325014303 0)
(-0.0355241957 0.0400873007 0)
(-0.052723964 0.043271764 0)
(-0.0698331057 0.0421741838 0)
(-0.0854326591 0.0372606184 0)
(-0.0983251715 0.0291991481 0)
(-0.107580785 0.0187673602 0)
(-0.112546721 0.00680864522 0)
(-0.112854335 -0.00578011043 0)
(-0.10843163 -0.0180487577 0)
(-0.0995214494 -0.0289997738 0)
(-0.0867021672 -0.0376160646 0)
(-0.0709039772 -0.0429246741 0)
(-0.0534054928 -0.0441071878 0)
(-0.0357703082 -0.0406592887 0)
(-0.0197281044 -0.03258108 0)
(-0.00733072864 -0.0205903318 0)
(-0.00116697609 -0.00649226846 0)
(-0.000899882609 0.00347704355 0)
(-0.00566093228 0.0122244282 0)
(-0.0152978483 0.0199179404 0)
(-0.0279091951 0.0251886541 0)
(-0.0419708369 0.0275859308 0)
(-0.0561592814 0.0271262712 0)
(-0.0692274822 0.0240986734 0)
(-0.0800968188 0.0189454318 0)
(-0.0879159927 0.0121895926 0)
(-0.0920844196 0.00440206564 0)
(-0.0922681504 -0.00380767649 0)
(-0.0884155133 -0.0117927651 0)
(-0.0807724916 -0.0188748764 0)
(-0.0698942049 -0.0243659739 0)
(-0.0566454538 -0.0276151927 0)
(-0.04217705 -0.0280887046 0)
(-0.0278468987 -0.0254864178 0)
(-0.0150887329 -0.0198866109 0)
(-0.00547449466 -0.0119313567 0)
(-0.000833547442 -0.0032219749 0)
(-0.000507507571 0.00108920889 0)
(-0.00368889215 0.00574014003 0)
(-0.0105872263 0.0102223805 0)
(-0.0199879404 0.013402214 0)
(-0.0307552963 0.014940096 0)
(-0.0418076562 0.0148327197 0)
(-0.0521004754 0.0132501847 0)
(-0.0607205942 0.0104516796 0)
(-0.0669425841 0.0067388159 0)
(-0.0702538294 0.00243728297 0)
(-0.0703711874 -0.00210635141 0)
(-0.0672558399 -0.00652338689 0)
(-0.0611263912 -0.0104252535 0)
(-0.0524664975 -0.0134154703 0)
(-0.0420201073 -0.0151167123 0)
(-0.0307626617 -0.0152183511 0)
(-0.0198243281 -0.0135494051 0)
(-0.0103615209 -0.0101761657 0)
(-0.00352670142 -0.0055550743 0)
(-0.000456470408 -0.000945966096 0)
(-6.44908561e-05 -0.000176240321 0)
(-0.00159898851 0.00163661767 0)
(-0.0056951885 0.00359860195 0)
(-0.0117199322 0.00501067885 0)
(-0.0188880506 0.00571684612 0)
(-0.0263913891 0.00573382881 0)
(-0.0334549881 0.00514772219 0)
(-0.0394085016 0.00407326867 0)
(-0.043722549 0.00263489203 0)
(-0.0460238851 0.000961861643 0)
(-0.046105824 -0.000810104999 0)
(-0.0439388713 -0.00253598953 0)
(-0.039681383 -0.00406056219 0)
(-0.0336869561 -0.00522175542 0)
(-0.0265027366 -0.0058603051 0)
(-0.0188496254 -0.00583829642 0)
(-0.0115675425 -0.00507039437 0)
(-0.00551559562 -0.0035709536 0)
(-0.00148203455 -0.00155258668 0)
(-3.10931814e-05 0.00023397785 0)
(0.000261395877 -0.000255577654 0)
(0.000151440859 0.000102073489 0)
(-0.00117495249 0.000547415759 0)
(-0.00348063199 0.000863516211 0)
(-0.00637558404 0.00102207781 0)
(-0.00946687368 0.00103797683 0)
(-0.0124000362 0.000936218311 0)
(-0.0148817768 0.000743062087 0)
(-0.0166861002 0.00048318068 0)
(-0.017654726 0.000180088158 1.08300137e-33)
(-0.0176985211 -0.000142308529 -1.08300137e-33)
(-0.0168014865 -0.000458218806 0)
(-0.015026629 -0.000739019297 0)
(-0.0125219002 -0.000953244475 0)
(-0.00952354863 -0.00106773199 0)
(-0.00635302368 -0.00105052569 0)
(-0.00340014955 -0.000876787966 0)
(-0.00108361514 -0.000539616069 0)
(0.000206111039 -8.25143861e-05 0)
(0.000274563798 0.000266745657 0)
)
;

boundaryField
{
    walls
    {
        type            fixedValue;
        value           uniform (0 0 0);
    }
    mov_wall
    {
        type            fixedValue;
        value           uniform (1 0 0);
    }
    empty
    {
        type            empty;
    }
}


// ************************************************************************* //
