/*--------------------------------*- C++ -*----------------------------------*\
| =========                 |                                                 |
| \\      /  F ield         | OpenFOAM: The Open Source CFD Toolbox           |
|  \\    /   O peration     | Version:  5.x                                   |
|   \\  /    A nd           | Web:      www.OpenFOAM.org                      |
|    \\/     M anipulation  |                                                 |
\*---------------------------------------------------------------------------*/
FoamFile
{
    version     2.0;
    format      ascii;
    class       volScalarField;
    location    "0.8";
    object      p;
}
// * * * * * * * * * * * * * * * * * * * * * * * * * * * * * * * * * * * * * //

dimensions      [0 2 -2 0 0 0 0];

internalField   nonuniform List<scalar> 
400
(
-2.01790367e-07
2.45225004
3.49380265
3.8980786
4.10570344
4.22379521
4.29357643
4.33988223
4.37632701
4.41048913
4.44748048
4.49189007
4.54877219
4.62563157
4.73585596
4.90548493
5.18304349
5.68461841
6.84149931
9.41171175
1.88688028
2.86725949
3.41960134
3.74725735
3.96460847
4.10923042
4.20733686
4.2789172
4.3369652
4.39011347
4.44496943
4.5074349
4.58423888
4.68415176
4.82045182
5.01422634
5.29437434
5.69863904
6.33841352
7.42816184
2.98260072
3.26278867
3.54233562
3.7704944
3.9454433
4.07550646
4.1731787
4.25018478
4.31570172
4.37687746
4.43971735
4.50987972
4.59340944
4.69751454
4.83142425
5.00703059
5.23653939
5.52400746
5.8603955
6.19787778
3.52870523
3.58593705
3.72211082
3.865512
3.98911413
4.09091808
4.17483444
4.24613716
4.31015618
4.37182644
4.43568344
4.50613479
4.58765735
4.68499556
4.80302512
4.94609179
5.1159882
5.30524378
5.47824362
5.55923679
3.84547535
3.82776396
3.88579865
3.96982545
4.05257733
4.12816973
4.19616092
4.25814167
4.31674726
4.37505946
4.43610599
4.50289302
4.57828596
4.66482625
4.76416066
4.87600236
4.99669847
5.11499329
5.19582804
5.18336029
4.04695261
4.0047261
4.0222511
4.0685266
4.12198853
4.17636439
4.22957199
4.28139385
4.33285642
4.38559789
4.44142709
4.50210412
4.56910017
4.6432468
4.72409317
4.80897782
4.89227002
4.96298851
4.99317956
4.94658336
4.18205487
4.13494957
4.13275429
4.15617325
4.18959282
4.22785058
4.26859521
4.31085799
4.35474172
4.4009234
4.45026558
4.50353839
4.56113926
4.62272136
4.68664462
4.74934153
4.80513458
4.84509434
4.8488633
4.79364819
4.27697593
4.23188238
4.22055041
4.23049636
4.25065343
4.27720174
4.30805272
4.34201907
4.37871666
4.4182102
4.46068927
4.50620806
4.55442352
4.60428021
4.65361193
4.69879114
4.73491497
4.75537975
4.74594799
4.69224
4.34570277
4.30458501
4.28939809
4.2915726
4.30313917
4.32139185
4.34463753
4.37170924
4.40199191
4.43517801
4.47101314
4.50907941
4.5485817
4.58811584
4.62541607
4.65721235
4.67959752
4.68795151
4.6724133
4.62365834
4.39591076
4.35910138
4.34273981
4.34056024
4.34663939
4.35908617
4.3765787
4.39805966
4.42282459
4.45035543
4.48012812
4.51144574
4.54328113
4.57412591
4.60185321
4.62370515
4.63671674
4.63777548
4.61999323
4.57705737
4.43220476
4.39956764
4.38342053
4.37893658
4.38156655
4.38998591
4.40317427
4.4202056
4.44036215
4.46302149
4.48751472
4.51300595
4.5383873
4.56219374
4.58254653
4.59721105
4.60400781
4.60090003
4.58298758
4.54578669
4.45762835
4.42892963
4.41373447
4.40819412
4.40872484
4.41439174
4.4244069
4.43797107
4.454393
4.473013
4.49310092
4.5137749
4.53393931
4.55224848
4.56710159
4.57673176
4.57957108
4.57432131
4.55742016
4.5255415
4.47435789
4.44937722
4.4355375
4.42971965
4.42906335
4.43290821
4.44064546
4.45159067
4.46509816
4.48051014
4.49708592
4.51395201
4.53007341
4.54425147
4.55514966
4.56139112
4.56186698
4.55577698
4.54048266
4.51343538
4.48404248
4.46260542
4.45034719
4.44474735
4.44353241
4.44624848
4.45243027
4.4614958
4.47285121
4.48585914
4.499793
4.51381212
4.52695827
4.53817713
4.54636202
4.55044906
4.54966976
4.54356321
4.5301632
4.50748891
4.48799138
4.4699787
4.45942162
4.45434556
4.4530015
4.4551097
4.46032791
4.46816552
4.47807749
4.48944908
4.50157169
4.51363875
4.524762
4.53400989
4.54046271
4.54330228
4.54201582
4.53638781
4.52499007
4.50631381
4.48731172
4.47265346
4.46382924
4.45942745
4.45822265
4.46010507
4.46484683
4.47203774
4.48117024
4.49164045
4.50274442
4.51369242
4.52364203
4.53175014
4.53723749
4.53947509
4.53814952
4.53324704
4.52383625
4.50887962
4.48306466
4.47170698
4.4645448
4.46081519
4.45986826
4.46178145
4.46643942
4.47349945
4.48247198
4.49274034
4.50357807
4.51418073
4.52371444
4.53138068
4.53649128
4.53855752
4.53742908
4.53328763
4.52573296
4.51428469
4.47647397
4.46823967
4.46246705
4.45919954
4.45845637
4.46053103
4.46541633
4.47281531
4.48222548
4.49298141
4.50429383
4.51529899
4.5251212
4.53295102
4.53813414
4.54027133
4.53934708
4.53575589
4.52972174
4.52149214
4.46914512
4.46322637
4.45788974
4.45434594
4.45341922
4.45564628
4.46109515
4.46945496
4.48014209
4.49237086
4.5052138
4.51766588
4.5287191
4.53745508
4.54315369
4.54541791
4.54431978
4.54049836
4.53495693
4.52907212
4.4634786
4.45772317
4.45080806
4.44558397
4.44371329
4.44596616
4.45240078
4.46257831
4.47571978
4.49080831
4.50666519
4.52202148
4.53560108
4.54622692
4.55295611
4.55524843
4.55317275
4.54762818
4.54046051
4.53471935
)
;

boundaryField
{
    walls
    {
        type            zeroGradient;
    }
    mov_wall
    {
        type            zeroGradient;
    }
    empty
    {
        type            empty;
    }
}


// ************************************************************************* //
