/*--------------------------------*- C++ -*----------------------------------*\
| =========                 |                                                 |
| \\      /  F ield         | OpenFOAM: The Open Source CFD Toolbox           |
|  \\    /   O peration     | Version:  5.x                                   |
|   \\  /    A nd           | Web:      www.OpenFOAM.org                      |
|    \\/     M anipulation  |                                                 |
\*---------------------------------------------------------------------------*/
FoamFile
{
    version     2.0;
    format      ascii;
    class       surfaceScalarField;
    location    "0.8";
    object      phi;
}
// * * * * * * * * * * * * * * * * * * * * * * * * * * * * * * * * * * * * * //

dimensions      [0 3 -1 0 0 0 0];

internalField   nonuniform List<scalar> 
760
(
0.00134828469
-0.00134828459
0.00245773282
-0.00110944816
0.00313499939
-0.000677266637
0.00355916323
-0.000424163797
0.00383116471
-0.000272001503
0.00400780065
-0.000176635944
0.00412304752
-0.0001152469
0.0041966471
-7.35995879e-05
0.0042396127
-4.29655882e-05
0.00425765607
-1.80433973e-05
0.004252816
4.84010864e-06
0.00422419184
2.86242162e-05
0.00416717959
5.70122638e-05
0.00407180657
9.53730214e-05
0.00391863586
0.000153170731
0.00367115756
0.00024747832
0.00326270123
0.000408456334
0.00257248957
0.000690211642
0.00140851344
0.00116397611
0.00140851343
-5.46930038e-05
-0.00129359158
0.000412295456
-0.00157643666
0.00102904355
-0.00129401482
0.00157669767
-0.000971817952
0.0020115698
-0.000706873652
0.00234020928
-0.000505275368
0.0025793436
-0.000354381167
0.0027445277
-0.000238783681
0.00284719023
-0.000145628101
0.00289416927
-6.50224377e-05
0.00288788956
1.11198377e-05
0.00282596823
9.05455495e-05
0.00270098238
0.000181998101
0.002499258
0.00029709739
0.00220016294
0.00045226577
0.00177813175
0.000669509489
0.00121588745
0.000970700625
0.000552025439
0.00135407366
1.28651585e-05
0.0017031364
0.00142137859
-0.000271931523
-0.00102166006
-0.000221892972
-0.00162647518
6.93619117e-05
-0.00158526974
0.000442763113
-0.00134521925
0.000807227203
-0.00107133774
0.00112225867
-0.00082030682
0.00137341019
-0.000605532702
0.00155802928
-0.000423402761
0.00167753011
-0.000265128889
0.00173348829
-0.000120980576
0.00172578443
1.88237512e-05
0.00165183066
0.000164499354
0.00150654761
0.00032728114
0.00128355753
0.000520087464
0.000978983603
0.000756839732
0.000600705452
0.00104778766
0.000187169875
0.00138423619
-0.000161365084
0.00170260859
-0.000262020918
0.00180379223
0.00115935769
-0.000228325141
-0.000793335013
-0.000362594781
-0.00149220554
-0.000311237367
-0.00163662708
-0.000139596187
-0.00151686042
8.23881593e-05
-0.0012933221
0.000306116765
-0.00104403546
0.000502577625
-0.000801993587
0.000656160388
-0.000576985498
0.000758896415
-0.000367864893
0.000806577923
-0.000168662106
0.000796520486
2.88811623e-05
0.000726832846
0.000234186976
0.00059691781
0.000457196171
0.000409838656
0.000707166635
0.000177244486
0.000989433934
-7.24041142e-05
0.00129743629
-0.000283875755
0.00159570781
-0.000371029264
0.00178976207
-0.00024745203
0.001680215
0.000911905685
-0.000169485614
-0.000623849403
-0.000353774457
-0.00130791669
-0.000435051259
-0.00155535027
-0.0004144443
-0.00153746739
-0.000327130406
-0.00138063599
-0.000209881664
-0.00116128416
-9.14423574e-05
-0.000920432874
8.49830938e-06
-0.000676926131
7.74412479e-05
-0.000436807844
0.00010783868
-0.000199059567
9.57790227e-05
4.09408241e-05
4.05894712e-05
0.000289376542
-5.43539097e-05
0.00055213955
-0.000179438319
0.000832251041
-0.000315281144
0.00112527676
-0.000428909864
0.001411065
-0.000473408922
0.00164020685
-0.000399487364
0.0017158405
-0.000196903348
0.001477631
0.000715002356
-0.00012476366
-0.000499085753
-0.000310213687
-0.00112246669
-0.000454140458
-0.00141142349
-0.00052886637
-0.00146274145
-0.000543128703
-0.00136637367
-0.000517861443
-0.00118655142
-0.000474552639
-0.000963741702
-0.000430748306
-0.00072073046
-0.000399099374
-0.000468456794
-0.000387614025
-0.000210544934
-0.000400061123
5.33879292e-05
-0.000435859653
0.00032517508
-0.000489331198
0.000605611086
-0.000548348793
0.000891268626
-0.000592956859
0.00116988482
-0.00059556791
0.00141367604
-0.000526202218
0.00157084115
-0.000368213807
0.0015578521
-0.00015100909
0.0012604263
0.000563993281
-9.51106755e-05
-0.000403975039
-0.000266395147
-0.000951182202
-0.000434084498
-0.0012437341
-0.000562108651
-0.00133471726
-0.000643724475
-0.00128475786
-0.000686740986
-0.0011435349
-0.000703954349
-0.000946528349
-0.000707989913
-0.000716694886
-0.000708945896
-0.000467500828
-0.000713455775
-0.00020603507
-0.000724274405
6.42065562e-05
-0.00073989271
0.000340793372
-0.000754040356
0.000619758712
-0.000755286415
0.00089251468
-0.000727419132
0.00114201754
-0.000652016447
0.00133827335
-0.000515420679
0.00143424538
-0.000322425406
0.00136485685
-0.000116819485
0.00105482038
0.000447173822
-7.57759697e-05
-0.000328199039
-0.000229600134
-0.000797357989
-0.00040100155
-0.00107233267
-0.000554561857
-0.00118115694
-0.000676007621
-0.00116331212
-0.000764194059
-0.00105534848
-0.000824422099
-0.000886300329
-0.000863962053
-0.000677154933
-0.000889399453
-0.000442063448
-0.000905167356
-0.000190267177
-0.00091273424
7.17734368e-05
-0.000910129643
0.00033818876
-0.000891747653
0.000601376706
-0.000848668655
0.000849435688
-0.000770063217
0.00106341211
-0.00064659751
0.00121480764
-0.000476860931
0.0012645088
-0.00027713463
0.00116513057
-9.2352299e-05
0.000870038038
0.000354821539
-6.25641601e-05
-0.000265634848
-0.000199423173
-0.000660498945
-0.000364551012
-0.000907204839
-0.000526336819
-0.00101937114
-0.000667698096
-0.00102195086
-0.000782113732
-0.000940932853
-0.000869356721
-0.000799057338
-0.000932091582
-0.000614420069
-0.000973503615
-0.000400651432
-0.000995784757
-0.000167986041
-0.000999241311
7.52299912e-05
-0.000981871169
0.00032081861
-0.000939416327
0.00055892186
-0.000866088831
0.0007761082
-0.000756337091
0.000953660365
-0.000608102756
0.0010665733
-0.000427796291
0.00108420233
-0.000236413525
0.000973747777
-7.44409364e-05
0.000708065424
0.000280380591
-5.28615552e-05
-0.000212773257
-0.00017409647
-0.000539263994
-0.000328063396
-0.000753237934
-0.000487580341
-0.000859854192
-0.000635263322
-0.000874267885
-0.000761758622
-0.000814437558
-0.000863180711
-0.000697635249
-0.000938728176
-0.000538872612
-0.000988813553
-0.000350566076
-0.00101376072
-0.000143038875
-0.0010130198
7.44890738e-05
-0.000984860895
0.000292659695
-0.000926584995
0.000500645962
-0.000835383761
0.000684906972
-0.00071003235
0.000828308945
-0.000553538292
0.000910079235
-0.00037657054
0.000907234559
-0.000200869616
0.000798046811
-6.08239547e-05
0.000568019747
0.000219556624
-4.52040386e-05
-0.000167569227
-0.000152126936
-0.000432341065
-0.000292630125
-0.000612734792
-0.000443671569
-0.000708812745
-0.000588789019
-0.000729150456
-0.000717448935
-0.000685777653
-0.000823593139
-0.000591491052
-0.000904071354
-0.000458394413
-0.000957289868
-0.00029734758
-0.000982214548
-0.000118114195
-0.00097777074
7.00452699e-05
-0.000942661841
0.000257550793
-0.000875650666
0.0004336348
-0.000776373392
0.000585629714
-0.000646739315
0.00069867487
-0.000492858531
0.000756198452
-0.000327181447
0.000741557453
-0.000170142213
0.000641007566
-5.01176126e-05
0.000447995158
0.000169439031
-3.87996782e-05
-0.000128769563
-0.00013252116
-0.000338619551
-0.000258607454
-0.000486648538
-0.000397645588
-0.000569774614
-0.000534639963
-0.000592156097
-0.000658896775
-0.000561520853
-0.000763262997
-0.000487124838
-0.000843164657
-0.000378492772
-0.000895706884
-0.000244805366
-0.000918983089
-9.4837983e-05
-0.000911668524
6.27307127e-05
-0.00087294225
0.000218824523
-0.000802773315
0.000363465894
-0.000702594721
0.00048545114
-0.000576341957
0.000572422112
-0.000431724547
0.00061158104
-0.000281416515
0.000591249394
-0.000143645135
0.000503236191
-4.14829085e-05
0.000345832941
0.000127956135
-3.32133048e-05
-9.55562562e-05
-0.000114646446
-0.000257186388
-0.000226078822
-0.000375216177
-0.000351248817
-0.000444604627
-0.000476837108
-0.000466567809
-0.000592594146
-0.000445763821
-0.000691007725
-0.000388711265
-0.00076677508
-0.000302725438
-0.000816263669
-0.000195316784
-0.000837084558
-7.40170821e-05
-0.000827854169
5.35003284e-05
-0.000788189359
0.000179159713
-0.000718958912
0.000294235469
-0.000622785658
0.000389277883
-0.000504741472
0.000454377915
-0.000373092995
0.000479932534
-0.000239844814
0.000458001189
-0.000120742609
0.000384133997
-3.4375492e-05
0.000259465818
9.35806222e-05
-2.81754819e-05
-6.73807678e-05
-9.8041662e-05
-0.000187320189
-0.000194933189
-0.000278324663
-0.000305368612
-0.000334169218
-0.000417756555
-0.000354179867
-0.000522633222
-0.000340887159
-0.000612603941
-0.000298740559
-0.000682123996
-0.0002332054
-0.000727234404
-0.000150206372
-0.000745344605
-5.59068681e-05
-0.000735125473
4.32811907e-05
-0.000696549909
0.00014058414
-0.000631092305
0.000228777888
-0.00054206545
0.000300251028
-0.000435028154
0.000347340643
-0.00031813998
0.000363044366
-0.000202282537
0.000342143769
-0.000100754348
0.000282605847
-2.83911739e-05
0.000187102689
6.51894625e-05
-2.34691788e-05
-4.39115997e-05
-8.22666025e-05
-0.000128522744
-0.00016483389
-0.000195757405
-0.000260206922
-0.000238796208
-0.000358499368
-0.000255887425
-0.000451209806
-0.000248176713
-0.000531355279
-0.000218595087
-0.000593474639
-0.000171086044
-0.000633566509
-0.000110114486
-0.000649026813
-4.04465537e-05
-0.000638635877
3.28902395e-05
-0.000602623697
0.000104571953
-0.000542816095
0.000168970312
-0.000462833548
0.000220268467
-0.000368279035
0.000252786142
-0.000266817049
0.000261582385
-0.000168025
0.000243351734
-8.2924158e-05
0.000197504984
-2.31742175e-05
0.000127352767
4.2015229e-05
-1.88669144e-05
-2.50446972e-05
-6.68166009e-05
-8.05730475e-05
-0.000135199787
-0.000127374252
-0.00021538443
-0.000158611591
-0.000299125068
-0.000172146781
-0.000378959742
-0.000168342013
-0.00044849734
-0.000149057472
-0.000502581552
-0.000117001825
-0.0005373683
-7.53277252e-05
-0.000550367053
-2.74478069e-05
-0.000540487965
2.30111154e-05
-0.000508117611
7.22015827e-05
-0.0004552206
0.000116073329
-0.000385436979
0.000150484849
-0.000304117845
0.000171467025
-0.000218222157
0.000175686707
-0.000135996945
0.000161126531
-6.64060912e-05
0.000127914122
-1.83667406e-05
7.9313459e-05
2.36485124e-05
-1.41118998e-05
-1.09328007e-05
-5.1127739e-05
-4.35572231e-05
-0.000105272541
-7.32294717e-05
-0.000170082329
-9.38018143e-05
-0.000238859138
-0.000103369943
-0.00030521415
-0.000101986957
-0.000363484656
-9.07869396e-05
-0.00040900205
-7.1484427e-05
-0.000438247994
-4.60817841e-05
-0.000448950048
-1.67457665e-05
-0.000440157385
1.42184366e-05
-0.000412317235
4.43614509e-05
-0.000367345749
7.11018708e-05
-0.00030866394
9.18030307e-05
-0.00024114604
0.000103949126
-0.000170914963
0.000105455628
-0.000104924643
9.51362194e-05
-5.03124134e-05
7.33019553e-05
-1.35967247e-05
4.25977422e-05
1.00517501e-05
-8.94969881e-06
-1.9831082e-06
-3.47055645e-05
-1.78013964e-05
-7.43291564e-05
-3.36058984e-05
-0.000123294108
-4.48368456e-05
-0.00017634549
-5.03185123e-05
-0.000228232256
-5.01001563e-05
-0.000274200074
-4.48191357e-05
-0.00031029031
-3.53942179e-05
-0.000333508173
-2.28639139e-05
-0.000341922965
-8.33094996e-06
-0.000334743421
7.03888998e-06
-0.000312385978
2.20040004e-05
-0.000276529653
3.52455189e-05
-0.000230128683
4.54020216e-05
-0.000177335937
5.11564295e-05
-0.000123277199
5.13969305e-05
-7.36153007e-05
4.54742745e-05
-3.38722536e-05
3.35588986e-05
-8.51716464e-06
1.72426739e-05
1.5346069e-06
-3.35534192e-06
1.37222235e-06
-1.75709929e-05
-3.58578482e-06
-4.22272845e-05
-8.94961329e-06
-7.43140442e-05
-1.27500666e-05
-0.000110003403
-1.46291317e-05
-0.000145414796
-1.46887529e-05
-0.000177046973
-1.3186945e-05
-0.00020200473
-1.04364225e-05
-0.000218107989
-6.76060567e-06
-0.000223952141
-2.48677635e-06
-0.000218958203
2.04491684e-06
-0.00020342428
6.47005756e-06
-0.00017857292
1.0394183e-05
-0.000146569122
1.33982258e-05
-0.000110472855
1.5060146e-05
-7.40754713e-05
1.49994986e-05
-4.15569276e-05
1.29557637e-05
-1.69083936e-05
8.91031832e-06
-3.05251589e-06
3.38676672e-06
-1.51790259e-06
1.3722139e-06
-2.21357926e-06
-1.11632041e-05
-2.3913279e-05
-3.85424003e-05
-5.32311402e-05
-6.6418094e-05
-7.68545273e-05
-8.3615138e-05
-8.61019269e-05
-8.4057033e-05
-7.75869767e-05
-6.71927887e-05
-5.37945681e-05
-3.87343912e-05
-2.37349212e-05
-1.07791285e-05
-1.86883777e-06
1.51790523e-06
)
;

boundaryField
{
    walls
    {
        type            calculated;
        value           uniform 0;
    }
    mov_wall
    {
        type            calculated;
        value           uniform 0;
    }
    empty
    {
        type            empty;
        value           nonuniform 0();
    }
}


// ************************************************************************* //
