/*--------------------------------*- C++ -*----------------------------------*\
| =========                 |                                                 |
| \\      /  F ield         | OpenFOAM: The Open Source CFD Toolbox           |
|  \\    /   O peration     | Version:  5.x                                   |
|   \\  /    A nd           | Web:      www.OpenFOAM.org                      |
|    \\/     M anipulation  |                                                 |
\*---------------------------------------------------------------------------*/
FoamFile
{
    version     2.0;
    format      ascii;
    class       volVectorField;
    location    "0.8";
    object      U;
}
// * * * * * * * * * * * * * * * * * * * * * * * * * * * * * * * * * * * * * //

dimensions      [0 1 -1 0 0 0 0];

internalField   nonuniform List<vector> 
400
(
(0.291712954 0.149657757 0)
(0.388214806 0.12801477 0)
(0.557619226 0.0757217213 0)
(0.674723155 0.0432786077 0)
(0.743606178 0.0251233988 0)
(0.786801362 0.0148417652 0)
(0.815078157 0.0088959702 0)
(0.833460494 0.00528335706 0)
(0.844819591 0.00288424846 0)
(0.85077001 0.00108185932 2.66559827e-34)
(0.852063058 -0.000494089771 -2.66559827e-34)
(0.848810701 -0.0021420716 0)
(0.840490893 -0.00419120221 0)
(0.825711814 -0.00719084841 0)
(0.801709842 -0.0122051407 0)
(0.763321952 -0.0213593582 0)
(0.699359451 -0.0388127854 0)
(0.584501531 -0.0722544542 0)
(0.407894775 -0.128429088 0)
(0.300694066 -0.152953123 0)
(0.00121310236 0.287460846 0)
(0.0133091028 0.293856225 0)
(0.139932858 0.209814442 0)
(0.264684428 0.142828995 0)
(0.363656932 0.0966025292 0)
(0.439336824 0.0652296879 0)
(0.495499714 0.0437819598 0)
(0.535426527 0.028547559 0)
(0.561845443 0.0169827631 0)
(0.576617963 0.00739025713 0)
(0.580681095 -0.00146970972 0)
(0.574054387 -0.0107091372 0)
(0.555785084 -0.021600511 0)
(0.523778736 -0.035974935 0)
(0.474608615 -0.0567843601 0)
(0.403654911 -0.0887998682 0)
(0.305248472 -0.138991286 0)
(0.174264761 -0.215150309 0)
(0.034028483 -0.310729532 0)
(0.0108605613 -0.305899919 0)
(-0.0321538499 0.241783387 0)
(-0.0635127243 0.333433418 0)
(-0.0222030942 0.299225271 0)
(0.0500610371 0.239632165 0)
(0.126525807 0.182512114 0)
(0.195586543 0.13492274 0)
(0.252585705 0.096962884 0)
(0.296205667 0.0664971617 0)
(0.326559792 0.0411202223 0)
(0.34407726 0.0186838489 -2.35835333e-33)
(0.348964681 -0.002745978 2.35835332e-33)
(0.340971558 -0.0250835023 0)
(0.319310565 -0.050496428 0)
(0.282732288 -0.0816742561 0)
(0.229948749 -0.122012036 0)
(0.160883612 -0.175184938 0)
(0.0791453123 -0.242772636 0)
(-0.00371756285 -0.317627526 0)
(-0.057994657 -0.366135486 0)
(-0.0314122764 -0.270620867 0)
(-0.0261440094 0.182311895 0)
(-0.0667696896 0.316598264 0)
(-0.0739469887 0.330352439 0)
(-0.0488865543 0.294584985 0)
(-0.00682735703 0.243353538 0)
(0.0395404824 0.191504991 0)
(0.0825777905 0.144246487 0)
(0.118120959 0.102326571 0)
(0.144035276 0.0647080546 0)
(0.159240249 0.0297145206 2.35592319e-33)
(0.16311577 -0.00458758079 -2.35592319e-33)
(0.155212925 -0.040301307 0)
(0.135224028 -0.0797143953 0)
(0.103238794 -0.125229102 0)
(0.0604255509 -0.178930648 0)
(0.0103603754 -0.241166054 0)
(-0.0388641268 -0.306958852 0)
(-0.0725121122 -0.358912928 0)
(-0.0713400774 -0.355139672 0)
(-0.0287517766 -0.209021074 0)
(-0.0176647868 0.140625148 0)
(-0.055113847 0.281310165 0)
(-0.0833672721 0.323602442 0)
(-0.0889693992 0.31122908 0)
(-0.076441577 0.273111712 0)
(-0.054382963 0.225429411 0)
(-0.0296689187 0.176077591 0)
(-0.00707158336 0.128167673 0)
(0.010291197 0.082274501 0)
(0.0204977053 0.0376891797 -2.94612628e-34)
(0.0224509103 -0.00693740462 2.94612628e-34)
(0.015682642 -0.0532519059 0)
(0.000396199147 -0.102926744 0)
(-0.022240142 -0.15724832 0)
(-0.0495173231 -0.216265213 0)
(-0.0763673792 -0.277046519 0)
(-0.0944966352 -0.330475816 0)
(-0.0927064239 -0.356384358 0)
(-0.0636886401 -0.318191588 0)
(-0.0207623895 -0.161823043 0)
(-0.0116943125 0.111336962 0)
(-0.0433668478 0.242986296 0)
(-0.0788173748 0.298617984 0)
(-0.101503284 0.303417908 0)
(-0.109652152 0.278658459 0)
(-0.107469269 0.238606572 0)
(-0.0996616506 0.191691528 0)
(-0.0902234206 0.142288533 0)
(-0.0821781689 0.0922150048 0)
(-0.0775744521 0.0417775668 0)
(-0.077581045 -0.00952474505 0)
(-0.082535301 -0.0625131323 0)
(-0.0918605504 -0.117864229 0)
(-0.103843807 -0.175498267 0)
(-0.115329571 -0.233606875 0)
(-0.121501926 -0.287109527 0)
(-0.116041342 -0.325455062 0)
(-0.0927100828 -0.330210215 0)
(-0.0523510782 -0.274196755 0)
(-0.014311922 -0.126914631 0)
(-0.00807023421 0.0895985613 0)
(-0.0345066762 0.206838934 0)
(-0.0708618833 0.26615396 0)
(-0.10180277 0.281536898 0)
(-0.122718616 0.267595146 0)
(-0.134624301 0.235675112 0)
(-0.140011507 0.193481846 0)
(-0.141576585 0.145721761 0)
(-0.141661621 0.0949376589 0)
(-0.141970581 0.0422642331 0)
(-0.143459833 -0.0119503762 0)
(-0.146274776 -0.0676186415 0)
(-0.149660667 -0.124378985 0)
(-0.151853058 -0.180944858 0)
(-0.150038778 -0.234234834 0)
(-0.140574587 -0.278254858 0)
(-0.119675373 -0.302905008 0)
(-0.0852301423 -0.293301067 0)
(-0.0423345114 -0.231029239 0)
(-0.0100272954 -0.100287046 0)
(-0.0059293935 0.0726878523 0)
(-0.0282132394 0.174199236 0)
(-0.0628546085 0.231574505 0)
(-0.0968579745 0.252354838 0)
(-0.12472834 0.246181119 0)
(-0.145544233 0.221549842 0)
(-0.160059157 0.18492296 0)
(-0.169685622 0.140758375 0)
(-0.175903191 0.0918885499 0)
(-0.179868399 0.0400075868 0)
(-0.182201914 -0.0138370276 0)
(-0.182870354 -0.0687632821 0)
(-0.181115583 -0.123547711 0)
(-0.175448193 -0.176048997 0)
(-0.163792768 -0.222545885 0)
(-0.143926485 -0.257061633 0)
(-0.114300606 -0.270918972 0)
(-0.0755590082 -0.253009703 0)
(-0.0344050022 -0.191648546 0)
(-0.00729794139 -0.0795127004 0)
(-0.00461329377 0.0589744776 0)
(-0.02364744 0.145121219 0)
(-0.0555906093 0.197573648 0)
(-0.0897337873 0.220180377 0)
(-0.120631978 0.21911812 0)
(-0.146341477 0.200506198 0)
(-0.16643106 0.169486573 0)
(-0.181273148 0.129986893 0)
(-0.191544224 0.0848280138 0)
(-0.197841292 0.0360074874 2.97789934e-34)
(-0.200446484 -0.0149414303 -2.97789934e-34)
(-0.199200365 -0.0665563495 0)
(-0.193460393 -0.11702374 0)
(-0.182164627 -0.163731655 0)
(-0.164066709 -0.20283168 0)
(-0.138224192 -0.228917654 0)
(-0.104728591 -0.235038574 0)
(-0.0657763453 -0.213356895 0)
(-0.0282106908 -0.156882361 0)
(-0.00551531815 -0.0629561806 0)
(-0.00374028735 0.0475092837 0)
(-0.0201558002 0.11933664 0)
(-0.049093882 0.165486064 0)
(-0.0817625674 0.187660456 0)
(-0.113151455 0.189688065 0)
(-0.140871275 0.175848331 4.68058331e-33)
(-0.163766078 0.150092556 0)
(-0.181462151 0.115727158 0)
(-0.193996712 0.0753793466 -4.74163242e-33)
(-0.201495935 0.0311419503 2.28792894e-36)
(-0.203964798 -0.0151829494 4.96987396e-36)
(-0.201178953 -0.0617898704 0)
(-0.192671184 -0.106553374 0)
(-0.177829973 -0.146718884 0)
(-0.156151305 -0.178655985 0)
(-0.127676493 -0.197777785 0)
(-0.0935445189 -0.198783838 0)
(-0.0566547242 -0.176388998 0)
(-0.0233009882 -0.126699533 0)
(-0.00429198578 -0.0495276204 0)
(-0.00310894882 0.0377519955 0)
(-0.0173275918 0.0965529583 0)
(-0.0432233875 0.135952483 0)
(-0.0735452241 0.156374535 0)
(-0.103840665 0.160069405 0)
(-0.131611177 0.149945544 -4.68058331e-33)
(-0.155310511 0.128960518 0)
(-0.174081869 0.0998109443 0)
(-0.187507752 0.0648339141 4.74163242e-33)
(-0.195366378 0.0260634515 1.49139347e-33)
(-0.197467207 -0.014617134 -1.49865127e-33)
(-0.193571877 -0.0552730363 0)
(-0.183401348 -0.0937025267 0)
(-0.166741573 -0.127248299 0)
(-0.143668232 -0.152692213 0)
(-0.114891385 -0.166316268 0)
(-0.082124848 -0.164228656 0)
(-0.0484423891 -0.143017333 0)
(-0.0193357249 -0.100756555 0)
(-0.00340932582 -0.0385097642 0)
(-0.00261594499 0.0293843923 0)
(-0.0149235351 0.076520266 0)
(-0.0378458035 0.109257413 0)
(-0.0653738584 0.127237258 0)
(-0.0936259762 0.131650132 0)
(-0.12018077 0.124403347 0)
(-0.143327983 0.107659005 0)
(-0.161934003 0.08356153 0)
(-0.175290618 0.0541164752 0)
(-0.182946501 0.0211935279 2.99793529e-34)
(-0.184591631 -0.0133884932 -2.99793529e-34)
(-0.180007337 -0.047734784 0)
(-0.169085506 -0.0797428482 0)
(-0.151923836 -0.107005975 0)
(-0.129003709 -0.126800757 0)
(-0.101435149 -0.136217847 0)
(-0.0711735943 -0.132490505 0)
(-0.0411709571 -0.113526997 0)
(-0.0160802006 -0.0786168329 0)
(-0.00274557383 -0.0294098838 0)
(-0.00220741546 0.0222057956 0)
(-0.0128044947 0.0590334366 0)
(-0.0328602645 0.0854968334 0)
(-0.0573930175 0.100749731 0)
(-0.0830652592 0.105271723 0)
(-0.107631541 0.100249596 0)
(-0.129363342 0.0872247316 0)
(-0.146999388 0.0678625716 0)
(-0.159669527 0.0438290468 0)
(-0.166789653 0.0167633188 3.00177449e-34)
(-0.167989597 -0.0116835788 -3.00177449e-34)
(-0.163087418 -0.0397778276 0)
(-0.152113453 -0.0656329462 0)
(-0.135386637 -0.0871760614 0)
(-0.113641642 -0.102188616 0)
(-0.0881856856 -0.108460805 0)
(-0.0610015331 -0.104085828 0)
(-0.0347718916 -0.0878738996 0)
(-0.0133665857 -0.0598419476 0)
(-0.0022294605 -0.021871362 0)
(-0.00185227779 0.01608208 0)
(-0.0108801473 0.0439263373 0)
(-0.028179885 0.0646682404 0)
(-0.0496517139 0.0771588851 0)
(-0.0724673835 0.0814097486 0)
(-0.0946061632 0.078099515 0)
(-0.114410757 0.0682951996 0)
(-0.130593703 0.053257559 0)
(-0.142216062 0.0343242603 0)
(-0.1486323 0.0128678252 0)
(-0.149453025 -0.00969471934 0)
(-0.144537313 -0.0318683295 0)
(-0.134016796 -0.0520507267 0)
(-0.118351009 -0.0685360599 0)
(-0.0984087335 -0.0795797942 0)
(-0.0755545241 -0.0835499055 0)
(-0.0516726806 -0.07917485 0)
(-0.0291177347 -0.06586041 0)
(-0.0110607508 -0.0440362662 0)
(-0.00181421516 -0.0156301783 0)
(-0.00152755888 0.0109254724 0)
(-0.00907575731 0.0310739284 0)
(-0.0237081592 0.0467283578 0)
(-0.0421163974 0.0565658514 0)
(-0.061948903 0.0603091898 0)
(-0.0814294615 0.0582936733 0)
(-0.0990238032 0.0512328031 0)
(-0.113484249 0.0400519712 0)
(-0.123867194 0.0257828638 0)
(-0.12951514 0.00951743205 0)
(-0.130045203 -0.00759763272 0)
(-0.125353669 -0.0243490547 0)
(-0.115637626 -0.0394505999 0)
(-0.101431374 -0.0515643388 0)
(-0.0836509533 -0.0593698641 0)
(-0.0636286246 -0.061697576 0)
(-0.0430847344 -0.0577298725 0)
(-0.0240362046 -0.0472446237 0)
(-0.00903956247 -0.030875166 0)
(-0.00146317447 -0.0104970273 0)
(-0.00121037412 0.00669204395 0)
(-0.00731361565 0.0204023666 0)
(-0.0193252586 0.0316354515 0)
(-0.0346782721 0.0390039716 0)
(-0.0514686474 0.0420877775 0)
(-0.0681671436 0.0410111738 0)
(-0.0833911241 0.0362334965 0)
(-0.0959760991 0.0284066251 0)
(-0.105018794 0.0182843245 0)
(-0.109884552 0.00668034984 0)
(-0.110212946 -0.00554181435 0)
(-0.105929629 -0.0174667624 0)
(-0.0972647607 -0.0281302761 0)
(-0.0847748148 -0.036544128 0)
(-0.0693607001 -0.0417567852 0)
(-0.0522668509 -0.0429609928 0)
(-0.0350211522 -0.0396509063 0)
(-0.0193195315 -0.0318106413 0)
(-0.0071783109 -0.0201263787 0)
(-0.00114180695 -0.0063540072 0)
(-0.00087470247 0.00338660656 0)
(-0.00550944153 0.0118953934 0)
(-0.0148941773 0.019370311 0)
(-0.027174314 0.024483782 0)
(-0.0408634548 0.0268032828 0)
(-0.0546729922 0.0263501268 0)
(-0.0673912579 0.0234088985 0)
(-0.0779720203 0.0184106357 0)
(-0.0855902815 0.0118619238 0)
(-0.0896635433 0.00431327906 0)
(-0.0898662413 -0.00364885126 0)
(-0.0861446458 -0.0114016921 0)
(-0.0787323826 -0.01829021 0)
(-0.0681629467 -0.023646742 0)
(-0.0552721074 -0.0268356702 0)
(-0.0411769094 -0.0273310898 0)
(-0.0272004142 -0.0248314041 0)
(-0.0147444669 -0.0194020474 0)
(-0.00535055957 -0.0116587358 0)
(-0.000814457914 -0.00315692678 0)
(-0.000493583753 0.00106529649 0)
(-0.00358810234 0.00558809319 0)
(-0.0102968593 0.00993980751 0)
(-0.0194360118 0.0130223137 0)
(-0.0298999518 0.0145092943 0)
(-0.0406377867 0.0144005485 0)
(-0.0506365642 0.0128633374 0)
(-0.0590120822 0.0101500733 0)
(-0.0650624877 0.00655278961 0)
(-0.0682915014 0.00238547611 0)
(-0.0684237591 -0.00201850311 0)
(-0.0654189451 -0.00630436947 0)
(-0.0594849079 -0.010097176 0)
(-0.0510861017 -0.0130125546 0)
(-0.040940438 -0.0146824421 0)
(-0.0299929553 -0.0148012132 0)
(-0.0193425366 -0.0131971297 0)
(-0.0101175602 -0.00992832465 0)
(-0.0034467791 -0.00543296837 0)
(-0.00044691352 -0.000933987369 0)
(-6.42091507e-05 -0.000166216622 0)
(-0.00155939628 0.00159765177 0)
(-0.00554362506 0.0035022463 0)
(-0.0113985691 0.00487068467 0)
(-0.0183605145 0.00555321792 0)
(-0.0256450848 0.0055673497 0)
(-0.0325014159 0.00499750246 0)
(-0.0382809383 0.00395539687 0)
(-0.0424719161 0.00256155569 0)
(-0.0447134004 0.00094063981 0)
(-0.0448047405 -0.000776819104 0)
(-0.0427156467 -0.00245133926 0)
(-0.038596752 -0.00393322043 0)
(-0.0327874702 -0.00506545116 0)
(-0.0258153871 -0.00569280882 0)
(-0.0183782395 -0.00567980882 0)
(-0.0112917758 -0.00494121395 0)
(-0.00539334825 -0.00348817771 0)
(-0.00145465433 -0.00152450629 0)
(-3.29434601e-05 0.000220949962 0)
(0.000252513852 -0.000246651089 0)
(0.000141549813 0.000101883616 0)
(-0.00115184594 0.000534395258 0)
(-0.00339500924 0.000840772775 0)
(-0.00620862517 0.000994010075 0)
(-0.0092112323 0.00100881318 0)
(-0.0120593108 0.000909621247 0)
(-0.0144690559 0.000722008999 0)
(-0.0162220268 0.000469906928 0)
(-0.0171652331 0.000176011421 1.08303148e-33)
(-0.0172122472 -0.000136684171 -1.08303148e-33)
(-0.0163469245 -0.000443386476 0)
(-0.0146291594 -0.000716507086 0)
(-0.0122009203 -0.000925576688 0)
(-0.00928993427 -0.00103829692 0)
(-0.006207249 -0.00102333463 0)
(-0.00333141988 -0.00085607776 0)
(-0.00107056755 -0.000529170164 0)
(0.000193160741 -8.40745516e-05 0)
(0.000265734385 0.000257926945 0)
)
;

boundaryField
{
    walls
    {
        type            fixedValue;
        value           uniform (0 0 0);
    }
    mov_wall
    {
        type            fixedValue;
        value           uniform (1 0 0);
    }
    empty
    {
        type            empty;
    }
}


// ************************************************************************* //
