/*--------------------------------*- C++ -*----------------------------------*\
| =========                 |                                                 |
| \\      /  F ield         | OpenFOAM: The Open Source CFD Toolbox           |
|  \\    /   O peration     | Version:  5.x                                   |
|   \\  /    A nd           | Web:      www.OpenFOAM.org                      |
|    \\/     M anipulation  |                                                 |
\*---------------------------------------------------------------------------*/
FoamFile
{
    version     2.0;
    format      ascii;
    class       volScalarField;
    location    "9.6";
    object      p;
}
// * * * * * * * * * * * * * * * * * * * * * * * * * * * * * * * * * * * * * //

dimensions      [0 2 -2 0 0 0 0];

internalField   nonuniform List<scalar> 
400
(
3.30529656e-07
2.45245924
3.49432284
3.89887898
4.10664693
4.22470642
4.29429108
4.34027794
4.37633843
4.41011053
4.44675947
4.49091437
4.54765403
4.62448911
4.7347973
4.90459577
5.18237943
5.68420081
6.84131539
9.41172441
1.88670496
2.86728904
3.41988324
3.74774352
3.96518047
4.10974693
4.20767397
4.27899193
4.33674449
4.38961281
4.44424499
4.50657151
4.5833331
4.6832974
4.81972591
5.01367868
5.29402191
5.69846865
6.33841516
7.42837088
2.98207739
3.26252981
3.54233072
3.7706792
3.94570532
4.07571541
4.17322528
4.25000293
4.31527526
4.37623557
4.43892471
4.50902121
4.59257471
4.69678233
4.83084975
5.00663779
5.23632131
5.52393886
5.86049034
6.19823713
3.52778379
3.58534238
3.72178502
3.86537637
3.98906371
4.09083197
4.17460985
4.2457136
4.30952651
4.37102278
4.43477421
4.50520397
4.58678805
4.68425417
4.80245079
4.94569232
5.11574903
5.30514755
5.47833655
5.55963852
3.8442167
3.82688006
3.88517942
3.96938254
4.05221935
4.12779059
4.19566819
4.25747736
4.31592245
4.37409184
4.43506466
4.50185717
4.5773307
4.6640056
4.76350359
4.87551063
4.99635867
5.11480145
5.19584551
5.18371538
4.04550066
4.00365835
4.02142562
4.06784937
4.1213819
4.17574048
4.22885436
4.28053726
4.33185966
4.3844912
4.44027052
4.50096763
4.56804834
4.64232588
4.72332585
4.80836592
4.89180634
4.96267754
4.99308018
4.94680748
4.18058522
4.13383037
4.1318383
4.15536803
4.18883295
4.22706613
4.26772647
4.30987127
4.35363681
4.39973076
4.44903781
4.50233639
4.56001845
4.62172127
4.68578485
4.74862545
4.80455929
4.84466526
4.84862414
4.79367952
4.27565796
4.23084191
4.2196595
4.22967373
4.24984514
4.27635405
4.30712172
4.34098215
4.37757792
4.41699841
4.45945082
4.50499571
4.55328475
4.60324868
4.65270442
4.69801064
4.73425804
4.75484624
4.74555997
4.69204164
4.34467343
4.30373035
4.28862832
4.29082687
4.30237555
4.32057092
4.3437293
4.37070112
4.40089236
4.43401482
4.46982757
4.50791705
4.54748288
4.58710845
4.62451276
4.65641258
4.6788929
4.68733249
4.67187865
4.62321596
4.39525844
4.35850363
4.34215641
4.3399574
4.34598834
4.35836041
4.37576012
4.39714416
4.4218245
4.44929787
4.47904994
4.51038606
4.54227341
4.57319176
4.60099957
4.62292538
4.63599491
4.63709153
4.61932395
4.57637692
4.43196269
4.39925668
4.38305345
4.37850961
4.38106491
4.38939512
4.40248637
4.4194234
4.43950106
4.46210787
4.48658137
4.51208587
4.53750698
4.5613679
4.58177525
4.59648036
4.6032936
4.60017264
4.58220486
4.54489298
4.45777559
4.42889473
4.41357929
4.40794383
4.40837858
4.41394629
4.42386313
4.4373374
4.45368705
4.47226006
4.49232992
4.51301281
4.53320556
4.55155041
4.56643205
4.57606948
4.57888469
4.57357367
4.55655424
4.524477
4.47482659
4.44957243
4.43556029
4.42961946
4.42885197
4.43259269
4.44023452
4.45109744
4.46454182
4.47991465
4.49647631
4.51334939
4.52949015
4.54368756
4.55459087
4.56080979
4.56122625
4.55503498
4.53957228
4.51225842
4.48472956
4.4629584
4.4504921
4.4447504
4.44341559
4.44602783
4.45212156
4.46111649
4.47242182
4.48540221
4.49932976
4.51335799
4.52651884
4.53774531
4.5459171
4.54995819
4.54909262
4.54285604
4.52925441
4.50627093
4.48877311
4.47040178
4.45961981
4.45439252
4.45292631
4.45493584
4.46007776
4.467861
4.47774086
4.48910184
4.50123152
4.51331566
4.52445503
4.53370523
4.54013374
4.54291199
4.54152212
4.53574762
4.52413358
4.50513475
4.48806039
4.47305608
4.46400849
4.45945436
4.45813025
4.45992314
4.46460435
4.47176193
4.48088624
4.49136965
4.50250153
4.51348229
4.52345721
4.53157006
4.53702964
4.53919863
4.53776145
4.53270686
4.52308263
4.50782027
4.48366751
4.4720095
4.46463998
4.46076191
4.45970109
4.46153623
4.46615259
4.47320513
4.48219991
4.49251331
4.50340881
4.5140692
4.52364644
4.5313281
4.53641483
4.53841165
4.5371695
4.53287738
4.52512555
4.51341528
4.47685469
4.46838696
4.46242856
4.459015
4.45816149
4.46016936
4.46503427
4.4724566
4.48192708
4.49276955
4.50418051
4.51527952
4.52517372
4.5330381
4.53820717
4.54027739
4.53923818
4.53549763
4.52928685
4.52085534
4.4692853
4.46319369
4.4576736
4.45396735
4.45292137
4.45508862
4.46054231
4.46896766
4.4797703
4.49214823
4.50515338
4.51775768
4.52893042
4.53773355
4.54343369
4.54563013
4.54440357
4.54041533
4.53469827
4.52866523
4.46344823
4.45752242
4.45036986
4.44492633
4.44290276
4.44509484
4.45156685
4.46187217
4.47521406
4.49055035
4.50667157
4.52227529
4.53605272
4.54679872
4.55355135
4.55576465
4.5535195
4.54774865
4.54035076
4.53446137
)
;

boundaryField
{
    walls
    {
        type            zeroGradient;
    }
    mov_wall
    {
        type            zeroGradient;
    }
    empty
    {
        type            empty;
    }
}


// ************************************************************************* //
