/*--------------------------------*- C++ -*----------------------------------*\
| =========                 |                                                 |
| \\      /  F ield         | OpenFOAM: The Open Source CFD Toolbox           |
|  \\    /   O peration     | Version:  5.x                                   |
|   \\  /    A nd           | Web:      www.OpenFOAM.org                      |
|    \\/     M anipulation  |                                                 |
\*---------------------------------------------------------------------------*/
FoamFile
{
    version     2.0;
    format      ascii;
    class       surfaceScalarField;
    location    "9.6";
    object      phi;
}
// * * * * * * * * * * * * * * * * * * * * * * * * * * * * * * * * * * * * * //

dimensions      [0 3 -1 0 0 0 0];

internalField   nonuniform List<scalar> 
760
(
0.00134817685
-0.001348177
0.00245763989
-0.00110946304
0.00313513475
-0.000677494865
0.00355971576
-0.000424581021
0.00383225134
-0.000272535582
0.00400945217
-0.000177200832
0.00412521452
-0.000115762335
0.0041992171
-7.40025648e-05
0.00424243238
-4.32152825e-05
0.0042605536
-1.81212357e-05
0.00425562235
4.93123452e-06
0.00422675778
2.88645846e-05
0.00416938941
5.73683897e-05
0.00407358506
9.58043505e-05
0.00391995095
0.000153634096
0.00367201929
0.000247931638
0.00326316022
0.000408859076
0.00257264076
0.000690519481
0.00140850173
0.00116413905
0.00140850173
-5.46951518e-05
-0.00129348186
0.000412592766
-0.00157675095
0.00103002991
-0.00129493199
0.00157871396
-0.000973265059
0.00201483276
-0.000708654393
0.0023447773
-0.000507145386
0.00258511634
-0.000356101379
0.00275126943
-0.00024015565
0.00285456782
-0.000146513654
0.00290179535
-6.5348758e-05
0.00289536661
1.13599513e-05
0.00283293036
9.13008187e-05
0.00270712574
0.000183173019
0.00250436375
0.000298566356
0.0022041099
0.000453887962
0.00178090174
0.000671139792
0.00121756799
0.000972192796
0.00055281255
0.0013552749
1.30664703e-05
0.00170388513
0.00142156822
-0.000271734603
-0.00102174726
-0.000221026526
-0.00162745904
7.13678733e-05
-0.00158732639
0.000446285723
-0.00134818289
0.000812489751
-0.00107485841
0.00112929932
-0.000823954965
0.00138207834
-0.00060888042
0.00156800789
-0.000426085205
0.00168837698
-0.000266882724
0.00174468457
-0.000121656324
0.00173678978
1.92547296e-05
0.00166213442
0.000165956157
0.00151571288
0.000329594554
0.00129125424
0.000523025008
0.000985011705
0.000760130519
0.00060500967
0.00105114184
0.000189850716
0.00138735174
-0.000160045084
0.00170517069
-0.000261640643
0.00180548068
0.00115992759
-0.000227941555
-0.000793805698
-0.000361197285
-0.00149420332
-0.000308328183
-0.00164019549
-0.000134821163
-0.0015216899
8.92094391e-05
-0.001298889
0.000314971921
-0.00104971745
0.000513263034
-0.000807171552
0.000668300031
-0.000581122218
0.000771990337
-0.000370573022
0.000820036142
-0.000169702104
0.000809727685
2.95631981e-05
0.000739201044
0.000236482782
0.000607935666
0.000460859908
0.000419110864
0.000711849807
0.00018452433
0.000994717075
-6.71911593e-05
0.00130285735
-0.00028061753
0.00160077811
-0.000369418479
0.00179397162
-0.000246993644
0.00168305583
0.000912933959
-0.000168965197
-0.000624840489
-0.000352016164
-0.00131115237
-0.000431557668
-0.001560654
-0.000408908963
-0.0015443386
-0.000319435146
-0.00138836279
-0.000200095136
-0.00116905744
-7.98100422e-05
-0.000927456653
2.15782679e-05
-0.000682510555
9.14286974e-05
-0.000440423465
0.000122135395
-0.000200408783
0.000109757225
4.19413971e-05
5.36457463e-05
0.000292594264
-4.27489975e-05
0.000557254625
-0.000169694045
0.000838794831
-0.000307652441
0.00113267548
-0.00042346862
0.00141867355
-0.000470024855
0.00164733436
-0.000397824814
0.00172177157
-0.000196431032
0.00148166203
0.000716502926
-0.000124192123
-0.000500648349
-0.00030833562
-0.00112700887
-0.000450494091
-0.00141849555
-0.000523204016
-0.0014716287
-0.00053539105
-0.00137617575
-0.000508160789
-0.00119628767
-0.000463156845
-0.000972460582
-0.000418060909
-0.00072760651
-0.000385619009
-0.000472865397
-0.000373912073
-0.000212115722
-0.000386727915
5.47572695e-05
-0.000423459467
0.000329325845
-0.000478356346
0.000612151495
-0.00053917827
0.000899616721
-0.000585818893
0.00117931608
-0.000590512341
0.00142336702
-0.00052308512
0.00157990717
-0.000366699068
0.00156538553
-0.000150585979
0.00126554893
0.000565916932
-9.45729307e-05
-0.000406075411
-0.000264649725
-0.000956932064
-0.000430738368
-0.00125240692
-0.000556976939
-0.00134539015
-0.000636793223
-0.00129635948
-0.000678141755
-0.00115493912
-0.00069394389
-0.000956658412
-0.000696929198
-0.000724621194
-0.000697274038
-0.000472520589
-0.000701661764
-0.000207728028
-0.000712860717
6.59562318e-05
-0.000729336342
0.00034580151
-0.000744753772
0.000627568948
-0.00074758028
0.00090244321
-0.000721469905
0.00115320567
-0.000647843405
0.0013497405
-0.000512876923
0.00144494071
-0.000321206266
0.0013737149
-0.000116485689
0.00106082836
0.000449431226
-7.5343746e-05
-0.000330731673
-0.000228206806
-0.000804068978
-0.000398353637
-0.00108226007
-0.000550539507
-0.0011932043
-0.000670626456
-0.00117627257
-0.000757578352
-0.00106798723
-0.000816784799
-0.000897451933
-0.000855587406
-0.000685818551
-0.000880624261
-0.000447483738
-0.000896360317
-0.000191992015
-0.000904270101
7.38659877e-05
-0.000902360315
0.000343891745
-0.000884972183
0.000610180862
-0.000843104128
0.000860575171
-0.000765820177
0.00107592169
-0.000643664748
0.00122758504
-0.000475103954
0.00127637991
-0.000276309846
0.00117492081
-9.21328517e-05
0.000876651385
0.000357298371
-6.22883246e-05
-0.00026844337
-0.000198541326
-0.000667815959
-0.000362893636
-0.000917907732
-0.000523850696
-0.00103224723
-0.000664415213
-0.00103570808
-0.000778128931
-0.000954273551
-0.000864812185
-0.000810768678
-0.000927165457
-0.000623465235
-0.000968399643
-0.000406249517
-0.000990721183
-0.000169670492
-0.000994436371
7.75811263e-05
-0.000977525758
0.00032698111
-0.000935695003
0.000568350139
-0.000863101213
0.000787981427
-0.00075412313
0.00096694362
-0.000606626301
0.00108008818
-0.00042695042
0.00109670399
-0.000236038301
0.000984008689
-7.43490225e-05
0.000714962124
0.00028294936
-5.27689821e-05
-0.000215674409
-0.000173812807
-0.000546772141
-0.000327557405
-0.000764163109
-0.000486865957
-0.000872938638
-0.000634380158
-0.000888193875
-0.00076075785
-0.0008278959
-0.00086211668
-0.000709409886
-0.000937654771
-0.00054792713
-0.000987783205
-0.00035612103
-0.00101282392
-0.000144629748
-0.00101222274
7.69799161e-05
-0.000984240711
0.000298999029
-0.000926163086
0.000510272501
-0.000835158814
0.000696977191
-0.000709976067
0.000841760914
-0.000553597307
0.000923709425
-0.000376676977
0.000919783635
-0.000200960059
0.000808291745
-6.08626366e-05
0.000574864698
0.000222086741
-4.52979238e-05
-0.000170376489
-0.00015245399
-0.000439616105
-0.000293299633
-0.000623317467
-0.000444763102
-0.000721475134
-0.000590345814
-0.000742611125
-0.000719473328
-0.000698768393
-0.000826046349
-0.000602836915
-0.000906878236
-0.000467095277
-0.000960347587
-0.000302651653
-0.000985403126
-0.000119574152
-0.000980963121
7.25399316e-05
-0.000945732098
0.000263767969
-0.000878480048
0.000443020402
-0.00077885508
0.000597352216
-0.000648784052
0.000711689922
-0.000494403529
0.00076932894
-0.000328204137
0.000753584247
-0.000170678367
0.000650765952
-5.02806658e-05
0.000454466978
0.00017180608
-3.90621615e-05
-0.000131314306
-0.000133403799
-0.000345274499
-0.00026034999
-0.000496371308
-0.00040038899
-0.00058143613
-0.000538431187
-0.000604568882
-0.000663692749
-0.000573506793
-0.000768938024
-0.000497591659
-0.00084952309
-0.000386510266
-0.000902500963
-0.000249673807
-0.000925934104
-9.61409766e-05
-0.00091848885
6.50947332e-05
-0.000879356162
0.000224635294
-0.000808535326
0.000372199527
-0.000707505289
0.000496322134
-0.00058026171
0.000584446339
-0.000434588337
0.000623655598
-0.000283248277
0.000602244217
-0.000144573352
0.00051209103
-4.17551848e-05
0.000351648796
0.000130050886
-3.36093882e-05
-9.77048861e-05
-0.000115973484
-0.000262910409
-0.000228685891
-0.000383658941
-0.000355331169
-0.000454790885
-0.000482448509
-0.000477451528
-0.000599656633
-0.000456298617
-0.000699324696
-0.000397923563
-0.000776050461
-0.00030978453
-0.000826127644
-0.00019959668
-0.000847124164
-7.51444761e-05
-0.000837646092
5.56167005e-05
-0.000797332178
0.000184321432
-0.0007271025
0.000301969857
-0.000629656426
0.000398876024
-0.000510163489
0.000464953364
-0.000377005156
0.000490497262
-0.000242314865
0.00046755395
-0.000121978223
0.000391754412
-3.47332075e-05
0.000264403783
9.53176659e-05
-2.86574884e-05
-6.90473797e-05
-9.96602054e-05
-0.000191907663
-0.000198116989
-0.000285202169
-0.00031035757
-0.000342550349
-0.000424616093
-0.000363193037
-0.000531265905
-0.000349648783
-0.000622765432
-0.000306423981
-0.000693446596
-0.000239103341
-0.000739258798
-0.000153784512
-0.000757558053
-5.68452745e-05
-0.000747003474
4.50621097e-05
-0.000707597938
0.000144915934
-0.000640884374
0.000235256338
-0.00055027704
0.000308268696
-0.000441462344
0.000356138637
-0.00032274587
0.000371780759
-0.000205166596
0.000349974674
-0.000102185441
0.000288773275
-2.88024103e-05
0.000191020769
6.65152517e-05
-2.39812271e-05
-4.50661652e-05
-8.39974302e-05
-0.00013189142
-0.000168257072
-0.000200942499
-0.000265595473
-0.000245211964
-0.000365935605
-0.000262852954
-0.000460594525
-0.00025498989
-0.000542423543
-0.000224594934
-0.000605821295
-0.000175705537
-0.000646681697
-0.000112924091
-0.000662339372
-4.11876339e-05
-0.000651561349
3.42840394e-05
-0.000614612963
0.000107967541
-0.000553400636
0.000174044044
-0.000471663875
0.000226531971
-0.000375153985
0.000259628752
-0.00027170195
0.000268328701
-0.000171058867
0.000249331568
-8.44170768e-05
0.000202131483
-2.35998661e-05
0.000130203569
4.29153918e-05
-1.93492496e-05
-2.57169493e-05
-6.84700501e-05
-8.27706026e-05
-0.000138506742
-0.000130905762
-0.000220638049
-0.000163080631
-0.000306428398
-0.000177062626
-0.000388228771
-0.000173189566
-0.000459474201
-0.000153349526
-0.000514859813
-0.000120319894
-0.000550429768
-7.73540891e-05
-0.000563627535
-2.79898544e-05
-0.000553348419
2.40048912e-05
-0.000520016447
7.46355303e-05
-0.000465682631
0.000119710222
-0.000394114912
0.00015496428
-0.00031082297
0.000176336838
-0.00022294125
0.000180446985
-0.00013889462
0.000165284922
-6.78135242e-05
0.000131050372
-1.87621188e-05
8.11521623e-05
2.41532809e-05
-1.45055412e-05
-1.12114342e-05
-5.25211332e-05
-4.47550314e-05
-0.000108122825
-7.53040507e-05
-0.000174687781
-9.65156313e-05
-0.000245343215
-0.000106407169
-0.000313520807
-0.000105011996
-0.000373387917
-9.34824592e-05
-0.000420129448
-7.35783776e-05
-0.000450116077
-4.7367432e-05
-0.000461009063
-1.7096829e-05
-0.000451841612
1.48374486e-05
-0.000423096902
4.58907942e-05
-0.000376775982
7.33892732e-05
-0.000316426465
9.4614758e-05
-0.000247079549
0.000106989942
-0.000175030342
0.000108397798
-0.000107403051
9.7657635e-05
-5.14858454e-05
7.51331563e-05
-1.39146264e-05
4.35809348e-05
1.02386571e-05
-9.20279037e-06
-2.0086397e-06
-3.56847528e-05
-1.82731073e-05
-7.64355501e-05
-3.45532716e-05
-0.000126811033
-4.61401291e-05
-0.000181408055
-5.18101078e-05
-0.000234817126
-5.16029078e-05
-0.000282132222
-4.61673855e-05
-0.000319263555
-3.64470801e-05
-0.000343116529
-2.35144671e-05
-0.000351700046
-8.5132882e-06
-0.000344207002
7.34443497e-06
-0.000321084415
2.27682131e-05
-0.000284086157
3.6390996e-05
-0.000236279543
4.6808123e-05
-0.000181958583
5.26689777e-05
-0.000126403746
5.28429742e-05
-7.54285342e-05
4.66824362e-05
-3.46816227e-05
3.43862474e-05
-8.71390859e-06
1.76132158e-05
1.52474646e-06
-3.43750436e-06
1.42889057e-06
-1.80438703e-05
-3.66676304e-06
-4.34060496e-05
-9.19112606e-06
-7.64336867e-05
-1.31125089e-05
-0.000113187164
-1.50566148e-05
-0.000149665104
-1.51249382e-05
-0.000182251531
-1.35809479e-05
-0.000207952843
-1.07457846e-05
-0.000224514105
-6.95323059e-06
-0.000230484772
-2.5426269e-06
-0.000225272646
2.13232668e-06
-0.000209197072
6.6926594e-06
-0.000183535347
1.07292759e-05
-0.000150536809
1.38095723e-05
-0.000113368299
1.55004541e-05
-7.5939764e-05
1.54144373e-05
-4.25472214e-05
1.32899009e-05
-1.72767336e-05
9.1157669e-06
-3.10385534e-06
3.44033915e-06
-1.57911131e-06
1.42891596e-06
-2.23782653e-06
-1.1428953e-05
-2.4541482e-05
-3.95981139e-05
-5.4723048e-05
-6.8303976e-05
-7.90497468e-05
-8.60029833e-05
-8.85456276e-05
-8.64133115e-05
-7.97206467e-05
-6.89913573e-05
-5.51817768e-05
-3.9681325e-05
-2.4266895e-05
-1.09769984e-05
-1.86123076e-06
1.57911111e-06
)
;

boundaryField
{
    walls
    {
        type            calculated;
        value           uniform 0;
    }
    mov_wall
    {
        type            calculated;
        value           uniform 0;
    }
    empty
    {
        type            empty;
        value           nonuniform 0();
    }
}


// ************************************************************************* //
