/*--------------------------------*- C++ -*----------------------------------*\
| =========                 |                                                 |
| \\      /  F ield         | OpenFOAM: The Open Source CFD Toolbox           |
|  \\    /   O peration     | Version:  5.x                                   |
|   \\  /    A nd           | Web:      www.OpenFOAM.org                      |
|    \\/     M anipulation  |                                                 |
\*---------------------------------------------------------------------------*/
FoamFile
{
    version     2.0;
    format      ascii;
    class       volVectorField;
    location    "9.6";
    object      U;
}
// * * * * * * * * * * * * * * * * * * * * * * * * * * * * * * * * * * * * * //

dimensions      [0 1 -1 0 0 0 0];

internalField   nonuniform List<vector> 
400
(
(0.291698427 0.149643814 0)
(0.388187174 0.128007692 0)
(0.557616073 0.0757318259 0)
(0.674785705 0.0433044386 0)
(0.743766596 0.0251591051 0)
(0.787075022 0.0148802967 0)
(0.815462958 0.00893092058 0)
(0.833939561 0.00530992767 0)
(0.845365464 0.00289956205 0)
(0.851349266 0.00108485376 2.66526737e-34)
(0.852640748 -0.000502852948 -2.66526737e-34)
(0.84935429 -0.0021607213 0)
(0.84097337 -0.00421710652 0)
(0.826113775 -0.00722098558 0)
(0.802020428 -0.0122365 0)
(0.763538946 -0.0213892096 0)
(0.699488889 -0.038838616 0)
(0.584557333 -0.0722732763 0)
(0.407900534 -0.128436309 0)
(0.300688067 -0.152947536 0)
(0.00120418461 0.287432395 0)
(0.0133209642 0.293872117 0)
(0.140044447 0.209904851 0)
(0.264971592 0.142986162 0)
(0.364177744 0.0968019849 0)
(0.440120066 0.0654411211 0)
(0.496541039 0.0439762498 0)
(0.536691067 0.028701155 0)
(0.563274467 0.0170798545 0)
(0.578137345 0.00742308823 0)
(0.582210288 -0.00150101163 0)
(0.575515251 -0.0107977561 0)
(0.557109247 -0.0217346543 0)
(0.524912995 -0.0361396921 0)
(0.47551841 -0.0569634954 0)
(0.404326006 -0.0889771502 0)
(0.305687294 -0.139150756 0)
(0.174497788 -0.215275204 0)
(0.0341065815 -0.310801158 0)
(0.010869155 -0.305909064 0)
(-0.0321467621 0.241773917 0)
(-0.0634303639 0.333547153 0)
(-0.0219362014 0.299502485 0)
(0.0505996298 0.240051662 0)
(0.127397387 0.183020806 0)
(0.196818614 0.135454524 0)
(0.254167105 0.0974523411 0)
(0.2980883 0.0668891684 0)
(0.328665676 0.0413758225 0)
(0.346307828 0.0187814611 -2.3579696e-33)
(0.351211318 -0.0028094903 2.3579696e-33)
(0.34312675 -0.0252950464 0)
(0.321277578 -0.0508299491 0)
(0.284432898 -0.0820948325 0)
(0.231328819 -0.122479774 0)
(0.161916765 -0.175658038 0)
(0.0798350221 -0.243208455 0)
(-0.00333734275 -0.317981961 0)
(-0.0578531365 -0.366363503 0)
(-0.031389322 -0.270690676 0)
(-0.026120414 0.182361573 0)
(-0.0666192762 0.316884129 0)
(-0.073537782 0.330901734 0)
(-0.0481307187 0.295352905 0)
(-0.00567217159 0.244253504 0)
(0.0411124812 0.192431741 0)
(0.0845451118 0.145095039 0)
(0.120424331 0.103006627 0)
(0.146585244 0.0651543602 0)
(0.16192548 0.0298884054 2.35546502e-33)
(0.165812822 -0.00469432127 -2.35546502e-33)
(0.157798806 -0.0406696175 0)
(0.137586498 -0.080302739 0)
(0.105285209 -0.125979582 0)
(0.0620900252 -0.179774809 0)
(0.0116092704 -0.242029716 0)
(-0.0380283757 -0.307764352 0)
(-0.0720490931 -0.359579368 0)
(-0.0711639194 -0.355585638 0)
(-0.0287210578 -0.209178582 0)
(-0.0176296815 0.140767914 0)
(-0.0549165429 0.2818272 0)
(-0.0828629948 0.324484355 0)
(-0.0880762257 0.312396795 0)
(-0.0751196896 0.274441978 0)
(-0.0526276226 0.226778428 0)
(-0.0275118441 0.177302819 0)
(-0.00458009036 0.129145424 0)
(0.0130234872 0.082912358 0)
(0.0233567937 0.0379330287 -2.94545456e-34)
(0.0253097479 -0.00710139536 2.94545456e-34)
(0.0184152113 -0.0537995205 0)
(0.00288698711 -0.10380126 0)
(-0.020087203 -0.158367939 0)
(-0.0477707969 -0.217530726 0)
(-0.075061459 -0.278347555 0)
(-0.093626706 -0.331694801 0)
(-0.092227053 -0.357398867 0)
(-0.0635074668 -0.318879889 0)
(-0.0207312601 -0.162076726 0)
(-0.0116542783 0.111592251 0)
(-0.0431521968 0.243765266 0)
(-0.0782839945 0.299859401 0)
(-0.100579262 0.305000826 0)
(-0.108310592 0.280421261 0)
(-0.105716505 0.240369181 0)
(-0.0975361682 0.193277769 0)
(-0.0877934431 0.143545372 0)
(-0.0795351909 0.093026073 0)
(-0.074827221 0.0420752281 0)
(-0.074848135 -0.00975926052 0)
(-0.0799345758 -0.0632506183 0)
(-0.0895000176 -0.119033272 0)
(-0.101812874 -0.176993443 0)
(-0.113690952 -0.235297923 0)
(-0.120284784 -0.288849076 0)
(-0.115237023 -0.327084783 0)
(-0.0922711109 -0.33156655 0)
(-0.0521876249 -0.275119689 0)
(-0.0142847849 -0.127260098 0)
(-0.00803185582 0.0899680177 0)
(-0.0343052805 0.207876697 0)
(-0.0703686558 0.267741357 0)
(-0.100959315 0.283509144 0)
(-0.121509111 0.269753776 0)
(-0.133061966 0.237807843 0)
(-0.138135835 0.195384124 0)
(-0.139450236 0.147216493 0)
(-0.139365661 0.095890683 0)
(-0.139599233 0.0425957557 0)
(-0.141114117 -0.0122625718 0)
(-0.144054665 -0.068540168 0)
(-0.147657204 -0.125824593 0)
(-0.150140596 -0.182787203 0)
(-0.14866774 -0.236314556 0)
(-0.139565531 -0.280390171 0)
(-0.119015756 -0.304900549 0)
(-0.0848747396 -0.294957286 0)
(-0.0422046429 -0.232154475 0)
(-0.0100065893 -0.100709814 0)
(-0.00589819124 0.0731569023 0)
(-0.0280514398 0.175459927 0)
(-0.0624620733 0.23345497 0)
(-0.0961931066 0.254650692 0)
(-0.123784289 0.248662373 0)
(-0.144336451 0.223978317 0)
(-0.15862204 0.187072454 0)
(-0.168069543 0.142434107 0)
(-0.174171003 0.0929433415 0)
(-0.178091648 0.0403533013 0)
(-0.180456264 -0.014224528 0)
(-0.181230011 -0.069844682 0)
(-0.179647303 -0.125225755 0)
(-0.174205192 -0.178177559 0)
(-0.162809066 -0.224940951 0)
(-0.143212558 -0.259512837 0)
(-0.113841641 -0.273201307 0)
(-0.0753166198 -0.254896366 0)
(-0.0343188966 -0.192925778 0)
(-0.00728498409 -0.0799917695 0)
(-0.00459312466 0.0595160132 0)
(-0.0235441719 0.146542615 0)
(-0.05534299 0.199662155 0)
(-0.0893196681 0.222701636 0)
(-0.120051814 0.221819416 0)
(-0.145609092 0.203131827 0)
(-0.165570655 0.171796544 0)
(-0.180317101 0.131775626 0)
(-0.19053107 0.085940511 0)
(-0.196813727 0.0363510108 2.97711401e-34)
(-0.199448899 -0.0153915456 -2.97711401e-34)
(-0.198275635 -0.0677566478 0)
(-0.192646158 -0.118867802 0)
(-0.18148935 -0.166059308 0)
(-0.163546083 -0.205440868 0)
(-0.137858726 -0.23157779 0)
(-0.104503396 -0.237504908 0)
(-0.0656637292 -0.215386228 0)
(-0.0281737995 -0.158249845 0)
(-0.00551069033 -0.0634668206 0)
(-0.00373314471 0.0480883403 0)
(-0.0201212373 0.120839394 0)
(-0.0490153904 0.167676439 0)
(-0.0816389766 0.190287499 0)
(-0.112989443 0.192487652 0)
(-0.140680557 0.178557131 4.67987898e-33)
(-0.163557394 0.152465445 0)
(-0.181246285 0.11755499 0)
(-0.193784174 0.0765047399 -4.74063674e-33)
(-0.201296965 0.0314709968 2.26592017e-36)
(-0.20378919 -0.0156743933 4.98648696e-36)
(-0.201035367 -0.0630555975 0)
(-0.192565935 -0.108481589 0)
(-0.177765516 -0.149141433 0)
(-0.156124905 -0.181360927 0)
(-0.127679778 -0.200524259 0)
(-0.093564568 -0.201318535 0)
(-0.0566770456 -0.178463973 0)
(-0.0233146686 -0.128090143 0)
(-0.00429570591 -0.0500435359 0)
(-0.00311504054 0.0383306356 0)
(-0.0173631178 0.0980508495 0)
(-0.0433176232 0.138129961 0)
(-0.0737180768 0.158979197 0)
(-0.104104449 0.162838224 0)
(-0.131970528 0.152618182 -4.67987898e-33)
(-0.155761612 0.131295701 0)
(-0.174612864 0.101603271 0)
(-0.188100222 0.0659289866 4.74063674e-33)
(-0.195997418 0.02636936 1.49106808e-33)
(-0.198111607 -0.0151233164 -1.49832048e-33)
(-0.194204006 -0.0565442426 0)
(-0.18399656 -0.0956260413 0)
(-0.167277176 -0.129654849 0)
(-0.144124396 -0.15536892 0)
(-0.115252462 -0.169022498 0)
(-0.0823814051 -0.166713888 0)
(-0.0485941021 -0.145040224 0)
(-0.0193975969 -0.102103349 0)
(-0.00342091028 -0.0390050028 0)
(-0.00263393395 0.0299262676 0)
(-0.0150226218 0.07793013 0)
(-0.0380974236 0.111311108 0)
(-0.0658175717 0.129695789 0)
(-0.0942794754 0.134263875 0)
(-0.121044024 0.126925345 0)
(-0.144383604 0.109860571 0)
(-0.163148983 0.0852480438 0)
(-0.176619511 0.0551416312 0)
(-0.184335478 0.0214703093 2.99742575e-34)
(-0.185982936 -0.0138813655 -2.99742575e-34)
(-0.18134367 -0.0489515385 0)
(-0.170313959 -0.0815745553 0)
(-0.152999252 -0.109289273 0)
(-0.129891608 -0.129330743 0)
(-0.102114503 -0.138764251 0)
(-0.0716393797 -0.13481614 0)
(-0.0414365928 -0.115407287 0)
(-0.016184348 -0.0798582213 0)
(-0.0027640331 -0.0298606592 0)
(-0.00223473428 0.0226800253 0)
(-0.0129541226 0.0602838607 0)
(-0.0332381471 0.0873308374 0)
(-0.0580555312 0.102954497 0)
(-0.0840353851 0.107621816 0)
(-0.108906085 0.102520707 0)
(-0.130914076 0.0892086523 0)
(-0.148775828 0.0693818684 0)
(-0.161603549 0.0447501614 0)
(-0.168801293 0.0170067269 3.00137155e-34)
(-0.169993549 -0.0121372195 -3.00137155e-34)
(-0.164999671 -0.0408861812 0)
(-0.15385753 -0.0672953745 0)
(-0.136899077 -0.0892417061 0)
(-0.114876637 -0.104468706 0)
(-0.0891189107 -0.110744424 0)
(-0.0616328456 -0.10615812 0)
(-0.0351269743 -0.0895353376 0)
(-0.0135037409 -0.0609264413 0)
(-0.00225327161 -0.0222578259 0)
(-0.00188545576 0.0164662538 0)
(-0.011062482 0.0449645409 0)
(-0.0286411391 0.0662105093 0)
(-0.050461128 0.0790278195 0)
(-0.0736531672 0.0834123273 0)
(-0.0961641838 0.0800414845 0)
(-0.116305918 0.0699953579 0)
(-0.132763336 0.0545610908 0)
(-0.144575597 0.0351143646 0)
(-0.151082435 0.0130747316 0)
(-0.151887896 -0.0100881602 0)
(-0.146853006 -0.0328250829 0)
(-0.136119502 -0.053482355 0)
(-0.120164251 -0.0703098537 0)
(-0.0998793369 -0.0815299498 0)
(-0.0766571214 -0.0854921404 0)
(-0.0524122132 -0.0809235432 0)
(-0.0295300349 -0.0672469538 0)
(-0.0112185722 -0.0449266646 0)
(-0.00184129679 -0.015938104 0)
(-0.00156251954 0.0112077455 0)
(-0.00926988176 0.0318705353 0)
(-0.0242025177 0.0479368779 0)
(-0.0429884419 0.0580490749 0)
(-0.0632319147 0.0619115009 0)
(-0.0831208741 0.0598559144 0)
(-0.101086252 0.0526055503 0)
(-0.115849131 0.041107173 0)
(-0.126440923 0.0264236367 0)
(-0.132187236 0.00968560954 0)
(-0.132697634 -0.00791671737 0)
(-0.127870721 -0.025125055 0)
(-0.117915459 -0.040610277 0)
(-0.103386531 -0.0529974527 0)
(-0.0852272493 -0.0609386981 0)
(-0.0648019865 -0.0632496898 0)
(-0.0438652637 -0.0591133876 0)
(-0.0244675026 -0.0483249928 0)
(-0.00920309379 -0.0315520083 0)
(-0.00149088381 -0.010719378 0)
(-0.00124269396 0.00687236532 0)
(-0.00749726815 0.0209539353 0)
(-0.0197996781 0.0325014299 0)
(-0.0355241929 0.0400873029 0)
(-0.0527239612 0.0432717663 0)
(-0.0698331062 0.0421741831 0)
(-0.0854326626 0.0372606148 0)
(-0.098325174 0.0291991449 0)
(-0.107580784 0.0187673602 0)
(-0.112546718 0.00680864764 0)
(-0.112854333 -0.00578010899 0)
(-0.108431631 -0.0180487592 0)
(-0.099521452 -0.0289997771 0)
(-0.0867021682 -0.0376160668 0)
(-0.0709039759 -0.0429246739 0)
(-0.0534054907 -0.0441071865 0)
(-0.0357703072 -0.040659288 0)
(-0.0197281048 -0.0325810806 0)
(-0.00733072958 -0.0205903328 0)
(-0.0011669765 -0.00649226897 0)
(-0.000899883543 0.00347704372 0)
(-0.00566093517 0.0122244257 0)
(-0.0152978511 0.0199179377 0)
(-0.027909195 0.0251886538 0)
(-0.0419708341 0.027585933 0)
(-0.0561592791 0.0271262733 0)
(-0.069227483 0.0240986726 0)
(-0.0800968219 0.0189454286 0)
(-0.0879159947 0.0121895901 0)
(-0.0920844183 0.00440206594 0)
(-0.0922681475 -0.00380767438 0)
(-0.0884155118 -0.0117927639 0)
(-0.0807724925 -0.0188748776 0)
(-0.0698942068 -0.0243659763 0)
(-0.0566454545 -0.0276151943 0)
(-0.0421770491 -0.0280887045 0)
(-0.0278468973 -0.0254864169 0)
(-0.0150887322 -0.0198866104 0)
(-0.00547449498 -0.011931357 0)
(-0.00083354775 -0.0032219754 0)
(-0.000507506933 0.00108921091 0)
(-0.00368889244 0.00574013991 0)
(-0.010587229 0.010222378 0)
(-0.0199879427 0.0134022115 0)
(-0.0307552959 0.0149400958 0)
(-0.0418076538 0.0148327217 0)
(-0.0521004738 0.0132501865 0)
(-0.0607205953 0.0104516789 0)
(-0.0669425866 0.00673881329 0)
(-0.0702538308 0.00243728105 0)
(-0.0703711862 -0.00210635105 0)
(-0.0672558378 -0.00652338516 0)
(-0.0611263902 -0.0104252525 0)
(-0.0524664982 -0.0134154711 0)
(-0.0420201086 -0.015116714 0)
(-0.0307626621 -0.0152183523 0)
(-0.0198243275 -0.0135494051 0)
(-0.01036152 -0.0101761651 0)
(-0.00352670107 -0.00555507399 0)
(-0.00045647041 -0.000945966214 0)
(-6.4489364e-05 -0.000176238006 0)
(-0.0015989864 0.00163661987 0)
(-0.00569518892 0.00359860178 0)
(-0.0117199345 0.00501067662 0)
(-0.0188880524 0.00571684415 0)
(-0.0263913887 0.00573382905 0)
(-0.0334549861 0.00514772415 0)
(-0.0394085005 0.00407327003 0)
(-0.0437225499 0.00263489124 0)
(-0.0460238869 0.000961859525 0)
(-0.0461058249 -0.000810106348 0)
(-0.0439388704 -0.00253598904 0)
(-0.0396813816 -0.00406056071 0)
(-0.0336869553 -0.00522175457 0)
(-0.026502737 -0.00586030555 0)
(-0.0188496262 -0.00583829753 0)
(-0.0115675427 -0.00507039513 0)
(-0.00551559527 -0.00357095364 0)
(-0.0014820341 -0.00155258637 0)
(-3.10930216e-05 0.000233978014 0)
(0.00026139689 -0.000255576716 0)
(0.000151443056 0.000102074881 0)
(-0.00117495107 0.000547416344 0)
(-0.0034806324 0.000863515591 0)
(-0.00637558567 0.00102207675 0)
(-0.00946687474 0.00103797648 0)
(-0.0124000357 0.000936218984 0)
(-0.0148817754 0.000743062982 0)
(-0.0166860995 0.00048318081 0)
(-0.0176547266 0.000180087406 1.08300119e-33)
(-0.0176985223 -0.000142309371 -1.08300119e-33)
(-0.016801487 -0.000458218952 0)
(-0.0150266285 -0.000739018742 0)
(-0.0125218993 -0.000953243859 0)
(-0.00952354817 -0.00106773187 0)
(-0.00635302387 -0.00105052604 0)
(-0.00340014995 -0.000876788376 0)
(-0.0010836153 -0.000539616225 0)
(0.000206111151 -8.25143051e-05 0)
(0.000274563889 0.000266745765 0)
)
;

boundaryField
{
    walls
    {
        type            fixedValue;
        value           uniform (0 0 0);
    }
    mov_wall
    {
        type            fixedValue;
        value           uniform (1 0 0);
    }
    empty
    {
        type            empty;
    }
}


// ************************************************************************* //
