/*--------------------------------*- C++ -*----------------------------------*\
| =========                 |                                                 |
| \\      /  F ield         | OpenFOAM: The Open Source CFD Toolbox           |
|  \\    /   O peration     | Version:  5.x                                   |
|   \\  /    A nd           | Web:      www.OpenFOAM.org                      |
|    \\/     M anipulation  |                                                 |
\*---------------------------------------------------------------------------*/
FoamFile
{
    version     2.0;
    format      ascii;
    class       volScalarField;
    location    "5.2";
    object      p;
}
// * * * * * * * * * * * * * * * * * * * * * * * * * * * * * * * * * * * * * //

dimensions      [0 2 -2 0 0 0 0];

internalField   nonuniform List<scalar> 
400
(
2.10862569e-06
2.45246182
3.49432555
3.89888174
4.10664973
4.2247092
4.29429381
4.34028064
4.37634115
4.41011332
4.44676229
4.49091713
4.54765672
4.6244918
4.73480007
4.90459861
5.18238223
5.68420351
6.84131801
9.41172701
1.88670752
2.86729171
3.41988591
3.74774621
3.96518322
4.10974973
4.20767675
4.27899465
4.33674717
4.38961554
4.4442478
4.50657433
4.58333585
4.68330007
4.8197286
5.01368146
5.29402477
5.69847147
6.3384179
7.42837352
2.98208012
3.26253254
3.54233341
3.77068187
3.94570802
4.07571818
4.1732281
4.25000571
4.31527795
4.37623824
4.43892746
4.50902404
4.59257752
4.69678505
4.8308524
5.00664049
5.23632412
5.52394172
5.86049314
6.19823981
3.52778652
3.58534516
3.72178777
3.86537906
3.98906637
4.09083469
4.17461266
4.24571643
4.30952926
4.37102543
4.43477689
4.50520676
4.58679091
4.68425696
4.80245347
4.94569496
5.11575175
5.30515038
5.47833939
5.55964127
3.8442194
3.82688284
3.88518223
3.9693853
4.05222202
4.12779325
4.19567095
4.25748021
4.31592527
4.37409454
4.43506729
4.50185987
4.57733354
4.66400847
4.76350635
4.87551327
4.99636132
5.11480421
5.19584834
5.1837182
4.04550334
4.00366109
4.02142843
4.06785219
4.12138464
4.17574313
4.22885703
4.28054005
4.33186253
4.384494
4.44027317
4.50097025
4.56805108
4.64232876
4.72332871
4.80836864
4.89180897
4.96268021
4.99308295
4.94681032
4.18058791
4.13383306
4.13184106
4.15537088
4.18883578
4.22706883
4.26772908
4.30987396
4.35363966
4.39973365
4.44904056
4.502339
4.56002108
4.62172406
4.68578775
4.7486283
4.80456199
4.8446679
4.84862684
4.7936823
4.27566072
4.23084458
4.21966218
4.22967653
4.24984802
4.27635687
4.30712438
4.34098475
4.37758065
4.4170013
4.45945371
4.50499842
4.55328733
4.60325133
4.65270724
4.69801354
4.73426086
4.75484894
4.74556263
4.69204435
4.34467626
4.30373306
4.28863095
4.29082956
4.30237839
4.32057382
4.34373208
4.37070373
4.40089496
4.4340176
4.4698305
4.50791992
4.54748555
4.58711102
4.62451544
4.65641542
4.67889579
4.6873353
4.67188135
4.62321863
4.3952613
4.35850643
4.34215908
4.33996001
4.34599105
4.3583633
4.37576303
4.3971469
4.42182708
4.44930049
4.47905276
4.510389
4.54227625
4.57319441
4.60100216
4.62292807
4.63599774
4.63709439
4.61932675
4.57637963
4.4319655
4.39925955
4.38305624
4.37851224
4.3810675
4.38939787
4.40248929
4.41942631
4.43950376
4.46211042
4.48658401
4.51208872
4.53750993
4.56137072
4.5817779
4.59648296
4.6032963
4.60017545
4.58220769
4.54489576
4.45777829
4.42889759
4.41358218
4.40794659
4.40838117
4.41394888
4.42386591
4.43734035
4.45368993
4.47226273
4.49233247
4.51301548
4.53320842
4.55155334
4.56643486
4.57607214
4.57888731
4.57357638
4.55655704
4.52447981
4.47482921
4.44957518
4.43556319
4.42962237
4.4288547
4.43259526
4.44023712
4.45110026
4.46454478
4.47991751
4.49647895
4.51335195
4.52949284
4.54369042
4.55459378
4.5608126
4.56122893
4.55503764
4.539575
4.51226121
4.4847322
4.46296104
4.45049488
4.44475332
4.44341849
4.44603053
4.45212412
4.46111912
4.47242467
4.48540516
4.49933259
4.51336063
4.52652142
4.53774801
4.54591995
4.54996106
4.54909542
4.54285875
4.52925711
4.50627366
4.48877586
4.47040439
4.45962245
4.45439532
4.45292925
4.45493872
4.46008044
4.46786356
4.47774352
4.4891047
4.50123445
4.51331847
4.52445768
4.53370784
4.54013645
4.54291481
4.54152496
4.53575041
4.5241363
4.50513746
4.48806327
4.47305879
4.46401108
4.459457
4.45813307
4.45992607
4.4646072
4.4717646
4.48088882
4.49137233
4.50250438
4.51348519
4.52346
4.53157273
4.53703228
4.53920135
4.53776425
4.53270968
4.52308541
4.507823
4.48367041
4.47201235
4.46464267
4.46076449
4.45970375
4.46153906
4.46615551
4.47320796
4.48220258
4.49251592
4.50341152
4.51407204
4.5236493
4.53133089
4.53641752
4.53841432
4.53717223
4.53288016
4.52512834
4.51341804
4.47685749
4.46838986
4.46243139
4.45901769
4.4581641
4.46017204
4.46503709
4.47245949
4.48192988
4.49277222
4.50418316
4.51528225
4.52517654
4.53304094
4.53820994
4.54028011
4.53924088
4.53550037
4.52928962
4.52085811
4.46928795
4.4631965
4.45767648
4.45397017
4.45292407
4.45509127
4.46054502
4.46897048
4.47977314
4.49215101
4.50515607
4.51776036
4.52893315
4.53773635
4.5434365
4.5456329
4.5444063
4.54041806
4.53470101
4.52866799
4.46345078
4.45752508
4.45037265
4.44492919
4.44290557
4.44509754
4.45156952
4.46187489
4.47521687
4.49055318
4.50667435
4.522278
4.53605541
4.54680145
4.55355412
4.55576744
4.55352227
4.54775139
4.54035351
4.53446412
)
;

boundaryField
{
    walls
    {
        type            zeroGradient;
    }
    mov_wall
    {
        type            zeroGradient;
    }
    empty
    {
        type            empty;
    }
}


// ************************************************************************* //
