/*--------------------------------*- C++ -*----------------------------------*\
| =========                 |                                                 |
| \\      /  F ield         | OpenFOAM: The Open Source CFD Toolbox           |
|  \\    /   O peration     | Version:  5.x                                   |
|   \\  /    A nd           | Web:      www.OpenFOAM.org                      |
|    \\/     M anipulation  |                                                 |
\*---------------------------------------------------------------------------*/
FoamFile
{
    version     2.0;
    format      ascii;
    class       surfaceScalarField;
    location    "5.2";
    object      phi;
}
// * * * * * * * * * * * * * * * * * * * * * * * * * * * * * * * * * * * * * //

dimensions      [0 3 -1 0 0 0 0];

internalField   nonuniform List<scalar> 
760
(
0.00134817644
-0.00134817745
0.00245763968
-0.00110946324
0.00313513463
-0.000677494945
0.00355971569
-0.000424581056
0.0038322513
-0.000272535602
0.00400945215
-0.000177200852
0.0041252145
-0.000115762354
0.00419921707
-7.40025728e-05
0.00424243235
-4.32152758e-05
0.00426055358
-1.81212253e-05
0.00425562236
4.93123367e-06
0.00422675778
2.88645718e-05
0.0041693894
5.73683799e-05
0.00407358504
9.58043565e-05
0.00391995094
0.000153634112
0.0036720193
0.000247931645
0.00326316023
0.000408859065
0.00257264077
0.000690519459
0.00140850173
0.00116413903
0.00140850173
-5.46953751e-05
-0.00129348207
0.000412592548
-0.00157675116
0.00103002974
-0.00129493213
0.00157871382
-0.000973265141
0.00201483266
-0.000708654439
0.00234477723
-0.000507145418
0.00258511629
-0.000356101408
0.00275126939
-0.000240155672
0.00285456778
-0.000146513662
0.00290179531
-6.53487524e-05
0.00289536659
1.1359957e-05
0.00283293036
9.13008131e-05
0.00270712573
0.000183173007
0.00250436374
0.00029856635
0.00220410988
0.000453887971
0.00178090172
0.000671139807
0.00121756799
0.000972192804
0.000552812562
0.0013552749
1.30664854e-05
0.00170388512
0.00142156821
-0.000271734705
-0.00102174736
-0.000221026664
-0.0016274592
7.13677327e-05
-0.00158732653
0.000446285588
-0.001348183
0.00081248963
-0.00107485848
0.00112929922
-0.000823955007
0.00138207828
-0.000608880455
0.00156800785
-0.000426085239
0.00168837693
-0.000266882749
0.00174468451
-0.00012165633
0.00173678974
1.92547349e-05
0.0016621344
0.000165956157
0.00151571287
0.000329594543
0.00129125423
0.000523024993
0.000985011679
0.000760130515
0.000605009642
0.00105114185
0.000189850702
0.00138735175
-0.000160045079
0.00170517069
-0.000261640625
0.00180548067
0.00115992758
-0.000227941612
-0.000793805751
-0.000361197369
-0.00149420343
-0.000308328278
-0.00164019561
-0.000134821267
-0.00152169001
8.92093279e-05
-0.00129888908
0.000314971818
-0.00104971749
0.000513262956
-0.000807171587
0.000668299981
-0.000581122256
0.000771990294
-0.00037057306
0.000820036087
-0.000169702127
0.000809727625
2.95631958e-05
0.000739201002
0.000236482787
0.000607935651
0.000460859902
0.00041911086
0.000711849789
0.000184524315
0.000994717058
-6.7191188e-05
0.00130285735
-0.000280617554
0.00160077812
-0.000369418483
0.00179397163
-0.000246993629
0.00168305583
0.000912933947
-0.000168965236
-0.000624840519
-0.000352016221
-0.00131115244
-0.000431557731
-0.0015606541
-0.000408909031
-0.0015443387
-0.00031943523
-0.00138836288
-0.000200095232
-0.00116905749
-7.98101294e-05
-0.000927456687
2.157821e-05
-0.000682510586
9.14286619e-05
-0.000440423505
0.000122135355
-0.000200408821
0.000109757167
4.19413789e-05
5.36456883e-05
0.000292594266
-4.27490294e-05
0.000557254629
-0.000169694049
0.000838794819
-0.000307652443
0.00113267545
-0.000423468638
0.00141867354
-0.000470024882
0.00164733436
-0.000397824831
0.00172177158
-0.000196431028
0.00148166203
0.00071650292
-0.000124192147
-0.000500648374
-0.000308335664
-0.00112700892
-0.000450494139
-0.00141849562
-0.00052320406
-0.00147162878
-0.000535391101
-0.00137617583
-0.000508160862
-0.00119628774
-0.000463156931
-0.00097246062
-0.000418060979
-0.000727606532
-0.000385619046
-0.000472865427
-0.000373912096
-0.000212115765
-0.000386727954
5.47572323e-05
-0.000423459525
0.000329325832
-0.000478356396
0.000612151502
-0.000539178289
0.000899616723
-0.000585818889
0.00117931606
-0.000590512341
0.00142336699
-0.000523085138
0.00157990715
-0.00036669909
0.00156538553
-0.00015058599
0.00126554894
0.000565916937
-9.45729349e-05
-0.000406075436
-0.000264649759
-0.000956932099
-0.000430738413
-0.00125240696
-0.000556976976
-0.0013453902
-0.00063679325
-0.00129635955
-0.000678141795
-0.00115493919
-0.000693943958
-0.000956658463
-0.000696929276
-0.000724621216
-0.000697274089
-0.000472520604
-0.000701661782
-0.00020772806
-0.000712860732
6.59561856e-05
-0.000729336382
0.000345801475
-0.000744753827
0.000627568942
-0.000747580319
0.000902443219
-0.000721469911
0.00115320567
-0.000647843395
0.00134974048
-0.000512876924
0.00144494068
-0.000321206282
0.00137371488
-0.000116485707
0.00106082836
0.000449431238
-7.53437319e-05
-0.000330731697
-0.000228206822
-0.000804069014
-0.000398353678
-0.0010822601
-0.00055053955
-0.00119320433
-0.000670626478
-0.00117627261
-0.000757578366
-0.0010679873
-0.000816784835
-0.000897451997
-0.000855587472
-0.000685818587
-0.000880624328
-0.000447483748
-0.000896360349
-0.000191992026
-0.000904270103
7.38659526e-05
-0.000902360324
0.000343891697
-0.000884972222
0.000610180831
-0.000843104178
0.00086057517
-0.000765820204
0.0010759217
-0.000643664744
0.00122758503
-0.000475103942
0.00127637988
-0.000276309847
0.00117492079
-9.21328644e-05
0.000876651373
0.000357298377
-6.22883034e-05
-0.000268443384
-0.000198541321
-0.000667815997
-0.000362893661
-0.000917907769
-0.000523850742
-0.00103224725
-0.000664415248
-0.0010357081
-0.000778128938
-0.000954273593
-0.000864812189
-0.000810768741
-0.000927165492
-0.000623465291
-0.000968399707
-0.000406249541
-0.000990721237
-0.000169670492
-0.000994436386
7.75811165e-05
-0.000977525749
0.000326981072
-0.000935695011
0.00056835009
-0.00086310125
0.000787981399
-0.000754123171
0.000966943621
-0.000606626317
0.00108008819
-0.000426950412
0.00109670399
-0.000236038289
0.000984008668
-7.434902e-05
0.000714962103
0.000282949354
-5.27689712e-05
-0.000215674407
-0.000173812789
-0.000546772171
-0.000327557406
-0.000764163152
-0.000486865991
-0.00087293867
-0.000634380204
-0.000888193887
-0.000760757873
-0.000827895913
-0.000862116673
-0.000709409926
-0.00093765477
-0.000547927191
-0.000987783242
-0.000356121079
-0.00101282398
-0.00014462976
-0.00101222278
7.69799228e-05
-0.000984240711
0.000298999019
-0.000926163072
0.000510272462
-0.000835158821
0.000696977144
-0.000709976099
0.00084176089
-0.000553597339
0.000923709427
-0.000376676986
0.000919783644
-0.000200960049
0.000808291742
-6.08626229e-05
0.000574864683
0.000222086726
-4.5297935e-05
-0.000170376475
-0.000152453974
-0.000439616118
-0.000293299613
-0.000623317507
-0.000444763108
-0.000721475179
-0.000590345854
-0.000742611148
-0.000719473372
-0.000698768395
-0.000826046359
-0.000602836924
-0.000906878218
-0.000467095317
-0.000960347584
-0.000302651712
-0.000985403164
-0.000119574193
-0.000980963176
7.25399273e-05
-0.000945732127
0.000263767979
-0.00087848004
0.000443020392
-0.000778855064
0.000597352178
-0.000648784057
0.000711689879
-0.000494403556
0.000769328918
-0.000328204161
0.000753584248
-0.000170678371
0.00065076596
-5.02806552e-05
0.000454466976
0.00017180607
-3.90621895e-05
-0.000131314295
-0.000133403802
-0.000345274493
-0.000260349969
-0.000496371328
-0.000400388968
-0.000581436175
-0.000538431198
-0.000604568926
-0.000663692794
-0.000573506809
-0.000768938061
-0.000497591653
-0.000849523089
-0.000386510273
-0.000902500939
-0.000249673847
-0.000925934102
-9.61410322e-05
-0.000918488887
6.50946993e-05
-0.000879356208
0.000224635295
-0.000808535345
0.000372199538
-0.000707505276
0.000496322125
-0.000580261695
0.000584446305
-0.000434588341
0.000623655561
-0.000283248297
0.000602244199
-0.000144573369
0.000512091031
-4.17551877e-05
0.000351648802
0.000130050887
-3.3609412e-05
-9.77048908e-05
-0.000115973507
-0.000262910396
-0.000228685888
-0.000383658936
-0.000355331141
-0.000454790909
-0.000482448488
-0.000477451576
-0.00059965665
-0.000456298657
-0.000699324741
-0.000397923571
-0.00077605049
-0.000309784518
-0.000826127633
-0.000199596685
-0.000847124137
-7.51445151e-05
-0.000837646091
5.56166497e-05
-0.000797332212
0.000184321404
-0.000727102538
0.000301969861
-0.000629656439
0.000398876035
-0.000510163476
0.000464953357
-0.000377005143
0.000490497235
-0.000242314868
0.000467553921
-0.000121978238
0.000391754397
-3.47332203e-05
0.000264403785
9.53176731e-05
-2.86574874e-05
-6.90474009e-05
-9.9660229e-05
-0.000191907664
-0.00019811701
-0.000285202154
-0.000310357561
-0.000342550344
-0.00042461606
-0.000363193063
-0.000531265886
-0.00034964883
-0.000622765453
-0.000306424015
-0.000693446637
-0.000239103343
-0.000739258818
-0.000153784497
-0.000757558037
-5.68452791e-05
-0.00074700345
4.50620739e-05
-0.000707597939
0.000144915889
-0.000640884404
0.000235256315
-0.000550277071
0.000308268699
-0.000441462352
0.000356138647
-0.000322745859
0.000371780754
-0.000205166586
0.000349974653
-0.000102185443
0.000288773254
-2.88024207e-05
0.000191020759
6.65152551e-05
-2.39812002e-05
-4.50661878e-05
-8.39974338e-05
-0.00013189144
-0.000168257098
-0.000200942497
-0.000265595492
-0.000245211947
-0.000365935591
-0.000262852949
-0.000460594491
-0.000254989916
-0.000542423528
-0.000224594978
-0.000605821318
-0.000175705565
-0.000646681734
-0.000112924088
-0.000662339386
-4.11876189e-05
-0.000651561331
3.42840357e-05
-0.000614612942
0.00010796751
-0.000553400638
0.000174044008
-0.000471663899
0.000226531952
-0.000375154008
0.000259628754
-0.000271701956
0.000268328708
-0.000171058859
0.000249331565
-8.44170696e-05
0.000202131469
-2.35998664e-05
0.000130203556
4.29153878e-05
-1.93492182e-05
-2.57169548e-05
-6.84700288e-05
-8.27706296e-05
-0.00013850675
-0.000130905783
-0.000220638076
-0.000163080628
-0.000306428412
-0.000177062608
-0.000388228752
-0.00017318956
-0.000459474169
-0.000153349549
-0.000514859803
-0.000120319931
-0.000550429791
-7.73541111e-05
-0.000563627566
-2.79898493e-05
-0.000553348427
2.40049053e-05
-0.000520016431
7.46355281e-05
-0.000465682614
0.000119710198
-0.000394114915
0.000154964251
-0.000310822989
0.000176336823
-0.000222941267
0.000180446986
-0.000138894624
0.000165284927
-6.78135183e-05
0.000131050371
-1.87621122e-05
8.1152155e-05
2.41532742e-05
-1.45055313e-05
-1.1211418e-05
-5.25211038e-05
-4.47550441e-05
-0.000108122807
-7.53040792e-05
-0.000174687791
-9.65156513e-05
-0.00024534324
-0.000106407165
-0.000313520816
-0.000105011979
-0.000373387898
-9.34824537e-05
-0.000420129421
-7.3578397e-05
-0.000450116071
-4.73674621e-05
-0.000461009083
-1.70968452e-05
-0.000451841635
1.48374542e-05
-0.000423096907
4.58908066e-05
-0.00037677597
7.33892729e-05
-0.000316426453
9.46147413e-05
-0.000247079552
0.000106989921
-0.000175030356
0.000108397787
-0.000107403063
9.76576352e-05
-5.14858472e-05
7.51331598e-05
-1.39146211e-05
4.35809347e-05
1.02386536e-05
-9.20280904e-06
-2.00861625e-06
-3.56847382e-05
-1.82730967e-05
-7.64355227e-05
-3.45532836e-05
-0.000126811018
-4.61401548e-05
-0.000181408066
-5.1810125e-05
-0.000234817147
-5.16029033e-05
-0.000282132227
-4.61673693e-05
-0.000319263537
-3.64470742e-05
-0.000343116508
-2.35144815e-05
-0.000351700043
-8.51331077e-06
-0.000344207018
7.34442345e-06
-0.000321084432
2.27682184e-05
-0.00028408616
3.63910068e-05
-0.000236279535
4.68081249e-05
-0.000181958576
5.26689679e-05
-0.000126403749
5.28429611e-05
-7.54285432e-05
4.6682429e-05
-3.46816292e-05
3.43862472e-05
-8.71390871e-06
1.7613218e-05
1.52474712e-06
-3.43753465e-06
1.42890475e-06
-1.80438781e-05
-3.66673631e-06
-4.34060357e-05
-9.19111071e-06
-7.64336637e-05
-1.31125156e-05
-0.000113187154
-1.50566344e-05
-0.000149665114
-1.51249499e-05
-0.000182251546
-1.35809411e-05
-0.000207952846
-1.07457691e-05
-0.000224514092
-6.95322475e-06
-0.000230484757
-2.54263745e-06
-0.000225272645
2.13231037e-06
-0.000209197083
6.69265231e-06
-0.000183535359
1.07292819e-05
-0.000150536811
1.38095825e-05
-0.000113368294
1.55004578e-05
-7.59397603e-05
1.54144324e-05
-4.25472232e-05
1.32898933e-05
-1.72767384e-05
9.1157628e-06
-3.10385856e-06
3.44033953e-06
-1.57910928e-06
1.42889913e-06
-2.23784716e-06
-1.14289614e-05
-2.45414715e-05
-3.95980962e-05
-5.47230411e-05
-6.83039854e-05
-7.90497604e-05
-8.60029862e-05
-8.8545618e-05
-8.64133004e-05
-7.97206451e-05
-6.89913649e-05
-5.51817852e-05
-3.96813275e-05
-2.42668922e-05
-1.09769956e-05
-1.86123084e-06
1.57910929e-06
)
;

boundaryField
{
    walls
    {
        type            calculated;
        value           uniform 0;
    }
    mov_wall
    {
        type            calculated;
        value           uniform 0;
    }
    empty
    {
        type            empty;
        value           nonuniform 0();
    }
}


// ************************************************************************* //
