/*--------------------------------*- C++ -*----------------------------------*\
| =========                 |                                                 |
| \\      /  F ield         | OpenFOAM: The Open Source CFD Toolbox           |
|  \\    /   O peration     | Version:  5.x                                   |
|   \\  /    A nd           | Web:      www.OpenFOAM.org                      |
|    \\/     M anipulation  |                                                 |
\*---------------------------------------------------------------------------*/
FoamFile
{
    version     2.0;
    format      ascii;
    class       volVectorField;
    location    "5.2";
    object      U;
}
// * * * * * * * * * * * * * * * * * * * * * * * * * * * * * * * * * * * * * //

dimensions      [0 1 -1 0 0 0 0];

internalField   nonuniform List<vector> 
400
(
(0.291698379 0.149643866 0)
(0.388187099 0.128007719 0)
(0.557616037 0.0757318367 0)
(0.674785686 0.0433044431 0)
(0.743766586 0.0251591072 0)
(0.787075016 0.0148802985 0)
(0.815462954 0.00893092223 0)
(0.833939557 0.0053099283 0)
(0.84536546 0.00289956137 0)
(0.851349262 0.00108485277 2.66526905e-34)
(0.852640747 -0.000502852908 -2.66526905e-34)
(0.849354291 -0.00216072017 0)
(0.84097337 -0.00421710567 0)
(0.826113772 -0.00722098615 0)
(0.802020425 -0.0122365015 0)
(0.763538945 -0.0213892103 0)
(0.699488891 -0.038838615 0)
(0.584557335 -0.0722732742 0)
(0.407900534 -0.128436307 0)
(0.300688067 -0.152947536 0)
(0.00120415439 0.287432469 0)
(0.0133209113 0.293872165 0)
(0.140044407 0.209904876 0)
(0.264971562 0.142986175 0)
(0.364177721 0.0968019918 0)
(0.44012005 0.0654411262 0)
(0.496541028 0.0439762544 0)
(0.536691059 0.0287011578 0)
(0.563274459 0.0170798545 0)
(0.578137337 0.00742308657 0)
(0.582210282 -0.0015010122 0)
(0.575515249 -0.0107977544 0)
(0.557109246 -0.0217346522 0)
(0.524912992 -0.0361396922 0)
(0.475518405 -0.0569634978 0)
(0.404326002 -0.0889771526 0)
(0.305687293 -0.139150756 0)
(0.174497789 -0.215275202 0)
(0.0341065838 -0.310801155 0)
(0.0108691562 -0.305909063 0)
(-0.0321467747 0.241773951 0)
(-0.063430391 0.33354719 0)
(-0.0219362303 0.299502514 0)
(0.050599602 0.240051682 0)
(0.127397362 0.183020818 0)
(0.196818593 0.135454531 0)
(0.254167089 0.0974523476 0)
(0.29808829 0.0668891741 0)
(0.328665666 0.0413758256 0)
(0.346307818 0.0187814612 -2.35797105e-33)
(0.351211307 -0.00280949143 2.35797106e-33)
(0.343126744 -0.025295046 0)
(0.321277575 -0.0508299467 0)
(0.284432897 -0.0820948305 0)
(0.231328815 -0.122479775 0)
(0.16191676 -0.175658041 0)
(0.079835018 -0.243208457 0)
(-0.00333734354 -0.317981961 0)
(-0.0578531343 -0.366363502 0)
(-0.0313893204 -0.270690675 0)
(-0.0261204203 0.182361587 0)
(-0.0666192913 0.316884155 0)
(-0.0735378007 0.33090176 0)
(-0.0481307392 0.295352927 0)
(-0.0056721934 0.244253519 0)
(0.0411124597 0.192431751 0)
(0.0845450938 0.145095047 0)
(0.120424319 0.103006634 0)
(0.146585235 0.0651543664 0)
(0.16192547 0.0298884084 2.35546644e-33)
(0.16581281 -0.00469432153 -2.35546644e-33)
(0.157798795 -0.0406696181 0)
(0.137586493 -0.0803027374 0)
(0.105285207 -0.125979579 0)
(0.0620900232 -0.179774807 0)
(0.0116092661 -0.242029717 0)
(-0.0380283808 -0.307764354 0)
(-0.0720490959 -0.359579369 0)
(-0.0711639184 -0.355585637 0)
(-0.0287210564 -0.20917858 0)
(-0.0176296853 0.140767922 0)
(-0.0549165526 0.281827218 0)
(-0.0828630072 0.324484377 0)
(-0.0880762393 0.312396816 0)
(-0.0751197051 0.274441994 0)
(-0.0526276407 0.226778439 0)
(-0.0275118624 0.177302826 0)
(-0.0045801048 0.129145431 0)
(0.0130234779 0.0829123659 0)
(0.0233567861 0.0379330348 -2.94545635e-34)
(0.0253097381 -0.00710139326 2.94545635e-34)
(0.0184151998 -0.0537995212 0)
(0.00288697827 -0.10380126 0)
(-0.0200872067 -0.158367936 0)
(-0.0477707977 -0.217530722 0)
(-0.075061461 -0.278347553 0)
(-0.0936267103 -0.331694802 0)
(-0.0922270572 -0.357398868 0)
(-0.063507468 -0.31887989 0)
(-0.0207312597 -0.162076724 0)
(-0.0116542805 0.111592256 0)
(-0.0431522035 0.243765277 0)
(-0.0782840039 0.299859417 0)
(-0.100579271 0.305000844 0)
(-0.108310602 0.280421278 0)
(-0.105716518 0.240369194 0)
(-0.0975361842 0.193277777 0)
(-0.0877934587 0.143545377 0)
(-0.0795352017 0.0930260802 0)
(-0.0748272271 0.0420752362 0)
(-0.0748481413 -0.00975925496 0)
(-0.0799345855 -0.0632506172 0)
(-0.0895000283 -0.119033273 0)
(-0.101812881 -0.176993442 0)
(-0.113690953 -0.235297919 0)
(-0.120284784 -0.288849071 0)
(-0.115237025 -0.327084782 0)
(-0.0922711148 -0.331566551 0)
(-0.0521876281 -0.27511969 0)
(-0.0142847858 -0.127260098 0)
(-0.00803185619 0.0899680226 0)
(-0.0343052841 0.207876705 0)
(-0.0703686637 0.267741367 0)
(-0.100959324 0.283509157 0)
(-0.121509118 0.269753792 0)
(-0.133061973 0.237807857 0)
(-0.138135846 0.195384133 0)
(-0.139450251 0.147216498 0)
(-0.139365674 0.0958906877 0)
(-0.13959924 0.0425957633 0)
(-0.141114121 -0.0122625635 0)
(-0.14405467 -0.0685401633 0)
(-0.147657214 -0.125824593 0)
(-0.150140606 -0.182787204 0)
(-0.148667745 -0.236314554 0)
(-0.139565531 -0.280390166 0)
(-0.119015755 -0.304900545 0)
(-0.0848747413 -0.294957284 0)
(-0.0422046462 -0.232154476 0)
(-0.0100065909 -0.100709815 0)
(-0.00589818996 0.0731569071 0)
(-0.02805144 0.175459934 0)
(-0.062462079 0.233454977 0)
(-0.0961931149 0.254650701 0)
(-0.123784296 0.248662384 0)
(-0.144336454 0.22397833 0)
(-0.158622045 0.187072466 0)
(-0.168069553 0.142434113 0)
(-0.174171017 0.0929433441 0)
(-0.178091658 0.0403533057 0)
(-0.180456267 -0.0142245199 0)
(-0.181230012 -0.0698446738 0)
(-0.179647308 -0.125225752 0)
(-0.1742052 -0.17817756 0)
(-0.162809073 -0.224940952 0)
(-0.14321256 -0.259512834 0)
(-0.11384164 -0.273201302 0)
(-0.0753166186 -0.254896362 0)
(-0.0343188978 -0.192925777 0)
(-0.00728498519 -0.0799917713 0)
(-0.00459312269 0.0595160168 0)
(-0.0235441693 0.146542622 0)
(-0.055342992 0.199662162 0)
(-0.0893196752 0.222701641 0)
(-0.120051822 0.221819423 0)
(-0.145609097 0.203131837 0)
(-0.165570656 0.171796557 0)
(-0.180317105 0.131775635 0)
(-0.19053108 0.0859405144 0)
(-0.196813739 0.036351012 2.97711592e-34)
(-0.199448905 -0.0153915411 -2.97711592e-34)
(-0.198275636 -0.0677566392 0)
(-0.192646158 -0.118867794 0)
(-0.181489354 -0.166059305 0)
(-0.163546091 -0.205440869 0)
(-0.137858732 -0.23157779 0)
(-0.104503397 -0.237504906 0)
(-0.0656637271 -0.215386224 0)
(-0.028173798 -0.158249842 0)
(-0.00551069008 -0.0634668206 0)
(-0.00373314361 0.0480883414 0)
(-0.0201212342 0.120839401 0)
(-0.0490153886 0.167676447 0)
(-0.0816389801 0.190287505 0)
(-0.112989451 0.192487655 0)
(-0.140680564 0.178557137 4.67988199e-33)
(-0.163557396 0.152465455 0)
(-0.181246285 0.117555002 0)
(-0.193784177 0.0765047471 -4.74063956e-33)
(-0.201296975 0.0314709982 2.26595625e-36)
(-0.2037892 -0.0156743929 4.98649023e-36)
(-0.201035371 -0.0630555927 0)
(-0.192565933 -0.10848158 0)
(-0.177765516 -0.149141425 0)
(-0.156124909 -0.181360925 0)
(-0.127679785 -0.20052426 0)
(-0.0935645721 -0.201318535 0)
(-0.0566770455 -0.178463971 0)
(-0.0233146663 -0.12809014 0)
(-0.00429570468 -0.0500435337 0)
(-0.0031150414 0.038330634 0)
(-0.0173631171 0.0980508537 0)
(-0.0433176196 0.13812997 0)
(-0.0737180755 0.158979204 0)
(-0.104104453 0.162838228 0)
(-0.131970536 0.152618183 -4.67988199e-33)
(-0.155761617 0.131295706 0)
(-0.174612863 0.101603281 0)
(-0.18810022 0.0659289972 4.74063956e-33)
(-0.195997422 0.0263693653 1.49106894e-33)
(-0.198111616 -0.0151233166 -1.49832139e-33)
(-0.194204014 -0.0565442425 0)
(-0.183996562 -0.0956260364 0)
(-0.167277174 -0.12965484 0)
(-0.144124395 -0.155368913 0)
(-0.115252466 -0.169022496 0)
(-0.0823814101 -0.166713889 0)
(-0.0485941049 -0.145040224 0)
(-0.0193975963 -0.102103347 0)
(-0.00342090934 -0.0390050003 0)
(-0.00263393638 0.0299262652 0)
(-0.0150226247 0.0779301306 0)
(-0.0380974217 0.111311114 0)
(-0.0658175674 0.129695798 0)
(-0.0942794744 0.134263882 0)
(-0.121044029 0.126925346 0)
(-0.144383612 0.109860572 0)
(-0.163148986 0.0852480485 0)
(-0.176619508 0.0551416411 0)
(-0.184335475 0.0214703188 2.99742749e-34)
(-0.18598294 -0.0138813616 -2.99742749e-34)
(-0.181343678 -0.0489515395 0)
(-0.170313966 -0.0815745554 0)
(-0.152999253 -0.109289269 0)
(-0.129891606 -0.129330735 0)
(-0.102114502 -0.138764245 0)
(-0.0716393822 -0.134816139 0)
(-0.0414365965 -0.115407288 0)
(-0.01618435 -0.0798582217 0)
(-0.00276403336 -0.0298606583 0)
(-0.00223473643 0.0226800247 0)
(-0.0129541271 0.0602838589 0)
(-0.033238149 0.0873308389 0)
(-0.0580555282 0.102954504 0)
(-0.0840353803 0.107621825 0)
(-0.108906085 0.102520713 0)
(-0.130914082 0.0892086525 0)
(-0.148775835 0.0693818679 0)
(-0.161603551 0.044750166 0)
(-0.168801289 0.0170067363 3.00137339e-34)
(-0.169993546 -0.0121372111 -3.00137339e-34)
(-0.164999674 -0.0408861785 0)
(-0.153857538 -0.0672953759 0)
(-0.136899082 -0.0892417062 0)
(-0.114876637 -0.104468701 0)
(-0.0891189082 -0.110744418 0)
(-0.0616328447 -0.106158116 0)
(-0.0351269761 -0.0895353363 0)
(-0.0135037435 -0.060926442 0)
(-0.00225327273 -0.0222578267 0)
(-0.00188545576 0.0164662564 0)
(-0.0110624844 0.0449645397 0)
(-0.0286411434 0.0662105073 0)
(-0.0504611291 0.0790278214 0)
(-0.0736531632 0.0834123347 0)
(-0.0961641788 0.0800414931 0)
(-0.116305918 0.0699953621 0)
(-0.132763342 0.0545610899 0)
(-0.144575603 0.0351143638 0)
(-0.151082436 0.013074736 0)
(-0.151887892 -0.0100881516 0)
(-0.146853004 -0.0328250757 0)
(-0.136119505 -0.053482353 0)
(-0.120164257 -0.070309855 0)
(-0.0998793408 -0.0815299499 0)
(-0.0766571213 -0.0854921371 0)
(-0.0524122112 -0.0809235383 0)
(-0.0295300342 -0.0672469504 0)
(-0.0112185734 -0.0449266638 0)
(-0.0018412977 -0.015938105 0)
(-0.00156251721 0.0112077499 0)
(-0.00926987964 0.0318705372 0)
(-0.0242025206 0.0479368762 0)
(-0.0429884462 0.0580490728 0)
(-0.0632319151 0.0619115031 0)
(-0.0831208693 0.0598559217 0)
(-0.101086247 0.052605558 0)
(-0.115849131 0.0411071759 0)
(-0.126440929 0.026423635 0)
(-0.132187241 0.0096856086 0)
(-0.132697634 -0.0079167134 0)
(-0.127870717 -0.0251250476 0)
(-0.117915458 -0.040610271 0)
(-0.103386534 -0.0529974511 0)
(-0.085227254 -0.0609386992 0)
(-0.0648019894 -0.0632496899 0)
(-0.0438652635 -0.0591133852 0)
(-0.0244675011 -0.0483249894 0)
(-0.00920309309 -0.0315520062 0)
(-0.00149088383 -0.010719378 0)
(-0.00124269114 0.00687236805 0)
(-0.00749726303 0.0209539399 0)
(-0.0197996767 0.0325014317 0)
(-0.0355241963 0.0400873009 0)
(-0.0527239652 0.043271764 0)
(-0.0698331057 0.0421741852 0)
(-0.0854326576 0.0372606214 0)
(-0.0983251699 0.0291991514 0)
(-0.107580786 0.0187673621 0)
(-0.112546723 0.0068086457 0)
(-0.112854337 -0.00578010995 0)
(-0.108431631 -0.018048756 0)
(-0.0995214488 -0.0289997711 0)
(-0.0867021669 -0.0376160621 0)
(-0.070903978 -0.0429246727 0)
(-0.0534054943 -0.0441071873 0)
(-0.0357703093 -0.0406592882 0)
(-0.0197281046 -0.0325810791 0)
(-0.00733072838 -0.0205903308 0)
(-0.00116697592 -0.00649226792 0)
(-0.000899882574 0.00347704263 0)
(-0.0056609312 0.0122244296 0)
(-0.0152978464 0.0199179426 0)
(-0.0279091942 0.0251886554 0)
(-0.0419708375 0.0275859308 0)
(-0.0561592824 0.027126271 0)
(-0.069227482 0.0240986744 0)
(-0.0800968174 0.0189454343 0)
(-0.0879159914 0.0121895953 0)
(-0.0920844197 0.00440206705 0)
(-0.0922681518 -0.00380767629 0)
(-0.0884155146 -0.0117927649 0)
(-0.0807724919 -0.0188748752 0)
(-0.0698942045 -0.0243659718 0)
(-0.0566454538 -0.0276151908 0)
(-0.0421770507 -0.0280887035 0)
(-0.0278468998 -0.0254864174 0)
(-0.0150887336 -0.0198866106 0)
(-0.00547449469 -0.0119313562 0)
(-0.000833547299 -0.00322197437 0)
(-0.000507508492 0.0010892071 0)
(-0.00368889263 0.00574014012 0)
(-0.0105872248 0.010222382 0)
(-0.0199879386 0.013402216 0)
(-0.0307552955 0.0149400971 0)
(-0.0418076568 0.0148327195 0)
(-0.0521004763 0.0132501843 0)
(-0.0607205941 0.0104516802 0)
(-0.0669425829 0.00673881768 0)
(-0.0702538285 0.00243728486 0)
(-0.0703711876 -0.00210635049 0)
(-0.067255841 -0.0065233869 0)
(-0.0611263922 -0.0104252535 0)
(-0.0524664977 -0.0134154696 0)
(-0.0420201071 -0.015116711 0)
(-0.0307626617 -0.0152183499 0)
(-0.0198243287 -0.0135494044 0)
(-0.0103615216 -0.0101761655 0)
(-0.00352670174 -0.00555507418 0)
(-0.000456470429 -0.0009459659 0)
(-6.44918581e-05 -0.00017624167 0)
(-0.00159898982 0.00163661642 0)
(-0.0056951883 0.0035986016 0)
(-0.0117199309 0.00501067987 0)
(-0.0188880491 0.0057168477 0)
(-0.0263913886 0.0057338296 0)
(-0.0334549886 0.00514772177 0)
(-0.0394085023 0.00407326793 0)
(-0.0437225489 0.00263489215 0)
(-0.0460238843 0.000961862797 0)
(-0.0461058234 -0.000810103698 0)
(-0.0439388714 -0.00253598899 0)
(-0.0396813838 -0.00406056242 0)
(-0.0336869568 -0.00522175574 0)
(-0.0265027368 -0.0058603049 0)
(-0.0188496254 -0.00583829576 0)
(-0.0115675426 -0.00507039372 0)
(-0.00551559594 -0.00357095329 0)
(-0.00148203487 -0.00155258667 0)
(-3.10932898e-05 0.000233977758 0)
(0.000261395324 -0.00025557805 0)
(0.000151439439 0.00010207263 0)
(-0.00117495383 0.000547415048 0)
(-0.00348063223 0.000863516259 0)
(-0.00637558291 0.0010220785 0)
(-0.00946687228 0.00103797745 0)
(-0.0124000359 0.000936218289 0)
(-0.0148817776 0.000743061571 0)
(-0.0166861011 0.000483180324 0)
(-0.017654726 0.000180088387 1.08300187e-33)
(-0.0176985203 -0.000142307928 -1.08300187e-33)
(-0.0168014857 -0.000458218384 0)
(-0.015026629 -0.000739019337 0)
(-0.0125219009 -0.000953244777 0)
(-0.00952354927 -0.00106773217 0)
(-0.00635302386 -0.00105052558 0)
(-0.00340014942 -0.000876787708 0)
(-0.00108361503 -0.000539615894 0)
(0.00020611099 -8.25143776e-05 0)
(0.000274563745 0.000266745562 0)
)
;

boundaryField
{
    walls
    {
        type            fixedValue;
        value           uniform (0 0 0);
    }
    mov_wall
    {
        type            fixedValue;
        value           uniform (1 0 0);
    }
    empty
    {
        type            empty;
    }
}


// ************************************************************************* //
