/*--------------------------------*- C++ -*----------------------------------*\
| =========                 |                                                 |
| \\      /  F ield         | OpenFOAM: The Open Source CFD Toolbox           |
|  \\    /   O peration     | Version:  5.x                                   |
|   \\  /    A nd           | Web:      www.OpenFOAM.org                      |
|    \\/     M anipulation  |                                                 |
\*---------------------------------------------------------------------------*/
FoamFile
{
    version     2.0;
    format      ascii;
    class       volScalarField;
    location    "1.8";
    object      p;
}
// * * * * * * * * * * * * * * * * * * * * * * * * * * * * * * * * * * * * * //

dimensions      [0 2 -2 0 0 0 0];

internalField   nonuniform List<scalar> 
400
(
8.73595636e-06
2.45246952
3.49433063
3.89888405
4.1066506
4.22471033
4.29429678
4.34028658
4.37635067
4.41012646
4.44677861
4.4909358
4.54767661
4.62451178
4.73481917
4.90461612
5.1823976
5.68421639
6.84132845
9.41173551
1.88671868
2.86730142
3.41989328
3.74775156
3.96518767
4.10975462
4.20768331
4.27900366
4.3367589
4.38962979
4.44426405
4.50659182
4.58335366
4.68331724
4.81974439
5.01369556
5.29403717
5.69848226
6.33842694
7.42838037
2.98209529
3.26254512
3.54234357
3.77069017
3.94571547
4.075726
4.17323737
4.25001711
4.31529162
4.37625382
4.4389443
4.50904139
4.59259462
4.6968011
4.83086678
5.00665299
5.23633501
5.52395138
5.86050134
6.19824536
3.5278058
3.58536109
3.72180107
3.86539049
3.98907687
4.09084537
4.17462451
4.24573007
4.30954483
4.37104255
4.43479483
4.50522471
4.58680822
4.68427309
4.80246795
4.9457076
5.11576276
5.30516012
5.47834749
5.5596464
3.84424224
3.82690175
3.88519844
3.96939971
4.05223553
4.12780681
4.19568539
4.25749609
4.31594267
4.37411322
4.43508652
4.50187882
4.57735155
4.66402523
4.76352163
4.87552693
4.99637337
5.11481477
5.19585699
5.18372363
4.04552832
4.00368199
4.02144675
4.06786891
4.12140056
4.17575911
4.22887373
4.28055784
4.3318815
4.38451396
4.44029356
4.50099027
4.56807004
4.64234636
4.72334494
4.80838348
4.89182234
4.96269196
4.99309261
4.94681681
4.18061325
4.13385464
4.13186039
4.1553889
4.18885319
4.22708638
4.26774733
4.30989313
4.3536597
4.39975439
4.44906163
4.50235977
4.56004087
4.62174247
4.68580477
4.74864405
4.80457646
4.84468086
4.84863782
4.7936905
4.27568463
4.23086548
4.21968137
4.22969481
4.24986592
4.27637501
4.30714326
4.34100453
4.37760116
4.41702226
4.45947483
4.50501933
4.55330749
4.60327025
4.65272478
4.69802983
4.73427604
4.75486291
4.74557504
4.69205467
4.34469731
4.3037521
4.28864898
4.29084717
4.30239591
4.32059169
4.3437507
4.37072328
4.40091527
4.43403825
4.46985114
4.5079403
4.54750538
4.58712991
4.62453312
4.65643193
4.67891133
4.68735001
4.67189514
4.62323125
4.39527852
4.35852283
4.34217518
4.3399762
4.34600754
4.35838027
4.37578073
4.39716551
4.42184649
4.4493203
4.4790725
4.51040838
4.54229512
4.57321263
4.60101951
4.62294452
4.63601345
4.63710964
4.61934176
4.57639452
4.43197849
4.39927295
4.38307003
4.37852657
4.38108251
4.38941358
4.40250573
4.41944353
4.43952176
4.46212892
4.48660252
4.51210683
4.5375275
4.56138778
4.58179444
4.59649902
4.60331201
4.60019112
4.58222376
4.54491271
4.45778716
4.42890808
4.4135937
4.40795898
4.40839451
4.41396317
4.423881
4.4373561
4.4537063
4.47227958
4.49234947
4.51303219
4.53322461
4.55156904
4.56645028
4.57608748
4.57890279
4.57359229
4.55657394
4.52449849
4.47483454
4.4495832
4.43557282
4.42963311
4.42886652
4.43260815
4.44025092
4.45111469
4.46455962
4.47993266
4.49649426
4.51336713
4.52950762
4.54370479
4.55460798
4.560827
4.5612439
4.55505351
4.53959241
4.51228112
4.48473497
4.46296727
4.45050319
4.44476297
4.44342924
4.44604232
4.45213682
4.46113245
4.47243828
4.48541886
4.49934628
4.51337422
4.52653478
4.53776111
4.54593299
4.54997446
4.54910964
4.54287424
4.52927455
4.50629414
4.48877736
4.47040971
4.45963011
4.4544045
4.45293957
4.45494994
4.46009243
4.46787609
4.47775625
4.4891173
4.5012468
4.51333057
4.52446959
4.53371964
4.54014833
4.54292716
4.54153827
4.53576516
4.52415324
4.50515768
4.48806491
4.47306418
4.46401883
4.45946635
4.45814359
4.45993739
4.46461904
4.47177674
4.48090099
4.4913842
4.50251573
4.51349602
4.5234705
4.53158313
4.53704289
4.53921254
4.53777646
4.53272338
4.52310129
4.50784208
4.48367349
4.47201875
4.46465124
4.46077463
4.45971506
4.46155108
4.46616781
4.47322023
4.48221455
4.49252732
4.50342212
4.51408183
4.52365849
4.53133984
4.53642667
4.53842413
4.53718312
4.53289254
4.52514273
4.51343521
4.47686289
4.46839793
4.46244141
4.45902921
4.45817675
4.46018531
4.46505043
4.47247241
4.48194204
4.49278338
4.50419315
4.51529108
4.52518443
4.53304834
4.53821743
4.54028826
4.53925018
4.53551117
4.52930223
4.52087288
4.46929591
4.46320653
4.45768849
4.45398385
4.45293894
4.45510668
4.46056022
4.46898478
4.47978603
4.49216217
4.50516541
4.51776795
4.52893933
4.53774168
4.54344172
4.54563879
4.54441352
4.54042701
4.53471179
4.52868035
4.46346061
4.4575369
4.45038711
4.444946
4.44292393
4.44511644
4.45158783
4.46189161
4.47523119
4.49056464
4.50668284
4.52228373
4.53605892
4.54680357
4.55355589
4.55576998
4.55352658
4.5477581
4.54036265
4.53447488
)
;

boundaryField
{
    walls
    {
        type            zeroGradient;
    }
    mov_wall
    {
        type            zeroGradient;
    }
    empty
    {
        type            empty;
    }
}


// ************************************************************************* //
