/*--------------------------------*- C++ -*----------------------------------*\
| =========                 |                                                 |
| \\      /  F ield         | OpenFOAM: The Open Source CFD Toolbox           |
|  \\    /   O peration     | Version:  5.x                                   |
|   \\  /    A nd           | Web:      www.OpenFOAM.org                      |
|    \\/     M anipulation  |                                                 |
\*---------------------------------------------------------------------------*/
FoamFile
{
    version     2.0;
    format      ascii;
    class       surfaceScalarField;
    location    "1.8";
    object      phi;
}
// * * * * * * * * * * * * * * * * * * * * * * * * * * * * * * * * * * * * * //

dimensions      [0 3 -1 0 0 0 0];

internalField   nonuniform List<scalar> 
760
(
0.00134817598
-0.00134818015
0.00245763989
-0.00110946391
0.00313513301
-0.000677493123
0.00355971024
-0.000424577246
0.00383224081
-0.000272530576
0.00400943629
-0.000177195491
0.00412519375
-0.000115757468
0.00419919252
-7.39987853e-05
0.00424240549
-4.32129759e-05
0.00426052607
-1.81205731e-05
0.00425559581
4.93028045e-06
0.00422673361
2.88622096e-05
0.00416936868
5.73649396e-05
0.00407356844
9.58002442e-05
0.00391993872
0.000153629751
0.00367201135
0.000247927417
0.00326315607
0.000408855313
0.00257263945
0.000690516576
0.00140850187
0.0011641375
0.00140850183
-5.46961408e-05
-0.00129348401
0.000412588983
-0.00157674903
0.00103001978
-0.00129492391
0.00157869412
-0.0009732516
0.00201480108
-0.000708637557
0.00234473322
-0.000507127634
0.00258506084
-0.00035608509
0.00275120482
-0.000240142762
0.00285449734
-0.000146505487
0.00290172274
-6.53459653e-05
0.00289529569
1.13573453e-05
0.0028328646
9.1293344e-05
0.00270706795
0.000183161625
0.00250431592
0.000298552281
0.00220407305
0.00045387258
0.00178087598
0.000671124482
0.00121755246
0.000972178895
0.000552805365
0.00135526378
1.30647078e-05
0.00170387823
0.00142156649
-0.000271736933
-0.00102174708
-0.0002210355
-0.00162745046
7.13478823e-05
-0.00158730728
0.000446251105
-0.00134815482
0.00081243838
-0.00107482484
0.0011292309
-0.000823920163
0.00138199442
-0.000608848612
0.00156791162
-0.00042605995
0.00168827269
-0.00026686654
0.00174457729
-0.000121650551
0.00173668472
1.92499253e-05
0.00166203644
0.000165941651
0.00151562608
0.000329572041
0.00129118165
0.000522996764
0.000984955056
0.000760099164
0.000604969348
0.00105111014
0.000189825687
0.00138732252
-0.000160057336
0.00170514683
-0.000261644104
0.00180546506
0.00115992236
-0.000227945492
-0.000793801585
-0.000361211315
-0.00149418463
-0.000308357104
-0.00164016148
-0.000134868385
-0.00152164353
8.91422308e-05
-0.00129883546
0.00031488497
-0.00104966291
0.000513158477
-0.000807122118
0.000668181659
-0.000581083118
0.000771863146
-0.000370547999
0.000819905893
-0.000169693272
0.000809600336
2.95554924e-05
0.000739082235
0.000236459757
0.000607830247
0.000460824063
0.000419022502
0.000711804571
0.000184455215
0.000994666498
-6.72404984e-05
0.00130280584
-0.000280648291
0.00160073027
-0.000369433643
0.00179393216
-0.000246997913
0.00168302937
0.000912924438
-0.000168970444
-0.000624831119
-0.000352033843
-0.00131112122
-0.000431592707
-0.00156060259
-0.000408964363
-0.00154427186
-0.000319511991
-0.00138828781
-0.0002001926
-0.00116898228
-7.99255066e-05
-0.000927389205
2.14489447e-05
-0.000682457557
9.12908827e-05
-0.000440389907
0.000121995063
-0.000200397411
0.000109620535
4.19300483e-05
5.35185461e-05
0.000292561748
-4.28616365e-05
0.000557204247
-0.000169788267
0.000838731235
-0.000307725935
0.00113260423
-0.000423520875
0.00141860081
-0.000470057282
0.00164726665
-0.000397840726
0.00172171557
-0.000196435535
0.00148162419
0.000716488917
-0.000124197937
-0.000500633151
-0.000308354766
-0.00112696437
-0.000450531266
-0.00141842607
-0.000523261696
-0.00147154141
-0.000535469751
-0.00137607973
-0.000508259245
-0.00119619277
-0.000463272179
-0.000972376251
-0.000418188892
-0.000727540829
-0.000385754454
-0.000472824323
-0.000374049203
-0.00021210262
-0.000386860845
5.474174e-05
-0.000423582648
0.000329283577
-0.000478464991
0.000612086585
-0.000539268747
0.000899534991
-0.000585889086
0.0011792246
-0.000590561909
0.00142327369
-0.000523115622
0.00157982038
-0.000366713887
0.00156531381
-0.000150590126
0.00126550041
0.000565898804
-9.4578516e-05
-0.000406054606
-0.000264667935
-0.000956874919
-0.000430773321
-0.00125232066
-0.000557030536
-0.00134528417
-0.000636865543
-0.00129624471
-0.00067823133
-0.00115482695
-0.000694047924
-0.000956559626
-0.000697043803
-0.000724544926
-0.000697394543
-0.000472473566
-0.00070178307
-0.000207714065
-0.000712977679
6.59363997e-05
-0.000729444154
0.000345750105
-0.000744848333
0.000627490786
-0.000747658544
0.000902345194
-0.000721530184
0.00115309625
-0.000647885601
0.00134962915
-0.000512902614
0.00144483744
-0.000321218591
0.00137362979
-0.000116489084
0.00106077089
0.000449409722
-7.53483878e-05
-0.000330706196
-0.00022822187
-0.000804001404
-0.000398382344
-0.00108216016
-0.000550583153
-0.00119308333
-0.000670684832
-0.00117614301
-0.000757650054
-0.00106786171
-0.000816867453
-0.000897342196
-0.000855677848
-0.000685734494
-0.000880718769
-0.00044743262
-0.000896454873
-0.000191977945
-0.000904360697
7.3842256e-05
-0.000902443259
0.00034383272
-0.000885044386
0.000610091962
-0.000843163373
0.000860464196
-0.000765865349
0.00107579822
-0.00064369599
0.0012274598
-0.000475122702
0.00127626418
-0.000276318684
0.0011748258
-9.21352292e-05
0.00087658744
0.000357274489
-6.22914817e-05
-0.000268414696
-0.000198551523
-0.000667741337
-0.000362912923
-0.000917798736
-0.000523879745
-0.00103211649
-0.000664453664
-0.00103556906
-0.000778175672
-0.000954139681
-0.000864865547
-0.000810652298
-0.000927223335
-0.00062337667
-0.000968459613
-0.000406196305
-0.000990780655
-0.00016965688
-0.000994492792
7.75544081e-05
-0.000977576821
0.000326916782
-0.000935738849
0.000568254041
-0.000863136604
0.00078786199
-0.000754149582
0.000966811204
-0.000606644155
0.00107995437
-0.000426960816
0.00109658085
-0.000236043019
0.000983908024
-7.43502225e-05
0.000714894665
0.000282924266
-5.27703325e-05
-0.000215644348
-0.000173817066
-0.000546694583
-0.000327565265
-0.000764050527
-0.000486877454
-0.00087280428
-0.000634394885
-0.000888051606
-0.000760775148
-0.000827759395
-0.000862135775
-0.000709291655
-0.000937674829
-0.000547837592
-0.00098780334
-0.000356067758
-0.00101284321
-0.000144616975
-0.00101224029
7.69515105e-05
-0.000984255775
0.000298932276
-0.000926175143
0.000510173441
-0.000835167659
0.000696854549
-0.000709981844
0.000841625419
-0.000553600496
0.000923573025
-0.000376678306
0.000919658668
-0.000200960353
0.000808190085
-6.08625912e-05
0.000574796927
0.000222061681
-4.52973723e-05
-0.000170346967
-0.00015245196
-0.000439539977
-0.000293295374
-0.000623207113
-0.000444756009
-0.000721343642
-0.000590335496
-0.000742472102
-0.000719459663
-0.0006986352
-0.000826029536
-0.000602721762
-0.000906858785
-0.000467008328
-0.000960326235
-0.000302600284
-0.000985380716
-0.00011956246
-0.000980940517
7.25113394e-05
-0.000945710151
0.000263701923
-0.000878459591
0.000442922893
-0.000778836915
0.0005972319
-0.000648768898
0.000711557436
-0.000494391942
0.000769196089
-0.000328196376
0.000753463109
-0.000170674248
0.000650667966
-5.0279391e-05
0.00045440209
0.000171782302
-3.90598176e-05
-0.000131287151
-0.000133395829
-0.000345203948
-0.000260334235
-0.000496268703
-0.000400364211
-0.000581313672
-0.00053839701
-0.000604439304
-0.000663649595
-0.000573382598
-0.000768887042
-0.000497484289
-0.000849466076
-0.000386429276
-0.000902440199
-0.000249626148
-0.000925872132
-9.61305059e-05
-0.000918428233
6.50674699e-05
-0.000879299302
0.000224573012
-0.00080848433
0.00037210793
-0.000707461866
0.000496209447
-0.000580227065
0.000584322658
-0.000434563035
0.000623532084
-0.0002832321
0.000602132191
-0.000144565156
0.000512001034
-4.17527783e-05
0.000351589727
0.000130029537
-3.36055354e-05
-9.76816298e-05
-0.000115960537
-0.000262848942
-0.000228660451
-0.000383568778
-0.000355291394
-0.000454682728
-0.000482393987
-0.000477336721
-0.000599588237
-0.000456188349
-0.000699244413
-0.000397828095
-0.000775961205
-0.000309712461
-0.00082603303
-0.000199554308
-0.000847028206
-7.51353191e-05
-0.000837552851
5.55921336e-05
-0.000797245431
0.000184265613
-0.000727025472
0.000301887984
-0.000629591591
0.000398775573
-0.000510112412
0.00046484349
-0.000376968351
0.000490388041
-0.000242291653
0.000467455512
-0.000121966624
0.00039167602
-3.47298535e-05
0.000264352972
9.52996961e-05
-2.8652562e-05
-6.90290822e-05
-9.96437394e-05
-0.000191857786
-0.000198084646
-0.000285127867
-0.00031030697
-0.000342460387
-0.0004245467
-0.00036309699
-0.00053117887
-0.000349556191
-0.000622663362
-0.000306343605
-0.000693333272
-0.000239042537
-0.000739138865
-0.000153748697
-0.000757436653
-5.68375196e-05
-0.000746885827
4.50413164e-05
-0.000707488898
0.000144868698
-0.000640788047
0.000235187145
-0.000550196478
0.000308184012
-0.000441399343
0.00035604636
-0.000322700826
0.000371689534
-0.000205138407
0.00034989311
-0.000102171454
0.000288709086
-2.87983898e-05
0.000190979923
6.65013179e-05
-2.39757988e-05
-4.50532854e-05
-8.39792702e-05
-0.000131854353
-0.000168221289
-0.000200885869
-0.000265539277
-0.000245142383
-0.000365858249
-0.000262777996
-0.00046049721
-0.000254917226
-0.000542309197
-0.000224531627
-0.000605694231
-0.000175657504
-0.000646547218
-0.000112895698
-0.000662203338
-4.11813874e-05
-0.000651429704
3.42676897e-05
-0.000614491245
0.000107930245
-0.000553293506
0.000173989413
-0.000471574736
0.000226465248
-0.000375084721
0.000259556348
-0.000271652788
0.000268257606
-0.000171028334
0.000249268668
-8.4402033e-05
0.000202082802
-2.35955633e-05
0.000130173469
4.29057656e-05
-1.93439966e-05
-2.57092799e-05
-6.84522497e-05
-8.27461249e-05
-0.000138471354
-0.000130866808
-0.000220582034
-0.000163031712
-0.000306350763
-0.000177009246
-0.000388130551
-0.000173137415
-0.000459358301
-0.000153303871
-0.000514730673
-0.000120285135
-0.000550292916
-7.73334552e-05
-0.00056348909
-2.79852078e-05
-0.000553214578
2.39931837e-05
-0.000519892973
7.46086429e-05
-0.000465574354
0.000119670796
-0.000394025308
0.000154916204
-0.000310753858
0.000176284899
-0.000222892651
0.000180396401
-0.000138864765
0.000165240789
-6.77989885e-05
0.000131017037
-1.87580105e-05
8.11325032e-05
2.41477643e-05
-1.45011759e-05
-1.12081046e-05
-5.25057935e-05
-4.47414895e-05
-0.000108091684
-7.52809507e-05
-0.000174637732
-9.64856937e-05
-0.000245273041
-0.000106373938
-0.000313431234
-0.000104979198
-0.000373281514
-9.3453567e-05
-0.000420010349
-7.3556288e-05
-0.000449989543
-4.73542589e-05
-0.000460880964
-1.70937844e-05
-0.000451717896
1.48301168e-05
-0.000422983076
4.58738224e-05
-0.000376676631
7.33643486e-05
-0.000316344832
9.45844017e-05
-0.000247017231
0.000106957293
-0.000174987138
0.000108366305
-0.000107377008
9.76306593e-05
-5.14734716e-05
7.51135079e-05
-1.39112439e-05
4.35702816e-05
1.02365259e-05
-9.19994745e-06
-2.00818545e-06
-3.56737491e-05
-1.8267637e-05
-7.64120874e-05
-3.45426065e-05
-0.000126772141
-4.61256586e-05
-0.000181352397
-5.17937006e-05
-0.000234745075
-5.15865189e-05
-0.000282045788
-4.61528352e-05
-0.000319166162
-3.64358938e-05
-0.000343012649
-2.3507759e-05
-0.000351594736
-8.51169296e-06
-0.000344105408
7.34078828e-06
-0.000320991287
2.27596985e-05
-0.000284005416
3.63784712e-05
-0.000236213904
4.67928819e-05
-0.000181909277
5.2652657e-05
-0.000126370381
5.28274014e-05
-7.54091416e-05
4.66694159e-05
-3.46729171e-05
3.43772842e-05
-8.71176064e-06
1.76091251e-05
1.52476586e-06
-3.43656048e-06
1.42833008e-06
-1.80384168e-05
-3.66573044e-06
-4.33926446e-05
-9.18833368e-06
-7.64098343e-05
-1.31084441e-05
-0.000113151636
-1.50518979e-05
-0.000149617989
-1.51201708e-05
-0.000182194148
-1.35766759e-05
-0.00020788756
-1.07424728e-05
-0.000224444083
-6.95122825e-06
-0.000230413637
-2.54213514e-06
-0.00022520412
2.13126808e-06
-0.000209134594
6.69016588e-06
-0.000183481737
1.07256043e-05
-0.000150493973
1.38051078e-05
-0.000113337017
1.54956922e-05
-7.5919572e-05
1.54099497e-05
-4.25364334e-05
1.32862752e-05
-1.72726609e-05
9.11351415e-06
-3.10325082e-06
3.43971633e-06
-1.57848339e-06
1.42830325e-06
-2.23745538e-06
-1.14257964e-05
-2.45342266e-05
-3.95861044e-05
-5.47062607e-05
-6.82829296e-05
-7.90253991e-05
-8.59766253e-05
-8.85187599e-05
-8.6387494e-05
-7.96973336e-05
-6.89717377e-05
-5.51666404e-05
-3.96709588e-05
-2.42610177e-05
-1.09747469e-05
-1.86123239e-06
1.57848339e-06
)
;

boundaryField
{
    walls
    {
        type            calculated;
        value           uniform 0;
    }
    mov_wall
    {
        type            calculated;
        value           uniform 0;
    }
    empty
    {
        type            empty;
        value           nonuniform 0();
    }
}


// ************************************************************************* //
