/*--------------------------------*- C++ -*----------------------------------*\
| =========                 |                                                 |
| \\      /  F ield         | OpenFOAM: The Open Source CFD Toolbox           |
|  \\    /   O peration     | Version:  5.x                                   |
|   \\  /    A nd           | Web:      www.OpenFOAM.org                      |
|    \\/     M anipulation  |                                                 |
\*---------------------------------------------------------------------------*/
FoamFile
{
    version     2.0;
    format      ascii;
    class       volVectorField;
    location    "1.8";
    object      U;
}
// * * * * * * * * * * * * * * * * * * * * * * * * * * * * * * * * * * * * * //

dimensions      [0 1 -1 0 0 0 0];

internalField   nonuniform List<vector> 
400
(
(0.291698342 0.149644195 0)
(0.388187097 0.128007893 0)
(0.557615959 0.0757317864 0)
(0.674785046 0.0433042168 0)
(0.743765029 0.0251587739 0)
(0.787072383 0.0148799328 0)
(0.815459264 0.00893058995 0)
(0.833934974 0.00530967769 0)
(0.845360251 0.0028994201 0)
(0.851343751 0.00108482979 2.66527792e-34)
(0.852635271 -0.000502764061 -2.66527792e-34)
(0.84934916 -0.0021605379 0)
(0.840968836 -0.00421685586 0)
(0.826110012 -0.00722069912 0)
(0.802017532 -0.0122362069 0)
(0.763536937 -0.0213889327 0)
(0.699487706 -0.0388383747 0)
(0.584556837 -0.0722730975 0)
(0.407900493 -0.128436238 0)
(0.300688126 -0.152947588 0)
(0.00120413212 0.287433029 0)
(0.0133206159 0.293872209 0)
(0.140043215 0.209904117 0)
(0.264968726 0.142984728 0)
(0.364172662 0.0968001124 0)
(0.440112488 0.0654391206 0)
(0.496531009 0.0439744137 0)
(0.536678928 0.0286997138 0)
(0.563260792 0.0170789591 0)
(0.578122853 0.00742280861 0)
(0.582195755 -0.00150068024 0)
(0.575501424 -0.0107968825 0)
(0.557096766 -0.0217333563 0)
(0.524902348 -0.0361381185 0)
(0.475509903 -0.0569618044 0)
(0.404319755 -0.0889754924 0)
(0.305683227 -0.139149273 0)
(0.174495647 -0.215274046 0)
(0.0341058788 -0.310800496 0)
(0.0108690835 -0.305908982 0)
(-0.0321468844 0.241774195 0)
(-0.0634312751 0.333546265 0)
(-0.0219389039 0.299499973 0)
(0.0505943057 0.240047731 0)
(0.127388853 0.183015984 0)
(0.196806614 0.135449469 0)
(0.254151764 0.0974477031 0)
(0.298070102 0.0668854845 0)
(0.32864539 0.0413734659 0)
(0.346286417 0.0187806251 -2.35797973e-33)
(0.35118983 -0.00280879022 2.35797973e-33)
(0.343106217 -0.0252929483 0)
(0.321258914 -0.0508267123 0)
(0.284416829 -0.0820907993 0)
(0.231315829 -0.122475331 0)
(0.161907075 -0.175653583 0)
(0.0798285758 -0.243204384 0)
(-0.00334088063 -0.317978673 0)
(-0.0578544407 -0.366361402 0)
(-0.0313895287 -0.270690039 0)
(-0.0261206659 0.1823612 0)
(-0.0666208044 0.316881526 0)
(-0.0735418692 0.330896564 0)
(-0.0481382135 0.295345589 0)
(-0.00568357661 0.244244895 0)
(0.0410970162 0.192422882 0)
(0.0845258248 0.145086965 0)
(0.120401828 0.103000217 0)
(0.146560424 0.065150241 0)
(0.161899443 0.0298869219 2.35547582e-33)
(0.165786768 -0.00469311869 -2.35547582e-33)
(0.15777392 -0.0406659386 0)
(0.137563852 -0.0802970026 0)
(0.105265671 -0.125972356 0)
(0.0620741969 -0.179766754 0)
(0.0115974364 -0.242021539 0)
(-0.0380362712 -0.307756782 0)
(-0.0720534553 -0.359573148 0)
(-0.0711655708 -0.355581503 0)
(-0.0287213426 -0.209177131 0)
(-0.0176300378 0.140766601 0)
(-0.05491853 0.281822287 0)
(-0.0828680592 0.324475881 0)
(-0.088085177 0.312385525 0)
(-0.0751329091 0.274429137 0)
(-0.0526451323 0.226765443 0)
(-0.0275332961 0.177291097 0)
(-0.00460478952 0.129136171 0)
(0.0129965037 0.0829064533 0)
(0.023328675 0.0379309622 -2.94546902e-34)
(0.0252817398 -0.00709953442 2.94546902e-34)
(0.0183885414 -0.0537940101 0)
(0.00286276917 -0.103792681 0)
(-0.0201080559 -0.158357099 0)
(-0.0477876492 -0.217518584 0)
(-0.0750740156 -0.278335165 0)
(-0.0936350466 -0.331683271 0)
(-0.0922316402 -0.357389331 0)
(-0.0635091975 -0.318873459 0)
(-0.0207315566 -0.162074369 0)
(-0.0116546855 0.111589799 0)
(-0.0431543827 0.243757701 0)
(-0.0782894326 0.299847292 0)
(-0.100588681 0.304985373 0)
(-0.108324252 0.280404085 0)
(-0.10573432 0.240352082 0)
(-0.0975577157 0.193262492 0)
(-0.0878180014 0.143533412 0)
(-0.079561803 0.0930185349 0)
(-0.0748547708 0.042072729 0)
(-0.0748754331 -0.00975659881 0)
(-0.0799604552 -0.0632431412 0)
(-0.0895234218 -0.119021721 0)
(-0.10183294 -0.176978869 0)
(-0.113707087 -0.235281591 0)
(-0.120296731 -0.288832397 0)
(-0.115244898 -0.327069255 0)
(-0.0922754031 -0.3315537 0)
(-0.0521892243 -0.275110993 0)
(-0.0142850515 -0.12725686 0)
(-0.00803225346 0.0899643911 0)
(-0.0343073767 0.20786646 0)
(-0.0703738046 0.267725672 0)
(-0.100968127 0.283489676 0)
(-0.121521742 0.269732537 0)
(-0.133078259 0.237786972 0)
(-0.138155356 0.195365659 0)
(-0.139472307 0.147202171 0)
(-0.139389412 0.0958817836 0)
(-0.13962367 0.0425930042 0)
(-0.141138198 -0.0122590331 0)
(-0.144077374 -0.0685307518 0)
(-0.147677631 -0.125810194 0)
(-0.150158006 -0.182769102 0)
(-0.148681644 -0.236294313 0)
(-0.139575741 -0.280369534 0)
(-0.11902242 -0.304881377 0)
(-0.0848783295 -0.294941456 0)
(-0.0422059587 -0.232143772 0)
(-0.0100068015 -0.10070581 0)
(-0.00589852497 0.0731522209 0)
(-0.028053183 0.17544732 0)
(-0.0624663225 0.233436163 0)
(-0.0962003185 0.254627776 0)
(-0.123794534 0.248637706 0)
(-0.144349551 0.223954324 0)
(-0.15863761 0.187051406 0)
(-0.168087019 0.142417922 0)
(-0.174189687 0.0929334315 0)
(-0.178110755 0.0403504659 0)
(-0.180474976 -0.0142201376 0)
(-0.181247543 -0.0698335414 0)
(-0.179662959 -0.125208895 0)
(-0.174218427 -0.17815646 0)
(-0.162819534 -0.22491743 0)
(-0.143220159 -0.259488934 0)
(-0.113846534 -0.273179175 0)
(-0.0753192124 -0.254878156 0)
(-0.0343198249 -0.192913501 0)
(-0.007285127 -0.0799871801 0)
(-0.00459335375 0.0595105258 0)
(-0.0235453588 0.146528215 0)
(-0.0553458608 0.199641016 0)
(-0.0893244959 0.222676185 0)
(-0.120058601 0.221792273 0)
(-0.145617679 0.203105621 0)
(-0.165580756 0.171773707 0)
(-0.180328333 0.131758197 0)
(-0.190542976 0.0859299814 0)
(-0.196825799 0.036348224 2.97712972e-34)
(-0.199460612 -0.0153864397 -2.97712972e-34)
(-0.198286494 -0.0677441762 0)
(-0.192655734 -0.118849101 0)
(-0.181497323 -0.166036015 0)
(-0.163552273 -0.205414995 0)
(-0.137863119 -0.231551593 0)
(-0.104506144 -0.237480749 0)
(-0.0656651333 -0.215366433 0)
(-0.0281742764 -0.158236551 0)
(-0.00551075609 -0.0634618662 0)
(-0.00373324554 0.0480823847 0)
(-0.0201217437 0.120823971 0)
(-0.0490165825 0.167654002 0)
(-0.0816409232 0.190260677 0)
(-0.112992091 0.19245921 0)
(-0.140683792 0.178529805 4.67989948e-33)
(-0.16356107 0.152441744 0)
(-0.18125024 0.117537007 0)
(-0.193788235 0.0764939974 -4.74065958e-33)
(-0.201300951 0.0314683503 2.26612198e-36)
(-0.203792916 -0.0156688024 4.98631573e-36)
(-0.201038664 -0.06304233 0)
(-0.192568671 -0.108461845 0)
(-0.177767614 -0.149116945 0)
(-0.156126355 -0.181333827 0)
(-0.127680644 -0.200496925 0)
(-0.0935649779 -0.201293435 0)
(-0.0566771668 -0.178443503 0)
(-0.0233146649 -0.12807646 0)
(-0.00429569182 -0.0500384618 0)
(-0.00311500651 0.038324595 0)
(-0.0173629042 0.098035275 0)
(-0.0433170348 0.138107388 0)
(-0.0737169688 0.158952298 0)
(-0.104102719 0.162809781 0)
(-0.131968123 0.152590925 -4.67989948e-33)
(-0.155758541 0.131272126 0)
(-0.174609202 0.101585453 0)
(-0.188096099 0.0659184336 4.74065957e-33)
(-0.195992997 0.0263669115 1.4910753e-33)
(-0.198107062 -0.0151175319 -1.49832774e-33)
(-0.194199511 -0.0565307979 0)
(-0.183992283 -0.0956061523 0)
(-0.167273281 -0.129630272 0)
(-0.144121035 -0.155341815 0)
(-0.115249768 -0.168995266 0)
(-0.0823794662 -0.166688997 0)
(-0.048592941 -0.14502003 0)
(-0.0193971164 -0.102089929 0)
(-0.0034208182 -0.0390000628 0)
(-0.00263377331 0.0299205263 0)
(-0.0150217296 0.0779152769 0)
(-0.0380951496 0.111289558 0)
(-0.0658135616 0.129670109 0)
(-0.0942735776 0.134236729 0)
(-0.121036247 0.126899344 0)
(-0.14437411 0.109838102 0)
(-0.163138076 0.0852310957 0)
(-0.176607609 0.0551316483 0)
(-0.184323075 0.0214680928 2.9974388e-34)
(-0.185970552 -0.0138757001 -2.9974388e-34)
(-0.18133181 -0.0489385526 0)
(-0.17030308 -0.0815554311 0)
(-0.152989741 -0.109265717 0)
(-0.129883761 -0.129304848 0)
(-0.1021085 -0.138738339 0)
(-0.0716352651 -0.134792575 0)
(-0.0414342465 -0.115388287 0)
(-0.0161834277 -0.0798456907 0)
(-0.00276386935 -0.0298560971 0)
(-0.00223446752 0.022674927 0)
(-0.0129526627 0.0602705136 0)
(-0.0332344581 0.0873113592 0)
(-0.0580490693 0.102931207 0)
(-0.0840259436 0.107597145 0)
(-0.108893719 0.102497045 0)
(-0.130899079 0.0891881889 0)
(-0.148758704 0.0693664337 0)
(-0.161584967 0.0447410908 0)
(-0.168782031 0.0170047633 3.00138358e-34)
(-0.169974432 -0.0121319706 -3.00138358e-34)
(-0.164981497 -0.0408742444 0)
(-0.153841011 -0.067277851 0)
(-0.136884792 -0.089220182 0)
(-0.114864996 -0.104445124 0)
(-0.0891101278 -0.11072093 0)
(-0.0616269111 -0.106136876 0)
(-0.0351236396 -0.089518341 0)
(-0.0135024535 -0.060915349 0)
(-0.00225304762 -0.022253856 0)
(-0.00188511424 0.0164620639 0)
(-0.0110606225 0.044953316 0)
(-0.0286364479 0.0661939333 0)
(-0.0504529087 0.0790078554 0)
(-0.0736411524 0.0833910829 0)
(-0.0961484456 0.080021048 0)
(-0.116286843 0.0699776456 0)
(-0.132741579 0.0545477101 0)
(-0.14455202 0.0351064956 0)
(-0.151058039 0.0130730379 0)
(-0.151863739 -0.0100835785 0)
(-0.146830113 -0.0328146879 0)
(-0.136098787 -0.0534671238 0)
(-0.120146442 -0.0702911931 0)
(-0.0998649275 -0.0815095794 0)
(-0.0766463353 -0.0854719473 0)
(-0.0524049853 -0.0809054145 0)
(-0.0295260062 -0.0672325969 0)
(-0.0112170287 -0.044917436 0)
(-0.00184103055 -0.0159348913 0)
(-0.00156214506 0.0112046199 0)
(-0.00926783569 0.0318618147 0)
(-0.0241973393 0.0479237397 0)
(-0.0429793333 0.0580330595 0)
(-0.0632185467 0.0618943297 0)
(-0.0831033029 0.0598393165 0)
(-0.101064902 0.052591117 0)
(-0.115824743 0.0410962395 0)
(-0.126414483 0.0264171875 0)
(-0.132159885 0.00968420591 0)
(-0.132670577 -0.00791298089 0)
(-0.12784513 -0.0251165565 0)
(-0.117892374 -0.0405978316 0)
(-0.103366773 -0.0529822396 0)
(-0.0852113572 -0.0609221575 0)
(-0.0647901751 -0.0632333942 0)
(-0.0438574111 -0.0590988934 0)
(-0.0244631606 -0.0483136764 0)
(-0.00920144259 -0.0315449006 0)
(-0.00149060126 -0.0107170192 0)
(-0.00124233733 0.00687033064 0)
(-0.00749527973 0.0209478222 0)
(-0.0197945855 0.0324919145 0)
(-0.0355151541 0.0400754877 0)
(-0.0527105926 0.0432589559 0)
(-0.0698154204 0.0421617145 0)
(-0.0854110646 0.0372497236 0)
(-0.0983004168 0.0291908656 0)
(-0.107553889 0.0187624552 0)
(-0.112518875 0.00680755568 0)
(-0.112826802 -0.00577730529 0)
(-0.108405634 -0.0180423427 0)
(-0.09949807 -0.0289903745 0)
(-0.0866822489 -0.0376045946 0)
(-0.0708880589 -0.0429122552 0)
(-0.0533937628 -0.0440950447 0)
(-0.0357625929 -0.040648622 0)
(-0.0197238916 -0.0325729233 0)
(-0.00732915014 -0.0205853974 0)
(-0.00116671177 -0.00649077353 0)
(-0.000899599853 0.00347599095 0)
(-0.0056592578 0.0122207287 0)
(-0.0152934232 0.01991186 0)
(-0.0279011852 0.025180898 0)
(-0.041958821 0.0275773923 0)
(-0.0561432189 0.0271178823 0)
(-0.0692077151 0.0240913003 0)
(-0.0800740344 0.0189398008 0)
(-0.0878911502 0.012186239 0)
(-0.0920586563 0.00440129818 0)
(-0.092242677 -0.00380579649 0)
(-0.0883915041 -0.0117884294 0)
(-0.0807509795 -0.0188685164 0)
(-0.0698759885 -0.024358226 0)
(-0.0566310252 -0.0276068435 0)
(-0.04216655 -0.0280806151 0)
(-0.027840109 -0.0254794284 0)
(-0.0150851093 -0.0198814283 0)
(-0.00547318164 -0.0119284182 0)
(-0.000833341042 -0.00322125098 0)
(-0.000507346927 0.00108890253 0)
(-0.00368775301 0.00573839781 0)
(-0.0105839784 0.0102192093 0)
(-0.0199818154 0.0133979999 0)
(-0.0307458624 0.0149353623 0)
(-0.0417948199 0.0148280162 0)
(-0.0520844865 0.0132460216 0)
(-0.0607020138 0.0104484829 0)
(-0.0669222208 0.00673689894 0)
(-0.0702326566 0.00243682769 0)
(-0.0703502481 -0.00210530577 0)
(-0.0672361486 -0.00652094735 0)
(-0.0611088377 -0.0104216673 0)
(-0.0524517621 -0.0134111072 0)
(-0.042008593 -0.0151120341 0)
(-0.0307544524 -0.0152138681 0)
(-0.0198191816 -0.0135456174 0)
(-0.0103589039 -0.0101734887 0)
(-0.00352583413 -0.00555373629 0)
(-0.000456362067 -0.000945814431 0)
(-6.44824267e-05 -0.000176150002 0)
(-0.00159852252 0.00163614975 0)
(-0.00569345117 0.00359750286 0)
(-0.0117162981 0.00500911203 0)
(-0.0188821399 0.00571503681 0)
(-0.0263830872 0.0057320066 0)
(-0.0334444433 0.00514609596 0)
(-0.0393960965 0.00407201153 0)
(-0.0437088525 0.00263413129 0)
(-0.0460095915 0.000961671852 0)
(-0.0460916836 -0.0008097062 0)
(-0.0439256167 -0.00253504289 0)
(-0.0396696567 -0.00405916514 0)
(-0.0336772443 -0.0052200564 0)
(-0.0264953163 -0.00585849293 0)
(-0.018844529 -0.00583658408 0)
(-0.0115645485 -0.00506899553 0)
(-0.0055142545 -0.00357004909 0)
(-0.00148172201 -0.0015522673 0)
(-3.11070087e-05 0.000233849813 0)
(0.000261299209 -0.000255482979 0)
(0.000151344425 0.000102060647 0)
(-0.00117466273 0.000547260443 0)
(-0.00347963134 0.000863256831 0)
(-0.0063736729 0.00102176405 0)
(-0.00946398315 0.00103765487 0)
(-0.0123962179 0.000935927835 0)
(-0.014877184 0.00074283533 0)
(-0.0166809652 0.000483041459 0)
(-0.017649335 0.000180050733 1.08300427e-33)
(-0.0176931862 -0.000142240289 -1.08300427e-33)
(-0.0167965147 -0.000458051749 0)
(-0.0150222905 -0.000738770858 0)
(-0.0125183989 -0.000952942028 0)
(-0.00952099648 -0.00106741153 0)
(-0.00635142255 -0.00105022956 0)
(-0.00339938271 -0.00087656098 0)
(-0.00108345427 -0.00053949867 0)
(0.000205982835 -8.25262642e-05 0)
(0.000274471567 0.000266653435 0)
)
;

boundaryField
{
    walls
    {
        type            fixedValue;
        value           uniform (0 0 0);
    }
    mov_wall
    {
        type            fixedValue;
        value           uniform (1 0 0);
    }
    empty
    {
        type            empty;
    }
}


// ************************************************************************* //
