/*--------------------------------*- C++ -*----------------------------------*\
| =========                 |                                                 |
| \\      /  F ield         | OpenFOAM: The Open Source CFD Toolbox           |
|  \\    /   O peration     | Version:  5.x                                   |
|   \\  /    A nd           | Web:      www.OpenFOAM.org                      |
|    \\/     M anipulation  |                                                 |
\*---------------------------------------------------------------------------*/
FoamFile
{
    version     2.0;
    format      ascii;
    class       volScalarField;
    location    "2.3";
    object      p;
}
// * * * * * * * * * * * * * * * * * * * * * * * * * * * * * * * * * * * * * //

dimensions      [0 2 -2 0 0 0 0];

internalField   nonuniform List<scalar> 
400
(
7.85861333e-06
2.45246999
3.49433373
3.89888963
4.10665748
4.224717
4.29430184
4.34028903
4.37634999
4.41012262
4.44677196
4.49092707
4.54766677
4.62450184
4.73481003
4.90460842
5.18239178
5.68421268
6.8413268
9.41173553
1.88671595
2.86730033
3.4198943
3.7477544
3.96519135
4.10975794
4.20768517
4.27900337
4.33675624
4.38962494
4.44425747
4.50658417
4.58334571
4.6833098
4.81973815
5.01369085
5.29403401
5.69848052
6.33842665
7.42838191
2.9820895
3.26254162
3.54234219
3.77069044
3.94571652
4.07572675
4.17323686
4.25001473
4.31528724
4.37624777
4.43893717
4.50903385
4.59258732
4.69679468
4.83086176
5.00664962
5.2363331
5.52395062
5.86050186
6.19824812
3.52779646
3.58535471
3.72179699
3.86538805
3.98907526
4.09084362
4.17462175
4.24572575
4.30953881
4.37103515
4.4347867
4.5052166
4.58680072
4.68426664
4.80246288
4.94570408
5.11576069
5.30515923
5.47834809
5.55964959
3.84422981
3.8268928
3.88519184
3.96939468
4.05223129
4.12780253
4.19568035
4.25748981
4.31593507
4.37410448
4.43507727
4.5018698
4.5773434
4.66401823
4.76351592
4.87552257
4.99637037
5.1148131
5.19585706
5.18372657
4.04551403
4.00367131
4.02143833
4.06786188
4.12139422
4.17575272
4.22886671
4.28054988
4.33187253
4.38450413
4.44028333
4.50098031
4.56806101
4.64233858
4.72333841
4.80837815
4.89181823
4.96268923
4.99309175
4.9468188
4.18059866
4.13384337
4.13185109
4.15538074
4.18884556
4.22707863
4.26773896
4.30988394
4.35364977
4.39974388
4.44905084
4.5023492
4.5600311
4.62173393
4.68579751
4.74863794
4.80457144
4.8446771
4.84863578
4.79369096
4.2756713
4.23085481
4.2196722
4.22968642
4.24985787
4.27636676
4.30713436
4.34099481
4.37759079
4.41701153
4.459464
4.50500869
4.55329745
4.60326125
4.65271701
4.69802322
4.73427043
4.75485832
4.74557177
4.69205325
4.34468651
4.30374307
4.28864084
4.29083938
4.30238818
4.32058367
4.34374205
4.3707138
4.40090509
4.43402775
4.4698407
4.50793014
4.54749569
4.58712098
4.6245252
4.65642507
4.67890537
4.68734479
4.6718907
4.62322782
4.39527107
4.35851611
4.34216874
4.33996967
4.34600072
4.35837302
4.37577288
4.39715688
4.42183713
4.44931054
4.4790628
4.51039905
4.54228629
4.57320435
4.60101193
4.6229377
4.6360073
4.63710393
4.61933626
4.57638911
4.43197475
4.39926885
4.38306561
4.37852169
4.381077
4.38940743
4.40249896
4.41943611
4.43951368
4.46212035
4.4865939
4.51209856
4.53751975
4.56138053
4.58178762
4.59649258
4.60330586
4.60018502
4.58221732
4.5449055
4.45778705
4.42890651
4.41359126
4.4079558
4.4083905
4.41395829
4.42387539
4.43734993
4.45369964
4.4722725
4.49234222
4.51302514
4.53321803
4.55156294
4.56644445
4.57608171
4.57889687
4.57358597
4.55656676
4.52448975
4.47483755
4.44958379
4.43557201
4.42963136
4.42886385
4.43260452
4.44024646
4.45110966
4.46455425
4.47992707
4.49648854
4.51336147
4.52950227
4.5436998
4.55460318
4.56082205
4.56123845
4.55504725
4.53958479
4.51227129
4.48474025
4.46296944
4.45050352
4.44476215
4.44342749
4.44603967
4.45213336
4.46112839
4.47243396
4.4854145
4.49934197
4.51337
4.52653072
4.53775724
4.54592917
4.54997037
4.54910484
4.54286833
4.52926691
4.50628381
4.48878376
4.47041271
4.45963102
4.45440407
4.45293816
4.45494778
4.46008961
4.46787277
4.47775271
4.48911386
4.50124362
4.51332766
4.52446684
4.53371695
4.54014554
4.54292396
4.54153426
4.5357599
4.52414606
4.50514758
4.48807117
4.47306713
4.46401969
4.45946579
4.45814199
4.45993511
4.46461634
4.47177379
4.48089798
4.49138142
4.50251339
4.51349417
4.52346898
4.53158169
4.53704125
4.53921036
4.53777339
4.53271903
4.52309503
4.50783299
4.48367846
4.47202081
4.46465141
4.46077342
4.45971279
4.46154817
4.46616467
4.47321715
4.48221174
4.49252498
4.50342044
4.51408086
4.52365808
4.53133966
4.53642632
4.53842318
4.53718121
4.53288934
4.52513778
4.5134278
4.47686581
4.46839851
4.4624403
4.4590268
4.45817334
4.46018133
4.46504637
4.47246874
4.48193906
4.49278129
4.50419204
4.51529096
4.52518513
4.53304949
4.53821852
4.54028876
4.53924967
4.53550935
4.52929883
4.52086758
4.46929658
4.46320538
4.45768562
4.45397953
4.4529336
4.45510085
4.46055455
4.46897988
4.47978239
4.49216007
4.5051649
4.51776895
4.52894154
4.53774463
4.54344478
4.54564127
4.54441484
4.54042681
4.53470999
4.52867716
4.46345965
4.45753418
4.45038207
4.4449389
4.44291548
4.44510753
4.45157942
4.46188458
4.47522625
4.49056224
4.50668307
4.52228639
4.53606351
4.54680938
4.553562
4.55577542
4.55353047
4.54775988
4.54036229
4.5344731
)
;

boundaryField
{
    walls
    {
        type            zeroGradient;
    }
    mov_wall
    {
        type            zeroGradient;
    }
    empty
    {
        type            empty;
    }
}


// ************************************************************************* //
