/*--------------------------------*- C++ -*----------------------------------*\
| =========                 |                                                 |
| \\      /  F ield         | OpenFOAM: The Open Source CFD Toolbox           |
|  \\    /   O peration     | Version:  5.x                                   |
|   \\  /    A nd           | Web:      www.OpenFOAM.org                      |
|    \\/     M anipulation  |                                                 |
\*---------------------------------------------------------------------------*/
FoamFile
{
    version     2.0;
    format      ascii;
    class       surfaceScalarField;
    location    "2.3";
    object      phi;
}
// * * * * * * * * * * * * * * * * * * * * * * * * * * * * * * * * * * * * * //

dimensions      [0 3 -1 0 0 0 0];

internalField   nonuniform List<scalar> 
760
(
0.00134817525
-0.001348179
0.00245763914
-0.00110946389
0.0031351341
-0.00067749496
0.00355971482
-0.000424580712
0.00383224988
-0.00027253505
0.00400945012
-0.000177200228
0.00412521188
-0.000115761773
0.004199214
-7.40021163e-05
0.004242429
-4.32149961e-05
0.00426055016
-1.81211467e-05
0.00425561906
4.9311126e-06
0.00422675479
2.88642734e-05
0.00416938683
5.73679495e-05
0.00407358298
9.58038493e-05
0.00391994941
0.00015363358
0.00367201832
0.000247931127
0.00326315973
0.000408858598
0.00257264062
0.000690519094
0.00140850175
0.00116413883
0.00140850173
-5.46960973e-05
-0.0012934829
0.000412591493
-0.00157675147
0.00103002803
-0.0012949315
0.00157871103
-0.000973263721
0.0020148285
-0.000708652516
0.0023447716
-0.000507143326
0.0025851093
-0.000356099463
0.00275126131
-0.000240154124
0.00285455899
-0.000146512681
0.00290178627
-6.53484227e-05
0.00289535778
1.13596292e-05
0.0028329222
9.12998888e-05
0.00270711858
0.0001831716
0.00250435781
0.000298564615
0.00220410531
0.000453886078
0.00178089853
0.000671137927
0.00121756607
0.000972191099
0.000552811682
0.00135527354
1.30662783e-05
0.00170388427
0.00142156799
-0.000271735263
-0.00102174763
-0.000221028156
-0.00162745856
7.13648816e-05
-0.00158732454
0.000446280973
-0.00134817981
0.000812483
-0.00107485454
0.00112929054
-0.000823950857
0.00138206773
-0.000608876633
0.00156799581
-0.000426082197
0.00168836394
-0.000266880806
0.00174467117
-0.000121655656
0.00173677668
1.92541193e-05
0.00166212225
0.000165954356
0.00151570212
0.000329591759
0.00129124525
0.000523021503
0.000985004667
0.000760126643
0.000605004642
0.00105113794
0.000189847596
0.00138734815
-0.000160046594
0.00170516776
-0.000261641044
0.00180547875
0.00115992693
-0.000227942227
-0.000793805405
-0.000361199332
-0.00149420142
-0.000308332126
-0.00164019173
-0.00013482738
-0.00152168456
8.9200765e-05
-0.00129888269
0.000314960845
-0.00104971093
0.000513249843
-0.000807165614
0.000668285196
-0.000581117528
0.000771974453
-0.000370570049
0.000820019893
-0.000169701097
0.000809711807
2.95622024e-05
0.000739186257
0.00023647992
0.000607922586
0.000460855465
0.000419099925
0.000711844196
0.000184515767
0.000994710806
-6.71972979e-05
0.00130285098
-0.000280621372
0.00160077221
-0.000369420366
0.00179396677
-0.000246994154
0.00168305257
0.000912932771
-0.000168965949
-0.000624839459
-0.00035201854
-0.00131114881
-0.000431562246
-0.001560648
-0.000408916087
-0.0015443307
-0.000319444938
-0.00138835383
-0.000200107478
-0.00116904839
-7.98245818e-05
-0.000927448501
2.15620705e-05
-0.000682504156
9.14115038e-05
-0.000440419454
0.000122117914
-0.000200407493
0.000109740194
4.19399174e-05
5.3629901e-05
0.000292590211
-4.27629997e-05
0.000557248387
-0.00016970572
0.000838786956
-0.000307661534
0.00113266665
-0.000423475101
0.00141866455
-0.0004700289
0.00164732599
-0.000397826808
0.00172176467
-0.000196431589
0.00148165737
0.000716501197
-0.000124192898
-0.000500646561
-0.000308338108
-0.00112700358
-0.000450498857
-0.00141848723
-0.000523211342
-0.0014716182
-0.000535400994
-0.00137616417
-0.000508173198
-0.00119627619
-0.000463171347
-0.000972450351
-0.000418076945
-0.000727598541
-0.000385635912
-0.000472860454
-0.000373929143
-0.000212114232
-0.000386744459
5.47552425e-05
-0.000423474814
0.000329320557
-0.000478369879
0.000612143452
-0.00053918951
0.000899606615
-0.000585827582
0.00117930476
-0.000590518472
0.00142335546
-0.000523088912
0.00157989643
-0.00036670093
0.00156537667
-0.000150586511
0.00126554295
0.000565914707
-9.45736424e-05
-0.000406072911
-0.000264652054
-0.00095692515
-0.000430742816
-0.00125239645
-0.000556983714
-0.00134537728
-0.00063680232
-0.00129634554
-0.000678153003
-0.00115492549
-0.000693956953
-0.000956646403
-0.000696943574
-0.000724611919
-0.000697289106
-0.000472514899
-0.000701676877
-0.000207726422
-0.000712875265
6.59536607e-05
-0.000729349767
0.000345795062
-0.000744765568
0.000627559241
-0.000747590039
0.000902431089
-0.000721477392
0.00115319215
-0.000647848623
0.00134972673
-0.000512880103
0.00144492792
-0.00032120781
0.00137370437
-0.000116486135
0.00106082126
0.000449428587
-7.53443154e-05
-0.00033072858
-0.00022820871
-0.000804060745
-0.000398357282
-0.00108224787
-0.00055054503
-0.00119318951
-0.000670633801
-0.00117625674
-0.000757587343
-0.00106797192
-0.000816795166
-0.000897438571
-0.000855598766
-0.000685808324
-0.000880636124
-0.000447477538
-0.000896372141
-0.000191990375
-0.000904281385
7.38629478e-05
-0.000902370638
0.000343884341
-0.000884981196
0.000610169796
-0.000843111547
0.000860561426
-0.000765825828
0.00107590644
-0.000643668631
0.00122756957
-0.000475106269
0.00127636559
-0.000276310942
0.00117490905
-9.21331628e-05
0.000876643474
0.000357295426
-6.22887002e-05
-0.00026843986
-0.000198542599
-0.000667806832
-0.000362896083
-0.000917894386
-0.000523854397
-0.0010322312
-0.000664420089
-0.00103569103
-0.000778134817
-0.000954257164
-0.000864818887
-0.000810754474
-0.000927172746
-0.000623454461
-0.000968407221
-0.000406243072
-0.00099072869
-0.0001696689
-0.000994443451
7.75777435e-05
-0.000977532131
0.000326973066
-0.000935700482
0.000568338167
-0.000863105668
0.000787966603
-0.000754126483
0.000966927239
-0.000606628558
0.00108007165
-0.000426951717
0.00109668878
-0.000236038878
0.00098399624
-7.43491706e-05
0.000714953771
0.00028294625
-5.27691423e-05
-0.000215670704
-0.000173813329
-0.000546762623
-0.000327558405
-0.000764149301
-0.000486867459
-0.000872922146
-0.000634382095
-0.000888176395
-0.000760760099
-0.000827879137
-0.000862119128
-0.00070939541
-0.00093765734
-0.000547916225
-0.000987785818
-0.000356114595
-0.00101282646
-0.000144628274
-0.00101222504
7.69763379e-05
-0.000984242653
0.000298990715
-0.000926164622
0.000510260178
-0.000835159959
0.000696961955
-0.000709976852
0.000841744122
-0.000553597768
0.000923692562
-0.000376677177
0.000919768206
-0.000200960098
0.00080827919
-6.08626205e-05
0.000574856314
0.000222083629
-4.52978672e-05
-0.000170372834
-0.000152453737
-0.000439606731
-0.000293299109
-0.000623303909
-0.000444762265
-0.000721458987
-0.000590344631
-0.000742594038
-0.000719471754
-0.000698752012
-0.000826044366
-0.000602822772
-0.0009068759
-0.000467084652
-0.000960345024
-0.000302645449
-0.00098540047
-0.000119572834
-0.000980960462
7.25363164e-05
-0.000945729494
0.000263759758
-0.00087847758
0.000443008302
-0.00077885287
0.000597337282
-0.000648782223
0.000711673485
-0.000494402156
0.000769312487
-0.000328203228
0.000753569275
-0.000170677878
0.000650753855
-5.02805032e-05
0.000454458963
0.000171803134
-3.90618951e-05
-0.000131310944
-0.000133402828
-0.000345265787
-0.000260348041
-0.000496358671
-0.000400385932
-0.000581421078
-0.00053842701
-0.000604552964
-0.000663687511
-0.000573491523
-0.000768931828
-0.000497578451
-0.000849516119
-0.000386500331
-0.000902493503
-0.000249668026
-0.000925926509
-9.61398107e-05
-0.00091848146
6.50912573e-05
-0.00087934925
0.000224627535
-0.000808529111
0.000372188175
-0.000707499967
0.000496308173
-0.000580257455
0.000584431004
-0.000434585244
0.000623640285
-0.000283246321
0.000602230346
-0.000144572371
0.000512079907
-4.17548965e-05
0.000351641503
0.000130048252
-3.36089275e-05
-9.77020208e-05
-0.000115971913
-0.000262902809
-0.00022868276
-0.000383647806
-0.000355326247
-0.000454777563
-0.000482441774
-0.000477437421
-0.000599648228
-0.000456285077
-0.000699314863
-0.00039791183
-0.000776039517
-0.000309775671
-0.000826116004
-0.000199591506
-0.000847112338
-7.51434404e-05
-0.000837634621
5.56135541e-05
-0.000797321544
0.000184314447
-0.000727093075
0.000301959694
-0.000629648481
0.00039886359
-0.000510157209
0.000464939762
-0.000377000627
0.000490483729
-0.000242312021
0.00046754175
-0.000121976818
0.000391744704
-3.47328103e-05
0.000264397502
9.53154523e-05
-2.8656871e-05
-6.90451424e-05
-9.96581948e-05
-0.000191901507
-0.000198113021
-0.000285192981
-0.000310351324
-0.000342539239
-0.000424607503
-0.000363181212
-0.000531255148
-0.000349637418
-0.000622752861
-0.000306414126
-0.000693432666
-0.00023909588
-0.000739244042
-0.000153780122
-0.000757543083
-5.68443674e-05
-0.000746988955
4.50594594e-05
-0.000707584504
0.000144910006
-0.00064087254
0.00023524772
-0.000550267158
0.0003082582
-0.000441454608
0.000356127223
-0.000322740326
0.000371769471
-0.000205163125
0.000349964569
-0.000102183727
0.000288765317
-2.88019259e-05
0.000191015708
6.65135304e-05
-2.39805262e-05
-4.50645966e-05
-8.39951867e-05
-0.000131886865
-0.000168252676
-0.000200935507
-0.000265588552
-0.00024520336
-0.000365926041
-0.000262843699
-0.000460582474
-0.000254980955
-0.000542409404
-0.000224587184
-0.000605805625
-0.000175699669
-0.000646665135
-0.000112920624
-0.000662322606
-4.11868884e-05
-0.000651545098
3.42819801e-05
-0.000614597932
0.000107962869
-0.000553387428
0.000174037224
-0.000471652913
0.000226523677
-0.00037514548
0.000259619785
-0.00027169591
0.000268319911
-0.000171055108
0.000249323787
-8.44152232e-05
0.000202125451
-2.35993357e-05
0.000130199833
4.29141949e-05
-1.934857e-05
-2.57160062e-05
-6.84678258e-05
-8.27676074e-05
-0.00013850237
-0.000130900977
-0.000220631148
-0.000163074595
-0.000306418816
-0.000177056025
-0.000388216615
-0.000173183131
-0.000459459844
-0.000153343926
-0.00051484384
-0.000120315662
-0.000550412878
-7.73515948e-05
-0.000563610467
-2.79893101e-05
-0.000553331908
2.40034286e-05
-0.000520001197
7.46321822e-05
-0.000465669256
0.000119705306
-0.000394103862
0.000154958291
-0.000310814469
0.000176330387
-0.000222935284
0.000180440723
-0.000138890954
0.000165279467
-6.78117347e-05
0.000131046249
-1.87616059e-05
8.11497234e-05
2.41525902e-05
-1.45049928e-05
-1.12110062e-05
-5.25192057e-05
-4.47533723e-05
-0.000108118949
-7.53012301e-05
-0.000174681592
-9.65119619e-05
-0.000245334555
-0.000106403073
-0.000313509737
-0.000105007941
-0.00037337474
-9.34788984e-05
-0.000420114692
-7.35756834e-05
-0.000450100422
-4.73658544e-05
-0.000460993246
-1.7096493e-05
-0.000451826351
1.48365245e-05
-0.000423082854
4.58886907e-05
-0.000376763709
7.33861803e-05
-0.000316416381
9.46109809e-05
-0.000247071865
0.000106985878
-0.000175025032
0.000108393888
-0.00010739986
9.76542965e-05
-5.14843294e-05
7.51307291e-05
-1.3914205e-05
4.35796169e-05
1.02383894e-05
-9.202455e-06
-2.00856124e-06
-3.56833754e-05
-1.82724231e-05
-7.64326149e-05
-3.45519684e-05
-0.000126806198
-4.6138371e-05
-0.00018140117
-5.18081063e-05
-0.000234808226
-5.16008909e-05
-0.000282121531
-4.61655844e-05
-0.000319251488
-3.64457026e-05
-0.000343103657
-2.35136618e-05
-0.000351687016
-8.51312465e-06
-0.000344194457
7.34395916e-06
-0.000321072926
2.27671528e-05
-0.000284076192
3.63894495e-05
-0.000236271435
4.68062367e-05
-0.000181952493
5.26669489e-05
-0.000126399636
5.28410349e-05
-7.54261569e-05
4.6680818e-05
-3.46805622e-05
3.43851382e-05
-8.71364501e-06
1.76127122e-05
1.52474997e-06
-3.43741263e-06
1.42883408e-06
-1.80432007e-05
-3.66661331e-06
-4.34043737e-05
-9.19076785e-06
-7.64307065e-05
-1.31120122e-05
-0.000113182748
-1.50560502e-05
-0.000149659274
-1.51243627e-05
-0.000182244439
-1.3580418e-05
-0.000207944766
-1.07453637e-05
-0.000224505428
-6.95297755e-06
-0.000230475956
-2.54257499e-06
-0.000225264168
2.13217907e-06
-0.000209189358
6.6923397e-06
-0.000183528736
1.07288217e-05
-0.000150531524
1.38090255e-05
-0.000113364436
1.54998665e-05
-7.5937272e-05
1.54138761e-05
-4.25458965e-05
1.32894432e-05
-1.7276241e-05
9.11548222e-06
-3.10378486e-06
3.44026114e-06
-1.57903197e-06
1.42882501e-06
-2.23779938e-06
-1.14285695e-05
-2.45405717e-05
-3.95966058e-05
-5.47209573e-05
-6.8301375e-05
-7.9046745e-05
-8.59997256e-05
-8.85422953e-05
-8.64101066e-05
-7.97177608e-05
-6.89889394e-05
-5.51799168e-05
-3.96800502e-05
-2.42661693e-05
-1.09767198e-05
-1.86123319e-06
1.57903214e-06
)
;

boundaryField
{
    walls
    {
        type            calculated;
        value           uniform 0;
    }
    mov_wall
    {
        type            calculated;
        value           uniform 0;
    }
    empty
    {
        type            empty;
        value           nonuniform 0();
    }
}


// ************************************************************************* //
