/*--------------------------------*- C++ -*----------------------------------*\
| =========                 |                                                 |
| \\      /  F ield         | OpenFOAM: The Open Source CFD Toolbox           |
|  \\    /   O peration     | Version:  5.x                                   |
|   \\  /    A nd           | Web:      www.OpenFOAM.org                      |
|    \\/     M anipulation  |                                                 |
\*---------------------------------------------------------------------------*/
FoamFile
{
    version     2.0;
    format      ascii;
    class       volVectorField;
    location    "2.3";
    object      U;
}
// * * * * * * * * * * * * * * * * * * * * * * * * * * * * * * * * * * * * * //

dimensions      [0 1 -1 0 0 0 0];

internalField   nonuniform List<vector> 
400
(
(0.291698241 0.14964405 0)
(0.388186891 0.128007816 0)
(0.557615932 0.0757318623 0)
(0.67478556 0.0433044302 0)
(0.743766364 0.0251590736 0)
(0.787074672 0.0148802572 0)
(0.815462486 0.00893088315 0)
(0.833938982 0.00530989832 0)
(0.845364809 0.00289954429 0)
(0.851348576 0.00108485004 2.66527476e-34)
(0.852640067 -0.000502841791 -2.66527476e-34)
(0.849353655 -0.00216069746 0)
(0.840972808 -0.00421707476 0)
(0.826113306 -0.00722095104 0)
(0.802020065 -0.0122364657 0)
(0.763538696 -0.0213891765 0)
(0.699488746 -0.0388385853 0)
(0.584557276 -0.0722732519 0)
(0.407900531 -0.128436298 0)
(0.300688075 -0.152947542 0)
(0.00120406711 0.287432742 0)
(0.0133207263 0.293872303 0)
(0.140044149 0.209904853 0)
(0.264971131 0.142986037 0)
(0.364177036 0.0968017839 0)
(0.440119071 0.0654408929 0)
(0.496539757 0.043976036 0)
(0.536689535 0.028700985 0)
(0.563272751 0.0170797471 0)
(0.578135532 0.00742305371 0)
(0.582208476 -0.00150097062 0)
(0.575513533 -0.0107976465 0)
(0.557107699 -0.0217344922 0)
(0.524911674 -0.0361394985 0)
(0.475517351 -0.0569632901 0)
(0.404325227 -0.0889769492 0)
(0.305686789 -0.139150574 0)
(0.174497525 -0.21527506 0)
(0.0341064983 -0.310801073 0)
(0.0108691479 -0.305909051 0)
(-0.0321468232 0.241774075 0)
(-0.063430577 0.333547179 0)
(-0.0219366435 0.29950228 0)
(0.0505988715 0.240051251 0)
(0.127396245 0.18302026 0)
(0.196817059 0.135453933 0)
(0.254165153 0.0974517923 0)
(0.298086009 0.0668887312 0)
(0.328663135 0.0413755429 0)
(0.346305152 0.0187813632 -2.3579762e-33)
(0.351208637 -0.00280940219 2.3579762e-33)
(0.343124195 -0.0252947859 0)
(0.321275262 -0.050829547 0)
(0.284430907 -0.0820943328 0)
(0.231327207 -0.122479227 0)
(0.16191556 -0.175657492 0)
(0.0798342188 -0.243207957 0)
(-0.0033377821 -0.317981558 0)
(-0.0578532953 -0.366363243 0)
(-0.0313893455 -0.270690594 0)
(-0.0261204659 0.182361583 0)
(-0.0666195187 0.316883903 0)
(-0.0735383585 0.330901191 0)
(-0.0481317221 0.295352081 0)
(-0.00567365701 0.244252501 0)
(0.0411104999 0.19243069 0)
(0.0845426683 0.145094074 0)
(0.120421503 0.103005861 0)
(0.14658214 0.0651538713 0)
(0.16192223 0.0298882351 2.35547167e-33)
(0.165809573 -0.00469416654 -2.35547167e-33)
(0.157795706 -0.0406691604 0)
(0.137583685 -0.0803020276 0)
(0.105282787 -0.125978686 0)
(0.0620880647 -0.179773812 0)
(0.0116078016 -0.242028707 0)
(-0.0380293591 -0.307763421 0)
(-0.0720496371 -0.359578604 0)
(-0.0711641232 -0.355585128 0)
(-0.0287210915 -0.2091784 0)
(-0.0176297357 0.140767784 0)
(-0.0549168183 0.281826661 0)
(-0.0828636662 0.324483387 0)
(-0.0880773864 0.312395477 0)
(-0.0751213819 0.274440453 0)
(-0.0526298464 0.226776871 0)
(-0.0275145521 0.177301407 0)
(-0.00458319124 0.12914431 0)
(0.0130201148 0.0829116542 0)
(0.0233532885 0.0379327935 -2.94546301e-34)
(0.0253062588 -0.0071011532 2.94546301e-34)
(0.0184118893 -0.0537988342 0)
(0.00288397402 -0.103800197 0)
(-0.0200897911 -0.158366596 0)
(-0.0477728839 -0.217529221 0)
(-0.0750630143 -0.278346022 0)
(-0.0936277426 -0.331693379 0)
(-0.0922276259 -0.357397693 0)
(-0.063507683 -0.318879098 0)
(-0.0207312966 -0.162076434 0)
(-0.0116543334 0.111591968 0)
(-0.043152484 0.243764379 0)
(-0.0782846965 0.299857965 0)
(-0.100580464 0.30499898 0)
(-0.108312323 0.280419198 0)
(-0.105718754 0.240367118 0)
(-0.0975388805 0.19327592 0)
(-0.087796525 0.143543924 0)
(-0.0795385183 0.0930251689 0)
(-0.0748306547 0.0420749439 0)
(-0.0748515328 -0.00975891304 0)
(-0.0799377981 -0.0632496843 0)
(-0.0895029325 -0.119031841 0)
(-0.10181537 -0.17699164 0)
(-0.113692953 -0.235295901 0)
(-0.120286263 -0.288847011 0)
(-0.115238 -0.327082863 0)
(-0.0922716464 -0.331564965 0)
(-0.0521878269 -0.275118618 0)
(-0.0142848192 -0.1272597 0)
(-0.00803190644 0.0899675851 0)
(-0.0343055486 0.207875466 0)
(-0.0703693128 0.267739464 0)
(-0.100960433 0.283506789 0)
(-0.121510704 0.269751204 0)
(-0.133064014 0.237805312 0)
(-0.138138286 0.195381881 0)
(-0.139453006 0.147214754 0)
(-0.139368635 0.0958896092 0)
(-0.139602283 0.0425954408 0)
(-0.141117115 -0.0122621117 0)
(-0.144057491 -0.0685389884 0)
(-0.14765975 -0.125822806 0)
(-0.150142767 -0.182784964 0)
(-0.148669471 -0.236312053 0)
(-0.139566797 -0.280387617 0)
(-0.119016581 -0.304898176 0)
(-0.0848751858 -0.294955329 0)
(-0.0422048095 -0.232153155 0)
(-0.0100066175 -0.100709322 0)
(-0.00589823171 0.0731563361 0)
(-0.0280516584 0.175458395 0)
(-0.0624626123 0.23345268 0)
(-0.0961940207 0.254647899 0)
(-0.123785581 0.248659367 0)
(-0.144338096 0.223975396 0)
(-0.158623993 0.187069893 0)
(-0.168071737 0.142432138 0)
(-0.174173349 0.0929421411 0)
(-0.178094041 0.0403529731 0)
(-0.180458599 -0.0142239626 0)
(-0.181232194 -0.0698432849 0)
(-0.179649254 -0.125223659 0)
(-0.174206846 -0.178174948 0)
(-0.162810375 -0.224938044 0)
(-0.143213506 -0.259509882 0)
(-0.113842248 -0.273198569 0)
(-0.0753169406 -0.254894113 0)
(-0.0343190131 -0.192924261 0)
(-0.00728500305 -0.0799912048 0)
(-0.0045931513 0.0595153437 0)
(-0.0235443178 0.146540856 0)
(-0.0553433523 0.19965957 0)
(-0.0893202822 0.222698519 0)
(-0.120052676 0.221816093 0)
(-0.145610177 0.203128624 0)
(-0.165571926 0.17179376 0)
(-0.180318514 0.131773505 0)
(-0.190532572 0.0859392348 0)
(-0.196815251 0.0363506858 2.97712272e-34)
(-0.199450372 -0.0153908955 -2.97712272e-34)
(-0.198276995 -0.0677550861 0)
(-0.192647354 -0.118865474 0)
(-0.181490349 -0.16605642 0)
(-0.163546864 -0.205437669 0)
(-0.137859282 -0.231574554 0)
(-0.104503742 -0.237501922 0)
(-0.0656639034 -0.21538378 0)
(-0.0281738578 -0.1582482 0)
(-0.00551069838 -0.0634662081 0)
(-0.0037331562 0.0480876085 0)
(-0.0201212982 0.120837504 0)
(-0.04901554 0.167673689 0)
(-0.0816392282 0.190284208 0)
(-0.11298979 0.19248416 0)
(-0.14068098 0.178553781 4.67989231e-33)
(-0.163557869 0.152462547 0)
(-0.181246793 0.117552801 0)
(-0.193784698 0.0765034401 -4.74065024e-33)
(-0.201297485 0.0314706895 2.26597003e-36)
(-0.203789679 -0.0156736871 4.98646789e-36)
(-0.201035795 -0.0630539417 0)
(-0.192566286 -0.108479131 0)
(-0.177765786 -0.149138392 0)
(-0.156125097 -0.181357572 0)
(-0.127679899 -0.200520882 0)
(-0.0935646287 -0.201315435 0)
(-0.0566770643 -0.178461443 0)
(-0.0233146674 -0.12808845 0)
(-0.00429570327 -0.0500429064 0)
(-0.00311503704 0.0383298893 0)
(-0.0173630917 0.0980489346 0)
(-0.0433175503 0.13812719 0)
(-0.0737179442 0.158975893 0)
(-0.104104248 0.162834729 0)
(-0.131970251 0.152614832 -4.67989231e-33)
(-0.155761253 0.13129281 0)
(-0.174612428 0.101601097 0)
(-0.188099727 0.0659277114 4.74065024e-33)
(-0.195996891 0.0263690805 1.49107228e-33)
(-0.19811107 -0.0151225864 -1.49832471e-33)
(-0.194203475 -0.0565425693 0)
(-0.183996048 -0.0956235701 0)
(-0.167276705 -0.129651797 0)
(-0.144123988 -0.155365559 0)
(-0.11525214 -0.169019129 0)
(-0.0823811761 -0.166710813 0)
(-0.0485939655 -0.14503773 0)
(-0.019397539 -0.10210169 0)
(-0.00342089848 -0.03900439 0)
(-0.00263391606 0.0299255567 0)
(-0.0150225149 0.0779282983 0)
(-0.0380971435 0.111308457 0)
(-0.0658170764 0.129692633 0)
(-0.0942787519 0.134260539 0)
(-0.121043077 0.126922147 0)
(-0.14438245 0.10985781 0)
(-0.163147653 0.0852459689 0)
(-0.176618053 0.0551404228 0)
(-0.184333957 0.0214700607 2.99743402e-34)
(-0.185981422 -0.0138806465 -2.99743401e-34)
(-0.181342225 -0.0489499223 0)
(-0.170312635 -0.0815721833 0)
(-0.15299809 -0.109286352 0)
(-0.129890646 -0.129327531 0)
(-0.102113767 -0.13876104 0)
(-0.071638879 -0.134813225 0)
(-0.0414363102 -0.11540494 0)
(-0.0161842383 -0.0798566738 0)
(-0.00276401366 -0.029860095 0)
(-0.00223470289 0.0226793954 0)
(-0.0129539466 0.0602822115 0)
(-0.0332376949 0.0873284352 0)
(-0.0580547332 0.102951631 0)
(-0.0840342183 0.107618784 0)
(-0.108904562 0.102517799 0)
(-0.130912236 0.0892061359 0)
(-0.148773729 0.0693799732 0)
(-0.161601267 0.0447490578 0)
(-0.168798921 0.0170065066 3.00137979e-34)
(-0.169991195 -0.0121365493 -3.00137979e-34)
(-0.164997439 -0.0408846912 0)
(-0.153855507 -0.0672932009 0)
(-0.136897328 -0.0892390402 0)
(-0.114875208 -0.104465784 0)
(-0.0891178306 -0.110741512 0)
(-0.0616321167 -0.106155489 0)
(-0.0351265674 -0.0895332351 0)
(-0.0135035862 -0.060925071 0)
(-0.00225324546 -0.0222573364 0)
(-0.00188541323 0.0164657392 0)
(-0.0110622542 0.0449631541 0)
(-0.0286405644 0.066208461 0)
(-0.0504601155 0.0790253574 0)
(-0.0736516817 0.0834097143 0)
(-0.0961622376 0.0800389751 0)
(-0.116303565 0.0699931831 0)
(-0.132760659 0.0545594473 0)
(-0.144572697 0.0351134023 0)
(-0.15107943 0.0130745372 0)
(-0.151884916 -0.0100875749 0)
(-0.146850183 -0.0328237807 0)
(-0.136116954 -0.0534804616 0)
(-0.120162064 -0.0703075423 0)
(-0.0998775685 -0.0815274287 0)
(-0.0766557958 -0.0854896397 0)
(-0.0524113236 -0.0809212968 0)
(-0.0295295398 -0.0672451752 0)
(-0.0112183841 -0.0449255226 0)
(-0.00184126506 -0.0159377077 0)
(-0.00156247105 0.0112073639 0)
(-0.00926962668 0.0318694607 0)
(-0.0242018803 0.0479352543 0)
(-0.0429873208 0.0580470959 0)
(-0.0632302644 0.0619093843 0)
(-0.0831186998 0.0598538753 0)
(-0.101083611 0.0526037814 0)
(-0.115846119 0.0411058337 0)
(-0.126437665 0.0264228476 0)
(-0.132183866 0.00968544411 0)
(-0.132694297 -0.00791624346 0)
(-0.127867561 -0.0251239895 0)
(-0.117912611 -0.0406087255 0)
(-0.103384098 -0.0529955648 0)
(-0.0852252963 -0.0609366508 0)
(-0.0648005359 -0.0632476739 0)
(-0.0438642984 -0.059111593 0)
(-0.0244669682 -0.0483235903 0)
(-0.00920289057 -0.0315511271 0)
(-0.00149084915 -0.0107190859 0)
(-0.00124264744 0.00687211656 0)
(-0.00749701748 0.0209531851 0)
(-0.0197990464 0.0325002573 0)
(-0.0355230778 0.0400858431 0)
(-0.0527223121 0.0432701837 0)
(-0.0698309199 0.0421726478 0)
(-0.0854299885 0.0372592802 0)
(-0.0983221099 0.0291981347 0)
(-0.107577461 0.0187667636 0)
(-0.112543283 0.00680851841 0)
(-0.112850937 -0.0057797568 0)
(-0.108428423 -0.0180479573 0)
(-0.0995185641 -0.0289986039 0)
(-0.0866997098 -0.0376146396 0)
(-0.0709020154 -0.0429231341 0)
(-0.0534040494 -0.0441056844 0)
(-0.0357693602 -0.0406579689 0)
(-0.0197275872 -0.0325800705 0)
(-0.00733053478 -0.0205897204 0)
(-0.00116694349 -0.00649208254 0)
(-0.000899847657 0.00347691241 0)
(-0.00566072389 0.012223973 0)
(-0.0152972981 0.0199171926 0)
(-0.027908202 0.0251876991 0)
(-0.0419693501 0.0275848781 0)
(-0.0561572952 0.0271252372 0)
(-0.0692250372 0.0240977668 0)
(-0.0800939994 0.018944743 0)
(-0.087912919 0.0121891863 0)
(-0.0920812343 0.00440197793 0)
(-0.0922650039 -0.00380743887 0)
(-0.0884125494 -0.0117922249 0)
(-0.0807698363 -0.0188740857 0)
(-0.0698919565 -0.0243650112 0)
(-0.0566436737 -0.0276141563 0)
(-0.0421757563 -0.0280877019 0)
(-0.0278460639 -0.0254855526 0)
(-0.0150882885 -0.0198859696 0)
(-0.00547433381 -0.0119309926 0)
(-0.000833522047 -0.00322188451 0)
(-0.000507488326 0.00108916906 0)
(-0.00368875111 0.00573992531 0)
(-0.010586822 0.0102219912 0)
(-0.0199871792 0.0134016969 0)
(-0.0307541265 0.0149395143 0)
(-0.0418060672 0.0148321408 0)
(-0.0520984972 0.0132496725 0)
(-0.0607182949 0.010451288 0)
(-0.0669400634 0.00673858397 0)
(-0.0702512092 0.00243723216 0)
(-0.0703685982 -0.00210621778 0)
(-0.0672534074 -0.00652308254 0)
(-0.0611242242 -0.0104248082 0)
(-0.0524646788 -0.0134149289 0)
(-0.0420186864 -0.0151161316 0)
(-0.0307616494 -0.0152177949 0)
(-0.0198236948 -0.0135489356 0)
(-0.0103612002 -0.0101758343 0)
(-0.0035265957 -0.00555490864 0)
(-0.000456457265 -0.000945947067 0)
(-6.44903611e-05 -0.000176230547 0)
(-0.00159893143 0.00163655934 0)
(-0.00569497265 0.00359846666 0)
(-0.0117194801 0.0050104871 0)
(-0.0188873161 0.00571662521 0)
(-0.0263903594 0.0057336059 0)
(-0.0334536823 0.00514752242 0)
(-0.0394069664 0.00407311398 0)
(-0.0437208538 0.00263479929 0)
(-0.0460221156 0.000961840522 0)
(-0.046104074 -0.000810053049 0)
(-0.0439372323 -0.00253587063 0)
(-0.0396799347 -0.00406038873 0)
(-0.0336857576 -0.00522154518 0)
(-0.0265018213 -0.00586008064 0)
(-0.0188489971 -0.00583808387 0)
(-0.011567174 -0.00507022055 0)
(-0.00551543148 -0.00357084129 0)
(-0.001481997 -0.00155254716 0)
(-3.10951431e-05 0.000233961866 0)
(0.000261383397 -0.000255566332 0)
(0.00015142753 0.000102071513 0)
(-0.00117491788 0.000547396277 0)
(-0.00348050803 0.00086348442 0)
(-0.00637534559 0.0010220399 0)
(-0.0094665134 0.00103793798 0)
(-0.0123995622 0.000936182835 0)
(-0.0148812086 0.000743033905 0)
(-0.0166854656 0.00048316325 0)
(-0.0176540591 0.000180083766 1.08300401e-33)
(-0.0176978603 -0.000142299413 -1.08300401e-33)
(-0.0168008706 -0.000458197505 0)
(-0.0150260925 -0.000738988364 0)
(-0.0125214684 -0.000953207234 0)
(-0.00952323454 -0.00106769252 0)
(-0.00635282672 -0.00105048895 0)
(-0.00340005523 -0.000876759569 0)
(-0.00108359562 -0.000539601285 0)
(0.000206094954 -8.25158193e-05 0)
(0.000274552385 0.00026673414 0)
)
;

boundaryField
{
    walls
    {
        type            fixedValue;
        value           uniform (0 0 0);
    }
    mov_wall
    {
        type            fixedValue;
        value           uniform (1 0 0);
    }
    empty
    {
        type            empty;
    }
}


// ************************************************************************* //
