/*--------------------------------*- C++ -*----------------------------------*\
| =========                 |                                                 |
| \\      /  F ield         | OpenFOAM: The Open Source CFD Toolbox           |
|  \\    /   O peration     | Version:  5.x                                   |
|   \\  /    A nd           | Web:      www.OpenFOAM.org                      |
|    \\/     M anipulation  |                                                 |
\*---------------------------------------------------------------------------*/
FoamFile
{
    version     2.0;
    format      ascii;
    class       volScalarField;
    location    "8.6";
    object      p;
}
// * * * * * * * * * * * * * * * * * * * * * * * * * * * * * * * * * * * * * //

dimensions      [0 2 -2 0 0 0 0];

internalField   nonuniform List<scalar> 
400
(
5.03564005e-07
2.45245948
3.49432308
3.89887924
4.10664721
4.22470672
4.29429136
4.34027819
4.37633866
4.41011079
4.44675977
4.49091467
4.54765429
4.62448934
4.73479755
4.90459608
5.18237974
5.68420106
6.84131557
9.41172456
1.88670522
2.86728931
3.41988349
3.74774375
3.96518072
4.10974721
4.20767427
4.27899221
4.33674473
4.38961304
4.44424526
4.50657181
4.58333339
4.68329763
4.81972612
5.01367894
5.29402224
5.69846898
6.33841543
7.42837107
2.98207766
3.2625301
3.542331
3.77067945
3.94570555
4.07571565
4.17322557
4.25000324
4.31527552
4.37623579
4.43892494
4.5090215
4.59257503
4.69678261
4.83084996
5.006638
5.23632158
5.52393919
5.86049066
6.19823737
3.52778403
3.58534266
3.72178532
3.86537665
3.98906394
4.09083219
4.17461012
4.24571391
4.30952682
4.37102302
4.43477442
4.50520422
4.58678837
4.6842545
4.80245105
4.94569251
5.11574924
5.30514784
5.47833688
5.55963882
3.84421693
3.82688032
3.88517972
3.96938285
4.05221961
4.1277908
4.19566842
4.25747765
4.31592278
4.37409213
4.43506487
4.50185737
4.57733098
4.66400595
4.76350391
4.87551086
4.99635885
5.11480168
5.19584581
5.18371571
4.0455009
4.00365858
4.02142589
4.06784969
4.12138221
4.17574072
4.22885456
4.28053749
4.33185998
4.38449154
4.44027078
4.50096781
4.56804854
4.64232619
4.72332621
4.80836622
4.89180655
4.96267773
4.99308042
4.94680779
4.18058549
4.13383059
4.13183853
4.15536833
4.18883329
4.22706643
4.26772668
4.30987145
4.35363708
4.39973112
4.44903814
4.50233662
4.56001861
4.62172149
4.68578518
4.74862582
4.80455958
4.84466547
4.84862435
4.79367977
4.27565827
4.23084215
4.21965969
4.22967397
4.24984546
4.27635441
4.307122
4.34098232
4.3775781
4.4169987
4.4594512
4.50499603
4.55328494
4.60324883
4.65270466
4.69801098
4.7342584
4.75484652
4.74556019
4.69204185
4.34467376
4.30373063
4.28862853
4.29082706
4.3023758
4.32057127
4.34372965
4.37070136
4.40089251
4.43401502
4.46982791
4.50791745
4.54748318
4.58710862
4.62451292
4.65641283
4.67889324
4.68733284
4.67187893
4.62321618
4.39525874
4.35850396
4.34215668
4.33995759
4.34598852
4.35836069
4.3757605
4.39714451
4.42182471
4.449298
4.47905016
4.51038642
4.5422738
4.57319205
4.60099975
4.62292555
4.63599516
4.63709185
4.61932428
4.5763772
4.43196293
4.39925702
4.3830538
4.37850987
4.38106506
4.3893953
4.40248668
4.41942381
4.43950139
4.46210804
4.4865815
4.5120861
4.53750735
4.56136828
4.58177553
4.59648054
4.60329378
4.60017289
4.58220517
4.54489329
4.45777577
4.42889501
4.41357965
4.40794417
4.4083788
4.41394642
4.42386332
4.43733774
4.45368746
4.47226037
4.49233009
4.51301294
4.5332058
4.55155078
4.56643242
4.57606976
4.57888488
4.57357387
4.5565545
4.5244773
4.47482677
4.44957263
4.4355606
4.42961985
4.42885231
4.43259289
4.44023464
4.45109765
4.46454219
4.47991506
4.4964766
4.51334954
4.5294903
4.54368781
4.55459123
4.56081015
4.56122653
4.55503519
4.5395725
4.51225868
4.48472981
4.46295857
4.45049231
4.44475073
4.443416
4.44602815
4.45212174
4.46111661
4.47242205
4.48540259
4.49933015
4.51335828
4.526519
4.53774547
4.54591736
4.54995853
4.54909296
4.54285632
4.52925465
4.50627116
4.48877345
4.47040198
4.45961996
4.45439273
4.45292666
4.45493624
4.46007807
4.46786116
4.47774099
4.48910208
4.50123189
4.51331604
4.52445531
4.53370541
4.54013392
4.54291224
4.54152244
4.53574794
4.52413385
4.50513499
4.48806077
4.47305638
4.46400867
4.4594545
4.45813048
4.4599235
4.46460475
4.47176223
4.48088641
4.4913698
4.50250178
4.51348264
4.52345757
4.53157033
4.53702984
4.53919883
4.5377617
4.53270716
4.52308293
4.50782054
4.48366785
4.47200987
4.46464027
4.46076208
4.45970124
4.46153648
4.46615295
4.47320551
4.48220019
4.49251349
4.50340898
4.51406946
4.52364678
4.53132844
4.5364151
4.53841187
4.53716972
4.53287764
4.52512583
4.51341556
4.47685493
4.46838733
4.46242893
4.45901528
4.45816167
4.46016952
4.46503452
4.47245695
4.48192743
4.49276982
4.50418071
4.51527972
4.52517398
4.53303842
4.53820748
4.54027767
4.53923841
4.53549787
4.52928711
4.52085562
4.46928544
4.46319397
4.45767396
4.4539677
4.45292165
4.45508882
4.4605425
4.46896792
4.47977062
4.49214856
4.50515365
4.5177579
4.52893063
4.53773381
4.54343399
4.54563043
4.54440384
4.54041558
4.53469852
4.52866549
4.46344831
4.45752257
4.45037012
4.44492667
4.44290311
4.44509512
4.45156706
4.46187238
4.47521432
4.49055067
4.50667189
4.52227556
4.53605295
4.54679895
4.5535516
4.55576494
4.55351979
4.54774892
4.54035103
4.53446164
)
;

boundaryField
{
    walls
    {
        type            zeroGradient;
    }
    mov_wall
    {
        type            zeroGradient;
    }
    empty
    {
        type            empty;
    }
}


// ************************************************************************* //
