/*--------------------------------*- C++ -*----------------------------------*\
| =========                 |                                                 |
| \\      /  F ield         | OpenFOAM: The Open Source CFD Toolbox           |
|  \\    /   O peration     | Version:  5.x                                   |
|   \\  /    A nd           | Web:      www.OpenFOAM.org                      |
|    \\/     M anipulation  |                                                 |
\*---------------------------------------------------------------------------*/
FoamFile
{
    version     2.0;
    format      ascii;
    class       surfaceScalarField;
    location    "8.6";
    object      phi;
}
// * * * * * * * * * * * * * * * * * * * * * * * * * * * * * * * * * * * * * //

dimensions      [0 3 -1 0 0 0 0];

internalField   nonuniform List<scalar> 
760
(
0.00134817681
-0.00134817705
0.00245763987
-0.00110946306
0.00313513474
-0.000677494877
0.00355971575
-0.00042458102
0.00383225133
-0.000272535573
0.00400945217
-0.000177200827
0.00412521453
-0.000115762341
0.0041992171
-7.40025769e-05
0.00424243237
-4.32152868e-05
0.00426055358
-1.81212272e-05
0.00425562235
4.93124509e-06
0.00422675779
2.88645828e-05
0.00416938941
5.73683779e-05
0.00407358505
9.58043454e-05
0.00391995093
0.000153634107
0.00367201929
0.000247931652
0.00326316024
0.000408859073
0.00257264078
0.000690519456
0.00140850174
0.00116413902
0.00140850172
-5.46951743e-05
-0.00129348187
0.000412592753
-0.00157675098
0.0010300299
-0.00129493202
0.00157871394
-0.000973265072
0.00201483274
-0.000708654391
0.00234477728
-0.000507145378
0.00258511634
-0.000356101378
0.00275126944
-0.00024015566
0.00285456782
-0.000146513665
0.00290179533
-6.53487576e-05
0.0028953666
1.13599628e-05
0.00283293036
9.13008255e-05
0.00270712575
0.000183173011
0.00250436376
0.000298566342
0.00220410989
0.000453887962
0.00178090171
0.000671139809
0.00121756799
0.000972192814
0.000552812571
0.00135527491
1.30664937e-05
0.00170388511
0.0014215682
-0.000271734622
-0.00102174726
-0.000221026537
-0.00162745905
7.13678719e-05
-0.00158732641
0.000446285719
-0.00134818291
0.000812489733
-0.00107485842
0.00112929929
-0.00082395496
0.00138207833
-0.000608880412
0.0015680079
-0.000426085208
0.001688377
-0.000266882739
0.00174468456
-0.000121656333
0.00173678976
1.92547367e-05
0.00166213441
0.00016595617
0.00151571289
0.000329594556
0.00129125426
0.000523024992
0.000985011706
0.000760130505
0.000605009647
0.00105114184
0.000189850694
0.00138735176
-0.00016004508
0.0017051707
-0.00026164062
0.00180548067
0.00115992757
-0.000227941574
-0.0007938057
-0.0003611973
-0.00149420332
-0.000308328185
-0.0016401955
-0.000134821156
-0.00152168992
8.92094345e-05
-0.00129888902
0.000314971897
-0.00104971745
0.000513263008
-0.000807171541
0.000668300026
-0.000581122211
0.000771990353
-0.000370573033
0.000820036151
-0.000169702122
0.000809727668
2.95631938e-05
0.000739201016
0.000236482797
0.00060793566
0.000460859923
0.000419110886
0.000711849801
0.000184524351
0.000994717052
-6.71911675e-05
0.00130285733
-0.000280617557
0.00160077812
-0.000369418494
0.00179397164
-0.000246993635
0.00168305584
0.000912933951
-0.000168965209
-0.000624840496
-0.000352016185
-0.00131115237
-0.000431557679
-0.001560654
-0.000408908955
-0.00154433862
-0.000319435135
-0.00138836282
-0.000200095146
-0.00116905746
-7.98100728e-05
-0.000927456649
2.15782457e-05
-0.000682510539
9.14287056e-05
-0.000440423462
0.000122135418
-0.000200408802
0.000109757226
4.19413771e-05
5.3645717e-05
0.000292594267
-4.27490253e-05
0.000557254648
-0.000169694039
0.000838794845
-0.000307652412
0.00113267546
-0.000423468605
0.00141867353
-0.00047002487
0.00164733435
-0.000397824839
0.00172177158
-0.000196431042
0.00148166205
0.000716502934
-0.00012419212
-0.000500648363
-0.000308335638
-0.00112700888
-0.000450494113
-0.00141849554
-0.00052320402
-0.00147162869
-0.000535391032
-0.00137617577
-0.000508160778
-0.0011962877
-0.000463156864
-0.000972460594
-0.000418060945
-0.000727606496
-0.000385619022
-0.000472865378
-0.000373912051
-0.000212115727
-0.00038672789
5.47572415e-05
-0.000423459477
0.000329325826
-0.000478356384
0.000612151508
-0.000539178293
0.00089961675
-0.000585818877
0.00117931609
-0.00059051231
0.001423367
-0.000523085111
0.00157990714
-0.000366699085
0.00156538552
-0.000150586
0.00126554894
0.00056591695
-9.45729117e-05
-0.000406075425
-0.000264649729
-0.000956932076
-0.000430738393
-0.00125240691
-0.000556976961
-0.00134539014
-0.000636793215
-0.00129635948
-0.000678141728
-0.00115493914
-0.000693943884
-0.000956658441
-0.00069692923
-0.000724621198
-0.000697274075
-0.000472520565
-0.000701661764
-0.000207728009
-0.000712860683
6.59562168e-05
-0.000729336321
0.000345801475
-0.000744753793
0.000627568932
-0.000747580321
0.000902443231
-0.00072146992
0.0011532057
-0.000647843383
0.00134974051
-0.000512876896
0.00144494068
-0.000321206262
0.00137371487
-0.000116485703
0.00106082835
0.000449431237
-7.53437213e-05
-0.000330731679
-0.00022820679
-0.000804068998
-0.00039835365
-0.00108226008
-0.000550539541
-0.00119320428
-0.000670626472
-0.00117627255
-0.000757578331
-0.00106798723
-0.000816784768
-0.000897451965
-0.00085558741
-0.00068581858
-0.000880624304
-0.000447483732
-0.000896360351
-0.000191991982
-0.000904270087
7.38660037e-05
-0.000902360273
0.000343891721
-0.000884972168
0.000610180822
-0.000843104157
0.000860575159
-0.000765820216
0.00107592172
-0.000643664756
0.00122758507
-0.000475103932
0.00127637991
-0.000276309823
0.00117492079
-9.21328467e-05
0.000876651363
0.000357298364
-6.22883117e-05
-0.000268443362
-0.000198541299
-0.000667815976
-0.000362893625
-0.000917907758
-0.000523850721
-0.00103224723
-0.000664415252
-0.00103570806
-0.000778128938
-0.000954273529
-0.00086481215
-0.000810768689
-0.000927165425
-0.000623465275
-0.000968399659
-0.000406249543
-0.000990721233
-0.000169670475
-0.000994436397
7.75811652e-05
-0.000977525732
0.000326981123
-0.000935694961
0.000568350108
-0.000863101205
0.000787981385
-0.000754123162
0.00096694361
-0.000606626334
0.0010800882
-0.000426950424
0.00109670402
-0.000236038281
0.000984008696
-7.4349004e-05
0.000714962109
0.000282949343
-5.27689939e-05
-0.000215674389
-0.000173812788
-0.000546772141
-0.000327557374
-0.000764163135
-0.000486865953
-0.000872938667
-0.000634380195
-0.000888193873
-0.000760757889
-0.000827895868
-0.000862116673
-0.000709409863
-0.000937654726
-0.00054792715
-0.000987783178
-0.000356121076
-0.00101282395
-0.000144629769
-0.00101222279
7.69799424e-05
-0.000984240728
0.000298999071
-0.000926163054
0.00051027251
-0.000835158774
0.000696977157
-0.000709976063
0.000841760874
-0.000553597336
0.000923709416
-0.000376677004
0.000919783657
-0.000200960062
0.000808291771
-6.08626228e-05
0.000574864704
0.00022208673
-4.52979569e-05
-0.000170376471
-0.000152453995
-0.000439616086
-0.000293299603
-0.000623317475
-0.000444763067
-0.000721475169
-0.00059034582
-0.000742611153
-0.000719473376
-0.000698768382
-0.000826046384
-0.000602836876
-0.000906878216
-0.000467095257
-0.000960347536
-0.000302651681
-0.000985403107
-0.000119574201
-0.000980963157
7.25399148e-05
-0.000945732148
0.000263768001
-0.000878480058
0.000443020444
-0.000778855047
0.000597352223
-0.000648784017
0.00071168989
-0.000494403527
0.000769328903
-0.000328204161
0.000753584237
-0.000170678388
0.000650765969
-5.02806697e-05
0.000454466997
0.000171806085
-3.90621942e-05
-0.000131314307
-0.00013340383
-0.000345274474
-0.000260349986
-0.000496371288
-0.000400388949
-0.000581436144
-0.000538431153
-0.000604568924
-0.000663692768
-0.00057350682
-0.000768938078
-0.00049759164
-0.000849523118
-0.000386510222
-0.000902500933
-0.00024967379
-0.000925934052
-9.61410106e-05
-0.000918488838
6.50946839e-05
-0.000879356201
0.000224635281
-0.000808535371
0.00037219956
-0.000707505294
0.000496322174
-0.00058026168
0.000584446346
-0.000434588308
0.000623655571
-0.000283248276
0.000602244186
-0.000144573371
0.000512091021
-4.17552014e-05
0.000351648807
0.0001300509
-3.36093945e-05
-9.7704908e-05
-0.000115973521
-0.000262910398
-0.00022868592
-0.000383658907
-0.000355331155
-0.000454790864
-0.00048244846
-0.00047745155
-0.000599656604
-0.000456298664
-0.000699324725
-0.000397923587
-0.000776050516
-0.000309784503
-0.000826127664
-0.000199596634
-0.000847124127
-7.51444634e-05
-0.000837646043
5.56166643e-05
-0.000797332171
0.000184321385
-0.000727102537
0.000301969847
-0.000629656464
0.000398876054
-0.000510163492
0.000464953399
-0.000377005131
0.00049049727
-0.000242314842
0.00046755393
-0.000121978222
0.000391754388
-3.47332198e-05
0.000264403776
9.53176738e-05
-2.86574594e-05
-6.90474094e-05
-9.96602183e-05
-0.00019190768
-0.000198117032
-0.000285202149
-0.000310357597
-0.000342550309
-0.000424616069
-0.000363193018
-0.000531265853
-0.00034964881
-0.000622765411
-0.000306424029
-0.000693446631
-0.00023910336
-0.00073925885
-0.000153784481
-0.000757558065
-5.68452298e-05
-0.000747003437
4.50621195e-05
-0.000707597896
0.000144915899
-0.000640884371
0.000235256296
-0.000550277073
0.000308268686
-0.000441462375
0.000356138661
-0.000322745872
0.000371780787
-0.000205166577
0.000349974681
-0.000102185424
0.000288773262
-2.88024077e-05
0.000191020753
6.65152475e-05
-2.39811818e-05
-4.50661794e-05
-8.39974065e-05
-0.000131891454
-0.000168257095
-0.000200942513
-0.000265595521
-0.000245211939
-0.000365935626
-0.000262852911
-0.000460594493
-0.000254989874
-0.000542423492
-0.000224594965
-0.000605821281
-0.000175705583
-0.000646681734
-0.000112924106
-0.000662339419
-4.11876037e-05
-0.000651561355
3.42840799e-05
-0.000614612929
0.000107967549
-0.000553400601
0.000174044015
-0.000471663873
0.000226531936
-0.00037515401
0.000259628743
-0.000271701973
0.000268328718
-0.000171058868
0.000249331589
-8.44170632e-05
0.000202131489
-2.35998541e-05
0.000130203562
4.29153825e-05
-1.93492222e-05
-2.5716935e-05
-6.84700061e-05
-8.27706278e-05
-0.000138506726
-0.000130905801
-0.000220638079
-0.000163080644
-0.000306428445
-0.000177062599
-0.000388228785
-0.000173189524
-0.000459474166
-0.000153349512
-0.000514859768
-0.000120319923
-0.000550429761
-7.73541309e-05
-0.000563627571
-2.7989866e-05
-0.000553348457
2.40049181e-05
-0.00052001645
7.46355647e-05
-0.000465682602
0.00011971023
-0.000394114886
0.000154964257
-0.000310822969
0.00017633681
-0.000222941269
0.000180446977
-0.000138894636
0.000165284933
-6.78135248e-05
0.000131050386
-1.87621101e-05
8.11521667e-05
2.41532762e-05
-1.45055542e-05
-1.12114e-05
-5.25211019e-05
-4.47550267e-05
-0.000108122784
-7.53040806e-05
-0.00017468777
-9.65156702e-05
-0.000245343247
-0.000106407182
-0.00031352085
-0.000105011971
-0.000373387925
-9.3482422e-05
-0.000420129415
-7.35783667e-05
-0.000450116039
-4.73674575e-05
-0.00046100906
-1.70968634e-05
-0.000451841642
1.48374393e-05
-0.000423096931
4.58908154e-05
-0.000376775984
7.33893001e-05
-0.000316426443
9.4614765e-05
-0.00024707953
0.000106989926
-0.000175030342
0.000108397779
-0.000107403064
9.7657628e-05
-5.14858554e-05
7.5133162e-05
-1.3914627e-05
4.35809426e-05
1.02386593e-05
-9.20283588e-06
-2.00860815e-06
-3.56847556e-05
-1.82730748e-05
-7.6435518e-05
-3.4553267e-05
-0.000126810996
-4.61401568e-05
-0.000181408049
-5.18101444e-05
-0.000234817156
-5.16029204e-05
-0.000282132256
-4.61673643e-05
-0.000319263558
-3.64470487e-05
-0.000343116501
-2.35144577e-05
-0.000351700018
-8.51330858e-06
-0.000344207001
7.34440738e-06
-0.000321084438
2.27682048e-05
-0.000284086178
3.63910112e-05
-0.000236279544
4.68081434e-05
-0.000181958568
5.26689846e-05
-0.000126403734
5.28429655e-05
-7.54285342e-05
4.66824239e-05
-3.46816303e-05
3.43862421e-05
-8.71391418e-06
1.7613218e-05
1.52475007e-06
-3.43755172e-06
1.42890714e-06
-1.80439009e-05
-3.66672205e-06
-4.34060499e-05
-9.19109018e-06
-7.64336588e-05
-1.31125018e-05
-0.000113187135
-1.50566374e-05
-0.0001496651
-1.51249662e-05
-0.000182251554
-1.35809543e-05
-0.000207952868
-1.07457653e-05
-0.000224514106
-6.95320722e-06
-0.000230484751
-2.54262287e-06
-0.000225272626
2.13230938e-06
-0.000209197071
6.69263943e-06
-0.000183535362
1.07292715e-05
-0.000150536822
1.38095841e-05
-0.000113368299
1.55004685e-05
-7.59397556e-05
1.54144421e-05
-4.25472146e-05
1.32898957e-05
-1.7276734e-05
9.11575985e-06
-3.10385901e-06
3.4403364e-06
-1.57911009e-06
1.4288938e-06
-2.23785904e-06
-1.14289795e-05
-2.4541484e-05
-3.95980926e-05
-5.47230255e-05
-6.8303974e-05
-7.90497651e-05
-8.60030016e-05
-8.85456284e-05
-8.64132967e-05
-7.97206327e-05
-6.89913563e-05
-5.51817863e-05
-3.9681334e-05
-2.42668962e-05
-1.09769942e-05
-1.86122745e-06
1.57911133e-06
)
;

boundaryField
{
    walls
    {
        type            calculated;
        value           uniform 0;
    }
    mov_wall
    {
        type            calculated;
        value           uniform 0;
    }
    empty
    {
        type            empty;
        value           nonuniform 0();
    }
}


// ************************************************************************* //
