/*--------------------------------*- C++ -*----------------------------------*\
| =========                 |                                                 |
| \\      /  F ield         | OpenFOAM: The Open Source CFD Toolbox           |
|  \\    /   O peration     | Version:  5.x                                   |
|   \\  /    A nd           | Web:      www.OpenFOAM.org                      |
|    \\/     M anipulation  |                                                 |
\*---------------------------------------------------------------------------*/
FoamFile
{
    version     2.0;
    format      ascii;
    class       volVectorField;
    location    "8.6";
    object      U;
}
// * * * * * * * * * * * * * * * * * * * * * * * * * * * * * * * * * * * * * //

dimensions      [0 1 -1 0 0 0 0];

internalField   nonuniform List<vector> 
400
(
(0.291698422 0.149643819 0)
(0.388187168 0.128007695 0)
(0.55761607 0.0757318274 0)
(0.674785702 0.0433044386 0)
(0.743766594 0.0251591041 0)
(0.787075021 0.0148802961 0)
(0.815462959 0.00893092113 0)
(0.833939563 0.00530992888 0)
(0.845365464 0.00289956252 0)
(0.851349263 0.00108485292 2.66526753e-34)
(0.852640746 -0.000502854044 -2.66526753e-34)
(0.849354291 -0.00216072118 0)
(0.840973373 -0.00421710536 0)
(0.826113775 -0.00722098505 0)
(0.802020425 -0.012236501 0)
(0.763538944 -0.021389211 0)
(0.69948889 -0.0388386157 0)
(0.584557337 -0.0722732738 0)
(0.407900537 -0.128436306 0)
(0.300688068 -0.152947535 0)
(0.00120418152 0.287432402 0)
(0.0133209596 0.293872122 0)
(0.140044445 0.209904855 0)
(0.26497159 0.142986163 0)
(0.36417774 0.0968019838 0)
(0.440120062 0.0654411196 0)
(0.496541038 0.0439762503 0)
(0.536691068 0.0287011573 0)
(0.563274468 0.0170798562 0)
(0.578137344 0.00742308728 0)
(0.582210285 -0.00150101392 0)
(0.57551525 -0.0107977567 0)
(0.557109249 -0.0217346523 0)
(0.524912997 -0.0361396902 0)
(0.475518409 -0.0569634965 0)
(0.404326002 -0.0889771535 0)
(0.305687291 -0.139150757 0)
(0.17449779 -0.215275202 0)
(0.0341065861 -0.310801153 0)
(0.0108691574 -0.305909061 0)
(-0.0321467643 0.241773919 0)
(-0.0634303673 0.333547156 0)
(-0.0219362027 0.299502489 0)
(0.0505996293 0.240051666 0)
(0.127397385 0.183020807 0)
(0.19681861 0.135454522 0)
(0.254167101 0.0974523401 0)
(0.2980883 0.0668891698 0)
(0.328665678 0.0413758251 0)
(0.346307829 0.018781462 -2.35796973e-33)
(0.351211315 -0.00280949219 2.35796973e-33)
(0.343126747 -0.0252950485 0)
(0.321277578 -0.0508299484 0)
(0.284432902 -0.0820948295 0)
(0.231328821 -0.122479773 0)
(0.161916763 -0.17565804 0)
(0.0798350175 -0.243208459 0)
(-0.00333734456 -0.317981963 0)
(-0.0578531337 -0.366363501 0)
(-0.0313893197 -0.270690673 0)
(-0.0261204161 0.182361573 0)
(-0.06661928 0.31688413 0)
(-0.0735377839 0.330901737 0)
(-0.0481307182 0.295352909 0)
(-0.00567217131 0.244253507 0)
(0.0411124784 0.192431741 0)
(0.0845451067 0.145095037 0)
(0.120424328 0.103006627 0)
(0.146585245 0.0651543627 0)
(0.161925482 0.0298884082 2.35546513e-33)
(0.165812821 -0.00469432153 -2.35546513e-33)
(0.157798801 -0.0406696205 0)
(0.137586495 -0.0803027407 0)
(0.10528521 -0.12597958 0)
(0.0620900296 -0.179774805 0)
(0.0116092718 -0.242029715 0)
(-0.0380283792 -0.307764355 0)
(-0.0720490974 -0.359579372 0)
(-0.07116392 -0.355585639 0)
(-0.0287210569 -0.20917858 0)
(-0.0176296827 0.140767915 0)
(-0.0549165463 0.2818272 0)
(-0.0828629981 0.324484356 0)
(-0.0880762261 0.312396798 0)
(-0.0751196876 0.274441982 0)
(-0.0526276223 0.22677843 0)
(-0.0275118481 0.177302817 0)
(-0.00458009577 0.129145422 0)
(0.0130234857 0.0829123589 0)
(0.0233567969 0.0379330325 -2.94545473e-34)
(0.0253097505 -0.00710139288 2.94545473e-34)
(0.0184152085 -0.0537995223 0)
(0.00288698127 -0.103801264 0)
(-0.0200872054 -0.15836794 0)
(-0.0477707934 -0.217530722 0)
(-0.0750614544 -0.278347551 0)
(-0.0936267058 -0.331694801 0)
(-0.0922270571 -0.35739887 0)
(-0.0635074704 -0.318879893 0)
(-0.0207312611 -0.162076726 0)
(-0.0116542779 0.111592253 0)
(-0.0431521982 0.243765266 0)
(-0.0782839986 0.2998594 0)
(-0.100579265 0.305000827 0)
(-0.10831059 0.280421265 0)
(-0.105716502 0.240369186 0)
(-0.0975361689 0.19327777 0)
(-0.0877934487 0.143545369 0)
(-0.0795351961 0.0930260709 0)
(-0.0748272202 0.0420752305 0)
(-0.0748481301 -0.00975925563 0)
(-0.0799345742 -0.0632506167 0)
(-0.0895000224 -0.119033276 0)
(-0.10181288 -0.176993448 0)
(-0.113690953 -0.235297923 0)
(-0.120284779 -0.288849071 0)
(-0.115237019 -0.327084779 0)
(-0.0922711117 -0.33156655 0)
(-0.0521876289 -0.275119692 0)
(-0.0142847869 -0.127260101 0)
(-0.00803185383 0.0899680206 0)
(-0.0343052787 0.207876698 0)
(-0.0703686587 0.267741356 0)
(-0.10095932 0.283509142 0)
(-0.121509113 0.269753778 0)
(-0.133061962 0.237807848 0)
(-0.138135831 0.195384128 0)
(-0.139450239 0.147216492 0)
(-0.139365668 0.0958906786 0)
(-0.139599237 0.0425957544 0)
(-0.141114114 -0.0122625675 0)
(-0.144054659 -0.0685401624 0)
(-0.147657204 -0.125824592 0)
(-0.150140603 -0.182787208 0)
(-0.148667746 -0.236314561 0)
(-0.13956553 -0.28039017 0)
(-0.119015751 -0.304900544 0)
(-0.0848747364 -0.294957282 0)
(-0.0422046439 -0.232154475 0)
(-0.0100065907 -0.100709817 0)
(-0.0058981888 0.0731569044 0)
(-0.0280514356 0.17545993 0)
(-0.062462073 0.233454971 0)
(-0.0961931113 0.254650689 0)
(-0.123784294 0.24866237 0)
(-0.14433645 0.223978319 0)
(-0.158622035 0.187072461 0)
(-0.16806954 0.14243411 0)
(-0.174171008 0.0929433384 0)
(-0.178091656 0.040353296 0)
(-0.180456266 -0.0142245282 0)
(-0.181230006 -0.069844676 0)
(-0.179647297 -0.12522575 0)
(-0.174205193 -0.17817756 0)
(-0.162809072 -0.224940957 0)
(-0.143212563 -0.259512841 0)
(-0.11384164 -0.273201305 0)
(-0.0753166152 -0.254896361 0)
(-0.0343188937 -0.192925775 0)
(-0.00728498352 -0.0799917699 0)
(-0.00459312349 0.059516013 0)
(-0.0235441679 0.146542619 0)
(-0.0553429861 0.199662159 0)
(-0.0893196694 0.222701635 0)
(-0.12005182 0.221819412 0)
(-0.145609097 0.203131825 0)
(-0.165570652 0.171796548 0)
(-0.180317094 0.131775633 0)
(-0.190531068 0.085940513 0)
(-0.196813734 0.0363510057 2.97711419e-34)
(-0.199448906 -0.0153915513 -2.97711419e-34)
(-0.198275636 -0.0677566466 0)
(-0.192646151 -0.118867795 0)
(-0.181489345 -0.166059303 0)
(-0.163546085 -0.205440869 0)
(-0.137858733 -0.231577796 0)
(-0.1045034 -0.237504912 0)
(-0.0656637276 -0.215386227 0)
(-0.0281737955 -0.158249842 0)
(-0.00551068843 -0.0634668182 0)
(-0.00373314605 0.0480883374 0)
(-0.0201212367 0.120839396 0)
(-0.0490153853 0.167676444 0)
(-0.0816389729 0.190287503 0)
(-0.112989446 0.192487649 0)
(-0.140680565 0.178557126 4.67987922e-33)
(-0.163557398 0.152465443 0)
(-0.18124628 0.117554996 0)
(-0.193784166 0.0765047473 -4.74063703e-33)
(-0.201296965 0.0314709973 2.26592489e-36)
(-0.203789198 -0.0156743999 4.9864863e-36)
(-0.201035374 -0.0630556032 0)
(-0.192565933 -0.108481587 0)
(-0.177765509 -0.149141425 0)
(-0.156124901 -0.181360922 0)
(-0.127679781 -0.200524261 0)
(-0.0935645737 -0.20131854 0)
(-0.0566770486 -0.178463977 0)
(-0.0233146674 -0.128090142 0)
(-0.00429570453 -0.0500435331 0)
(-0.00311504392 0.0383306318 0)
(-0.0173631219 0.0980508475 0)
(-0.0433176208 0.138129965 0)
(-0.0737180701 0.158979203 0)
(-0.104104446 0.162838227 0)
(-0.131970533 0.152618177 -4.67987922e-33)
(-0.15576162 0.131295695 0)
(-0.174612865 0.10160327 0)
(-0.188100214 0.0659289941 4.74063703e-33)
(-0.195997411 0.0263693673 1.49106813e-33)
(-0.198111608 -0.0151233173 -1.49832054e-33)
(-0.194204015 -0.0565442501 0)
(-0.183996566 -0.0956260466 0)
(-0.167277174 -0.129654846 0)
(-0.144124389 -0.155368912 0)
(-0.115252458 -0.169022493 0)
(-0.0823814072 -0.166713889 0)
(-0.0485941068 -0.145040228 0)
(-0.0193975995 -0.102103351 0)
(-0.00342091073 -0.0390050023 0)
(-0.00263393713 0.0299262658 0)
(-0.0150226284 0.0779301254 0)
(-0.0380974265 0.111311106 0)
(-0.0658175671 0.129695794 0)
(-0.0942794676 0.134263883 0)
(-0.121044022 0.126925346 0)
(-0.144383611 0.109860565 0)
(-0.163148991 0.0852480371 0)
(-0.176619511 0.0551416323 0)
(-0.184335469 0.0214703177 2.9974259e-34)
(-0.185982929 -0.0138813587 -2.9974259e-34)
(-0.181343672 -0.0489515403 0)
(-0.170313968 -0.081574563 0)
(-0.152999258 -0.109289278 0)
(-0.129891606 -0.12933074 0)
(-0.102114497 -0.138764244 0)
(-0.0716393766 -0.134816136 0)
(-0.0414365945 -0.115407288 0)
(-0.0161843517 -0.0798582243 0)
(-0.00276403481 -0.0298606611 0)
(-0.00223473471 0.0226800275 0)
(-0.0129541269 0.0602838571 0)
(-0.0332381539 0.0873308318 0)
(-0.058055533 0.102954497 0)
(-0.0840353787 0.107621823 0)
(-0.108906077 0.102520715 0)
(-0.130914076 0.0892086527 0)
(-0.148775836 0.0693818611 0)
(-0.161603557 0.0447501549 0)
(-0.168801291 0.0170067289 3.00137179e-34)
(-0.16999354 -0.0121372108 -3.00137179e-34)
(-0.164999665 -0.040886175 0)
(-0.153857533 -0.0672953766 0)
(-0.136899085 -0.0892417132 0)
(-0.114876641 -0.10446871 0)
(-0.0891189085 -0.110744422 0)
(-0.0616328408 -0.106158115 0)
(-0.0351269719 -0.0895353342 0)
(-0.0135037421 -0.0609264416 0)
(-0.00225327283 -0.0222578281 0)
(-0.00188545269 0.0164662591 0)
(-0.0110624801 0.0449645416 0)
(-0.0286411448 0.0662105038 0)
(-0.0504611353 0.0790278133 0)
(-0.0736531677 0.0834123276 0)
(-0.096164176 0.0800414921 0)
(-0.11630591 0.0699953653 0)
(-0.132763337 0.0545610901 0)
(-0.144575606 0.0351143568 0)
(-0.151082442 0.0130747257 0)
(-0.151887894 -0.0100881576 0)
(-0.146852998 -0.0328250746 0)
(-0.136119498 -0.0534823495 0)
(-0.120164254 -0.0703098556 0)
(-0.0998793434 -0.0815299558 0)
(-0.0766571249 -0.0854921441 0)
(-0.0524122116 -0.080923542 0)
(-0.0295300313 -0.0672469502 0)
(-0.0112185702 -0.0449266623 0)
(-0.00184129649 -0.0159381043 0)
(-0.00156251499 0.01120775 0)
(-0.00926987451 0.0318705405 0)
(-0.0242025175 0.0479368774 0)
(-0.0429884491 0.0580490684 0)
(-0.0632319219 0.0619114947 0)
(-0.0831208732 0.0598559155 0)
(-0.101086244 0.0526055583 0)
(-0.115849124 0.0411071797 0)
(-0.126440926 0.0264236352 0)
(-0.132187245 0.00968560192 0)
(-0.13269764 -0.0079167226 0)
(-0.127870718 -0.0251250525 0)
(-0.117915452 -0.0406102697 0)
(-0.103386527 -0.052997448 0)
(-0.0852272517 -0.0609386995 0)
(-0.0648019915 -0.0632496944 0)
(-0.0438652663 -0.0591133906 0)
(-0.0244675014 -0.0483249923 0)
(-0.0092030911 -0.031552006 0)
(-0.00149088257 -0.0107193767 0)
(-0.00124269136 0.0068723653 0)
(-0.00749726087 0.0209539413 0)
(-0.0197996719 0.0325014353 0)
(-0.0355241942 0.0400873019 0)
(-0.0527239691 0.0432717592 0)
(-0.0698331126 0.0421741771 0)
(-0.0854326606 0.0372606164 0)
(-0.0983251659 0.0291991526 0)
(-0.107580779 0.0187673661 0)
(-0.112546721 0.00680864586 0)
(-0.11285434 -0.00578011586 0)
(-0.108431636 -0.0180487637 0)
(-0.0995214494 -0.028999775 0)
(-0.0867021626 -0.0376160609 0)
(-0.070903973 -0.0429246701 0)
(-0.0534054925 -0.0441071872 0)
(-0.0357703108 -0.0406592913 0)
(-0.0197281065 -0.0325810827 0)
(-0.00733072871 -0.0205903326 0)
(-0.00116697562 -0.00649226758 0)
(-0.00089988502 0.0034770388 0)
(-0.00566093348 0.0122244277 0)
(-0.0152978437 0.0199179447 0)
(-0.0279091896 0.0251886592 0)
(-0.0419708361 0.0275859316 0)
(-0.0561592866 0.0271262664 0)
(-0.0692274883 0.0240986674 0)
(-0.0800968194 0.0189454305 0)
(-0.0879159874 0.012189597 0)
(-0.0920844141 0.00440207074 0)
(-0.0922681502 -0.00380767607 0)
(-0.0884155179 -0.0117927696 0)
(-0.0807724958 -0.0188748812 0)
(-0.0698942048 -0.0243659748 0)
(-0.0566454504 -0.02761519 0)
(-0.042177047 -0.0280887016 0)
(-0.0278468985 -0.0254864172 0)
(-0.0150887346 -0.0198866124 0)
(-0.00547449607 -0.0119313583 0)
(-0.000833547833 -0.00322197518 0)
(-0.000507511584 0.00108920429 0)
(-0.00368889762 0.00574013609 0)
(-0.0105872261 0.0102223805 0)
(-0.0199879356 0.0134022182 0)
(-0.0307552914 0.0149401009 0)
(-0.0418076561 0.0148327205 0)
(-0.0521004803 0.0132501805 0)
(-0.0607205991 0.0104516745 0)
(-0.0669425841 0.00673881483 0)
(-0.070253825 0.0024372866 0)
(-0.0703711832 -0.00210634723 0)
(-0.06725584 -0.00652338638 0)
(-0.0611263947 -0.0104252567 0)
(-0.0524665004 -0.0134154739 0)
(-0.0420201071 -0.0151167132 0)
(-0.0307626593 -0.0152183495 0)
(-0.0198243262 -0.0135494031 0)
(-0.0103615208 -0.0101761651 0)
(-0.00352670245 -0.00555507499 0)
(-0.000456470989 -0.000945966805 0)
(-6.44940919e-05 -0.000176242939 0)
(-0.0015989945 0.00163661229 0)
(-0.00569519211 0.00359859745 0)
(-0.0117199318 0.00501067858 0)
(-0.0188880465 0.00571685021 0)
(-0.0263913852 0.00573383334 0)
(-0.033454988 0.00514772276 0)
(-0.0394085054 0.00407326483 0)
(-0.0437225527 0.00263488775 0)
(-0.046023885 0.000961861068 0)
(-0.0461058208 -0.000810101753 0)
(-0.0439388684 -0.00253598604 0)
(-0.039681383 -0.0040605617 0)
(-0.0336869583 -0.00522175786 0)
(-0.0265027384 -0.00586030781 0)
(-0.0188496254 -0.00583829723 0)
(-0.0115675412 -0.00507039338 0)
(-0.00551559462 -0.00357095236 0)
(-0.00148203454 -0.00155258628 0)
(-3.10933934e-05 0.000233977536 0)
(0.000261394668 -0.000255578347 0)
(0.00015143741 0.000102070823 0)
(-0.00117495703 0.000547412686 0)
(-0.00348063529 0.000863514764 0)
(-0.00637558369 0.00102207895 0)
(-0.00946687024 0.00103797934 0)
(-0.0124000331 0.000936219741 0)
(-0.014881777 0.000743061117 0)
(-0.0166861033 0.000483178409 0)
(-0.0176547286 0.000180086885 1.08300127e-33)
(-0.0176985209 -0.000142307699 -1.08300127e-33)
(-0.016801484 -0.000458216908 0)
(-0.0150266269 -0.000739018205 0)
(-0.0125219002 -0.000953244992 0)
(-0.00952355007 -0.00106773334 0)
(-0.00635302491 -0.00105052659 0)
(-0.00340014964 -0.000876787908 0)
(-0.00108361453 -0.000539615523 0)
(0.000206111504 -8.25140125e-05 0)
(0.000274563915 0.000266745652 0)
)
;

boundaryField
{
    walls
    {
        type            fixedValue;
        value           uniform (0 0 0);
    }
    mov_wall
    {
        type            fixedValue;
        value           uniform (1 0 0);
    }
    empty
    {
        type            empty;
    }
}


// ************************************************************************* //
