/*--------------------------------*- C++ -*----------------------------------*\
| =========                 |                                                 |
| \\      /  F ield         | OpenFOAM: The Open Source CFD Toolbox           |
|  \\    /   O peration     | Version:  5.x                                   |
|   \\  /    A nd           | Web:      www.OpenFOAM.org                      |
|    \\/     M anipulation  |                                                 |
\*---------------------------------------------------------------------------*/
FoamFile
{
    version     2.0;
    format      ascii;
    class       volScalarField;
    location    "7";
    object      p;
}
// * * * * * * * * * * * * * * * * * * * * * * * * * * * * * * * * * * * * * //

dimensions      [0 2 -2 0 0 0 0];

internalField   nonuniform List<scalar> 
400
(
9.8287588e-07
2.45246019
3.49432385
3.89888
4.10664795
4.22470741
4.29429207
4.34027895
4.37633945
4.41011157
4.44676048
4.49091536
4.54765503
4.62449013
4.73479833
4.90459679
5.18238043
5.68420181
6.84131641
9.41172544
1.8867059
2.86729001
3.41988423
3.74774453
3.9651815
4.10974794
4.20767496
4.27899292
4.33674549
4.38961384
4.44424602
4.50657251
4.58333409
4.6832984
4.81972693
5.0136797
5.29402292
5.69846964
6.33841617
7.4283719
2.9820784
3.26253079
3.54233169
3.7706802
3.94570634
4.07571644
4.17322629
4.25000392
4.31527624
4.37623658
4.43892575
4.50902223
4.5925757
4.69678332
4.83085076
5.00663883
5.23632233
5.52393986
5.86049134
6.19823813
3.52778481
3.58534339
3.721786
3.86537735
3.98906471
4.090833
4.17461089
4.2457146
4.30952749
4.37102377
4.43477524
4.50520501
4.58678906
4.68425515
4.80245178
4.94569334
5.11575006
5.30514857
5.47833755
5.55963951
3.84421772
3.82688109
3.88518043
3.96938352
4.05222033
4.1277916
4.19566923
4.25747839
4.31592344
4.37409282
4.43506567
4.50185821
4.57733173
4.6640066
4.76350457
4.87551163
4.9963597
5.11480249
5.19584653
5.18371637
4.04550166
4.00365938
4.02142665
4.06785037
4.12138288
4.17574147
4.22885539
4.2805383
4.33186067
4.38449218
4.4402715
4.50096865
4.56804939
4.64232691
4.72332683
4.80836689
4.89180734
4.96267857
4.99308121
4.9468085
4.1805862
4.13383139
4.13183934
4.15536906
4.18883394
4.2270671
4.26772747
4.30987232
4.35363786
4.39973176
4.44903877
4.50233738
4.56001949
4.62172233
4.68578587
4.74862643
4.80456026
4.84466626
4.84862518
4.79368055
4.27565894
4.23084291
4.21966053
4.22967478
4.24984616
4.27635503
4.30712269
4.34098317
4.37757898
4.41699945
4.4594518
4.50499666
4.55328575
4.60324973
4.65270548
4.69801165
4.73425901
4.75484722
4.74556097
4.69204268
4.34467443
4.30373132
4.28862932
4.29082792
4.3023766
4.32057192
4.34373026
4.37070209
4.4008934
4.43401589
4.4698286
4.50791802
4.54748384
4.58710946
4.62451382
4.65641364
4.67889391
4.68733347
4.67187963
4.62321697
4.39525946
4.35850461
4.34215738
4.33995842
4.3459894
4.35836146
4.37576111
4.39714511
4.42182549
4.44929893
4.47905101
4.51038708
4.54227436
4.57319272
4.60100059
4.62292644
4.63599596
4.63709254
4.61932494
4.57637791
4.43196374
4.39925769
4.38305442
4.37851059
4.38106593
4.38939619
4.40248741
4.41942438
4.43950201
4.46210886
4.48658244
4.51208694
4.53750799
4.56136885
4.58177621
4.59648138
4.60329465
4.60017369
4.58220587
4.54489396
4.45777664
4.42889577
4.41358028
4.40794478
4.40837956
4.41394733
4.4238642
4.43733843
4.45368801
4.47226101
4.49233093
4.51301388
4.53320662
4.55155142
4.56643301
4.57607045
4.5788857
4.57357471
4.55655528
4.52447801
4.47482761
4.44957349
4.43556133
4.42962045
4.42885292
4.43259368
4.44023557
4.45109852
4.46454284
4.4799156
4.49647726
4.5133504
4.52949122
4.54368862
4.55459188
4.56081076
4.56122722
4.55503599
4.53957331
4.51225945
4.48473054
4.46295944
4.45049317
4.44475143
4.44341656
4.44602878
4.45212256
4.46111756
4.47242289
4.48540322
4.49933071
4.51335895
4.52651986
4.53774637
4.54591815
4.54995919
4.5490936
4.54285703
4.52925543
4.50627196
4.48877407
4.47040278
4.45962086
4.45439358
4.45292733
4.4549368
4.46007872
4.46786201
4.47774193
4.48910291
4.50123253
4.51331661
4.524456
4.53370625
4.54013479
4.54291303
4.54152313
4.53574861
4.52413457
4.50513576
4.48806137
4.47305705
4.4640095
4.45945542
4.45813131
4.45992415
4.46460531
4.47176289
4.48088726
4.49137072
4.50250259
4.51348329
4.52345817
4.53157103
4.53703066
4.53919967
4.53776248
4.53270787
4.52308363
4.50782127
4.48366853
4.47201047
4.46464096
4.46076292
4.45970215
4.46153729
4.4661536
4.47320609
4.48220088
4.49251433
4.50340987
4.51407025
4.52364744
4.53132908
4.53641581
4.53841266
4.53717053
4.53287841
4.52512656
4.51341628
4.47685575
4.46838796
4.46242953
4.45901598
4.45816251
4.46017041
4.46503531
4.47245761
4.48192805
4.49277053
4.50418153
4.51528057
4.52517476
4.53303911
4.53820815
4.54027839
4.53923919
4.53549866
4.52928787
4.52085635
4.46928636
4.46319472
4.45767459
4.45396832
4.45292235
4.45508964
4.46054336
4.4689687
4.4797713
4.49214921
4.50515436
4.5177587
4.52893145
4.53773458
4.5434347
4.54563113
4.54440457
4.54041634
4.53469928
4.52866624
4.46344928
4.45752347
4.4503709
4.44492734
4.44290374
4.44509582
4.45156787
4.46187321
4.4752151
4.49055136
4.50667255
4.52227628
4.53605373
4.54679975
4.55355237
4.55576567
4.55352051
4.54774965
4.54035177
4.53446239
)
;

boundaryField
{
    walls
    {
        type            zeroGradient;
    }
    mov_wall
    {
        type            zeroGradient;
    }
    empty
    {
        type            empty;
    }
}


// ************************************************************************* //
