/*--------------------------------*- C++ -*----------------------------------*\
| =========                 |                                                 |
| \\      /  F ield         | OpenFOAM: The Open Source CFD Toolbox           |
|  \\    /   O peration     | Version:  5.x                                   |
|   \\  /    A nd           | Web:      www.OpenFOAM.org                      |
|    \\/     M anipulation  |                                                 |
\*---------------------------------------------------------------------------*/
FoamFile
{
    version     2.0;
    format      ascii;
    class       surfaceScalarField;
    location    "7";
    object      phi;
}
// * * * * * * * * * * * * * * * * * * * * * * * * * * * * * * * * * * * * * //

dimensions      [0 3 -1 0 0 0 0];

internalField   nonuniform List<scalar> 
760
(
0.0013481767
-0.00134817717
0.00245763981
-0.00110946311
0.00313513471
-0.000677494891
0.00355971574
-0.000424581036
0.00383225133
-0.000272535596
0.00400945216
-0.000177200845
0.00412521451
-0.00011576234
0.00419921708
-7.40025606e-05
0.00424243237
-4.32152765e-05
0.0042605536
-1.81212363e-05
0.00425562236
4.93122723e-06
0.00422675777
2.88645794e-05
0.0041693894
5.73683925e-05
0.00407358506
9.58043566e-05
0.00391995095
0.000153634097
0.0036720193
0.000247931632
0.00326316022
0.000408859073
0.00257264075
0.000690519485
0.00140850172
0.00116413906
0.00140850174
-5.46952327e-05
-0.00129348194
0.000412592683
-0.00157675103
0.00103002984
-0.00129493204
0.00157871391
-0.000973265086
0.00201483273
-0.000708654412
0.00234477728
-0.000507145405
0.00258511632
-0.000356101393
0.00275126941
-0.000240155653
0.0028545678
-0.00014651365
0.00290179534
-6.53487552e-05
0.00289536661
1.13599472e-05
0.00283293036
9.13008118e-05
0.00270712573
0.000183173018
0.00250436374
0.000298566362
0.0022041099
0.000453887966
0.00178090174
0.000671139789
0.00121756799
0.000972192789
0.000552812544
0.0013552749
1.30664624e-05
0.00170388513
0.00142156822
-0.000271734634
-0.0010217473
-0.000221026577
-0.0016274591
7.13678152e-05
-0.00158732644
0.000446285668
-0.00134818292
0.000812489709
-0.00107485844
0.00112929929
-0.000823954985
0.00138207832
-0.00060888044
0.00156800787
-0.000426085218
0.00168837696
-0.000266882726
0.00174468455
-0.000121656321
0.00173678978
1.92547283e-05
0.00166213442
0.000165956149
0.00151571287
0.000329594548
0.00129125422
0.00052302501
0.000985011693
0.000760130526
0.000605009671
0.00105114184
0.000189850722
0.00138735173
-0.000160045084
0.00170517068
-0.000261640648
0.00180548068
0.00115992759
-0.000227941568
-0.000793805719
-0.00036119731
-0.00149420337
-0.000308328221
-0.00164019554
-0.00013482121
-0.00152168993
8.92093939e-05
-0.00129888902
0.00031497189
-0.00104971746
0.000513263016
-0.000807171572
0.000668300013
-0.000581122239
0.00077199031
-0.000370573033
0.000820036112
-0.000169702103
0.000809727669
2.95632004e-05
0.000739201042
0.000236482776
0.000607935664
0.000460859896
0.000419110851
0.000711849802
0.000184524312
0.00099471708
-6.71911678e-05
0.00130285735
-0.000280617525
0.00160077811
-0.000369418472
0.00179397161
-0.000246993642
0.00168305582
0.000912933958
-0.000168965207
-0.000624840497
-0.000352016176
-0.0013111524
-0.000431557687
-0.00156065405
-0.000408908995
-0.00154433864
-0.000319435188
-0.00138836282
-0.000200095172
-0.00116905745
-7.98100623e-05
-0.000927456669
2.1578257e-05
-0.000682510577
9.14286792e-05
-0.000440423484
0.000122135365
-0.000200408788
0.000109757199
4.19414013e-05
5.36457373e-05
0.000292594264
-4.27489945e-05
0.000557254614
-0.000169694048
0.000838794817
-0.000307652458
0.00113267547
-0.000423468637
0.00141867356
-0.000470024859
0.00164733437
-0.000397824807
0.00172177157
-0.000196431024
0.00148166202
0.000716502919
-0.000124192136
-0.000500648352
-0.000308335629
-0.00112700889
-0.000450494098
-0.00141849558
-0.000523204031
-0.00147162873
-0.000535391081
-0.00137617578
-0.000508160828
-0.00119628768
-0.000463156872
-0.000972460591
-0.000418060918
-0.000727606526
-0.000385619015
-0.00047286542
-0.000373912094
-0.000212115738
-0.000386727946
5.47572693e-05
-0.000423459488
0.000329325851
-0.000478356346
0.000612151492
-0.000539178264
0.000899616705
-0.000585818899
0.00117931607
-0.000590512358
0.00142336702
-0.000523085133
0.00157990718
-0.000366699068
0.00156538554
-0.000150585972
0.00126554893
0.000565916925
-9.45729442e-05
-0.000406075414
-0.000264649739
-0.00095693207
-0.000430738373
-0.00125240694
-0.000556976941
-0.00134539018
-0.000636793237
-0.00129635951
-0.000678141787
-0.00115493914
-0.000693943924
-0.000956658417
-0.000696929215
-0.0007246212
-0.000697274037
-0.000472520608
-0.000701661769
-0.000207728053
-0.000712860742
6.59562193e-05
-0.000729336373
0.000345801515
-0.000744753785
0.000627568956
-0.000747580274
0.000902443204
-0.000721469898
0.00115320565
-0.000647843411
0.00134974049
-0.000512876939
0.00144494071
-0.000321206276
0.00137371491
-0.000116485689
0.00106082836
0.000449431226
-7.53437533e-05
-0.000330731681
-0.000228206822
-0.000804068982
-0.000398353648
-0.00108226008
-0.000550539507
-0.00119320432
-0.000670626454
-0.0011762726
-0.000757578368
-0.00106798726
-0.000816784833
-0.000897451943
-0.000855587434
-0.000685818549
-0.000880624266
-0.000447483744
-0.00089636031
-0.000191992038
-0.000904270108
7.38659622e-05
-0.000902360342
0.000343891737
-0.00088497221
0.000610180872
-0.000843104134
0.00086057518
-0.000765820166
0.00107592168
-0.00064366474
0.00122758502
-0.00047510396
0.00127637989
-0.00027630986
0.00117492081
-9.21328606e-05
0.000876651392
0.000357298377
-6.2288321e-05
-0.000268443382
-0.000198541339
-0.000667815967
-0.000362893654
-0.000917907733
-0.000523850704
-0.00103224723
-0.000664415206
-0.0010357081
-0.000778128928
-0.000954273583
-0.000864812205
-0.0008107687
-0.000927165491
-0.000623465237
-0.000968399663
-0.000406249511
-0.000990721178
-0.0001696705
-0.00099443636
7.75811e-05
-0.000977525767
0.000326981085
-0.000935695031
0.000568350135
-0.000863101236
0.000787981439
-0.000754123131
0.000966943628
-0.000606626288
0.00108008817
-0.000426950413
0.00109670397
-0.000236038307
0.000984008675
-7.43490327e-05
0.000714962123
0.000282949368
-5.27689686e-05
-0.00021567442
-0.000173812809
-0.000546772155
-0.000327557424
-0.000764163113
-0.000486865976
-0.000872938635
-0.000634380158
-0.000888193879
-0.000760757836
-0.000827895922
-0.000862116678
-0.000709409917
-0.000937654795
-0.000547927147
-0.000987783238
-0.000356121025
-0.00101282393
-0.000144629739
-0.00101222273
7.69799061e-05
-0.000984240699
0.000298999001
-0.000926163097
0.000510272477
-0.00083515884
0.000696977189
-0.000709976085
0.000841760928
-0.000553597305
0.000923709433
-0.000376676965
0.000919783627
-0.000200960053
0.000808291729
-6.08626387e-05
0.000574864687
0.00022208674
-4.5297909e-05
-0.000170376492
-0.000152453978
-0.000439616122
-0.00029329964
-0.000623317482
-0.000444763125
-0.000721475135
-0.00059034583
-0.000742611117
-0.000719473321
-0.000698768398
-0.000826046331
-0.000602836941
-0.000906878237
-0.000467095307
-0.000960347615
-0.000302651664
-0.000985403156
-0.000119574142
-0.000980963126
7.25399417e-05
-0.000945732081
0.000263767957
-0.000878480036
0.000443020373
-0.000778855091
0.000597352194
-0.000648784075
0.000711689921
-0.000494403544
0.000769328952
-0.000328204134
0.000753584254
-0.000170678356
0.000650765947
-5.02806584e-05
0.000454466966
0.000171806073
-3.90621563e-05
-0.0001313143
-0.000133403781
-0.00034527451
-0.000260349981
-0.00049637133
-0.000400389003
-0.000581436143
-0.000538431212
-0.000604568878
-0.000663692761
-0.000573506783
-0.00076893801
-0.000497591666
-0.000849523071
-0.000386510294
-0.000902500968
-0.000249673835
-0.000925934133
-9.61409829e-05
-0.000918488875
6.50947472e-05
-0.000879356161
0.000224635304
-0.000808535308
0.000372199515
-0.000707505278
0.000496322107
-0.00058026172
0.000584446319
-0.000434588356
0.000623655597
-0.000283248288
0.000602244227
-0.000144573348
0.000512091037
-4.17551759e-05
0.000351648793
0.000130050879
-3.36093975e-05
-9.77048749e-05
-0.000115973474
-0.000262910407
-0.000228685871
-0.000383658958
-0.000355331162
-0.000454790908
-0.000482448526
-0.000477451538
-0.000599656658
-0.000456298608
-0.000699324702
-0.000397923552
-0.000776050442
-0.000309784538
-0.000826127626
-0.000199596709
-0.000847124171
-7.5144502e-05
-0.00083764612
5.56166976e-05
-0.000797332198
0.000184321447
-0.000727102496
0.000301969867
-0.000629656409
0.000398876014
-0.00051016348
0.000464953341
-0.000377005164
0.000490497245
-0.000242314879
0.000467553949
-0.00012197823
0.000391754419
-3.47332058e-05
0.000264403788
9.53176648e-05
-2.86575065e-05
-6.90473732e-05
-9.96602105e-05
-0.000191907652
-0.000198116974
-0.000285202171
-0.000310357549
-0.000342550368
-0.00042461609
-0.000363193059
-0.000531265926
-0.000349648789
-0.000622765456
-0.000306423968
-0.000693446596
-0.000239103329
-0.000739258777
-0.00015378452
-0.000757558036
-5.68453019e-05
-0.000747003483
4.50620867e-05
-0.000707597963
0.000144915933
-0.000640884391
0.000235256352
-0.000550277036
0.000308268705
-0.000441462329
0.000356138629
-0.000322745863
0.00037178074
-0.000205166602
0.00034997466
-0.000102185452
0.000288773273
-2.88024165e-05
0.000191020773
6.6515256e-05
-2.39812412e-05
-4.50661691e-05
-8.39974469e-05
-0.00013189141
-0.000168257073
-0.000200942488
-0.000265595455
-0.000245211968
-0.000365935585
-0.000262852975
-0.000460594526
-0.000254989912
-0.000542423566
-0.000224594938
-0.000605821315
-0.000175705522
-0.000646681693
-0.000112924079
-0.000662339351
-4.11876426e-05
-0.000651561335
3.42840147e-05
-0.000614612972
0.000107967521
-0.000553400657
0.000174044044
-0.000471663888
0.000226531983
-0.000375153981
0.00025962876
-0.000271701939
0.000268328696
-0.000171058861
0.000249331555
-8.44170814e-05
0.000202131473
-2.35998735e-05
0.000130203568
4.29153955e-05
-1.93492495e-05
-2.57169612e-05
-6.84700657e-05
-8.27706019e-05
-0.000138506757
-0.00013090575
-0.000220638046
-0.00016308062
-0.000306428378
-0.000177062631
-0.000388228753
-0.000173189586
-0.000459474204
-0.000153349545
-0.000514859835
-0.000120319895
-0.000550429785
-7.73540747e-05
-0.00056362753
-2.79898435e-05
-0.0005533484
2.40048838e-05
-0.000520016437
7.46355098e-05
-0.000465682639
0.000119710206
-0.000394114929
0.000154964279
-0.00031082298
0.000176336847
-0.000222941247
0.000180446992
-0.000138894612
0.000165284919
-6.78135207e-05
0.000131050364
-1.87621211e-05
8.11521563e-05
2.41532804e-05
-1.45055272e-05
-1.12114461e-05
-5.25211366e-05
-4.47550412e-05
-0.00010812284
-7.53040478e-05
-0.000174687794
-9.65156183e-05
-0.00024534321
-0.000106407159
-0.000313520788
-0.000105012001
-0.000373387902
-9.34824779e-05
-0.000420129453
-7.35783939e-05
-0.000450116096
-4.7367432e-05
-0.000461009076
-1.7096816e-05
-0.000451841606
1.48374581e-05
-0.000423096887
4.5890789e-05
-0.000376775975
7.33892576e-05
-0.000316426471
9.46147457e-05
-0.000247079562
0.00010698994
-0.000175030349
0.000108397805
-0.00010740305
9.76576398e-05
-5.14858401e-05
7.51331552e-05
-1.39146236e-05
4.35809304e-05
1.02386541e-05
-9.20277146e-06
-2.00864616e-06
-3.56847433e-05
-1.8273121e-05
-7.64355546e-05
-3.45532807e-05
-0.000126811048
-4.6140126e-05
-0.000181408065
-5.18100947e-05
-0.00023481712
-5.16028974e-05
-0.000282132205
-4.61673892e-05
-0.000319263543
-3.64470955e-05
-0.000343116535
-2.35144799e-05
-0.000351700061
-8.51328755e-06
-0.000344207011
7.34444589e-06
-0.00032108441
2.27682214e-05
-0.000284086146
3.63909931e-05
-0.000236279538
4.68081122e-05
-0.000181958588
5.26689688e-05
-0.000126403755
5.28429729e-05
-7.54285386e-05
4.668244e-05
-3.46816212e-05
3.43862507e-05
-8.71390528e-06
1.76132158e-05
1.52474462e-06
-3.43749028e-06
1.42888832e-06
-1.80438562e-05
-3.6667745e-06
-4.34060418e-05
-9.19114038e-06
-7.64336909e-05
-1.31125172e-05
-0.000113187177
-1.50566115e-05
-0.000149665113
-1.5124927e-05
-0.000182251526
-1.35809399e-05
-0.00020795283
-1.07457878e-05
-0.000224514097
-6.95324184e-06
-0.000230484776
-2.5426351e-06
-0.000225272657
2.13232866e-06
-0.000209197078
6.69266812e-06
-0.000183535344
1.07292821e-05
-0.000150536802
1.38095707e-05
-0.000113368295
1.55004473e-05
-7.59397668e-05
1.54144318e-05
-4.25472262e-05
1.32899001e-05
-1.72767357e-05
9.11576913e-06
-3.10385461e-06
3.44034108e-06
-1.57911102e-06
1.42892047e-06
-2.23781783e-06
-1.14289414e-05
-2.45414748e-05
-3.9598117e-05
-5.47230581e-05
-6.83039827e-05
-7.90497434e-05
-8.60029737e-05
-8.85456217e-05
-8.64133143e-05
-7.97206543e-05
-6.89913621e-05
-5.51817756e-05
-3.96813208e-05
-2.42668926e-05
-1.09769994e-05
-1.86123274e-06
1.57911013e-06
)
;

boundaryField
{
    walls
    {
        type            calculated;
        value           uniform 0;
    }
    mov_wall
    {
        type            calculated;
        value           uniform 0;
    }
    empty
    {
        type            empty;
        value           nonuniform 0();
    }
}


// ************************************************************************* //
