/*--------------------------------*- C++ -*----------------------------------*\
| =========                 |                                                 |
| \\      /  F ield         | OpenFOAM: The Open Source CFD Toolbox           |
|  \\    /   O peration     | Version:  5.x                                   |
|   \\  /    A nd           | Web:      www.OpenFOAM.org                      |
|    \\/     M anipulation  |                                                 |
\*---------------------------------------------------------------------------*/
FoamFile
{
    version     2.0;
    format      ascii;
    class       volVectorField;
    location    "7";
    object      U;
}
// * * * * * * * * * * * * * * * * * * * * * * * * * * * * * * * * * * * * * //

dimensions      [0 1 -1 0 0 0 0];

internalField   nonuniform List<vector> 
400
(
(0.291698409 0.149643833 0)
(0.388187146 0.128007701 0)
(0.55761606 0.0757318295 0)
(0.674785698 0.0433044404 0)
(0.743766593 0.0251591066 0)
(0.78707502 0.0148802979 0)
(0.815462956 0.00893092094 0)
(0.833939559 0.00530992717 0)
(0.845365462 0.00289956144 0)
(0.851349265 0.00108485385 2.66526798e-34)
(0.852640748 -0.000502852217 -2.66526798e-34)
(0.84935429 -0.00216072085 0)
(0.840973369 -0.00421710687 0)
(0.826113774 -0.00722098619 0)
(0.802020428 -0.0122365 0)
(0.763538947 -0.021389209 0)
(0.699488889 -0.0388386157 0)
(0.584557332 -0.0722732769 0)
(0.407900532 -0.12843631 0)
(0.300688067 -0.152947537 0)
(0.00120417365 0.287432422 0)
(0.0133209445 0.293872134 0)
(0.140044431 0.209904859 0)
(0.264971581 0.142986167 0)
(0.364177736 0.0968019885 0)
(0.440120061 0.0654411242 0)
(0.496541035 0.0439762516 0)
(0.536691063 0.0287011548 0)
(0.563274463 0.0170798535 0)
(0.578137342 0.00742308799 0)
(0.582210287 -0.00150101047 0)
(0.575515251 -0.010797755 0)
(0.557109245 -0.0217346546 0)
(0.524912992 -0.0361396933 0)
(0.475518408 -0.0569634959 0)
(0.404326006 -0.0889771493 0)
(0.305687295 -0.139150755 0)
(0.174497787 -0.215275205 0)
(0.0341065798 -0.310801159 0)
(0.010869154 -0.305909065 0)
(-0.0321467661 0.24177393 0)
(-0.0634303733 0.333547166 0)
(-0.0219362127 0.299502495 0)
(0.0505996183 0.240051668 0)
(0.127397378 0.183020811 0)
(0.196818608 0.135454527 0)
(0.2541671 0.0974523445 0)
(0.298088296 0.06688917 0)
(0.328665671 0.0413758223 0)
(0.346307823 0.0187814605 -2.35797015e-33)
(0.351211315 -0.00280948974 2.35797015e-33)
(0.34312675 -0.025295045 0)
(0.321277577 -0.0508299484 0)
(0.284432896 -0.0820948334 0)
(0.231328816 -0.122479775 0)
(0.161916764 -0.175658038 0)
(0.0798350229 -0.243208454 0)
(-0.00333734207 -0.31798196 0)
(-0.0578531372 -0.366363504 0)
(-0.0313893227 -0.270690677 0)
(-0.0261204156 0.182361579 0)
(-0.0666192804 0.316884139 0)
(-0.0735377886 0.330901743 0)
(-0.0481307275 0.295352912 0)
(-0.00567218101 0.244253509 0)
(0.0411124736 0.192431745 0)
(0.084545107 0.145095043 0)
(0.120424328 0.10300663 0)
(0.14658524 0.0651543615 0)
(0.161925474 0.029888405 2.35546556e-33)
(0.165812817 -0.00469432133 -2.35546556e-33)
(0.157798804 -0.0406696161 0)
(0.137586498 -0.0803027373 0)
(0.105285207 -0.125979582 0)
(0.0620900219 -0.179774811 0)
(0.0116092677 -0.242029717 0)
(-0.038028376 -0.307764351 0)
(-0.0720490918 -0.359579367 0)
(-0.0711639186 -0.355585637 0)
(-0.0287210578 -0.209178583 0)
(-0.0176296826 0.140767917 0)
(-0.0549165452 0.281827208 0)
(-0.0828629979 0.324484364 0)
(-0.088076231 0.312396802 0)
(-0.0751196972 0.274441982 0)
(-0.0526276305 0.226778431 0)
(-0.0275118496 0.177302823 0)
(-0.00458009332 0.129145428 0)
(0.0130234843 0.082912361 0)
(0.0233567888 0.0379330291 -2.94545523e-34)
(0.0253097422 -0.007101396 2.94545523e-34)
(0.0184152078 -0.0537995198 0)
(0.0028869867 -0.103801258 0)
(-0.0200872031 -0.158367937 0)
(-0.0477707991 -0.217530726 0)
(-0.0750614625 -0.278347557 0)
(-0.093626708 -0.331694802 0)
(-0.0922270525 -0.357398866 0)
(-0.0635074651 -0.318879888 0)
(-0.0207312593 -0.162076725 0)
(-0.0116542796 0.111592251 0)
(-0.0431521991 0.243765271 0)
(-0.0782839961 0.299859408 0)
(-0.100579264 0.305000833 0)
(-0.108310596 0.280421266 0)
(-0.105716512 0.240369184 0)
(-0.0975361747 0.193277772 0)
(-0.0877934466 0.143545376 0)
(-0.0795351924 0.0930260773 0)
(-0.0748272238 0.0420752302 0)
(-0.0748481404 -0.00975926096 0)
(-0.0799345811 -0.0632506189 0)
(-0.0895000195 -0.11903327 0)
(-0.101812873 -0.17699344 0)
(-0.113690952 -0.235297921 0)
(-0.120284787 -0.288849076 0)
(-0.115237027 -0.327084785 0)
(-0.0922711122 -0.33156655 0)
(-0.052187624 -0.275119688 0)
(-0.014284784 -0.127260096 0)
(-0.00803185716 0.0899680182 0)
(-0.0343052832 0.207876699 0)
(-0.0703686576 0.267741362 0)
(-0.100959316 0.283509151 0)
(-0.121509113 0.269753782 0)
(-0.133061971 0.237807846 0)
(-0.138135841 0.195384125 0)
(-0.139450241 0.147216495 0)
(-0.139365663 0.0958906874 0)
(-0.139599233 0.0425957599 0)
(-0.14111412 -0.0122625707 0)
(-0.144054671 -0.0685401692 0)
(-0.147657209 -0.125824593 0)
(-0.150140597 -0.182787201 0)
(-0.148667739 -0.236314553 0)
(-0.139565531 -0.280390169 0)
(-0.119015759 -0.30490055 0)
(-0.0848747423 -0.294957287 0)
(-0.0422046438 -0.232154475 0)
(-0.0100065892 -0.100709813 0)
(-0.00589819206 0.0731569034 0)
(-0.0280514423 0.175459928 0)
(-0.0624620762 0.233454973 0)
(-0.0961931076 0.254650697 0)
(-0.123784289 0.248662379 0)
(-0.144336452 0.223978321 0)
(-0.158622045 0.187072456 0)
(-0.168069549 0.142434107 0)
(-0.174171006 0.0929433442 0)
(-0.178091648 0.0403533062 0)
(-0.180456264 -0.0142245243 0)
(-0.181230015 -0.0698446818 0)
(-0.179647308 -0.125225757 0)
(-0.174205195 -0.178177559 0)
(-0.162809065 -0.224940948 0)
(-0.143212556 -0.259512833 0)
(-0.113841641 -0.273201305 0)
(-0.0753166219 -0.254896367 0)
(-0.0343188989 -0.192925779 0)
(-0.00728498491 -0.0799917701 0)
(-0.00459312438 0.0595160151 0)
(-0.0235441729 0.146542616 0)
(-0.0553429932 0.199662156 0)
(-0.0893196706 0.222701638 0)
(-0.120051814 0.221819421 0)
(-0.145609091 0.203131833 0)
(-0.165570657 0.171796547 0)
(-0.180317106 0.131775626 0)
(-0.190531075 0.0859405111 0)
(-0.196813729 0.0363510141 2.97711471e-34)
(-0.199448897 -0.0153915403 -2.97711471e-34)
(-0.198275635 -0.0677566445 0)
(-0.192646162 -0.118867803 0)
(-0.181489355 -0.166059311 0)
(-0.163546085 -0.205440868 0)
(-0.137858725 -0.231577787 0)
(-0.104503394 -0.237504905 0)
(-0.0656637291 -0.215386227 0)
(-0.0281738012 -0.158249846 0)
(-0.00551069139 -0.063466822 0)
(-0.00373314337 0.0480883425 0)
(-0.0201212361 0.120839396 0)
(-0.0490153925 0.167676439 0)
(-0.0816389804 0.1902875 0)
(-0.112989445 0.192487654 0)
(-0.140680555 0.178557137 4.67988011e-33)
(-0.163557393 0.15246545 0)
(-0.181246288 0.117554992 0)
(-0.19378418 0.0765047387 -4.74063777e-33)
(-0.20129697 0.0314709968 2.26593023e-36)
(-0.20378919 -0.0156743895 4.98648863e-36)
(-0.201035364 -0.0630555921 0)
(-0.192565935 -0.108481586 0)
(-0.17776552 -0.149141434 0)
(-0.15612491 -0.181360929 0)
(-0.12767978 -0.200524259 0)
(-0.0935645664 -0.201318532 0)
(-0.0566770437 -0.17846397 0)
(-0.0233146682 -0.128090142 0)
(-0.00429570622 -0.0500435366 0)
(-0.00311503894 0.0383306369 0)
(-0.0173631149 0.0980508526 0)
(-0.0433176228 0.138129963 0)
(-0.07371808 0.158979196 0)
(-0.104104453 0.162838224 0)
(-0.131970529 0.152618185 -4.67988011e-33)
(-0.155761609 0.131295707 0)
(-0.174612862 0.101603275 0)
(-0.188100225 0.065928987 4.74063777e-33)
(-0.195997424 0.0263693579 1.49106842e-33)
(-0.19811161 -0.0151233163 -1.49832084e-33)
(-0.194204005 -0.0565442384 0)
(-0.183996557 -0.095626036 0)
(-0.167277176 -0.129654847 0)
(-0.144124399 -0.155368921 0)
(-0.115252466 -0.1690225 0)
(-0.0823814061 -0.166713888 0)
(-0.0485941006 -0.145040222 0)
(-0.019397595 -0.102103346 0)
(-0.00342090959 -0.039005002 0)
(-0.00263393324 0.0299262673 0)
(-0.0150226194 0.0779301329 0)
(-0.0380974208 0.111311111 0)
(-0.0658175721 0.12969579 0)
(-0.0942794793 0.134263874 0)
(-0.121044027 0.126925344 0)
(-0.144383603 0.109860575 0)
(-0.163148979 0.0852480497 0)
(-0.176619509 0.0551416351 0)
(-0.184335481 0.0214703086 2.9974264e-34)
(-0.185982942 -0.013881368 -2.9974264e-34)
(-0.181343672 -0.0489515382 0)
(-0.170313957 -0.0815745511 0)
(-0.15299925 -0.109289268 0)
(-0.129891608 -0.129330741 0)
(-0.102114506 -0.138764252 0)
(-0.0716393827 -0.134816142 0)
(-0.0414365934 -0.115407287 0)
(-0.0161843467 -0.0798582197 0)
(-0.00276403217 -0.0298606576 0)
(-0.00223473509 0.0226800235 0)
(-0.0129541225 0.0602838618 0)
(-0.033238144 0.0873308412 0)
(-0.0580555286 0.102954501 0)
(-0.0840353864 0.107621817 0)
(-0.10890609 0.102520705 0)
(-0.130914079 0.0892086518 0)
(-0.148775826 0.0693818721 0)
(-0.161603545 0.0447501672 0)
(-0.168801292 0.01700673 3.00137219e-34)
(-0.169993553 -0.0121372208 -3.00137219e-34)
(-0.164999676 -0.0408861838 0)
(-0.153857532 -0.0672953742 0)
(-0.136899075 -0.0892417022 0)
(-0.114876634 -0.104468701 0)
(-0.0891189107 -0.110744422 0)
(-0.061632848 -0.106158121 0)
(-0.0351269765 -0.089535339 0)
(-0.0135037414 -0.0609264414 0)
(-0.00225327134 -0.022257825 0)
(-0.00188545762 0.016466252 0)
(-0.0110624844 0.0449645397 0)
(-0.028641138 0.0662105113 0)
(-0.0504611243 0.0790278238 0)
(-0.0736531649 0.0834123306 0)
(-0.0961641858 0.0800414841 0)
(-0.116305922 0.0699953554 0)
(-0.132763338 0.0545610905 0)
(-0.144575595 0.0351143685 0)
(-0.151082431 0.013074737 0)
(-0.151887896 -0.0100881577 0)
(-0.14685301 -0.0328250845 0)
(-0.136119506 -0.0534823575 0)
(-0.120164252 -0.0703098535 0)
(-0.0998793349 -0.0815299465 0)
(-0.0766571192 -0.0854921367 0)
(-0.0524122132 -0.0809235417 0)
(-0.0295300367 -0.0672469544 0)
(-0.0112185739 -0.0449266656 0)
(-0.00184129735 -0.0159381043 0)
(-0.00156252113 0.0112077452 0)
(-0.00926988504 0.031870533 0)
(-0.0242025195 0.0479368771 0)
(-0.0429884399 0.0580490774 0)
(-0.0632319107 0.0619115054 0)
(-0.0831208723 0.0598559171 0)
(-0.101086255 0.0526055492 0)
(-0.115849135 0.0411071702 0)
(-0.126440925 0.0264236365 0)
(-0.132187234 0.00968561334 0)
(-0.132697631 -0.0079167125 0)
(-0.12787072 -0.025125053 0)
(-0.117915463 -0.0406102785 0)
(-0.103386534 -0.0529974549 0)
(-0.0852272501 -0.060938698 0)
(-0.0648019849 -0.0632496872 0)
(-0.043865262 -0.0591133848 0)
(-0.0244675026 -0.0483249916 0)
(-0.00920309505 -0.0315520087 0)
(-0.00149088456 -0.0107193789 0)
(-0.00124269413 0.00687236684 0)
(-0.00749726986 0.0209539341 0)
(-0.0197996812 0.0325014274 0)
(-0.035524194 0.0400873023 0)
(-0.0527239587 0.0432717691 0)
(-0.0698331023 0.0421741875 0)
(-0.0854326612 0.037260617 0)
(-0.0983251768 0.0291991434 0)
(-0.107580788 0.0187673575 0)
(-0.112546719 0.0068086475 0)
(-0.11285433 -0.00578010561 0)
(-0.108431629 -0.0180487551 0)
(-0.0995214518 -0.0289997755 0)
(-0.0867021709 -0.037616068 0)
(-0.0709039786 -0.0429246757 0)
(-0.0534054914 -0.0441071865 0)
(-0.035770306 -0.0406592863 0)
(-0.0197281037 -0.0325810787 0)
(-0.00733072951 -0.0205903321 0)
(-0.00116697677 -0.00649226932 0)
(-0.000899882153 0.00347704611 0)
(-0.00566093409 0.0122244265 0)
(-0.0152978531 0.019917936 0)
(-0.0279091979 0.0251886513 0)
(-0.0419708347 0.0275859325 0)
(-0.0561592764 0.027126276 0)
(-0.0692274795 0.0240986765 0)
(-0.080096821 0.0189454303 0)
(-0.0879159973 0.0121895885 0)
(-0.0920844216 0.00440206347 0)
(-0.0922681481 -0.00380767453 0)
(-0.0884155096 -0.0117927612 0)
(-0.0807724903 -0.0188748744 0)
(-0.0698942068 -0.0243659751 0)
(-0.0566454565 -0.0276151952 0)
(-0.042177051 -0.0280887059 0)
(-0.0278468977 -0.0254864171 0)
(-0.0150887315 -0.0198866094 0)
(-0.00547449418 -0.0119313559 0)
(-0.000833547506 -0.00322197504 0)
(-0.000507504881 0.00108921283 0)
(-0.00368888943 0.00574014231 0)
(-0.0105872285 0.0102223786 0)
(-0.0199879448 0.0134022097 0)
(-0.0307552984 0.0149400934 0)
(-0.041807654 0.0148327212 0)
(-0.0521004712 0.0132501888 0)
(-0.0607205924 0.0104516821 0)
(-0.0669425861 0.00673881455 0)
(-0.070253833 0.00243727958 0)
(-0.0703711887 -0.00210635318 0)
(-0.0672558381 -0.00652338545 0)
(-0.0611263885 -0.0104252506 0)
(-0.0524664966 -0.0134154687 0)
(-0.0420201086 -0.015116713 0)
(-0.0307626635 -0.0152183528 0)
(-0.0198243288 -0.013549406 0)
(-0.0103615203 -0.0101761654 0)
(-0.00352670056 -0.00555507352 0)
(-0.000456470075 -0.000945965713 0)
(-6.44877412e-05 -0.000176237016 0)
(-0.00159898335 0.00163662257 0)
(-0.00569518668 0.00359860428 0)
(-0.0117199343 0.00501067714 0)
(-0.0188880542 0.00571684237 0)
(-0.0263913908 0.00573382673 0)
(-0.0334549863 0.00514772369 0)
(-0.0394084985 0.00407327199 0)
(-0.0437225477 0.00263489375 0)
(-0.0460238866 0.000961860266 0)
(-0.0461058265 -0.000810107758 0)
(-0.0439388722 -0.00253599086 0)
(-0.0396813819 -0.00406056106 0)
(-0.0336869543 -0.00522175327 0)
(-0.0265027359 -0.00586030392 0)
(-0.0188496262 -0.00583829684 0)
(-0.0115675436 -0.00507039548 0)
(-0.00551559597 -0.00357095424 0)
(-0.00148203422 -0.00155258659 0)
(-3.1092924e-05 0.000233978166 0)
(0.000261397459 -0.000255576399 0)
(0.000151444516 0.000102076211 0)
(-0.00117494899 0.000547417913 0)
(-0.00348063056 0.000863516427 0)
(-0.00637558535 0.00102207631 0)
(-0.00946687613 0.00103797525 0)
(-0.0124000373 0.00093621818 0)
(-0.0148817756 0.000743063396 0)
(-0.0166860981 0.000483182 0)
(-0.0176547251 0.000180088193 1.08300143e-33)
(-0.0176985221 -0.000142309669 -1.08300143e-33)
(-0.0168014881 -0.0004582199 0)
(-0.0150266297 -0.00073901936 0)
(-0.0125218996 -0.00095324364 0)
(-0.00952354761 -0.00106773115 0)
(-0.00635302322 -0.0010505255 0)
(-0.00340014983 -0.000876788336 0)
(-0.0010836156 -0.000539616482 0)
(0.000206110863 -8.25145102e-05 0)
(0.000274563803 0.000266745736 0)
)
;

boundaryField
{
    walls
    {
        type            fixedValue;
        value           uniform (0 0 0);
    }
    mov_wall
    {
        type            fixedValue;
        value           uniform (1 0 0);
    }
    empty
    {
        type            empty;
    }
}


// ************************************************************************* //
