/*--------------------------------*- C++ -*----------------------------------*\
| =========                 |                                                 |
| \\      /  F ield         | OpenFOAM: The Open Source CFD Toolbox           |
|  \\    /   O peration     | Version:  5.x                                   |
|   \\  /    A nd           | Web:      www.OpenFOAM.org                      |
|    \\/     M anipulation  |                                                 |
\*---------------------------------------------------------------------------*/
FoamFile
{
    version     2.0;
    format      ascii;
    class       volScalarField;
    location    "8";
    object      p;
}
// * * * * * * * * * * * * * * * * * * * * * * * * * * * * * * * * * * * * * //

dimensions      [0 2 -2 0 0 0 0];

internalField   nonuniform List<scalar> 
400
(
6.45009419e-07
2.45245969
3.49432333
3.89887951
4.10664747
4.22470692
4.29429152
4.34027838
4.37633891
4.41011108
4.44676001
4.49091484
4.54765445
4.62448956
4.73479782
4.90459633
5.18237994
5.68420124
6.84131579
9.41172481
1.88670542
2.8672895
3.41988368
3.74774399
3.965181
4.10974747
4.20767447
4.27899237
4.33674492
4.38961331
4.44424555
4.50657204
4.58333356
4.68329781
4.81972637
5.01367921
5.29402248
5.69846917
6.33841563
7.42837129
2.9820779
3.2625303
3.54233116
3.77067963
3.9457058
4.07571595
4.17322583
4.25000341
4.31527567
4.37623601
4.43892523
4.50902178
4.59257523
4.69678277
4.83085016
5.00663827
5.23632186
5.52393942
5.86049085
6.19823756
3.52778429
3.58534291
3.7217855
3.8653768
3.98906413
4.09083247
4.17461042
4.24571414
4.30952696
4.37102318
4.43477467
4.50520453
4.58678862
4.68425466
4.8024512
4.94569274
5.11574953
5.30514811
5.47833709
5.55963898
3.84421717
3.8268806
3.88517996
3.96938301
4.05221976
4.12779102
4.19566873
4.25747794
4.31592297
4.37409225
4.43506506
4.50185766
4.57733129
4.66400616
4.76350404
4.87551102
4.99635911
5.11480198
5.19584607
5.1837159
4.04550109
4.00365886
4.02142619
4.06784991
4.12138234
4.17574087
4.22885482
4.28053783
4.33186025
4.38449168
4.4402709
4.50096804
4.56804887
4.64232648
4.72332639
4.80836634
4.89180673
4.962678
4.99308072
4.94680804
4.18058563
4.13383082
4.13183884
4.15536862
4.18883347
4.22706653
4.26772685
4.30987176
4.35363742
4.39973134
4.44903824
4.50233675
4.56001888
4.62172184
4.68578546
4.74862597
4.8045597
4.84466566
4.84862462
4.79368007
4.27565841
4.23084232
4.21965996
4.2296743
4.24984574
4.27635454
4.30712209
4.34098254
4.37757845
4.41699904
4.45945137
4.5049961
4.5532851
4.60324915
4.65270502
4.69801124
4.73425854
4.75484665
4.74556039
4.69204213
4.34467396
4.30373076
4.28862871
4.29082736
4.30237616
4.32057151
4.34372975
4.37070146
4.40089277
4.43401541
4.46982822
4.50791758
4.54748325
4.5871088
4.62451325
4.65641319
4.67889349
4.68733298
4.67187907
4.62321638
4.39525903
4.35850412
4.34215679
4.33995779
4.34598886
4.35836105
4.3757607
4.39714457
4.42182483
4.44929831
4.47905056
4.5103867
4.5422739
4.57319211
4.60099994
4.62292588
4.6359955
4.6370921
4.61932444
4.57637735
4.43196327
4.39925725
4.38305391
4.37850997
4.3810653
4.38939568
4.40248703
4.41942396
4.43950143
4.46210819
4.48658185
4.5120865
4.53750761
4.56136837
4.5817756
4.59648075
4.6032941
4.60017322
4.58220541
4.54489346
4.45777609
4.42889533
4.41357986
4.40794425
4.40837891
4.4139467
4.42386372
4.43733806
4.45368757
4.4722604
4.49233026
4.51301331
4.5332062
4.55155102
4.56643252
4.57606985
4.57888509
4.57357417
4.55655479
4.52447753
4.47482699
4.44957297
4.43556092
4.42962002
4.42885236
4.43259301
4.44023496
4.45109807
4.46454247
4.47991514
4.49647664
4.51334974
4.52949066
4.54368819
4.55459146
4.56081026
4.56122664
4.5550354
4.53957277
4.51225896
4.48472993
4.46295884
4.45049268
4.44475104
4.44341614
4.4460282
4.45212189
4.46111696
4.47242246
4.48540285
4.49933023
4.51335833
4.52651921
4.53774582
4.54591771
4.54995876
4.5490931
4.54285646
4.52925486
4.50627143
4.48877354
4.47040215
4.45962026
4.45439311
4.45292695
4.45493636
4.46007812
4.46786134
4.47774135
4.48910247
4.50123213
4.51331612
4.52445539
4.53370563
4.54013425
4.54291257
4.54152267
4.5357481
4.52413402
4.50513521
4.48806093
4.47305648
4.46400885
4.45945482
4.45813085
4.45992376
4.46460484
4.47176229
4.48088661
4.49137016
4.50250215
4.51348287
4.52345767
4.53157044
4.53703006
4.53919914
4.537762
4.5327074
4.52308312
4.50782073
4.48366812
4.47201001
4.46464038
4.46076228
4.45970157
4.46153684
4.4661532
4.47320561
4.48220028
4.4925137
4.50340932
4.5140698
4.523647
4.53132857
4.53641524
4.53841208
4.53717
4.53287791
4.52512606
4.51341576
4.47685526
4.46838754
4.46242905
4.4590154
4.45816188
4.46016985
4.46503486
4.47245718
4.48192755
4.49276994
4.50418093
4.51528004
4.52517429
4.53303865
4.53820764
4.54027783
4.53923863
4.53549813
4.52928736
4.52085584
4.46928577
4.46319424
4.45767417
4.45396784
4.45292179
4.45508904
4.46054281
4.46896823
4.47977085
4.4921487
4.50515379
4.51775812
4.52893092
4.5377341
4.54343422
4.54563062
4.54440403
4.5404158
4.53469876
4.52866573
4.46344862
4.45752289
4.45037041
4.44492689
4.44290325
4.44509526
4.45156728
4.46187268
4.47521462
4.49055089
4.50667205
4.52227572
4.53605316
4.54679922
4.55355187
4.55576517
4.55351999
4.54774912
4.54035124
4.53446186
)
;

boundaryField
{
    walls
    {
        type            zeroGradient;
    }
    mov_wall
    {
        type            zeroGradient;
    }
    empty
    {
        type            empty;
    }
}


// ************************************************************************* //
