/*--------------------------------*- C++ -*----------------------------------*\
| =========                 |                                                 |
| \\      /  F ield         | OpenFOAM: The Open Source CFD Toolbox           |
|  \\    /   O peration     | Version:  5.x                                   |
|   \\  /    A nd           | Web:      www.OpenFOAM.org                      |
|    \\/     M anipulation  |                                                 |
\*---------------------------------------------------------------------------*/
FoamFile
{
    version     2.0;
    format      ascii;
    class       surfaceScalarField;
    location    "8";
    object      phi;
}
// * * * * * * * * * * * * * * * * * * * * * * * * * * * * * * * * * * * * * //

dimensions      [0 3 -1 0 0 0 0];

internalField   nonuniform List<scalar> 
760
(
0.00134817678
-0.00134817709
0.00245763985
-0.00110946307
0.00313513472
-0.000677494866
0.00355971575
-0.000424581012
0.00383225134
-0.000272535583
0.00400945218
-0.00017720085
0.00412521452
-0.000115762356
0.00419921708
-7.40025675e-05
0.00424243235
-4.32152656e-05
0.0042605536
-1.812122e-05
0.00425562237
4.93122853e-06
0.00422675779
2.88645627e-05
0.0041693894
5.73683771e-05
0.00407358504
9.5804362e-05
0.00391995094
0.000153634118
0.00367201931
0.000247931644
0.00326316024
0.000408859058
0.00257264077
0.000690519453
0.00140850173
0.00116413903
0.00140850173
-5.46951841e-05
-0.0012934819
0.000412592733
-0.001576751
0.00103002987
-0.00129493202
0.00157871392
-0.00097326506
0.00201483274
-0.000708654387
0.0023447773
-0.000507145393
0.00258511635
-0.000356101401
0.00275126943
-0.000240155667
0.00285456779
-0.00014651365
0.00290179532
-6.53487381e-05
0.00289536662
1.13599623e-05
0.00283293039
9.13008066e-05
0.00270712575
0.000183172998
0.00250436374
0.000298566351
0.00220410988
0.000453887979
0.00178090173
0.000671139812
0.00121756801
0.000972192801
0.00055281257
0.00135527489
1.30664854e-05
0.00170388512
0.00142156821
-0.000271734615
-0.00102174727
-0.000221026535
-0.00162745908
7.13678525e-05
-0.00158732642
0.000446285684
-0.00134818291
0.00081248971
-0.00107485841
0.0011292993
-0.00082395496
0.00138207835
-0.000608880433
0.00156800791
-0.00042608523
0.00168837697
-0.000266882738
0.00174468453
-0.000121656313
0.00173678976
1.92547499e-05
0.00166213444
0.00016595616
0.0015157129
0.000329594535
0.00129125424
0.000523024989
0.00098501168
0.000760130521
0.000605009644
0.00105114185
0.000189850713
0.00138735175
-0.000160045066
0.00170517068
-0.000261640619
0.00180548067
0.00115992758
-0.000227941572
-0.000793805697
-0.000361197284
-0.00149420335
-0.000308328181
-0.00164019553
-0.000134821182
-0.00152168993
8.92093959e-05
-0.001298889
0.000314971883
-0.00104971743
0.00051326303
-0.000807171548
0.000668300051
-0.000581122239
0.000771990343
-0.000370573051
0.000820036112
-0.000169702111
0.000809727645
2.95632179e-05
0.000739201033
0.000236482801
0.00060793569
0.000460859901
0.000419110887
0.000711849781
0.000184524321
0.000994717059
-6.71911901e-05
0.00130285736
-0.000280617549
0.00160077813
-0.000369418472
0.00179397163
-0.000246993619
0.00168305582
0.000912933942
-0.000168965226
-0.000624840482
-0.000352016173
-0.00131115237
-0.000431557656
-0.00156065403
-0.000408908956
-0.00154433864
-0.000319435172
-0.00138836282
-0.000200095184
-0.00116905743
-7.98100721e-05
-0.000927456635
2.15782796e-05
-0.000682510558
9.14287242e-05
-0.000440423495
0.000122135391
-0.000200408811
0.000109757183
4.1941401e-05
5.3645709e-05
0.000292594291
-4.27489927e-05
0.00055725464
-0.000169694012
0.000838794814
-0.000307652425
0.00113267545
-0.00042346864
0.00141867354
-0.000470024885
0.00164733437
-0.000397824825
0.00172177159
-0.000196431019
0.00148166203
0.000716502913
-0.000124192153
-0.00050064835
-0.000308335645
-0.00112700886
-0.000450494088
-0.00141849556
-0.000523203993
-0.00147162873
-0.000535391044
-0.00137617579
-0.000508160825
-0.00119628768
-0.000463156896
-0.000972460564
-0.000418060925
-0.000727606489
-0.00038561898
-0.000472865409
-0.000373912046
-0.000212115761
-0.000386727933
5.47572458e-05
-0.000423459517
0.000329325861
-0.000478356373
0.000612151528
-0.000539178251
0.000899616729
-0.000585818858
0.00117931606
-0.000590512333
0.00142336699
-0.000523085144
0.00157990716
-0.000366699095
0.00156538555
-0.000150585986
0.00126554895
0.000565916936
-9.45729438e-05
-0.000406075426
-0.00026464976
-0.000956932055
-0.000430738389
-0.0012524069
-0.000556976923
-0.00134539016
-0.000636793191
-0.00129635952
-0.000678141757
-0.00115493916
-0.000693943938
-0.000956658415
-0.000696929247
-0.000724621164
-0.000697274035
-0.000472520571
-0.000701661722
-0.000207728052
-0.000712860697
6.59561871e-05
-0.000729336376
0.000345801494
-0.000744753824
0.000627568975
-0.000747580295
0.000902443245
-0.000721469876
0.00115320567
-0.000647843372
0.00134974047
-0.000512876923
0.00144494067
-0.000321206293
0.00137371489
-0.000116485712
0.00106082838
0.000449431245
-7.53437305e-05
-0.000330731698
-0.000228206828
-0.000804068987
-0.000398353677
-0.00108226005
-0.000550539521
-0.00119320428
-0.000670626425
-0.00117627258
-0.000757578317
-0.00106798728
-0.000816784814
-0.000897451969
-0.000855587465
-0.00068581854
-0.000880624301
-0.0004474837
-0.000896360296
-0.000191992002
-0.000904270052
7.38659514e-05
-0.000902360305
0.000343891698
-0.000884972227
0.000610180854
-0.000843104176
0.000860575207
-0.000765820181
0.00107592173
-0.000643664714
0.00122758504
-0.000475103927
0.00127637987
-0.000276309851
0.00117492078
-9.21328736e-05
0.000876651383
0.000357298388
-6.22882874e-05
-0.00026844339
-0.00019854132
-0.000667815987
-0.000362893671
-0.000917907734
-0.00052385074
-0.0010322472
-0.000664415214
-0.00103570806
-0.000778128886
-0.000954273574
-0.000864812153
-0.000810768731
-0.000927165487
-0.000623465264
-0.000968399708
-0.000406249493
-0.00099072121
-0.000169670449
-0.000994436334
7.75811303e-05
-0.000977525709
0.000326981065
-0.000935695005
0.000568350092
-0.000863101262
0.000787981426
-0.000754123171
0.000966943658
-0.000606626297
0.00108008821
-0.000426950388
0.00109670399
-0.000236038279
0.000984008659
-7.43490241e-05
0.000714962101
0.00028294936
-5.2768948e-05
-0.000215674408
-0.000173812772
-0.000546772173
-0.00032755741
-0.000764163138
-0.000486866006
-0.000872938631
-0.0006343802
-0.000888193837
-0.000760757834
-0.000827895881
-0.000862116624
-0.000709409919
-0.000937654748
-0.000547927187
-0.000987783251
-0.00035612105
-0.00101282399
-0.000144629711
-0.00101222275
7.69799607e-05
-0.000984240663
0.000298999025
-0.000926163042
0.00051027245
-0.000835158823
0.000696977147
-0.000709976114
0.000841760917
-0.00055359734
0.000923709462
-0.00037667697
0.000919783664
-0.000200960031
0.000808291742
-6.08626169e-05
0.000574864675
0.000222086723
-4.529792e-05
-0.000170376465
-0.00015245395
-0.000439616118
-0.0002932996
-0.00062331751
-0.000444763119
-0.000721475163
-0.000590345873
-0.000742611107
-0.000719473363
-0.000698768348
-0.000826046316
-0.000602836902
-0.000906878176
-0.00046709532
-0.000960347576
-0.00030265171
-0.000985403181
-0.000119574162
-0.00098096318
7.25399758e-05
-0.000945732097
0.000263768012
-0.000878479997
0.000443020393
-0.000778855043
0.000597352165
-0.000648784064
0.000711689881
-0.000494403571
0.000769328943
-0.000328204162
0.000753584279
-0.000170678359
0.000650765977
-5.02806438e-05
0.000454466976
0.000171806063
-3.9062195e-05
-0.000131314276
-0.000133403786
-0.000345274481
-0.000260349942
-0.000496371332
-0.00040038896
-0.000581436179
-0.000538431217
-0.000604568907
-0.000663692813
-0.000573506765
-0.000768938047
-0.000497591611
-0.000849523045
-0.00038651026
-0.000902500905
-0.000249673856
-0.000925934105
-9.61410312e-05
-0.000918488909
6.50947311e-05
-0.000879356212
0.000224635341
-0.000808535318
0.000372199567
-0.000707505241
0.000496322124
-0.000580261679
0.000584446293
-0.000434588349
0.000623655563
-0.00028324831
0.000602244218
-0.000144573371
0.000512091055
-4.17551808e-05
0.000351648813
0.000130050885
-3.36094357e-05
-9.77048748e-05
-0.000115973512
-0.000262910373
-0.000228685867
-0.000383658926
-0.000355331114
-0.000454790916
-0.000482448486
-0.000477451581
-0.000599656675
-0.000456298635
-0.000699324759
-0.000397923527
-0.000776050471
-0.000309784482
-0.000826127591
-0.00019959668
-0.000847124112
-7.51445287e-05
-0.000837646101
5.56166506e-05
-0.000797332235
0.000184321434
-0.000727102541
0.000301969903
-0.000629656415
0.00039887606
-0.000510163448
0.000464953355
-0.000377005132
0.000490497224
-0.000242314875
0.000467553921
-0.000121978248
0.000391754411
-3.47332229e-05
0.0002644038
9.53176787e-05
-2.86575128e-05
-6.90473994e-05
-9.96602526e-05
-0.000191907642
-0.00019811701
-0.000285202128
-0.000310357536
-0.000342550336
-0.000424616036
-0.000363193073
-0.000531265892
-0.000349648835
-0.000622765482
-0.000306423992
-0.000693446653
-0.0002391033
-0.000739258797
-0.000153784467
-0.000757557998
-5.68452794e-05
-0.000747003431
4.50620585e-05
-0.000707597952
0.00014491589
-0.000640884425
0.000235256342
-0.000550277072
0.000308268735
-0.000441462333
0.000356138667
-0.000322745837
0.000371780753
-0.000205166578
0.000349974645
-0.000102185449
0.000288773253
-2.88024283e-05
0.000191020768
6.65152635e-05
-2.39812089e-05
-4.50662006e-05
-8.39974581e-05
-0.000131891433
-0.000168257119
-0.00020094247
-0.000265595488
-0.000245211922
-0.000365935563
-0.000262852945
-0.000460594471
-0.00025498993
-0.00054242354
-0.000224594983
-0.000605821347
-0.000175705542
-0.000646681745
-0.000112924049
-0.000662339364
-4.11875942e-05
-0.000651561298
3.42840322e-05
-0.000614612929
0.000107967495
-0.00055340065
0.000174044007
-0.000471663916
0.000226531975
-0.000375154009
0.000259628783
-0.000271701941
0.000268328725
-0.000171058843
0.000249331565
-8.44170649e-05
0.000202131464
-2.35998708e-05
0.000130203555
4.29153921e-05
-1.93492053e-05
-2.57169702e-05
-6.84700365e-05
-8.27706384e-05
-0.000138506775
-0.000130905772
-0.000220638096
-0.000163080601
-0.000306428405
-0.000177062586
-0.000388228726
-0.000173189561
-0.000459474154
-0.000153349565
-0.000514859818
-0.000120319936
-0.000550429818
-7.73540898e-05
-0.000563627573
-2.79898157e-05
-0.000553348407
2.40049247e-05
-0.000520016405
7.46355234e-05
-0.000465682605
0.000119710185
-0.000394114925
0.00015496425
-0.000310823001
0.000176336839
-0.000222941267
0.000180447008
-0.000138894613
0.00016528494
-6.78135077e-05
0.000131050372
-1.876211e-05
8.11521513e-05
2.41532731e-05
-1.45055089e-05
-1.1211423e-05
-5.25210933e-05
-4.47550559e-05
-0.000108122818
-7.5304086e-05
-0.000174687817
-9.65156401e-05
-0.000245343256
-0.000106407141
-0.000313520806
-0.000105011961
-0.000373387873
-9.34824577e-05
-0.000420129411
-7.3578413e-05
-0.000450116086
-4.73674667e-05
-0.000461009106
-1.70968276e-05
-0.00045184164
1.48374809e-05
-0.00042309689
4.58908212e-05
-0.000376775949
7.33892686e-05
-0.000316426446
9.46147303e-05
-0.000247079559
0.000106989919
-0.000175030364
0.000108397798
-0.000107403063
9.76576493e-05
-5.148584e-05
7.5133168e-05
-1.39146157e-05
4.35809351e-05
1.0238651e-05
-9.20279332e-06
-2.00861028e-06
-3.56847233e-05
-1.82730999e-05
-7.64355167e-05
-3.45532964e-05
-0.000126811031
-4.61401617e-05
-0.00018140809
-5.18101143e-05
-0.000234817159
-5.16028815e-05
-0.000282132215
-4.61673558e-05
-0.000319263517
-3.64470803e-05
-0.000343116502
-2.35144971e-05
-0.000351700057
-8.51331612e-06
-0.000344207035
7.34443636e-06
-0.000321084434
2.27682385e-05
-0.000284086147
3.63910176e-05
-0.00023627952
4.68081215e-05
-0.000181958571
5.26689591e-05
-0.000126403753
5.28429581e-05
-7.5428548e-05
4.66824343e-05
-3.46816288e-05
3.43862551e-05
-8.71390528e-06
1.76132223e-05
1.52474645e-06
-3.43753123e-06
1.42891322e-06
-1.80438729e-05
-3.66673677e-06
-4.34060243e-05
-9.19112147e-06
-7.64336593e-05
-1.31125297e-05
-0.000113187165
-1.50566381e-05
-0.000149665133
-1.5124938e-05
-0.000182251554
-1.35809242e-05
-0.000207952836
-1.07457635e-05
-0.000224514076
-6.95323474e-06
-0.000230484753
-2.54265114e-06
-0.000225272654
2.13230764e-06
-0.000209197094
6.692663e-06
-0.00018353536
1.07292954e-05
-0.000150536803
1.38095875e-05
-0.000113368284
1.5500453e-05
-7.59397568e-05
1.54144251e-05
-4.25472253e-05
1.32898906e-05
-1.72767408e-05
9.11576526e-06
-3.1038585e-06
3.44034304e-06
-1.5791083e-06
1.42889289e-06
-2.23784927e-06
-1.14289541e-05
-2.45414601e-05
-3.95980936e-05
-5.47230518e-05
-6.83039991e-05
-7.90497637e-05
-8.60029768e-05
-8.85456067e-05
-8.64132982e-05
-7.97206522e-05
-6.89913728e-05
-5.51817864e-05
-3.96813224e-05
-2.42668867e-05
-1.09769938e-05
-1.86123193e-06
1.57910794e-06
)
;

boundaryField
{
    walls
    {
        type            calculated;
        value           uniform 0;
    }
    mov_wall
    {
        type            calculated;
        value           uniform 0;
    }
    empty
    {
        type            empty;
        value           nonuniform 0();
    }
}


// ************************************************************************* //
