/*--------------------------------*- C++ -*----------------------------------*\
| =========                 |                                                 |
| \\      /  F ield         | OpenFOAM: The Open Source CFD Toolbox           |
|  \\    /   O peration     | Version:  5.x                                   |
|   \\  /    A nd           | Web:      www.OpenFOAM.org                      |
|    \\/     M anipulation  |                                                 |
\*---------------------------------------------------------------------------*/
FoamFile
{
    version     2.0;
    format      ascii;
    class       volVectorField;
    location    "8";
    object      U;
}
// * * * * * * * * * * * * * * * * * * * * * * * * * * * * * * * * * * * * * //

dimensions      [0 1 -1 0 0 0 0];

internalField   nonuniform List<vector> 
400
(
(0.291698418 0.149643823 0)
(0.388187161 0.128007696 0)
(0.557616065 0.0757318265 0)
(0.6747857 0.0433044379 0)
(0.743766595 0.0251591052 0)
(0.787075024 0.0148802984 0)
(0.815462959 0.00893092256 0)
(0.833939559 0.0053099279 0)
(0.84536546 0.00289956033 0)
(0.851349263 0.00108485218 2.66526769e-34)
(0.85264075 -0.000502852333 -2.66526769e-34)
(0.849354294 -0.00216071911 0)
(0.840973371 -0.00421710529 0)
(0.826113772 -0.00722098675 0)
(0.802020424 -0.0122365022 0)
(0.763538946 -0.0213892102 0)
(0.699488893 -0.0388386142 0)
(0.584557336 -0.0722732735 0)
(0.407900535 -0.128436307 0)
(0.300688067 -0.152947536 0)
(0.00120418003 0.287432409 0)
(0.0133209562 0.293872126 0)
(0.140044439 0.209904854 0)
(0.264971584 0.142986161 0)
(0.364177738 0.0968019844 0)
(0.440120064 0.0654411236 0)
(0.49654104 0.0439762541 0)
(0.536691067 0.028701157 0)
(0.563274464 0.0170798523 0)
(0.57813734 0.00742308455 0)
(0.582210286 -0.0015010121 0)
(0.575515254 -0.0107977526 0)
(0.55710925 -0.021734651 0)
(0.524912994 -0.0361396928 0)
(0.475518405 -0.0569634994 0)
(0.404326002 -0.088977153 0)
(0.305687295 -0.139150755 0)
(0.174497791 -0.2152752 0)
(0.034106585 -0.310801154 0)
(0.0108691565 -0.305909063 0)
(-0.0321467638 0.241773923 0)
(-0.0634303665 0.333547161 0)
(-0.0219362045 0.299502491 0)
(0.0505996238 0.240051664 0)
(0.127397379 0.183020805 0)
(0.196818609 0.135454524 0)
(0.254167104 0.0974523446 0)
(0.298088303 0.0668891727 0)
(0.328665675 0.0413758234 0)
(0.346307823 0.018781458 -2.35796986e-33)
(0.351211312 -0.00280949344 2.35796986e-33)
(0.34312675 -0.0252950455 0)
(0.321277582 -0.0508299451 0)
(0.284432901 -0.0820948301 0)
(0.231328816 -0.122479776 0)
(0.16191676 -0.175658042 0)
(0.0798350192 -0.243208457 0)
(-0.00333734119 -0.31798196 0)
(-0.0578531323 -0.3663635 0)
(-0.0313893196 -0.270690675 0)
(-0.0261204159 0.182361574 0)
(-0.0666192782 0.316884135 0)
(-0.0735377818 0.330901741 0)
(-0.0481307205 0.29535291 0)
(-0.00567217799 0.244253504 0)
(0.041112473 0.19243174 0)
(0.0845451075 0.14509504 0)
(0.120424333 0.103006632 0)
(0.146585247 0.0651543645 0)
(0.161925477 0.029888405 2.35546524e-33)
(0.165812814 -0.00469432534 -2.35546524e-33)
(0.1577988 -0.0406696198 0)
(0.1375865 -0.0803027365 0)
(0.105285214 -0.125979578 0)
(0.0620900266 -0.179774808 0)
(0.0116092663 -0.242029719 0)
(-0.0380283808 -0.307764356 0)
(-0.0720490943 -0.359579369 0)
(-0.0711639161 -0.355585636 0)
(-0.0287210553 -0.209178579 0)
(-0.0176296844 0.140767913 0)
(-0.0549165468 0.281827203 0)
(-0.0828629944 0.324484362 0)
(-0.0880762238 0.312396802 0)
(-0.0751196914 0.274441981 0)
(-0.0526276301 0.226778426 0)
(-0.027511852 0.177302817 0)
(-0.00458009212 0.129145426 0)
(0.0130234913 0.082912364 0)
(0.0233567961 0.0379330322 -2.94545483e-34)
(0.0253097432 -0.00710139778 2.94545483e-34)
(0.0184152032 -0.0537995252 0)
(0.00288698386 -0.103801261 0)
(-0.0200871992 -0.158367935 0)
(-0.047770792 -0.217530721 0)
(-0.0750614594 -0.278347555 0)
(-0.093626711 -0.331694805 0)
(-0.0922270571 -0.35739887 0)
(-0.0635074664 -0.318879889 0)
(-0.0207312587 -0.162076723 0)
(-0.0116542813 0.11159225 0)
(-0.0431522025 0.243765265 0)
(-0.0782839968 0.299859404 0)
(-0.100579259 0.305000833 0)
(-0.108310589 0.280421268 0)
(-0.105716508 0.240369182 0)
(-0.0975361771 0.193277766 0)
(-0.0877934499 0.14354537 0)
(-0.0795351896 0.0930260774 0)
(-0.0748272153 0.0420752348 0)
(-0.0748481341 -0.00975925855 0)
(-0.0799345829 -0.0632506227 0)
(-0.0895000255 -0.119033277 0)
(-0.101812875 -0.176993442 0)
(-0.113690946 -0.235297917 0)
(-0.12028478 -0.288849071 0)
(-0.115237025 -0.327084784 0)
(-0.0922711162 -0.331566554 0)
(-0.0521876284 -0.275119692 0)
(-0.0142847855 -0.127260097 0)
(-0.00803185712 0.0899680192 0)
(-0.0343052853 0.207876695 0)
(-0.0703686614 0.267741356 0)
(-0.100959316 0.283509148 0)
(-0.121509106 0.269753784 0)
(-0.133061963 0.237807849 0)
(-0.13813584 0.195384122 0)
(-0.139450246 0.147216488 0)
(-0.139365666 0.0958906825 0)
(-0.139599228 0.0425957622 0)
(-0.141114111 -0.0122625649 0)
(-0.144054666 -0.068540168 0)
(-0.147657213 -0.125824599 0)
(-0.150140603 -0.182787207 0)
(-0.148667739 -0.236314554 0)
(-0.139565525 -0.280390164 0)
(-0.119015753 -0.304900545 0)
(-0.0848747424 -0.294957287 0)
(-0.0422046481 -0.232154479 0)
(-0.0100065916 -0.100709816 0)
(-0.00589818969 0.0731569063 0)
(-0.0280514405 0.175459927 0)
(-0.0624620797 0.233454967 0)
(-0.096193112 0.254650691 0)
(-0.123784287 0.248662378 0)
(-0.144336444 0.223978325 0)
(-0.158622038 0.187072458 0)
(-0.168069551 0.142434103 0)
(-0.174171013 0.0929433358 0)
(-0.17809165 0.0403533026 0)
(-0.180456257 -0.0142245198 0)
(-0.181230005 -0.0698446756 0)
(-0.179647306 -0.125225757 0)
(-0.174205201 -0.178177566 0)
(-0.162809071 -0.224940955 0)
(-0.143212555 -0.259512833 0)
(-0.113841635 -0.2732013 0)
(-0.0753166175 -0.254896363 0)
(-0.0343188994 -0.192925779 0)
(-0.0072849863 -0.0799917732 0)
(-0.00459312092 0.0595160178 0)
(-0.0235441673 0.146542619 0)
(-0.0553429929 0.199662154 0)
(-0.0893196762 0.222701631 0)
(-0.120051818 0.221819415 0)
(-0.145609088 0.203131834 0)
(-0.165570647 0.171796553 0)
(-0.1803171 0.131775628 0)
(-0.190531079 0.0859405046 0)
(-0.196813737 0.0363510052 2.97711442e-34)
(-0.199448897 -0.0153915423 -2.97711442e-34)
(-0.198275627 -0.0677566383 0)
(-0.192646153 -0.118867797 0)
(-0.181489355 -0.166059312 0)
(-0.163546092 -0.205440875 0)
(-0.13785873 -0.231577793 0)
(-0.104503393 -0.237504904 0)
(-0.0656637237 -0.215386223 0)
(-0.0281737974 -0.158249843 0)
(-0.00551069055 -0.0634668223 0)
(-0.00373314128 0.0480883422 0)
(-0.0201212301 0.1208394 0)
(-0.0490153873 0.167676442 0)
(-0.0816389821 0.190287496 0)
(-0.112989452 0.192487646 0)
(-0.14068056 0.178557131 4.67987962e-33)
(-0.163557387 0.152465453 0)
(-0.181246277 0.117554999 0)
(-0.193784176 0.0765047393 -4.74063711e-33)
(-0.201296977 0.0314709887 2.26595953e-36)
(-0.203789198 -0.0156743982 4.98649138e-36)
(-0.201035363 -0.0630555925 0)
(-0.192565925 -0.108481579 0)
(-0.177765513 -0.149141428 0)
(-0.156124911 -0.181360932 0)
(-0.127679786 -0.200524266 0)
(-0.0935645706 -0.201318537 0)
(-0.0566770419 -0.17846397 0)
(-0.0233146636 -0.128090139 0)
(-0.00429570398 -0.050043534 0)
(-0.00311504013 0.0383306331 0)
(-0.0173631133 0.0980508541 0)
(-0.0433176157 0.138129969 0)
(-0.0737180752 0.158979199 0)
(-0.104104457 0.162838219 0)
(-0.131970537 0.152618175 -4.67987962e-33)
(-0.155761612 0.131295703 0)
(-0.174612854 0.101603281 0)
(-0.188100214 0.0659289943 4.74063711e-33)
(-0.195997423 0.0263693572 1.49106821e-33)
(-0.198111618 -0.0151233255 -1.49832066e-33)
(-0.194204012 -0.0565442466 0)
(-0.183996554 -0.0956260353 0)
(-0.167277167 -0.129654839 0)
(-0.144124393 -0.155368916 0)
(-0.115252468 -0.169022502 0)
(-0.0823814119 -0.166713894 0)
(-0.0485941038 -0.145040226 0)
(-0.0193975937 -0.102103346 0)
(-0.00342090806 -0.0390049992 0)
(-0.00263393727 0.0299262621 0)
(-0.0150226241 0.0779301295 0)
(-0.0380974174 0.111311114 0)
(-0.0658175636 0.129695797 0)
(-0.0942794754 0.134263876 0)
(-0.121044033 0.126925337 0)
(-0.144383612 0.109860565 0)
(-0.16314898 0.0852480475 0)
(-0.1766195 0.0551416421 0)
(-0.184335472 0.0214703158 2.99742597e-34)
(-0.185982942 -0.0138813698 -2.99742597e-34)
(-0.181343681 -0.0489515477 0)
(-0.170313963 -0.0815745585 0)
(-0.152999247 -0.109289267 0)
(-0.1298916 -0.129330734 0)
(-0.102114501 -0.138764247 0)
(-0.0716393844 -0.134816144 0)
(-0.041436598 -0.115407292 0)
(-0.0161843495 -0.0798582229 0)
(-0.00276403264 -0.0298606573 0)
(-0.00223473903 0.022680021 0)
(-0.0129541304 0.0602838553 0)
(-0.0332381475 0.0873308383 0)
(-0.0580555231 0.102954505 0)
(-0.0840353771 0.107621824 0)
(-0.108906087 0.102520706 0)
(-0.130914087 0.0892086437 0)
(-0.148775835 0.0693818628 0)
(-0.161603545 0.0447501665 0)
(-0.168801282 0.0170067378 3.00137183e-34)
(-0.169993544 -0.0121372142 -3.00137183e-34)
(-0.164999677 -0.0408861863 0)
(-0.15385754 -0.0672953832 0)
(-0.13689908 -0.0892417086 0)
(-0.114876631 -0.1044687 0)
(-0.089118904 -0.110744417 0)
(-0.0616328443 -0.106158118 0)
(-0.035126978 -0.08953534 0)
(-0.0135037451 -0.0609264448 0)
(-0.0022532731 -0.0222578271 0)
(-0.00188545822 0.0164662546 0)
(-0.0110624894 0.0449645351 0)
(-0.028641146 0.0662105037 0)
(-0.0504611265 0.0790278214 0)
(-0.0736531579 0.0834123364 0)
(-0.0961641767 0.0800414917 0)
(-0.116305922 0.0699953553 0)
(-0.132763347 0.0545610818 0)
(-0.144575603 0.0351143601 0)
(-0.15108243 0.0130747375 0)
(-0.151887886 -0.0100881499 0)
(-0.146853003 -0.0328250787 0)
(-0.136119509 -0.0534823601 0)
(-0.120164259 -0.0703098613 0)
(-0.099879339 -0.081529952 0)
(-0.0766571169 -0.0854921359 0)
(-0.0524122081 -0.0809235373 0)
(-0.0295300341 -0.0672469515 0)
(-0.011218575 -0.0449266662 0)
(-0.0018412986 -0.0159381065 0)
(-0.00156251775 0.0112077511 0)
(-0.00926988269 0.0318705344 0)
(-0.0242025254 0.0479368708 0)
(-0.0429884482 0.0580490693 0)
(-0.0632319119 0.0619115038 0)
(-0.0831208644 0.0598559238 0)
(-0.101086246 0.0526055564 0)
(-0.115849136 0.0411071693 0)
(-0.126440934 0.0264236279 0)
(-0.13218724 0.00968560603 0)
(-0.132697628 -0.00791671141 0)
(-0.127870712 -0.0251250459 0)
(-0.117915458 -0.0406102736 0)
(-0.103386537 -0.052997457 0)
(-0.0852272559 -0.0609387044 0)
(-0.0648019879 -0.0632496916 0)
(-0.0438652603 -0.0591133844 0)
(-0.024467499 -0.0483249887 0)
(-0.00920309311 -0.0315520069 0)
(-0.00149088431 -0.0107193793 0)
(-0.00124268955 0.00687237104 0)
(-0.00749726212 0.0209539402 0)
(-0.01979968 0.0325014279 0)
(-0.0355242011 0.0400872955 0)
(-0.0527239666 0.0432717613 0)
(-0.0698331022 0.0421741867 0)
(-0.0854326532 0.0372606237 0)
(-0.0983251698 0.0291991497 0)
(-0.10758079 0.018767356 0)
(-0.112546727 0.00680863965 0)
(-0.112854336 -0.00578011166 0)
(-0.108431626 -0.0180487539 0)
(-0.099521445 -0.0289997695 0)
(-0.086702167 -0.0376160641 0)
(-0.0709039804 -0.0429246773 0)
(-0.0534054957 -0.0441071912 0)
(-0.0357703082 -0.0406592895 0)
(-0.0197281024 -0.0325810786 0)
(-0.00733072699 -0.0205903303 0)
(-0.00116697564 -0.0064922682 0)
(-0.000899880279 0.00347704475 0)
(-0.0056609277 0.0122244318 0)
(-0.0152978463 0.0199179423 0)
(-0.027909198 0.0251886516 0)
(-0.041970842 0.027585926 0)
(-0.0561592831 0.0271262692 0)
(-0.0692274784 0.0240986765 0)
(-0.0800968137 0.0189454366 0)
(-0.0879159919 0.0121895937 0)
(-0.0920844237 0.00440206183 0)
(-0.0922681547 -0.0038076811 0)
(-0.0884155134 -0.011792766 0)
(-0.0807724879 -0.0188748733 0)
(-0.0698942016 -0.0243659705 0)
(-0.0566454537 -0.0276151922 0)
(-0.0421770524 -0.0280887068 0)
(-0.0278469007 -0.0254864202 0)
(-0.0150887328 -0.0198866116 0)
(-0.0054744933 -0.0119313559 0)
(-0.000833546682 -0.00322197399 0)
(-0.000507507176 0.00108920684 0)
(-0.00368888974 0.00574014162 0)
(-0.0105872226 0.0102223841 0)
(-0.0199879392 0.0134022157 0)
(-0.0307552993 0.0149400936 0)
(-0.0418076605 0.0148327155 0)
(-0.0521004763 0.0132501833 0)
(-0.0607205907 0.0104516825 0)
(-0.0669425801 0.00673881986 0)
(-0.0702538292 0.00243728375 0)
(-0.0703711908 -0.00210635449 0)
(-0.0672558431 -0.0065233905 0)
(-0.0611263911 -0.0104252542 0)
(-0.0524664948 -0.0134154681 0)
(-0.042020105 -0.0151167098 0)
(-0.0307626616 -0.0152183506 0)
(-0.0198243296 -0.0135494064 0)
(-0.010361522 -0.0101761671 0)
(-0.00352670131 -0.00555507469 0)
(-0.000456470064 -0.000945965607 0)
(-6.4492016e-05 -0.000176243383 0)
(-0.00159898947 0.00163661637 0)
(-0.00569518661 0.00359860382 0)
(-0.0117199292 0.00501068212 0)
(-0.0188880498 0.00571684726 0)
(-0.0263913917 0.00573382633 0)
(-0.0334549914 0.00514771863 0)
(-0.0394085021 0.00407326781 0)
(-0.0437225463 0.00263489471 0)
(-0.0460238822 0.000961864913 0)
(-0.0461058239 -0.000810104486 0)
(-0.0439388737 -0.00253599201 0)
(-0.0396813852 -0.00406056497 0)
(-0.033686956 -0.00522175603 0)
(-0.0265027349 -0.00586030354 0)
(-0.018849624 -0.00583829462 0)
(-0.0115675424 -0.00507039385 0)
(-0.00551559641 -0.00357095426 0)
(-0.00148203516 -0.00155258744 0)
(-3.10933234e-05 0.000233977689 0)
(0.000261394544 -0.000255579015 0)
(0.000151438308 0.000102072295 0)
(-0.00117495344 0.00054741592 0)
(-0.00348063024 0.000863517688 0)
(-0.00637558139 0.00102207907 0)
(-0.00946687311 0.00103797643 0)
(-0.0124000384 0.000936216589 0)
(-0.0148817794 0.000743060868 0)
(-0.0166861005 0.000483181235 0)
(-0.0176547238 0.000180089841 1.08300132e-33)
(-0.0176985189 -0.000142307471 -1.08300132e-33)
(-0.0168014863 -0.000458219329 0)
(-0.0150266306 -0.000739020708 0)
(-0.0125219018 -0.00095324538 0)
(-0.00952354885 -0.00106773175 0)
(-0.00635302276 -0.00105052482 0)
(-0.00340014866 -0.000876787353 0)
(-0.00108361497 -0.000539616069 0)
(0.000206110697 -8.25147016e-05 0)
(0.000274563575 0.00026674546 0)
)
;

boundaryField
{
    walls
    {
        type            fixedValue;
        value           uniform (0 0 0);
    }
    mov_wall
    {
        type            fixedValue;
        value           uniform (1 0 0);
    }
    empty
    {
        type            empty;
    }
}


// ************************************************************************* //
