/*--------------------------------*- C++ -*----------------------------------*\
| =========                 |                                                 |
| \\      /  F ield         | OpenFOAM: The Open Source CFD Toolbox           |
|  \\    /   O peration     | Version:  5.x                                   |
|   \\  /    A nd           | Web:      www.OpenFOAM.org                      |
|    \\/     M anipulation  |                                                 |
\*---------------------------------------------------------------------------*/
FoamFile
{
    version     2.0;
    format      ascii;
    class       volScalarField;
    location    "3.4";
    object      p;
}
// * * * * * * * * * * * * * * * * * * * * * * * * * * * * * * * * * * * * * //

dimensions      [0 2 -2 0 0 0 0];

internalField   nonuniform List<scalar> 
400
(
4.77829491e-06
2.45246573
3.49432963
3.8988858
4.10665379
4.2247133
4.29429797
4.34028482
4.37634531
4.41011745
4.44676643
4.49092136
4.54766103
4.62449611
4.73480431
4.90460279
5.18238641
5.68420771
6.84132221
9.4117312
1.88671132
2.86729573
3.41989
3.74775031
3.96518729
4.10975378
4.20768084
4.27899881
4.33675136
4.38961969
4.44425191
4.50657847
4.58334008
4.68330437
4.81973286
5.01368563
5.29402887
5.69847557
6.33842203
7.42837769
2.98208416
3.26253657
3.5423375
3.77068601
3.94571214
4.07572224
4.17323213
4.25000979
4.31528211
4.37624241
4.43893157
4.5090281
4.59258163
4.69678924
4.83085663
5.00664466
5.2363282
5.52394578
5.86049725
6.19824399
3.52779063
3.58534919
3.72179184
3.8653832
3.98907053
4.09083879
4.17461669
4.24572044
4.30953335
4.37102958
4.434781
4.50521078
4.58679489
4.68426101
4.80245761
4.94569911
5.11575586
5.30515445
5.47834348
5.55964545
3.84422358
3.82688691
3.88518627
3.96938939
4.05222619
4.12779741
4.19567502
4.2574842
4.31592929
4.37409864
4.43507141
4.5018639
4.57733746
4.66401239
4.76351037
4.8755174
4.99636546
5.11480832
5.19585246
5.18372235
4.04550756
4.00366522
4.02143248
4.06785622
4.12138875
4.17574732
4.2288612
4.2805441
4.33186651
4.38449804
4.4402773
4.50097435
4.56805504
4.64233262
4.72333262
4.80837269
4.89181314
4.96268439
4.99308711
4.94681446
4.18059211
4.13383725
4.13184516
4.15537489
4.18883982
4.227073
4.26773333
4.30987815
4.35364371
4.39973766
4.44904466
4.50234316
4.56002515
4.62172798
4.68579162
4.74863227
4.80456612
4.84467212
4.84863105
4.79368647
4.27566484
4.23084878
4.21966635
4.22968059
4.24985201
4.27636095
4.30712864
4.34098907
4.37758486
4.41700537
4.45945776
4.50500258
4.55329153
4.60325542
4.65271119
4.69801747
4.73426492
4.75485313
4.74556687
4.69204855
4.34468031
4.30373721
4.28863518
4.29083372
4.30238242
4.32057783
4.34373625
4.37070809
4.40089935
4.43402183
4.46983459
4.50792403
4.54748977
4.58711525
4.62451955
4.65641941
4.67889979
4.68733941
4.67188555
4.62322284
4.39526533
4.3585105
4.34216327
4.33996425
4.34599519
4.35836731
4.37576708
4.39715117
4.42183152
4.4493049
4.47905698
4.51039309
4.54228039
4.57319866
4.60100641
4.62293221
4.63600178
4.63709844
4.61933086
4.5763838
4.4319696
4.39926357
4.38306032
4.37851646
4.38107174
4.38940198
4.40249329
4.41943039
4.43950808
4.46211488
4.48658839
4.51209289
4.537514
4.56137487
4.58178215
4.59648721
4.60330045
4.60017952
4.58221175
4.54489987
4.45778252
4.42890164
4.41358617
4.40795067
4.40838539
4.4139531
4.42386997
4.43734431
4.45369401
4.47226704
4.4923369
4.51301978
4.53321254
4.55155739
4.56643899
4.57607637
4.57889153
4.57358052
4.55656111
4.52448388
4.47483354
4.44957937
4.43556718
4.42962631
4.42885876
4.43259946
4.44024129
4.45110425
4.46454869
4.47992156
4.49648322
4.51335629
4.52949706
4.54369448
4.55459781
4.5608167
4.56123312
4.55504182
4.53957913
4.51226529
4.48473651
4.46296536
4.450499
4.44475723
4.44342238
4.44603457
4.45212829
4.46112322
4.47242859
4.48540904
4.49933661
4.51336485
4.52652569
4.53775217
4.54592399
4.54996509
4.54909951
4.54286291
4.52926127
4.50627779
4.48878004
4.47040872
4.45962671
4.45439935
4.45293309
4.45494258
4.46008448
4.4678677
4.47774758
4.4891086
4.50123832
4.51332248
4.52446185
4.53371206
4.54014059
4.54291886
4.54152901
4.5357545
4.52414045
4.50514161
4.4880673
4.47306299
4.46401537
4.45946121
4.45813706
4.45992992
4.46461111
4.47176867
4.48089297
4.4913764
4.50250831
4.5134891
4.52346403
4.53157689
4.53703648
4.53920548
4.53776832
4.53271375
4.52308952
4.50782714
4.48367441
4.47201637
4.46464685
4.46076877
4.45970795
4.46154309
4.46615943
4.47321196
4.48220672
4.49252011
4.50341561
4.51407603
4.52365328
4.53133496
4.53642168
4.5384185
4.53717636
4.53288426
4.52513243
4.51342216
4.47686159
4.4683938
4.46243541
4.45902189
4.45816841
4.4601763
4.46504121
4.47246353
4.48193398
4.49277642
4.50418737
4.51528638
4.52518059
4.53304498
4.53821404
4.54028427
4.53924505
4.5355045
4.52929373
4.52086222
4.46929219
4.46320054
4.45768047
4.45397426
4.45292834
4.45509563
4.46054934
4.46897467
4.47977728
4.49215517
4.50516028
4.51776457
4.5289373
4.53774044
4.54344058
4.54563702
4.54441045
4.54042221
4.53470514
4.52867211
4.46345512
4.45752932
4.45037679
4.4449333
4.44290977
4.44510187
4.4515739
4.46187921
4.47522108
4.49055732
4.5066785
4.52228219
4.5360596
4.54680561
4.55355823
4.55577154
4.55352638
4.54775552
4.54035764
4.53446825
)
;

boundaryField
{
    walls
    {
        type            zeroGradient;
    }
    mov_wall
    {
        type            zeroGradient;
    }
    empty
    {
        type            empty;
    }
}


// ************************************************************************* //
