/*--------------------------------*- C++ -*----------------------------------*\
| =========                 |                                                 |
| \\      /  F ield         | OpenFOAM: The Open Source CFD Toolbox           |
|  \\    /   O peration     | Version:  5.x                                   |
|   \\  /    A nd           | Web:      www.OpenFOAM.org                      |
|    \\/     M anipulation  |                                                 |
\*---------------------------------------------------------------------------*/
FoamFile
{
    version     2.0;
    format      ascii;
    class       surfaceScalarField;
    location    "3.4";
    object      phi;
}
// * * * * * * * * * * * * * * * * * * * * * * * * * * * * * * * * * * * * * //

dimensions      [0 3 -1 0 0 0 0];

internalField   nonuniform List<scalar> 
760
(
0.00134817583
-0.00134817811
0.00245763938
-0.00110946355
0.00313513445
-0.000677495077
0.00355971558
-0.000424581127
0.00383225121
-0.000272535634
0.00400945208
-0.00017720086
0.00412521444
-0.000115762352
0.00419921702
-7.40025723e-05
0.0042424323
-4.32152798e-05
0.00426055353
-1.81212281e-05
0.0042556223
4.93123745e-06
0.00422675774
2.88645785e-05
0.00416938937
5.73683811e-05
0.00407358502
9.58043487e-05
0.00391995092
0.000153634102
0.00367201929
0.00024793164
0.00326316024
0.000408859068
0.00257264077
0.000690519463
0.00140850173
0.00116413903
0.00140850173
-5.46957177e-05
-0.00129348239
0.000412592206
-0.00157675146
0.00103002947
-0.00129493233
0.00157871361
-0.00097326526
0.00201483248
-0.000708654506
0.00234477707
-0.000507145448
0.00258511614
-0.000356101415
0.00275126925
-0.000240155671
0.00285456764
-0.000146513662
0.00290179518
-6.53487573e-05
0.00289536646
1.13599519e-05
0.00283293024
9.13008094e-05
0.00270712564
0.000183173
0.00250436366
0.000298566337
0.00220410983
0.000453887949
0.00178090169
0.000671139783
0.00121756797
0.000972192782
0.000552812553
0.00135527488
1.30664788e-05
0.0017038851
0.0014215682
-0.000271734859
-0.00102174753
-0.000221026901
-0.00162745942
7.13674854e-05
-0.0015873267
0.000446285353
-0.00134818312
0.000812489407
-0.00107485855
0.00112929901
-0.000823955044
0.00138207806
-0.000608880467
0.00156800764
-0.000426085238
0.00168837673
-0.000266882749
0.00174468432
-0.000121656339
0.00173678955
1.92547183e-05
0.00166213423
0.000165956137
0.00151571272
0.00032959452
0.00129125411
0.000523024963
0.000985011595
0.000760130476
0.000605009586
0.0010511418
0.000189850668
0.0013873517
-0.000160045098
0.00170517065
-0.000261640637
0.00180548064
0.00115992756
-0.000227941683
-0.000793805841
-0.000361197524
-0.00149420358
-0.00030832848
-0.00164019574
-0.000134821489
-0.0015216901
8.9209098e-05
-0.00129888913
0.000314971581
-0.00104971752
0.000513262711
-0.000807171596
0.000668299731
-0.000581122254
0.000771990049
-0.00037057306
0.000820035856
-0.00016970214
0.000809727409
2.95631662e-05
0.0007392008
0.000236482746
0.00060793547
0.000460859855
0.00041911071
0.000711849735
0.000184524205
0.000994716995
-6.7191261e-05
0.00130285727
-0.000280617599
0.00160077805
-0.000369418509
0.00179397156
-0.000246993643
0.00168305578
0.000912933927
-0.00016896527
-0.000624840562
-0.000352016322
-0.00131115252
-0.000431557889
-0.00156065417
-0.000408909229
-0.00154433875
-0.00031943545
-0.0013883629
-0.000200095466
-0.0011690575
-7.98103761e-05
-0.000927456684
2.15779508e-05
-0.000682510582
9.14284001e-05
-0.000440423506
0.000122135105
-0.000200408838
0.000109756938
4.19413377e-05
5.3645479e-05
0.000292594203
-4.2749219e-05
0.000557254552
-0.000169694212
0.000838794735
-0.000307652568
0.00113267537
-0.000423468722
0.00141867344
-0.000470024932
0.00164733426
-0.000397824857
0.0017217715
-0.000196431042
0.00148166198
0.000716502898
-0.000124192166
-0.000500648386
-0.000308335729
-0.00112700895
-0.000450494259
-0.00141849564
-0.000523204229
-0.00147162877
-0.000535391303
-0.00137617581
-0.000508161082
-0.00119628771
-0.000463157162
-0.000972460596
-0.000418061222
-0.000727606521
-0.000385619298
-0.00047286543
-0.000373912343
-0.000212115787
-0.00038672818
5.47571824e-05
-0.000423459725
0.000329325751
-0.000478356573
0.000612151396
-0.000539178444
0.000899616605
-0.000585819015
0.00117931595
-0.00059051243
0.00142336687
-0.000523085189
0.00157990704
-0.000366699114
0.00156538543
-0.000150585997
0.00126554887
0.000565916913
-9.45729535e-05
-0.000406075427
-0.000264649802
-0.000956932088
-0.0004307385
-0.00125240694
-0.000556977111
-0.00134539016
-0.000636793425
-0.00129635949
-0.000678141992
-0.00115493912
-0.000693944163
-0.000956658412
-0.000696929485
-0.000724621193
-0.000697274307
-0.000472520608
-0.000701662002
-0.000207728089
-0.000712860938
6.59561273e-05
-0.00072933656
0.000345801381
-0.000744753978
0.000627568814
-0.00074758045
0.000902443071
-0.000721470022
0.00115320552
-0.000647843479
0.00134974034
-0.000512876975
0.00144494055
-0.000321206304
0.00137371477
-0.000116485709
0.00106082828
0.000449431211
-7.53437522e-05
-0.000330731676
-0.000228206854
-0.00080406897
-0.000398353737
-0.00108226005
-0.000550539646
-0.00119320425
-0.000670626616
-0.00117627253
-0.00075757853
-0.0010679872
-0.000816785007
-0.000897451918
-0.00085558764
-0.000685818544
-0.000880624496
-0.000447483748
-0.000896360522
-0.000191992064
-0.000904270272
7.38658832e-05
-0.000902360473
0.000343891594
-0.000884972342
0.000610180691
-0.000843104274
0.000860575001
-0.000765820286
0.00107592152
-0.000643664812
0.00122758486
-0.000475103989
0.00127637973
-0.000276309868
0.00117492067
-9.21328641e-05
0.000876651294
0.000357298348
-6.22883196e-05
-0.000268443361
-0.000198541346
-0.00066781593
-0.0003628937
-0.00091790768
-0.000523850801
-0.00103224715
-0.000664415337
-0.001035708
-0.000778129058
-0.000954273486
-0.000864812321
-0.000810768644
-0.000927165617
-0.000623465228
-0.00096839982
-0.000406249529
-0.000990721348
-0.000169670532
-0.000994436499
7.75810351e-05
-0.000977525856
0.000326980959
-0.000935695097
0.000568349945
-0.000863101312
0.000787981223
-0.000754123219
0.000966943426
-0.000606626359
0.001080088
-0.000426950447
0.00109670382
-0.000236038309
0.00098400854
-7.43490234e-05
0.000714962021
0.000282949326
-5.27689744e-05
-0.000215674388
-0.000173812805
-0.000546772097
-0.000327557429
-0.000764163046
-0.000486866019
-0.000872938552
-0.000634380244
-0.000888193771
-0.000760757934
-0.000827895804
-0.000862116753
-0.000709409826
-0.000937654849
-0.000547927115
-0.000987783304
-0.000356121049
-0.00101282403
-0.000144629791
-0.00101222283
7.6979837e-05
-0.000984240763
0.000298998895
-0.000926163119
0.00051027231
-0.000835158853
0.000696976969
-0.000709976116
0.000841760695
-0.000553597352
0.000923709229
-0.000376677001
0.000919783466
-0.000200960064
0.000808291603
-6.08626309e-05
0.000574864596
0.000222086699
-4.52979214e-05
-0.000170376459
-0.000152453976
-0.000439616049
-0.00029329962
-0.000623317398
-0.000444763111
-0.000721475051
-0.000590345851
-0.000742611023
-0.000719473373
-0.000698768286
-0.000826046375
-0.000602836832
-0.000906878243
-0.000467095244
-0.0009603476
-0.000302651672
-0.000985403159
-0.000119574207
-0.00098096316
7.25398517e-05
-0.000945732117
0.000263767853
-0.00087848004
0.000443020236
-0.000778855065
0.000597352005
-0.000648784051
0.000711689695
-0.000494403546
0.00076932873
-0.000328204156
0.000753584073
-0.000170678374
0.000650765818
-5.02806626e-05
0.000454466886
0.000171806042
-3.90621661e-05
-0.000131314276
-0.000133403784
-0.000345274434
-0.000260349955
-0.00049637123
-0.000400388951
-0.000581436049
-0.000538431165
-0.000604568796
-0.000663692745
-0.000573506698
-0.000768938012
-0.000497591569
-0.00084952305
-0.000386510213
-0.000902500905
-0.000249673811
-0.000925934056
-9.61410339e-05
-0.000918488825
6.50946441e-05
-0.000879356144
0.000224635184
-0.000808535294
0.000372199388
-0.000707505242
0.000496321956
-0.000580261669
0.000584446132
-0.000434588318
0.000623655391
-0.000283248279
0.00060224404
-0.00014457336
0.000512090899
-4.17551885e-05
0.000351648714
0.000130050856
-3.36093935e-05
-9.77048646e-05
-0.000115973473
-0.000262910344
-0.00022868585
-0.000383658855
-0.0003553311
-0.000454790801
-0.000482448432
-0.000477451454
-0.000599656569
-0.000456298545
-0.00069932464
-0.00039792349
-0.000776050388
-0.000309784471
-0.000826127543
-0.000199596665
-0.000847124052
-7.51445189e-05
-0.000837645998
5.56166107e-05
-0.000797332111
0.000184321318
-0.000727102445
0.000301969731
-0.000629656367
0.00039887588
-0.000510163428
0.000464953196
-0.00037700511
0.000490497083
-0.000242314844
0.000467553785
-0.000121978222
0.000391754285
-3.47332141e-05
0.000264403708
9.53176431e-05
-2.86574851e-05
-6.90473696e-05
-9.96601914e-05
-0.000191907611
-0.000198116952
-0.000285202087
-0.000310357495
-0.000342550261
-0.000424615984
-0.000363192965
-0.000531265787
-0.00034964873
-0.000622765325
-0.000306423935
-0.000693446491
-0.000239103299
-0.000739258676
-0.000153784488
-0.000757557909
-5.68452948e-05
-0.00074700333
4.50620373e-05
-0.00070759782
0.000144915825
-0.000640884288
0.000235256216
-0.000550276972
0.000308268571
-0.000441462282
0.000356138507
-0.000322745815
0.000371780621
-0.00020516656
0.00034997454
-0.000102185428
0.000288773165
-2.88024124e-05
0.0001910207
6.65152316e-05
-2.39812113e-05
-4.50661599e-05
-8.39974059e-05
-0.000131891386
-0.000168257036
-0.000200942435
-0.000265595406
-0.000245211885
-0.000365935493
-0.000262852882
-0.000460594379
-0.000254989844
-0.000542423392
-0.000224594911
-0.000605821154
-0.000175705522
-0.000646681559
-0.000112924081
-0.000662339222
-4.11876421e-05
-0.000651561187
3.42839935e-05
-0.000614612813
0.000107967454
-0.000553400518
0.000174043934
-0.000471663791
0.000226531858
-0.000375153924
0.000259628646
-0.000271701901
0.000268328601
-0.00017105883
0.000249331474
-8.44170566e-05
0.000202131402
-2.3599861e-05
0.000130203515
4.29153736e-05
-1.93492268e-05
-2.57169388e-05
-6.8470015e-05
-8.27705825e-05
-0.0001385067
-0.000130905726
-0.00022063799
-0.000163080576
-0.000306428302
-0.000177062566
-0.00038822863
-0.000173189521
-0.000459474032
-0.00015334951
-0.000514859645
-0.000120319899
-0.000550429614
-7.73541012e-05
-0.000563627387
-2.79898685e-05
-0.000553348267
2.40048633e-05
-0.000520016295
7.46354749e-05
-0.000465682497
0.00011971014
-0.000394114814
0.000154964186
-0.000310822906
0.00017633675
-0.000222941209
0.000180446911
-0.000138894591
0.00016528486
-6.78135058e-05
0.000131050322
-1.87621103e-05
8.11521278e-05
2.41532676e-05
-1.45055226e-05
-1.12114149e-05
-5.25210977e-05
-4.47550158e-05
-0.000108122776
-7.53040359e-05
-0.000174687724
-9.65156081e-05
-0.000245343138
-0.000106407135
-0.000313520693
-0.000105011962
-0.000373387764
-9.34824425e-05
-0.000420129278
-7.35783857e-05
-0.000450115914
-4.7367456e-05
-0.000461008919
-1.70968551e-05
-0.000451841478
1.48374242e-05
-0.000423096771
4.58907629e-05
-0.00037677586
7.33892259e-05
-0.000316426365
9.46146962e-05
-0.000247079482
0.000106989877
-0.000175030304
0.000108397743
-0.000107403032
9.76575944e-05
-5.14858347e-05
7.51331288e-05
-1.39146202e-05
4.35809183e-05
1.02386511e-05
-9.2027831e-06
-2.00862024e-06
-3.56847307e-05
-1.82730919e-05
-7.64355079e-05
-3.4553265e-05
-0.000126810979
-4.61401269e-05
-0.000181407993
-5.18101009e-05
-0.000234817044
-5.16028932e-05
-0.000282132109
-4.61673718e-05
-0.000319263415
-3.64470801e-05
-0.000343116383
-2.35144849e-05
-0.000351699913
-8.51331525e-06
-0.000344206889
7.34441026e-06
-0.000321084314
2.2768194e-05
-0.000284086064
3.63909765e-05
-0.000236279463
4.68080961e-05
-0.000181958524
5.2668944e-05
-0.000126403712
5.2842941e-05
-7.54285205e-05
4.66824111e-05
-3.46816191e-05
3.4386233e-05
-8.71390717e-06
1.76132102e-05
1.52474613e-06
-3.43750662e-06
1.42890105e-06
-1.80438692e-05
-3.6667566e-06
-4.34060295e-05
-9.19112398e-06
-7.64336496e-05
-1.31125139e-05
-0.000113187118
-1.50566215e-05
-0.000149665052
-1.51249387e-05
-0.000182251464
-1.35809414e-05
-0.000207952756
-1.07457789e-05
-0.000224514003
-6.95323428e-06
-0.000230484671
-2.54264046e-06
-0.00022527256
2.13231074e-06
-0.000209197003
6.69264876e-06
-0.000183535291
1.07292714e-05
-0.000150536761
1.38095687e-05
-0.000113368261
1.55004466e-05
-7.59397405e-05
1.54144262e-05
-4.25472124e-05
1.32898904e-05
-1.72767337e-05
9.11576088e-06
-3.10385705e-06
3.44033814e-06
-1.57910944e-06
1.42890409e-06
-2.23784336e-06
-1.14289615e-05
-2.45414746e-05
-3.95980958e-05
-5.47230276e-05
-6.83039546e-05
-7.90497182e-05
-8.60029432e-05
-8.85455809e-05
-8.64132687e-05
-7.97206158e-05
-6.8991338e-05
-5.51817637e-05
-3.96813142e-05
-2.42668866e-05
-1.09769947e-05
-1.86123132e-06
1.57910953e-06
)
;

boundaryField
{
    walls
    {
        type            calculated;
        value           uniform 0;
    }
    mov_wall
    {
        type            calculated;
        value           uniform 0;
    }
    empty
    {
        type            empty;
        value           nonuniform 0();
    }
}


// ************************************************************************* //
