/*--------------------------------*- C++ -*----------------------------------*\
| =========                 |                                                 |
| \\      /  F ield         | OpenFOAM: The Open Source CFD Toolbox           |
|  \\    /   O peration     | Version:  5.x                                   |
|   \\  /    A nd           | Web:      www.OpenFOAM.org                      |
|    \\/     M anipulation  |                                                 |
\*---------------------------------------------------------------------------*/
FoamFile
{
    version     2.0;
    format      ascii;
    class       volVectorField;
    location    "3.4";
    object      U;
}
// * * * * * * * * * * * * * * * * * * * * * * * * * * * * * * * * * * * * * //

dimensions      [0 1 -1 0 0 0 0];

internalField   nonuniform List<vector> 
400
(
(0.291698307 0.149643944 0)
(0.388186987 0.12800776 0)
(0.557615986 0.0757318543 0)
(0.67478566 0.0433044514 0)
(0.743766567 0.0251591109 0)
(0.787075002 0.0148802995 0)
(0.815462942 0.00893092205 0)
(0.833939547 0.0053099282 0)
(0.845365449 0.00289956159 0)
(0.851349251 0.00108485281 2.66527154e-34)
(0.852640736 -0.000502853448 -2.66527154e-34)
(0.849354281 -0.00216072101 0)
(0.840973362 -0.004217106 0)
(0.826113767 -0.00722098566 0)
(0.802020422 -0.0122365007 0)
(0.763538943 -0.02138921 0)
(0.699488891 -0.0388386153 0)
(0.584557336 -0.0722732747 0)
(0.407900536 -0.128436307 0)
(0.300688068 -0.152947536 0)
(0.00120410843 0.287432579 0)
(0.0133208298 0.293872236 0)
(0.140044345 0.209904913 0)
(0.264971515 0.142986196 0)
(0.364177682 0.0968020026 0)
(0.440120015 0.0654411304 0)
(0.496540996 0.0439762551 0)
(0.536691029 0.0287011577 0)
(0.563274431 0.0170798549 0)
(0.57813731 0.0074230871 0)
(0.582210256 -0.00150101228 0)
(0.575515224 -0.010797755 0)
(0.557109224 -0.021734652 0)
(0.524912975 -0.0361396904 0)
(0.475518393 -0.0569634951 0)
(0.404325993 -0.08897715 0)
(0.305687287 -0.139150754 0)
(0.174497787 -0.215275201 0)
(0.034106583 -0.310801154 0)
(0.010869156 -0.305909061 0)
(-0.0321467937 0.241774002 0)
(-0.0634304345 0.333547243 0)
(-0.02193628 0.299502553 0)
(0.0505995535 0.240051707 0)
(0.127397316 0.183020833 0)
(0.196818549 0.135454539 0)
(0.254167046 0.09745235 0)
(0.298088247 0.0668891742 0)
(0.328665625 0.0413758259 0)
(0.346307778 0.0187814626 -2.35797327e-33)
(0.35121127 -0.0028094892 2.35797327e-33)
(0.343126708 -0.0252950436 0)
(0.321277543 -0.0508299439 0)
(0.28443287 -0.0820948262 0)
(0.231328795 -0.122479769 0)
(0.161916746 -0.175658034 0)
(0.079835009 -0.243208451 0)
(-0.00333734864 -0.317981956 0)
(-0.0578531367 -0.366363497 0)
(-0.0313893211 -0.270690672 0)
(-0.0261204283 0.182361611 0)
(-0.0666193153 0.316884191 0)
(-0.0735378375 0.330901791 0)
(-0.0481307823 0.295352949 0)
(-0.00567223896 0.244253533 0)
(0.0411124129 0.192431758 0)
(0.0845450454 0.145095049 0)
(0.120424269 0.103006635 0)
(0.146585185 0.0651543667 0)
(0.161925422 0.0298884108 2.35546865e-33)
(0.165812765 -0.00469431675 -2.35546865e-33)
(0.157798753 -0.0406696119 0)
(0.137586454 -0.0803027303 0)
(0.105285173 -0.125979571 0)
(0.0620899972 -0.179774797 0)
(0.0116092478 -0.242029705 0)
(-0.0380283925 -0.307764343 0)
(-0.0720491025 -0.359579359 0)
(-0.0711639218 -0.35558563 0)
(-0.0287210575 -0.209178576 0)
(-0.0176296887 0.140767934 0)
(-0.0549165661 0.28182724 0)
(-0.0828630335 0.324484397 0)
(-0.0880762755 0.312396829 0)
(-0.0751197474 0.274442002 0)
(-0.0526276864 0.226778442 0)
(-0.0275119108 0.177302827 0)
(-0.00458015575 0.129145431 0)
(0.0130234254 0.0829123661 0)
(0.0233567346 0.037933038 -2.9454591e-34)
(0.0253096898 -0.00710138607 2.9454591e-34)
(0.0184151555 -0.0537995106 0)
(0.00288693794 -0.103801247 0)
(-0.0200872422 -0.158367922 0)
(-0.0477708264 -0.217530706 0)
(-0.0750614817 -0.278347537 0)
(-0.0936267234 -0.331694786 0)
(-0.0922270644 -0.357398854 0)
(-0.0635074714 -0.31887988 0)
(-0.0207312607 -0.16207672 0)
(-0.0116542821 0.111592261 0)
(-0.0431522114 0.243765288 0)
(-0.0782840224 0.299859426 0)
(-0.100579301 0.305000848 0)
(-0.108310639 0.280421278 0)
(-0.10571656 0.240369191 0)
(-0.0975362295 0.193277774 0)
(-0.0877935064 0.143545376 0)
(-0.0795352516 0.0930260805 0)
(-0.0748272774 0.0420752401 0)
(-0.0748481889 -0.00975924582 0)
(-0.0799346285 -0.0632506027 0)
(-0.0895000664 -0.119033255 0)
(-0.101812914 -0.176993422 0)
(-0.113690982 -0.235297898 0)
(-0.120284805 -0.28884905 0)
(-0.115237039 -0.327084761 0)
(-0.0922711219 -0.331566533 0)
(-0.0521876309 -0.275119678 0)
(-0.0142847864 -0.127260093 0)
(-0.00803185755 0.0899680225 0)
(-0.0343052896 0.207876706 0)
(-0.0703686766 0.267741367 0)
(-0.100959346 0.283509153 0)
(-0.121509149 0.269753783 0)
(-0.13306201 0.237807847 0)
(-0.138135886 0.195384125 0)
(-0.139450293 0.147216494 0)
(-0.139365717 0.0958906882 0)
(-0.139599284 0.0425957683 0)
(-0.141114164 -0.0122625528 0)
(-0.144054709 -0.0685401457 0)
(-0.147657247 -0.125824569 0)
(-0.150140634 -0.182787178 0)
(-0.148667769 -0.236314527 0)
(-0.13956555 -0.280390139 0)
(-0.119015768 -0.30490052 0)
(-0.0848747481 -0.294957263 0)
(-0.0422046483 -0.232154462 0)
(-0.0100065911 -0.10070981 0)
(-0.00589819148 0.0731569039 0)
(-0.0280514445 0.175459928 0)
(-0.0624620879 0.233454969 0)
(-0.0961931306 0.254650688 0)
(-0.123784319 0.248662369 0)
(-0.144336485 0.223978314 0)
(-0.158622079 0.187072453 0)
(-0.168069588 0.142434106 0)
(-0.174171051 0.0929433443 0)
(-0.178091692 0.0403533122 0)
(-0.180456302 -0.0142245073 0)
(-0.181230045 -0.0698446541 0)
(-0.179647335 -0.125225725 0)
(-0.174205222 -0.178177528 0)
(-0.162809091 -0.224940919 0)
(-0.143212575 -0.259512802 0)
(-0.113841651 -0.273201273 0)
(-0.075316625 -0.254896339 0)
(-0.0343188997 -0.192925761 0)
(-0.00728498518 -0.0799917657 0)
(-0.00459312392 0.0595160123 0)
(-0.0235441729 0.146542611 0)
(-0.0553429982 0.199662147 0)
(-0.089319685 0.222701623 0)
(-0.120051837 0.221819403 0)
(-0.145609118 0.203131817 0)
(-0.165570681 0.171796539 0)
(-0.18031713 0.131775624 0)
(-0.190531104 0.085940513 0)
(-0.196813762 0.0363510197 2.9771187e-34)
(-0.199448928 -0.0153915261 -2.9771187e-34)
(-0.198275658 -0.0677566175 0)
(-0.192646177 -0.118867766 0)
(-0.181489369 -0.166059271 0)
(-0.163546102 -0.205440831 0)
(-0.137858741 -0.231577754 0)
(-0.104503405 -0.237504874 0)
(-0.0656637323 -0.215386199 0)
(-0.0281738002 -0.158249826 0)
(-0.0055106904 -0.0634668149 0)
(-0.00373314378 0.048088337 0)
(-0.020121236 0.120839387 0)
(-0.0490153925 0.167676427 0)
(-0.0816389852 0.190287483 0)
(-0.112989458 0.192487633 0)
(-0.140680574 0.178557115 4.67988633e-33)
(-0.16355741 0.152465435 0)
(-0.181246301 0.117554988 0)
(-0.193784192 0.0765047428 -4.74064425e-33)
(-0.201296986 0.0314710053 2.26592243e-36)
(-0.20378921 -0.0156743761 4.98648605e-36)
(-0.201035381 -0.0630555688 0)
(-0.192565943 -0.10848155 0)
(-0.177765523 -0.14914139 0)
(-0.156124914 -0.181360886 0)
(-0.127679788 -0.200524221 0)
(-0.0935645748 -0.2013185 0)
(-0.0566770483 -0.178463944 0)
(-0.0233146684 -0.128090123 0)
(-0.0042957054 -0.0500435282 0)
(-0.00311504014 0.0383306303 0)
(-0.0173631159 0.0980508391 0)
(-0.0433176206 0.138129948 0)
(-0.0737180766 0.158979179 0)
(-0.104104454 0.162838204 0)
(-0.131970536 0.152618161 -4.67988634e-33)
(-0.155761619 0.131295687 0)
(-0.174612867 0.101603266 0)
(-0.188100224 0.0659289904 4.74064425e-33)
(-0.195997423 0.02636937 1.49107042e-33)
(-0.198111614 -0.0151233002 -1.49832283e-33)
(-0.194204012 -0.0565442173 0)
(-0.183996561 -0.0956260053 0)
(-0.167277174 -0.129654805 0)
(-0.144124394 -0.155368875 0)
(-0.115252464 -0.169022457 0)
(-0.0823814085 -0.166713853 0)
(-0.0485941047 -0.145040196 0)
(-0.0193975973 -0.102103329 0)
(-0.00342091002 -0.0390049947 0)
(-0.00263393425 0.0299262615 0)
(-0.0150226208 0.0779301175 0)
(-0.0380974188 0.111311092 0)
(-0.0658175645 0.129695772 0)
(-0.0942794694 0.134263856 0)
(-0.121044021 0.126925324 0)
(-0.144383602 0.109860554 0)
(-0.163148977 0.0852480352 0)
(-0.176619501 0.0551416337 0)
(-0.184335467 0.0214703207 2.99743041e-34)
(-0.185982929 -0.0138813482 -2.99743041e-34)
(-0.181343665 -0.0489515154 0)
(-0.170313954 -0.0815745243 0)
(-0.152999245 -0.109289234 0)
(-0.1298916 -0.129330699 0)
(-0.102114497 -0.138764208 0)
(-0.071639378 -0.134816105 0)
(-0.0414365938 -0.11540726 0)
(-0.0161843493 -0.0798582037 0)
(-0.00276403351 -0.0298606522 0)
(-0.00223473472 0.02268002 0)
(-0.0129541221 0.0602838475 0)
(-0.033238142 0.0873308207 0)
(-0.0580555205 0.102954481 0)
(-0.0840353707 0.1076218 0)
(-0.108906071 0.10252069 0)
(-0.130914064 0.0892086359 0)
(-0.148775815 0.0693818573 0)
(-0.161603532 0.0447501605 0)
(-0.168801271 0.0170067371 3.00137617e-34)
(-0.169993528 -0.0121372012 -3.00137618e-34)
(-0.164999654 -0.0408861583 0)
(-0.153857518 -0.0672953474 0)
(-0.136899066 -0.0892416733 0)
(-0.114876625 -0.104468668 0)
(-0.0891189 -0.110744385 0)
(-0.061632839 -0.106158086 0)
(-0.0351269723 -0.0895353116 0)
(-0.0135037417 -0.0609264253 0)
(-0.0022532723 -0.0222578206 0)
(-0.00188545551 0.0164662506 0)
(-0.0110624805 0.0449645291 0)
(-0.0286411342 0.0662104924 0)
(-0.0504611169 0.0790278022 0)
(-0.073653149 0.0834123126 0)
(-0.0961641612 0.0800414719 0)
(-0.116305895 0.069995346 0)
(-0.132763315 0.0545610808 0)
(-0.144575574 0.0351143609 0)
(-0.151082408 0.0130747381 0)
(-0.151887867 -0.0100881438 0)
(-0.14685298 -0.0328250603 0)
(-0.136119482 -0.0534823297 0)
(-0.120164235 -0.0703098263 0)
(-0.0998793239 -0.0815299196 0)
(-0.0766571098 -0.0854921084 0)
(-0.0524122043 -0.0809235131 0)
(-0.0295300303 -0.06724693 0)
(-0.0112185714 -0.0449266501 0)
(-0.00184129708 -0.0159380996 0)
(-0.00156251824 0.011207744 0)
(-0.00926987811 0.0318705266 0)
(-0.0242025119 0.0479368633 0)
(-0.0429884316 0.0580490582 0)
(-0.0632318969 0.0619114865 0)
(-0.0831208483 0.0598559043 0)
(-0.101086222 0.0526055433 0)
(-0.115849101 0.0411071672 0)
(-0.126440895 0.0264236334 0)
(-0.132187207 0.00968561251 0)
(-0.132697603 -0.00791670544 0)
(-0.127870689 -0.0251250354 0)
(-0.117915432 -0.0406102535 0)
(-0.103386511 -0.0529974287 0)
(-0.0852272348 -0.0609386743 0)
(-0.0648019756 -0.0632496659 0)
(-0.0438652553 -0.0591133647 0)
(-0.0244674972 -0.0483249737 0)
(-0.00920309157 -0.0315519961 0)
(-0.00149088344 -0.0107193742 0)
(-0.0012426921 0.00687236376 0)
(-0.00749726285 0.0209539299 0)
(-0.0197996706 0.0325014199 0)
(-0.0355241828 0.0400872896 0)
(-0.0527239456 0.0432717531 0)
(-0.0698330824 0.0421741739 0)
(-0.0854326314 0.0372606106 0)
(-0.09832514 0.0291991437 0)
(-0.107580752 0.0187673602 0)
(-0.112546687 0.0068086498 0)
(-0.112854302 -0.00578010166 0)
(-0.108431601 -0.0180487451 0)
(-0.0995214232 -0.0289997579 0)
(-0.086702145 -0.0376160461 0)
(-0.0709039596 -0.0429246546 0)
(-0.0534054803 -0.044107169 0)
(-0.0357703004 -0.0406592724 0)
(-0.0197281005 -0.0325810675 0)
(-0.00733072722 -0.0205903241 0)
(-0.00116697582 -0.00649226585 0)
(-0.000899882057 0.00347704078 0)
(-0.00566093027 0.0122244222 0)
(-0.015297843 0.0199179326 0)
(-0.0279091845 0.025188646 0)
(-0.0419708206 0.0275859235 0)
(-0.0561592597 0.0271262653 0)
(-0.0692274561 0.0240986692 0)
(-0.0800967894 0.0189454297 0)
(-0.0879159611 0.0121895934 0)
(-0.0920843873 0.00440206969 0)
(-0.0922681193 -0.00380766937 0)
(-0.088415485 -0.0117927555 0)
(-0.080772467 -0.0188748649 0)
(-0.0698941845 -0.024365961 0)
(-0.0566454379 -0.0276151793 0)
(-0.0421770387 -0.0280886918 0)
(-0.0278468918 -0.0254864068 0)
(-0.0150887296 -0.0198866028 0)
(-0.0054744936 -0.011931352 0)
(-0.000833547288 -0.00322197351 0)
(-0.000507506435 0.00108920708 0)
(-0.00368888994 0.00574013695 0)
(-0.0105872228 0.010222376 0)
(-0.0199879333 0.013402209 0)
(-0.0307552842 0.0149400917 0)
(-0.0418076391 0.0148327168 0)
(-0.052100454 0.0132501834 0)
(-0.0607205698 0.0104516795 0)
(-0.0669425578 0.00673881722 0)
(-0.0702538027 0.00243728606 0)
(-0.0703711614 -0.00210634646 0)
(-0.0672558161 -0.00652338044 0)
(-0.0611263706 -0.0104252461 0)
(-0.0524664808 -0.0134154626 0)
(-0.0420200947 -0.0151167045 0)
(-0.0307626529 -0.0152183438 0)
(-0.0198243229 -0.0135493989 0)
(-0.0103615186 -0.0101761612 0)
(-0.00352670082 -0.00555507195 0)
(-0.000456470374 -0.000945965651 0)
(-6.44897678e-05 -0.000176240997 0)
(-0.00159898689 0.00163661769 0)
(-0.00569518693 0.00359860101 0)
(-0.0117199289 0.00501067702 0)
(-0.0188880441 0.00571684431 0)
(-0.0263913787 0.00573382787 0)
(-0.033454974 0.00514772237 0)
(-0.039408485 0.00407326965 0)
(-0.0437225309 0.00263489348 0)
(-0.0460238666 0.000961863577 0)
(-0.0461058061 -0.000810102406 0)
(-0.0439388548 -0.00253598631 0)
(-0.0396813689 -0.00406055865 0)
(-0.0336869448 -0.00522175195 0)
(-0.0265027284 -0.00586030188 0)
(-0.0188496202 -0.00583829354 0)
(-0.0115675397 -0.00507039195 0)
(-0.0055155946 -0.00357095191 0)
(-0.00148203447 -0.00155258594 0)
(-3.10932474e-05 0.000233977751 0)
(0.000261395662 -0.000255577703 0)
(0.000151440021 0.000102074264 0)
(-0.00117495365 0.00054741619 0)
(-0.00348063253 0.000863516099 0)
(-0.00637558312 0.00102207744 0)
(-0.00946687085 0.00103797665 0)
(-0.0124000314 0.000936218549 0)
(-0.0148817703 0.000743062635 0)
(-0.0166860926 0.000483181307 0)
(-0.0176547179 0.000180088772 1.08300287e-33)
(-0.0176985133 -0.00014230785 -1.08300287e-33)
(-0.0168014796 -0.000458217993 0)
(-0.0150266234 -0.000739018414 0)
(-0.012521896 -0.000953243664 0)
(-0.00952354578 -0.00106773133 0)
(-0.00635302199 -0.00105052517 0)
(-0.00340014882 -0.000876787549 0)
(-0.00108361509 -0.000539615794 0)
(0.000206110856 -8.25143221e-05 0)
(0.00027456372 0.000266745523 0)
)
;

boundaryField
{
    walls
    {
        type            fixedValue;
        value           uniform (0 0 0);
    }
    mov_wall
    {
        type            fixedValue;
        value           uniform (1 0 0);
    }
    empty
    {
        type            empty;
    }
}


// ************************************************************************* //
