/*--------------------------------*- C++ -*----------------------------------*\
| =========                 |                                                 |
| \\      /  F ield         | OpenFOAM: The Open Source CFD Toolbox           |
|  \\    /   O peration     | Version:  5.x                                   |
|   \\  /    A nd           | Web:      www.OpenFOAM.org                      |
|    \\/     M anipulation  |                                                 |
\*---------------------------------------------------------------------------*/
FoamFile
{
    version     2.0;
    format      ascii;
    class       volScalarField;
    location    "1.5";
    object      p;
}
// * * * * * * * * * * * * * * * * * * * * * * * * * * * * * * * * * * * * * //

dimensions      [0 2 -2 0 0 0 0];

internalField   nonuniform List<scalar> 
400
(
6.09568944e-06
2.45246057
3.49431376
3.89886006
4.10662274
4.22468302
4.29427417
4.34027169
4.37634494
4.41012986
4.44678988
4.49095286
4.54769684
4.62453236
4.73483747
4.90463006
5.18240601
5.68421902
6.84132573
9.41172822
1.8867192
2.86729674
3.41988211
3.74773508
3.96516875
4.1097368
4.2076697
4.27899634
4.33675861
4.38963605
4.4442754
4.50660617
4.58336877
4.68333097
4.81975492
5.01370159
5.29403822
5.69847877
6.33841946
7.42836823
2.98210431
3.26254772
3.54233962
3.77068117
3.94570418
4.07571571
4.17323083
4.25001596
4.31529621
4.3762634
4.43895722
4.50905554
4.59260783
4.69681164
4.83087348
5.0066553
5.23633294
5.52394546
5.86049143
6.19822939
3.52782492
3.58537222
3.72180522
3.86538952
3.98907335
4.09084235
4.1746246
4.24573475
4.30955427
4.37105593
4.43481047
4.50524056
4.58682219
4.68428366
4.8024744
4.9457099
5.11576118
5.3051549
5.47833752
5.55962915
3.84427015
3.82692033
3.88521007
3.96940651
4.05223972
4.12781107
4.19569207
4.25750656
4.31595687
4.37413046
4.43510523
4.50189713
4.57736762
4.66403771
4.76352994
4.87553124
4.99637409
5.11481185
5.19584881
5.18370726
4.04556144
4.00370536
4.02146366
4.06788166
4.12141104
4.17576952
4.22888604
4.28057318
4.3318999
4.38453459
4.44031502
4.501011
4.56808855
4.64236148
4.72335607
4.80839069
4.89182594
4.96269185
4.9930872
4.94680339
4.18064712
4.13387939
4.1318796
4.15540489
4.18886758
4.2271009
4.2677635
4.30991182
4.35368093
4.39977733
4.44908499
4.50238219
4.56006119
4.62175979
4.6858185
4.74865402
4.8045828
4.84468355
4.8486357
4.79368153
4.27571494
4.23088829
4.21969991
4.22971121
4.24988157
4.27639121
4.30716109
4.34102461
4.37762343
4.41704597
4.45949875
4.50504222
4.5533284
4.60328853
4.65273997
4.69804166
4.73428451
4.75486812
4.74557644
4.69205107
4.34472047
4.30377019
4.28866441
4.29086159
4.30241045
4.32060728
4.34376807
4.37074278
4.40093673
4.434061
4.46987408
4.50796227
4.5475255
4.5871477
4.62454833
4.65644442
4.67892112
4.68735734
4.67190004
4.62323344
4.39529206
4.35853424
4.34218578
4.33998695
4.34601921
4.35839349
4.37579592
4.39718279
4.4218656
4.44934059
4.47909302
4.51042808
4.5423132
4.57322869
4.6010335
4.62295653
4.63602372
4.63711862
4.61934996
4.57640248
4.43198125
4.39927676
4.38307492
4.37853275
4.38109035
4.38942338
4.40251765
4.41945752
4.43953747
4.46214571
4.48661956
4.51212325
4.53754259
4.56140123
4.58180635
4.59650974
4.60332207
4.6002012
4.58223482
4.54492599
4.45777943
4.42890439
4.41359287
4.40796044
4.40839831
4.41396924
4.42388924
4.43736632
4.45371811
4.47229235
4.49236247
4.5130447
4.53323611
4.55157935
4.56645961
4.57609642
4.5789121
4.57360289
4.55658719
4.52451622
4.47481788
4.44957315
4.43556706
4.42963044
4.42886668
4.43261081
4.44025572
4.45112127
4.46456756
4.47994139
4.49650313
4.51337556
4.52951529
4.54371169
4.55461449
4.56083385
4.56125204
4.55506403
4.53960695
4.51230199
4.48471198
4.46295272
4.45049398
4.44475735
4.44342672
4.44604238
4.45213891
4.46113603
4.47244286
4.48542392
4.49935128
4.51337875
4.52653866
4.53776453
4.54593651
4.54997896
4.54911619
4.54288398
4.52928928
4.50631647
4.48875127
4.470393
4.45961932
4.45439758
4.45293575
4.45494861
4.46009289
4.46787768
4.47775835
4.48911941
4.50124847
4.51333156
4.52446988
4.53371961
4.54014872
4.54292899
4.54154267
4.53577327
4.52416684
4.50517941
4.4880392
4.47304774
4.46400843
4.45945995
4.45814018
4.45993617
4.46461924
4.47177757
4.48090173
4.49138428
4.50251479
4.51349393
4.52346745
4.53157967
4.53703993
4.53921124
4.53777802
4.53272889
4.52311233
4.50786098
4.48365139
4.47200479
4.46464301
4.46077042
4.45971375
4.46155162
4.46616921
4.47322157
4.48221501
4.49252628
4.50341923
4.51407708
4.52365225
4.53133285
4.53642004
4.53841919
4.53718114
4.53289453
4.52514992
4.51344923
4.47684675
4.46838812
4.46243674
4.45902855
4.45817898
4.46018911
4.46505446
4.4724755
4.4819432
4.4927819
4.50418871
4.5152838
4.52517488
4.5330375
4.53820666
4.54027911
4.53924406
4.53550903
4.52930481
4.5208808
4.46928648
4.46320178
4.45768873
4.45398849
4.45294672
4.45511584
4.46056891
4.46899132
4.47978909
4.49216087
4.50515942
4.51775757
4.52892541
4.53772561
4.5434253
4.54562401
4.54440213
4.54042008
4.53470959
4.52868215
4.46345611
4.45753712
4.45039371
4.44495838
4.44294021
4.44513402
4.451604
4.46190388
4.47523765
4.49056407
4.50667486
4.52226885
4.53603846
4.54677958
4.55353099
4.55574703
4.55350814
4.5477457
4.54035642
4.53447265
)
;

boundaryField
{
    walls
    {
        type            zeroGradient;
    }
    mov_wall
    {
        type            zeroGradient;
    }
    empty
    {
        type            empty;
    }
}


// ************************************************************************* //
