/*--------------------------------*- C++ -*----------------------------------*\
| =========                 |                                                 |
| \\      /  F ield         | OpenFOAM: The Open Source CFD Toolbox           |
|  \\    /   O peration     | Version:  5.x                                   |
|   \\  /    A nd           | Web:      www.OpenFOAM.org                      |
|    \\/     M anipulation  |                                                 |
\*---------------------------------------------------------------------------*/
FoamFile
{
    version     2.0;
    format      ascii;
    class       surfaceScalarField;
    location    "1.5";
    object      phi;
}
// * * * * * * * * * * * * * * * * * * * * * * * * * * * * * * * * * * * * * //

dimensions      [0 3 -1 0 0 0 0];

internalField   nonuniform List<scalar> 
760
(
0.00134817927
-0.00134818217
0.00245764264
-0.00110946335
0.00313513018
-0.00067748753
0.0035596973
-0.000424567107
0.00383221492
-0.000272517642
0.00400939678
-0.000177181855
0.00412514189
-0.000115745079
0.0041991311
-7.39891729e-05
0.00424233826
-4.32071238e-05
0.00426045715
-1.81188969e-05
0.00425552923
4.92790173e-06
0.00422667291
2.88562997e-05
0.00416931656
5.73563315e-05
0.00407352665
9.57899051e-05
0.00391990795
0.000153618698
0.00367199128
0.00024791666
0.00326314544
0.000408845842
0.00257263601
0.000690509441
0.0014085022
0.00116413381
0.00140850219
-5.46956142e-05
-0.00129348658
0.000412582438
-0.0015767414
0.00102999656
-0.00129490169
0.00157864597
-0.000973216542
0.0020147228
-0.000708594494
0.00234462351
-0.000507082574
0.0025849223
-0.000356043864
0.0027510433
-0.000240110158
0.00285432098
-0.000146484782
0.0029015409
-6.53387942e-05
0.00289511788
1.13509443e-05
0.00283269948
9.12747348e-05
0.00270692265
0.000183133198
0.0025041955
0.000298517086
0.00220398027
0.000453833964
0.00178081111
0.000671085859
0.00121751326
0.000972143714
0.000552787076
0.00135523564
1.30600343e-05
0.00170386087
0.00142156221
-0.000271741464
-0.00102174514
-0.000221056122
-0.0016274267
7.1299537e-05
-0.00158725734
0.000446165833
-0.00134808283
0.000812310836
-0.0010747395
0.00112906035
-0.000823832083
0.00138178476
-0.000608768265
0.00156767078
-0.000425996148
0.00168801156
-0.00026682553
0.00174430848
-0.00012163569
0.00173642123
1.92382086e-05
0.00166179043
0.000165905542
0.00151540784
0.000329515796
0.00129099885
0.000522926071
0.000984812276
0.000760020527
0.000604867709
0.00105103042
0.000189762593
0.00138724883
-0.000160088305
0.00170508653
-0.000261653026
0.00180542559
0.00115990918
-0.000227954785
-0.000793790374
-0.000361245423
-0.00149413604
-0.000308428429
-0.00164007433
-0.000134985628
-0.00152152562
8.89747805e-05
-0.00129869991
0.000314667882
-0.00104952519
0.000512897058
-0.000806997433
0.000667885374
-0.000580984441
0.000771544498
-0.000370484626
0.000819579324
-0.000169670491
0.000809280787
2.95367681e-05
0.000738783843
0.000236402506
0.000607565159
0.000460734496
0.00041879998
0.000711691261
0.000184280925
0.000994539588
-6.73649955e-05
0.00130267635
-0.000280725887
0.00160060973
-0.000369471891
0.00179383254
-0.00024700879
0.00168296248
0.000912900397
-0.000168983362
-0.000624807003
-0.000352077603
-0.00131104176
-0.00043167985
-0.00156047207
-0.000409102494
-0.00154410296
-0.000319703873
-0.00138809852
-0.000200436214
-0.00116879284
-8.02143602e-05
-0.000927219279
2.11251416e-05
-0.000682323931
9.09455194e-05
-0.000440304989
0.00012164309
-0.00020036805
0.000109277419
4.19024488e-05
5.31989881e-05
0.000292480948
-4.31448924e-05
0.000557078389
-0.000170025517
0.000838571892
-0.000307911277
0.00113242535
-0.000423652813
0.00141841788
-0.000470139169
0.00164709609
-0.00039788086
0.00172157424
-0.000196446923
0.00148152855
0.000716453486
-0.000124212449
-0.000500594558
-0.000308402487
-0.00112685168
-0.000450624049
-0.0014182505
-0.000523405787
-0.0014713212
-0.000535666471
-0.00137583781
-0.000508505445
-0.00119595385
-0.000463560726
-0.000972163982
-0.00041850929
-0.000727375347
-0.000386093808
-0.00047272045
-0.000374393092
-0.000212068753
-0.00038719451
5.47038739e-05
-0.00042389211
0.000329178559
-0.000478738173
0.000611924474
-0.00053949649
0.000899330235
-0.000586066022
0.00117899489
-0.000590687059
0.00142303893
-0.000523192703
0.00157960174
-0.000366751304
0.00156513285
-0.000150600576
0.00126537782
0.000565852928
-9.45925309e-05
-0.000406002052
-0.000264713421
-0.000956730764
-0.000430860625
-0.00125210331
-0.000557164446
-0.00134501736
-0.000637046271
-0.00129595596
-0.000678455216
-0.00115454488
-0.000694308012
-0.000956311161
-0.000697330453
-0.000724352875
-0.000697696171
-0.000472354695
-0.000702086985
-0.000207677909
-0.000713271015
6.58879214e-05
-0.000729714817
0.000345622373
-0.000745085949
0.00062729563
-0.000747855384
0.00090209971
-0.000721681968
0.00115282152
-0.000647992028
0.00134934901
-0.000512967521
0.00144457725
-0.000321249737
0.00137341507
-0.00011649764
0.00106062572
0.00044935531
-7.53600535e-05
-0.000330642017
-0.000228259485
-0.00080383132
-0.000398453937
-0.00108190887
-0.00055069199
-0.00119277931
-0.000670830421
-0.0011758175
-0.000757828909
-0.00106754636
-0.000817073653
-0.000897066397
-0.000855903551
-0.000685522948
-0.000880954758
-0.000447303445
-0.000896691199
-0.000191941425
-0.000904587389
7.37841401e-05
-0.000902651056
0.000343686052
-0.000885225469
0.000609870057
-0.000843312081
0.000860186358
-0.000765978825
0.00107548832
-0.000643774579
0.00122714481
-0.000475169961
0.00127597265
-0.000276341003
0.00117458611
-9.21412388e-05
0.000876425951
0.000357214095
-6.22993989e-05
-0.000268342609
-0.000198576901
-0.000667553814
-0.00036296078
-0.000917524999
-0.000523951762
-0.00103178833
-0.000664548997
-0.00103522025
-0.000778291602
-0.000953803739
-0.000864997929
-0.000810360058
-0.000927366941
-0.000623153919
-0.00096860846
-0.000406061892
-0.000990928382
-0.000169621458
-0.000994633109
7.74889012e-05
-0.000977703997
0.000326756954
-0.000935848196
0.000568014258
-0.000863224934
0.000787563113
-0.000754215614
0.000966479042
-0.000606688738
0.00107961798
-0.00042698682
0.00109627075
-0.000236054862
0.00098365416
-7.43532677e-05
0.000714724358
0.000282860851
-5.27736609e-05
-0.000215568919
-0.000173827509
-0.000546499966
-0.00032758437
-0.000763768134
-0.000486905263
-0.000872467433
-0.000634430436
-0.000887695053
-0.000760816905
-0.000827417251
-0.000862181873
-0.000708995084
-0.00093772321
-0.000547612577
-0.000987851828
-0.000355933253
-0.0010128896
-0.00014458365
-0.00101228249
7.68818278e-05
-0.000984291994
0.000298766471
-0.000926204117
0.00050992638
-0.000835188838
0.000696547836
-0.000709995533
0.000841285761
-0.000553607882
0.000923230361
-0.000376681255
0.000919344136
-0.000200960921
0.000807933834
-6.08624696e-05
0.000574625914
0.000221998403
-4.52958528e-05
-0.000170273033
-0.000152446583
-0.000439349244
-0.000293284054
-0.00062293065
-0.00044473714
-0.000721014339
-0.000590308099
-0.000742124067
-0.000719423564
-0.000698301763
-0.00082598537
-0.000602433273
-0.000906807885
-0.000466790061
-0.000960270451
-0.000302470673
-0.00098532221
-0.000119531862
-0.00098088157
7.24412204e-05
-0.000945653036
0.000263537959
-0.000878406498
0.000442679845
-0.000778789876
0.000596931212
-0.000648729693
0.000711225589
-0.000494361942
0.000768862631
-0.000328176267
0.00075315847
-0.000170663584
0.000650421154
-5.02761187e-05
0.000454238456
0.000171722299
-3.90537426e-05
-0.000131219264
-0.000133375511
-0.000345027494
-0.000260294122
-0.000496012023
-0.000400301104
-0.000581007346
-0.000538309902
-0.000604115239
-0.000663539615
-0.000573072023
-0.000768757235
-0.000497215643
-0.000849321046
-0.000386226247
-0.000902285671
-0.000249506036
-0.00092571446
-9.61030467e-05
-0.000918273898
6.50006919e-05
-0.000879154446
0.000224418535
-0.000808354381
0.000371879792
-0.000707351209
0.000495928042
-0.000580138743
0.00058401313
-0.000434498462
0.000623222361
-0.000283190745
0.000601850753
-0.000144544164
0.000511774568
-4.17466035e-05
0.000351440898
0.000129975697
-3.35956865e-05
-9.76235604e-05
-0.000115927735
-0.000262695473
-0.000228596148
-0.000383343595
-0.00035519094
-0.000454412544
-0.000482256254
-0.000477049898
-0.000599415389
-0.00045591286
-0.000699041529
-0.00039758949
-0.000775735719
-0.000309532054
-0.000825794051
-0.000199447695
-0.000846785757
-7.51113179e-05
-0.000837317087
5.55320554e-05
-0.000797025876
0.000184127355
-0.000726830344
0.000301684281
-0.000629427243
0.00039852495
-0.000509982865
0.000464568759
-0.000376874923
0.000490114426
-0.000242232653
0.000467208481
-0.00012193708
0.000391478987
-3.47212719e-05
0.000264225087
9.52544124e-05
-2.86401204e-05
-6.89834263e-05
-9.96022042e-05
-0.000191733421
-0.000198003186
-0.000284942604
-0.000310179707
-0.000342236016
-0.000424372246
-0.000362857344
-0.000530960012
-0.000349325073
-0.000622406611
-0.00030614288
-0.000693048177
-0.000238890489
-0.000738837135
-0.000153658739
-0.000757131168
-5.68172768e-05
-0.000746589606
4.49905137e-05
-0.00070721409
0.000144751866
-0.00064054501
0.000235015223
-0.000549993013
0.000307972966
-0.000441240097
0.000355815852
-0.00032258688
0.000371461221
-0.000205067034
0.000349688642
-0.000102135988
0.00028854794
-2.87881524e-05
0.000190877253
6.64662481e-05
-2.39622337e-05
-4.5021181e-05
-8.39336869e-05
-0.000131761998
-0.000168131449
-0.000200744843
-0.000265398339
-0.000244969124
-0.000365664413
-0.000262591269
-0.000460253412
-0.00025473607
-0.000542022647
-0.000224373644
-0.000605375684
-0.000175537463
-0.000646209977
-0.000112824463
-0.000661862095
-4.11651718e-05
-0.000651099314
3.42277313e-05
-0.000614185527
0.000107838087
-0.000553024139
0.000173853847
-0.000471350341
0.000226299176
-0.000374910169
0.000259375686
-0.000271528782
0.000268079844
-0.000170951259
0.000249111135
-8.43640275e-05
0.000201960721
-2.35846656e-05
0.000130097909
4.28815856e-05
-1.93309415e-05
-2.56902329e-05
-6.84078069e-05
-8.26851581e-05
-0.000138382823
-0.000130769837
-0.000220441924
-0.000162910026
-0.000306156725
-0.000176876478
-0.000387885196
-0.000173007608
-0.00045906878
-0.000153190069
-0.00051440795
-0.000120198304
-0.000549950741
-7.72816895e-05
-0.000563142757
-2.7973175e-05
-0.000552879589
2.39645517e-05
-0.000519583719
7.45422156e-05
-0.000465302909
0.000119573039
-0.000393800413
0.000154796679
-0.000310580181
0.00017615545
-0.000222770387
0.000180270051
-0.000138789594
0.000165130355
-6.77623734e-05
0.000130933515
-1.87476505e-05
8.10832094e-05
2.41339458e-05
-1.44902946e-05
-1.11999402e-05
-5.24676657e-05
-4.47078058e-05
-0.00010801409
-7.52234294e-05
-0.000174512914
-9.64112103e-05
-0.000245098061
-0.000106291342
-0.000313207991
-0.000104897689
-0.000373016397
-9.33816691e-05
-0.000419713541
-7.35011597e-05
-0.000449674035
-4.73211958e-05
-0.000460561338
-1.70858727e-05
-0.000451408992
1.48122067e-05
-0.000422698661
4.58318923e-05
-0.000376428173
7.33025613e-05
-0.000316140472
9.45089781e-05
-0.000246861034
0.000106875999
-0.000174878715
0.000108287718
-0.000107311576
9.75632133e-05
-5.14423685e-05
7.50643076e-05
-1.39027333e-05
4.35435857e-05
1.02312041e-05
-9.19276198e-06
-2.007188e-06
-3.56464563e-05
-1.82541244e-05
-7.6353841e-05
-3.45160654e-05
-0.000126675464
-4.60896035e-05
-0.000181213953
-5.17528692e-05
-0.000234565859
-5.15457975e-05
-0.000281830849
-4.61166889e-05
-0.000318923975
-3.64080356e-05
-0.000342754232
-2.34909348e-05
-0.000351332578
-8.50752327e-06
-0.000343852281
7.33191636e-06
-0.000320759049
2.27386716e-05
-0.000283803885
3.63474105e-05
-0.000236049908
4.67550054e-05
-0.000181785953
5.26120324e-05
-0.000126286827
5.27885729e-05
-7.53605143e-05
4.66368922e-05
-3.46510693e-05
3.43548573e-05
-8.70635666e-06
1.75988812e-05
1.52482683e-06
-3.43406017e-06
1.42685693e-06
-1.80248646e-05
-3.66332647e-06
-4.33594476e-05
-9.18149296e-06
-7.63507268e-05
-1.30983318e-05
-0.000113063495
-1.50401025e-05
-0.000149501028
-1.51082639e-05
-0.000182051672
-1.35660423e-05
-0.00020772547
-1.07342353e-05
-0.000224270191
-6.94621093e-06
-0.000230236881
-2.5408315e-06
-0.00022503369
2.12872514e-06
-0.000208979037
6.68402296e-06
-0.000183348104
1.07164846e-05
-0.000150387081
1.37939811e-05
-0.00011325888
1.54838111e-05
-7.58690828e-05
1.53987455e-05
-4.25094226e-05
1.32772096e-05
-1.72624525e-05
9.10786574e-06
-3.10172223e-06
3.4381433e-06
-1.57691748e-06
1.42684503e-06
-2.23647699e-06
-1.14179602e-05
-2.45162888e-05
-3.95563971e-05
-5.46646753e-05
-6.82307389e-05
-7.89649999e-05
-8.5911237e-05
-8.84520909e-05
-8.63233796e-05
-7.96393573e-05
-6.89228618e-05
-5.51288713e-05
-3.96450661e-05
-2.42463349e-05
-1.09691222e-05
-1.86124217e-06
1.57691642e-06
)
;

boundaryField
{
    walls
    {
        type            calculated;
        value           uniform 0;
    }
    mov_wall
    {
        type            calculated;
        value           uniform 0;
    }
    empty
    {
        type            empty;
        value           nonuniform 0();
    }
}


// ************************************************************************* //
