/*--------------------------------*- C++ -*----------------------------------*\
| =========                 |                                                 |
| \\      /  F ield         | OpenFOAM: The Open Source CFD Toolbox           |
|  \\    /   O peration     | Version:  5.x                                   |
|   \\  /    A nd           | Web:      www.OpenFOAM.org                      |
|    \\/     M anipulation  |                                                 |
\*---------------------------------------------------------------------------*/
FoamFile
{
    version     2.0;
    format      ascii;
    class       volVectorField;
    location    "1.5";
    object      U;
}
// * * * * * * * * * * * * * * * * * * * * * * * * * * * * * * * * * * * * * //

dimensions      [0 1 -1 0 0 0 0];

internalField   nonuniform List<vector> 
400
(
(0.291698773 0.149644461 0)
(0.388187904 0.128008032 0)
(0.557616134 0.0757315292 0)
(0.674783618 0.0433035841 0)
(0.743761228 0.0251579049 0)
(0.787065845 0.0148789977 0)
(0.815450052 0.00892974438 0)
(0.833923514 0.00530903912 0)
(0.845347218 0.00289905876 0)
(0.851329956 0.00108476928 2.66528234e-34)
(0.852621548 -0.000502541077 -2.66528233e-34)
(0.849336282 -0.00216008081 0)
(0.84095744 -0.0042162299 0)
(0.82610055 -0.00721997607 0)
(0.80201025 -0.0122354573 0)
(0.763531871 -0.0213882226 0)
(0.699484701 -0.0388377667 0)
(0.584555554 -0.0722726632 0)
(0.407900374 -0.12843608 0)
(0.300688272 -0.152947725 0)
(0.00120440799 0.287433638 0)
(0.0133204561 0.293871795 0)
(0.140040647 0.20990192 0)
(0.264961903 0.142980921 0)
(0.364160186 0.0967952912 0)
(0.440093678 0.0654340264 0)
(0.496506001 0.0439697551 0)
(0.536648599 0.0286960602 0)
(0.563226587 0.0170766875 0)
(0.578086575 0.00742209255 0)
(0.58215934 -0.00149986011 0)
(0.575466731 -0.0107947062 0)
(0.557065406 -0.0217301179 0)
(0.524875561 -0.0361341774 0)
(0.475488484 -0.0569575444 0)
(0.404304013 -0.0889712964 0)
(0.305672976 -0.139145521 0)
(0.174490227 -0.215271133 0)
(0.0341040712 -0.310798851 0)
(0.0108688865 -0.305908791 0)
(-0.0321470257 0.241774435 0)
(-0.0634331984 0.333543529 0)
(-0.0219453025 0.299493262 0)
(0.0505812884 0.240037567 0)
(0.127367732 0.183003681 0)
(0.196776751 0.135436655 0)
(0.254113476 0.097435974 0)
(0.298024607 0.0668761704 0)
(0.328594622 0.0413674927 0)
(0.346232788 0.0187784756 -2.35798574e-33)
(0.351135965 -0.00280707821 2.35798574e-33)
(0.34305469 -0.0252877241 0)
(0.321212016 -0.0508186289 0)
(0.284376391 -0.0820807076 0)
(0.231283102 -0.122464184 0)
(0.161882647 -0.175642367 0)
(0.0798123214 -0.243194102 0)
(-0.00334980999 -0.317970359 0)
(-0.0578577551 -0.366356097 0)
(-0.031390067 -0.270688442 0)
(-0.0261212293 0.182360045 0)
(-0.066624456 0.316874614 0)
(-0.0735518821 0.330883207 0)
(-0.0481567657 0.295326909 0)
(-0.00571194824 0.244223053 0)
(0.0410584405 0.192400484 0)
(0.0844776339 0.145066582 0)
(0.120345532 0.10298403 0)
(0.146498271 0.0651398062 0)
(0.161834188 0.0298831 2.35548358e-33)
(0.165721419 -0.00469019514 -2.35548358e-33)
(0.157711447 -0.0406567876 0)
(0.137506939 -0.0802826699 0)
(0.105216505 -0.125954261 0)
(0.0620343072 -0.179746545 0)
(0.0115675807 -0.242000978 0)
(-0.0380561966 -0.307737698 0)
(-0.0720644619 -0.359557436 0)
(-0.0711697477 -0.35557105 0)
(-0.0287220718 -0.209173472 0)
(-0.0176309053 0.140763164 0)
(-0.0549234285 0.281809666 0)
(-0.0828806259 0.324454284 0)
(-0.0881074684 0.312356946 0)
(-0.075165895 0.274396675 0)
(-0.0526888767 0.226732682 0)
(-0.027586939 0.177261548 0)
(-0.00466660414 0.129112829 0)
(0.0129289143 0.0828915057 0)
(0.0232581813 0.0379256313 -2.94548104e-34)
(0.0252114644 -0.00709501425 2.94548104e-34)
(0.0183215676 -0.0537803148 0)
(0.00280189622 -0.103771249 0)
(-0.0201605311 -0.158329944 0)
(-0.0478301175 -0.21748811 0)
(-0.0751057035 -0.278304012 0)
(-0.0936561125 -0.331654222 0)
(-0.0922432235 -0.357365262 0)
(-0.0635135659 -0.318857206 0)
(-0.0207323076 -0.162068413 0)
(-0.0116557005 0.111583544 0)
(-0.0431598295 0.24373849 0)
(-0.0783029966 0.299816632 0)
(-0.100612201 0.304946337 0)
(-0.108358387 0.28036077 0)
(-0.105778856 0.240309006 0)
(-0.0976116089 0.19322402 0)
(-0.08787946 0.143503268 0)
(-0.0796284495 0.0929994651 0)
(-0.0749238255 0.0420662748 0)
(-0.0749439204 -0.00975011903 0)
(-0.0800254426 -0.0632245633 0)
(-0.0895822466 -0.118992871 0)
(-0.101883425 -0.176942355 0)
(-0.113747733 -0.235240585 0)
(-0.120326873 -0.288790446 0)
(-0.115264793 -0.327030134 0)
(-0.0922862511 -0.331521276 0)
(-0.0521932609 -0.275089018 0)
(-0.0142857233 -0.127248667 0)
(-0.00803325355 0.0899552111 0)
(-0.0343126201 0.207840595 0)
(-0.0703866662 0.267686102 0)
(-0.10099014 0.283440619 0)
(-0.1215533 0.269679065 0)
(-0.133118977 0.237734456 0)
(-0.138204151 0.195319197 0)
(-0.139527494 0.147166094 0)
(-0.139448836 0.0958592811 0)
(-0.139684865 0.0425858864 0)
(-0.14119856 -0.0122503939 0)
(-0.144134357 -0.068507355 0)
(-0.147728936 -0.125774239 0)
(-0.150201775 -0.182723759 0)
(-0.148716635 -0.236243483 0)
(-0.139601474 -0.28031762 0)
(-0.119039243 -0.304833071 0)
(-0.0848874037 -0.294901515 0)
(-0.0422092829 -0.232116729 0)
(-0.010007336 -0.10069568 0)
(-0.00589936702 0.0731404142 0)
(-0.0280575457 0.175415556 0)
(-0.0624769262 0.233388821 0)
(-0.0962183032 0.254570135 0)
(-0.123820082 0.248575695 0)
(-0.144382224 0.223894017 0)
(-0.158676445 0.186998485 0)
(-0.168130621 0.142377177 0)
(-0.174236326 0.092908383 0)
(-0.178158484 0.0403431148 0)
(-0.180521769 -0.0142093947 0)
(-0.181291437 -0.0698058575 0)
(-0.179702205 -0.125166801 0)
(-0.174251637 -0.178103625 0)
(-0.162845825 -0.224858386 0)
(-0.143239267 -0.259428808 0)
(-0.113858857 -0.273123414 0)
(-0.0753257547 -0.254832216 0)
(-0.0343221715 -0.19288249 0)
(-0.00728548885 -0.0799755707 0)
(-0.0045939314 0.0594967178 0)
(-0.0235483219 0.146491999 0)
(-0.0553529939 0.19958789 0)
(-0.0893364698 0.222612259 0)
(-0.120075428 0.221724121 0)
(-0.14563897 0.203039822 0)
(-0.16560581 0.171716334 0)
(-0.1803562 0.131714344 0)
(-0.190572521 0.0859033769 0)
(-0.196855771 0.0363409803 2.977145e-34)
(-0.199489725 -0.0153739265 -2.977145e-34)
(-0.198313519 -0.0677131857 0)
(-0.192679601 -0.118802425 0)
(-0.181517216 -0.165977707 0)
(-0.163567728 -0.205350072 0)
(-0.137874087 -0.231485718 0)
(-0.104513012 -0.237419893 0)
(-0.0656686506 -0.215316503 0)
(-0.0281754773 -0.15820298 0)
(-0.00551092409 -0.063449341 0)
(-0.00373349635 0.0480674273 0)
(-0.0201229905 0.120785243 0)
(-0.0490194913 0.167597689 0)
(-0.0816456428 0.190193391 0)
(-0.11299849 0.192387884 0)
(-0.140691601 0.178461272 4.67991179e-33)
(-0.163569942 0.15238226 0)
(-0.181259781 0.117491793 0)
(-0.193798022 0.0764668669 -4.7406782e-33)
(-0.201310543 0.0314614526 2.26662064e-36)
(-0.203801877 -0.0156550888 4.98588063e-36)
(-0.201046594 -0.0630093682 0)
(-0.19257525 -0.108412587 0)
(-0.177772647 -0.149055681 0)
(-0.156129811 -0.181265864 0)
(-0.127682675 -0.200428229 0)
(-0.0935659079 -0.20123024 0)
(-0.056677418 -0.17839189 0)
(-0.0233146409 -0.128041923 0)
(-0.00429565654 -0.0500256437 0)
(-0.00311491201 0.0383094526 0)
(-0.0173623333 0.0979962241 0)
(-0.0433154702 0.1380508 0)
(-0.0737140187 0.158884897 0)
(-0.104098119 0.162738535 0)
(-0.131961755 0.152522648 -4.67991179e-33)
(-0.155750454 0.131213026 0)
(-0.174599603 0.1015407 0)
(-0.18808532 0.0658917977 4.7406782e-33)
(-0.195981452 0.0263605117 1.49108139e-33)
(-0.198095204 -0.0151033421 -1.49833389e-33)
(-0.194187801 -0.0564974099 0)
(-0.183981167 -0.0955565607 0)
(-0.167263182 -0.129568827 0)
(-0.144112338 -0.155273893 0)
(-0.115242796 -0.16892688 0)
(-0.0823744463 -0.166626371 0)
(-0.0485899341 -0.144969145 0)
(-0.019395875 -0.102056076 0)
(-0.00342058201 -0.0389875923 0)
(-0.00263335549 0.0299061607 0)
(-0.0150194459 0.0778780963 0)
(-0.0380893564 0.111235612 0)
(-0.0658033486 0.129605835 0)
(-0.0942585493 0.134168805 0)
(-0.121016426 0.126834288 0)
(-0.144349928 0.109781848 0)
(-0.16311032 0.08518858 0)
(-0.17657734 0.0551064742 0)
(-0.184291527 0.0214622851 2.99744742e-34)
(-0.185939035 -0.0138618133 -2.99744742e-34)
(-0.181301606 -0.048906328 0)
(-0.170275363 -0.0815077796 0)
(-0.152965504 -0.109206866 0)
(-0.129863757 -0.129240015 0)
(-0.10209319 -0.13867333 0)
(-0.0716247558 -0.13473334 0)
(-0.0414282426 -0.115340451 0)
(-0.0161810676 -0.0798141048 0)
(-0.002763448 -0.0298445883 0)
(-0.00223378382 0.0226621898 0)
(-0.0129489545 0.060237161 0)
(-0.0332251241 0.0872626738 0)
(-0.0580327422 0.102872987 0)
(-0.0840020944 0.107535478 0)
(-0.108862472 0.102437904 0)
(-0.130861182 0.0891370178 0)
(-0.148715439 0.0693277695 0)
(-0.161538029 0.0447182493 0)
(-0.168733375 0.0169996137 3.00138946e-34)
(-0.169926116 -0.0121191229 -3.00138946e-34)
(-0.164935523 -0.0408446573 0)
(-0.153799184 -0.0672342294 0)
(-0.136848592 -0.0891664562 0)
(-0.114835479 -0.104386137 0)
(-0.0890878404 -0.110662045 0)
(-0.0616118351 -0.106083536 0)
(-0.0351151539 -0.0894755966 0)
(-0.0134991683 -0.0608874167 0)
(-0.00225247246 -0.0222438486 0)
(-0.00188425106 0.0164516067 0)
(-0.0110559288 0.0449253108 0)
(-0.0286246239 0.0661525712 0)
(-0.0504322234 0.0789580263 0)
(-0.0736109408 0.0833380453 0)
(-0.0961088745 0.0799700174 0)
(-0.116238869 0.0699333978 0)
(-0.132686849 0.0545142341 0)
(-0.14449271 0.0350867138 0)
(-0.15099666 0.0130686063 0)
(-0.151802933 -0.010072379 0)
(-0.146772447 -0.0327889594 0)
(-0.136046552 -0.0534292551 0)
(-0.120101486 -0.0702446637 0)
(-0.099828518 -0.0814586728 0)
(-0.0766190581 -0.085421388 0)
(-0.0523866902 -0.0808599468 0)
(-0.0295157963 -0.0671965345 0)
(-0.0112131084 -0.044894225 0)
(-0.00184035068 -0.0159268011 0)
(-0.00156121033 0.0111968261 0)
(-0.00926270522 0.0318400825 0)
(-0.0241843363 0.0478910049 0)
(-0.042956478 0.0579931514 0)
(-0.0631850372 0.061851523 0)
(-0.083059279 0.0597979156 0)
(-0.101011407 0.0525550898 0)
(-0.115763619 0.0410689104 0)
(-0.126348191 0.026400999 0)
(-0.132091287 0.00968055104 0)
(-0.13260269 -0.0079038518 0)
(-0.127780879 -0.0250955484 0)
(-0.117834359 -0.040566931 0)
(-0.103317063 -0.052944353 0)
(-0.085171327 -0.0608808658 0)
(-0.0647603925 -0.0631926341 0)
(-0.0438375929 -0.0590625793 0)
(-0.024452193 -0.0482852848 0)
(-0.00919726711 -0.0315270477 0)
(-0.0014898846 -0.0107110885 0)
(-0.00124145273 0.0068652679 0)
(-0.00749032245 0.0209325975 0)
(-0.0197818522 0.0324682283 0)
(-0.0354925425 0.0400460866 0)
(-0.0526771684 0.0432270715 0)
(-0.0697712313 0.0421306567 0)
(-0.0853571142 0.0372225628 0)
(-0.0982385627 0.0291701825 0)
(-0.107486661 0.0187501516 0)
(-0.112449245 0.00680472472 0)
(-0.112757916 -0.00577045272 0)
(-0.108340546 -0.0180264917 0)
(-0.09943948 -0.0289670549 0)
(-0.0866322818 -0.0375760596 0)
(-0.0708480828 -0.0428812893 0)
(-0.0533642718 -0.0440647056 0)
(-0.0357431738 -0.0406219245 0)
(-0.0197132776 -0.0325524786 0)
(-0.0073251696 -0.0205730166 0)
(-0.00116604398 -0.00648702214 0)
(-0.0008988928 0.00347338836 0)
(-0.00565508808 0.012211528 0)
(-0.0152823988 0.0198967331 0)
(-0.0278812155 0.0251616094 0)
(-0.0419288643 0.0275561611 0)
(-0.0561031847 0.0270970144 0)
(-0.0691584569 0.0240729395 0)
(-0.0800172532 0.0189257504 0)
(-0.0878292207 0.012177832 0)
(-0.0919944006 0.00439930827 0)
(-0.0921791044 -0.00380120731 0)
(-0.0883315393 -0.0117777233 0)
(-0.080697202 -0.0188527488 0)
(-0.0698304028 -0.0243389664 0)
(-0.0565948786 -0.0275860431 0)
(-0.0421402156 -0.0280604218 0)
(-0.027823061 -0.0254619509 0)
(-0.0150760017 -0.0198684506 0)
(-0.00546987888 -0.0119210532 0)
(-0.000832820918 -0.00321943892 0)
(-0.000506938721 0.00108816038 0)
(-0.00368491543 0.00573407498 0)
(-0.0105759115 0.0102113217 0)
(-0.0199665913 0.0133875186 0)
(-0.0307224036 0.014923595 0)
(-0.0417628985 0.0148163257 0)
(-0.0520447282 0.0132356656 0)
(-0.0606558093 0.0104405138 0)
(-0.0668715694 0.00673209586 0)
(-0.070179966 0.00243564797 0)
(-0.070298104 -0.00210275681 0)
(-0.0671870715 -0.00651492658 0)
(-0.0610650463 -0.01041278 0)
(-0.0524149612 -0.0134002659 0)
(-0.0419798043 -0.0151003851 0)
(-0.0307339039 -0.0152026838 0)
(-0.0198062846 -0.0135361518 0)
(-0.0103523389 -0.0101667898 0)
(-0.00352365643 -0.00555038544 0)
(-0.000456089111 -0.000945437386 0)
(-6.44517318e-05 -0.000175910888 0)
(-0.00159735464 0.00163500541 0)
(-0.00568914374 0.00359477837 0)
(-0.0117072889 0.00500521409 0)
(-0.0188674786 0.0057105335 0)
(-0.0263624853 0.00572747419 0)
(-0.0334182697 0.00514205163 0)
(-0.0393653006 0.00406888016 0)
(-0.0436748416 0.00263222625 0)
(-0.0459740816 0.000961179937 0)
(-0.0460565305 -0.000808736625 0)
(-0.0438926363 -0.00253270789 0)
(-0.0396404473 -0.00405570273 0)
(-0.0336530239 -0.00521583348 0)
(-0.0264767881 -0.00585397935 0)
(-0.0188317883 -0.0058323117 0)
(-0.0115570549 -0.00506549963 0)
(-0.00551089415 -0.00356778525 0)
(-0.00148093803 -0.00155146728 0)
(-3.11410671e-05 0.000233528035 0)
(0.000261062091 -0.00025524364 0)
(0.000151110978 0.000102038882 0)
(-0.00117394141 0.000546881304 0)
(-0.00347715331 0.000862612396 0)
(-0.00636894228 0.00102098023 0)
(-0.00945682446 0.00103685059 0)
(-0.0123867556 0.000935203456 0)
(-0.0148657968 0.000742269938 0)
(-0.016668229 0.000482692617 0)
(-0.0176359584 0.000179953527 1.08300324e-33)
(-0.0176799404 -0.000142075169 -1.08300324e-33)
(-0.0167841582 -0.000457639729 0)
(-0.0150114937 -0.000738154155 0)
(-0.0125096716 -0.000952188552 0)
(-0.00951462547 -0.00106661148 0)
(-0.0063474212 -0.00104948907 0)
(-0.00339746485 -0.00087599224 0)
(-0.00108305196 -0.000539203401 0)
(0.000205661438 -8.25549214e-05 0)
(0.000274240791 0.000266422979 0)
)
;

boundaryField
{
    walls
    {
        type            fixedValue;
        value           uniform (0 0 0);
    }
    mov_wall
    {
        type            fixedValue;
        value           uniform (1 0 0);
    }
    empty
    {
        type            empty;
    }
}


// ************************************************************************* //
