/*--------------------------------*- C++ -*----------------------------------*\
| =========                 |                                                 |
| \\      /  F ield         | OpenFOAM: The Open Source CFD Toolbox           |
|  \\    /   O peration     | Version:  5.x                                   |
|   \\  /    A nd           | Web:      www.OpenFOAM.org                      |
|    \\/     M anipulation  |                                                 |
\*---------------------------------------------------------------------------*/
FoamFile
{
    version     2.0;
    format      ascii;
    class       volScalarField;
    location    "9.5";
    object      p;
}
// * * * * * * * * * * * * * * * * * * * * * * * * * * * * * * * * * * * * * //

dimensions      [0 2 -2 0 0 0 0];

internalField   nonuniform List<scalar> 
400
(
3.43122693e-07
2.45245925
3.49432285
3.89887903
4.106647
4.22470646
4.29429107
4.34027791
4.37633843
4.41011059
4.44675954
4.49091439
4.54765399
4.62448908
4.73479734
4.90459586
5.18237949
5.68420078
6.8413153
9.41172431
1.88670499
2.86728905
3.41988322
3.74774351
3.96518051
4.109747
4.20767402
4.27899192
4.33674445
4.38961282
4.44424507
4.50657158
4.58333311
4.68329735
4.81972588
5.01367873
5.29402202
5.69846873
6.33841517
7.42837081
2.98207744
3.26252985
3.54233071
3.77067917
3.94570532
4.07571546
4.17322536
4.25000297
4.31527522
4.37623553
4.43892474
4.5090213
4.59257478
4.69678232
4.83084968
5.00663778
5.23632138
5.52393897
5.8604904
6.19823709
3.52778381
3.58534245
3.72178506
3.86537635
3.98906366
4.09083198
4.17460994
4.24571369
4.30952652
4.37102271
4.43477418
4.50520404
4.58678816
4.68425422
4.80245074
4.94569225
5.11574904
5.30514764
5.47833664
5.55963854
3.84421669
3.82688012
3.8851795
3.96938257
4.0522193
4.12779054
4.19566823
4.25747747
4.31592253
4.37409181
4.43506458
4.50185716
4.5773308
4.66400572
4.7635036
4.87551056
4.99635861
5.11480149
5.1958456
5.18371545
4.04550062
4.00365837
4.02142571
4.06784946
4.1213819
4.17574041
4.22885432
4.28053733
4.33185979
4.38449125
4.44027045
4.50096755
4.56804837
4.64232601
4.72332595
4.8083659
4.89180626
4.9626775
4.99308023
4.94680757
4.18058518
4.13383034
4.13183835
4.15536815
4.18883303
4.2270661
4.26772637
4.30987126
4.35363693
4.3997309
4.44903782
4.50233629
4.56001838
4.62172134
4.685785
4.74862554
4.80455926
4.84466518
4.84862412
4.79367958
4.27565797
4.23084185
4.21965947
4.2296738
4.24984527
4.27635412
4.30712165
4.34098205
4.37757794
4.41699856
4.45945095
4.50499568
4.55328463
4.60324863
4.65270452
4.69801078
4.73425811
4.75484621
4.74555991
4.69204163
4.34467351
4.30373032
4.28862824
4.29082686
4.30237566
4.32057107
4.34372933
4.37070101
4.40089227
4.43401489
4.46982775
4.50791716
4.54748282
4.58710832
4.62451273
4.65641269
4.67889303
4.68733255
4.67187862
4.62321591
4.39525855
4.35850368
4.34215634
4.3399573
4.34598835
4.35836056
4.37576027
4.39714415
4.42182437
4.44929779
4.47905004
4.51038624
4.54227349
4.57319168
4.60099945
4.62292537
4.635995
4.63709164
4.619324
4.5763769
4.43196277
4.3992568
4.38305348
4.37850952
4.3810648
4.38939516
4.40248655
4.41942354
4.43950102
4.46210771
4.48658132
4.51208599
4.53750716
4.56136796
4.58177517
4.59648026
4.60329359
4.60017272
4.58220495
4.54489302
4.45777558
4.42889485
4.41357942
4.40794383
4.40837845
4.41394619
4.4238632
4.43733759
4.45368716
4.47225999
4.49232977
4.51301278
4.53320569
4.55155058
4.5664321
4.57606941
4.5788846
4.57357366
4.55655431
4.52447707
4.4748265
4.44957247
4.43556044
4.4296196
4.42885195
4.43259255
4.44023443
4.45109754
4.46454202
4.47991474
4.49647622
4.51334925
4.52949013
4.54368768
4.55459102
4.56080984
4.5612262
4.55503492
4.53957228
4.51225848
4.48472947
4.46295833
4.45049216
4.44475057
4.44341572
4.44602778
4.45212141
4.46111643
4.47242194
4.4854024
4.49932982
4.5133579
4.52651872
4.5377453
4.54591721
4.54995831
4.54909267
4.54285601
4.52925438
4.50627094
4.48877311
4.47040168
4.45961974
4.4543926
4.45292649
4.45493595
4.4600777
4.46786086
4.47774082
4.48910197
4.50123169
4.51331571
4.52445495
4.53370514
4.54013374
4.54291208
4.54152222
4.53574766
4.52413357
4.50513473
4.4880605
4.47305605
4.46400837
4.4594543
4.45813034
4.45992331
4.46460444
4.47176186
4.48088612
4.49136963
4.50250165
4.51348243
4.52345725
4.53157
4.53702957
4.53919863
4.53776151
4.53270694
4.52308267
4.50782027
4.48366766
4.47200959
4.46463993
4.46076179
4.45970105
4.46153633
4.46615275
4.4732052
4.48219984
4.49251321
4.50340881
4.51406931
4.52364655
4.53132814
4.53641479
4.5384116
4.5371695
4.53287743
4.5251256
4.5134153
4.47685476
4.4683871
4.46242863
4.45901495
4.45816139
4.46016933
4.46503436
4.47245673
4.48192712
4.49276949
4.50418044
4.51527953
4.52517381
4.53303819
4.5382072
4.54027738
4.53923816
4.53549764
4.52928689
4.52085538
4.46928525
4.46319377
4.45767372
4.45396741
4.45292134
4.45508856
4.46054231
4.46896774
4.47977039
4.49214826
4.50515334
4.51775764
4.52893043
4.53773361
4.54343376
4.54563016
4.54440357
4.54041533
4.53469828
4.52866526
4.46344809
4.45752237
4.45036992
4.44492644
4.44290282
4.44509481
4.4515668
4.46187218
4.47521414
4.49055043
4.5066716
4.52227526
4.53605269
4.54679873
4.55355139
4.55576471
4.55351953
4.54774866
4.54035077
4.53446139
)
;

boundaryField
{
    walls
    {
        type            zeroGradient;
    }
    mov_wall
    {
        type            zeroGradient;
    }
    empty
    {
        type            empty;
    }
}


// ************************************************************************* //
