/*--------------------------------*- C++ -*----------------------------------*\
| =========                 |                                                 |
| \\      /  F ield         | OpenFOAM: The Open Source CFD Toolbox           |
|  \\    /   O peration     | Version:  5.x                                   |
|   \\  /    A nd           | Web:      www.OpenFOAM.org                      |
|    \\/     M anipulation  |                                                 |
\*---------------------------------------------------------------------------*/
FoamFile
{
    version     2.0;
    format      ascii;
    class       surfaceScalarField;
    location    "9.5";
    object      phi;
}
// * * * * * * * * * * * * * * * * * * * * * * * * * * * * * * * * * * * * * //

dimensions      [0 3 -1 0 0 0 0];

internalField   nonuniform List<scalar> 
760
(
0.00134817685
-0.00134817701
0.00245763989
-0.00110946304
0.00313513475
-0.000677494859
0.00355971576
-0.000424581013
0.00383225134
-0.000272535579
0.00400945218
-0.000177200839
0.00412521452
-0.000115762345
0.00419921709
-7.40025667e-05
0.00424243237
-4.32152742e-05
0.0042605536
-1.81212271e-05
0.00425562236
4.93123246e-06
0.00422675779
2.88645734e-05
0.0041693894
5.73683827e-05
0.00407358505
9.58043565e-05
0.00391995094
0.000153634109
0.0036720193
0.000247931642
0.00326316023
0.000408859065
0.00257264077
0.000690519463
0.00140850173
0.00116413904
0.00140850173
-5.46951506e-05
-0.00129348186
0.000412592769
-0.00157675096
0.00103002991
-0.001294932
0.00157871395
-0.000973265055
0.00201483276
-0.000708654386
0.0023447773
-0.000507145385
0.00258511635
-0.000356101386
0.00275126944
-0.000240155656
0.00285456781
-0.000146513653
0.00290179534
-6.53487498e-05
0.00289536661
1.1359957e-05
0.00283293037
9.13008147e-05
0.00270712575
0.00018317301
0.00250436375
0.000298566352
0.00220410989
0.000453887969
0.00178090173
0.000671139802
0.001217568
0.000972192801
0.000552812561
0.0013552749
1.30664813e-05
0.00170388512
0.00142156821
-0.000271734604
-0.00102174725
-0.00022102652
-0.00162745904
7.13678765e-05
-0.00158732639
0.000446285717
-0.00134818289
0.00081248974
-0.00107485841
0.00112929931
-0.000823954959
0.00138207835
-0.000608880421
0.0015680079
-0.000426085213
0.00168837698
-0.00026688273
0.00174468455
-0.00012165632
0.00173678977
1.92547389e-05
0.00166213443
0.00016595616
0.00151571289
0.000329594547
0.00129125424
0.000523024999
0.000985011696
0.000760130518
0.000605009657
0.00105114184
0.000189850712
0.00138735175
-0.000160045077
0.00170517069
-0.000261640628
0.00180548067
0.00115992758
-0.000227941563
-0.000793805693
-0.00036119728
-0.00149420332
-0.000308328174
-0.0016401955
-0.000134821161
-0.00152168991
8.92094291e-05
-0.001298889
0.000314971909
-0.00104971744
0.000513263034
-0.000807171546
0.000668300043
-0.000581122223
0.000771990346
-0.000370573033
0.000820036135
-0.000169702107
0.000809727669
2.95632064e-05
0.000739201038
0.000236482792
0.000607935677
0.000460859908
0.000419110878
0.000711849797
0.000184524331
0.000994717066
-6.71911719e-05
0.00130285735
-0.000280617541
0.00160077812
-0.000369418478
0.00179397162
-0.00024699363
0.00168305583
0.000912933949
-0.00016896521
-0.000624840484
-0.000352016167
-0.00131115236
-0.000431557659
-0.00156065401
-0.000408908952
-0.00154433861
-0.000319435148
-0.0013883628
-0.00020009515
-0.00116905743
-7.98100537e-05
-0.000927456642
2.15782741e-05
-0.000682510551
9.14287142e-05
-0.000440423474
0.000122135401
-0.000200408794
0.000109757212
4.19413974e-05
5.36457291e-05
0.000292594276
-4.27489978e-05
0.000557254635
-0.000169694029
0.000838794827
-0.000307652429
0.00113267547
-0.000423468625
0.00141867355
-0.000470024869
0.00164733436
-0.000397824822
0.00172177158
-0.000196431026
0.00148166203
0.000716502921
-0.000124192133
-0.000500648351
-0.00030833563
-0.00112700887
-0.00045049409
-0.00141849555
-0.000523204003
-0.0014716287
-0.000535391039
-0.00137617576
-0.000508160796
-0.00119628767
-0.000463156864
-0.000972460573
-0.000418060917
-0.000727606497
-0.000385618995
-0.000472865397
-0.000373912054
-0.000212115736
-0.000386727915
5.47572577e-05
-0.000423459486
0.000329325849
-0.000478356361
0.000612151511
-0.000539178264
0.00089961673
-0.000585818875
0.00117931607
-0.000590512332
0.001423367
-0.000523085128
0.00157990716
-0.000366699081
0.00156538553
-0.000150585984
0.00126554894
0.000565916936
-9.45729293e-05
-0.00040607542
-0.000264649738
-0.000956932059
-0.000430738378
-0.00125240691
-0.000556976934
-0.00134539015
-0.000636793205
-0.00129635949
-0.000678141746
-0.00115493913
-0.000693943904
-0.000956658414
-0.00069692922
-0.00072462118
-0.00069727404
-0.000472520576
-0.000701661744
-0.000207728032
-0.0007128607
6.59562136e-05
-0.000729336349
0.000345801499
-0.000744753794
0.000627568958
-0.000747580292
0.000902443228
-0.000721469894
0.00115320568
-0.000647843387
0.00134974049
-0.000512876918
0.00144494069
-0.000321206276
0.00137371489
-0.000116485702
0.00106082836
0.000449431237
-7.53437317e-05
-0.000330731684
-0.00022820681
-0.000804068982
-0.000398353653
-0.00108226006
-0.000550539517
-0.00119320428
-0.000670626444
-0.00117627257
-0.000757578331
-0.00106798725
-0.000816784796
-0.000897451949
-0.000855587427
-0.000685818548
-0.000880624282
-0.000447483719
-0.000896360312
-0.000191992002
-0.000904270076
7.38659778e-05
-0.000902360301
0.000343891724
-0.000884972196
0.000610180854
-0.000843104151
0.000860575184
-0.000765820184
0.00107592171
-0.000643664734
0.00122758504
-0.000475103939
0.00127637989
-0.000276309845
0.0011749208
-9.21328624e-05
0.000876651381
0.000357298379
-6.22883058e-05
-0.000268443375
-0.000198541318
-0.000667815971
-0.000362893647
-0.000917907734
-0.000523850717
-0.00103224721
-0.000664415219
-0.00103570806
-0.000778128912
-0.000954273554
-0.000864812163
-0.000810768698
-0.00092716546
-0.00062346525
-0.000968399669
-0.000406249509
-0.000990721201
-0.00016967047
-0.000994436359
7.75811364e-05
-0.000977525731
0.000326981096
-0.000935694994
0.000568350117
-0.00086310123
0.000787981421
-0.000754123151
0.000966943634
-0.000606626304
0.0010800882
-0.000426950407
0.001096704
-0.000236038289
0.000984008679
-7.43490218e-05
0.000714962113
0.000282949358
-5.27689726e-05
-0.000215674403
-0.00017381279
-0.000546772152
-0.000327557401
-0.000764163122
-0.000486865974
-0.000872938637
-0.00063438018
-0.000888193857
-0.000760757849
-0.000827895884
-0.000862116654
-0.000709409893
-0.000937654751
-0.000547927154
-0.000987783216
-0.000356121044
-0.00101282395
-0.000144629735
-0.00101222275
7.69799404e-05
-0.000984240693
0.000298999037
-0.000926163061
0.000510272484
-0.00083515881
0.000696977169
-0.000709976084
0.000841760909
-0.000553597324
0.000923709439
-0.000376676978
0.000919783651
-0.000200960048
0.000808291749
-6.08626255e-05
0.00057486469
0.000222086731
-4.52979331e-05
-0.000170376474
-0.000152453976
-0.000439616106
-0.000293299614
-0.000623317483
-0.000444763101
-0.000721475149
-0.000590345837
-0.00074261112
-0.00071947335
-0.000698768371
-0.000826046341
-0.000602836901
-0.000906878206
-0.000467095288
-0.000960347571
-0.000302651679
-0.000985403143
-0.000119574163
-0.00098096315
7.25399479e-05
-0.000945732106
0.000263767993
-0.000878480028
0.000443020407
-0.000778855058
0.000597352199
-0.00064878405
0.000711689901
-0.000494403545
0.000769328935
-0.000328204151
0.000753584258
-0.000170678366
0.000650765966
-5.0280655e-05
0.000454466981
0.000171806073
-3.90621849e-05
-0.000131314294
-0.0001334038
-0.000345274487
-0.000260349971
-0.000496371313
-0.00040038897
-0.000581436149
-0.000538431192
-0.000604568897
-0.000663692777
-0.000573506785
-0.000768938043
-0.000497591635
-0.000849523076
-0.000386510254
-0.000902500933
-0.000249673821
-0.000925934093
-9.61410026e-05
-0.00091848887
6.50947248e-05
-0.000879356188
0.000224635312
-0.00080853533
0.00037219955
-0.00070750527
0.000496322139
-0.000580261692
0.000584446323
-0.000434588337
0.00062365558
-0.00028324829
0.000602244213
-0.000144573362
0.000512091039
-4.17551842e-05
0.000351648805
0.000130050888
-3.36094082e-05
-9.77048878e-05
-0.000115973502
-0.000262910392
-0.000228685887
-0.000383658928
-0.000355331145
-0.000454790892
-0.00048244849
-0.000477451551
-0.000599656643
-0.000456298631
-0.000699324726
-0.000397923552
-0.000776050475
-0.000309784504
-0.000826127626
-0.00019959667
-0.000847124135
-7.51444928e-05
-0.000837646085
5.56166755e-05
-0.000797332198
0.000184321425
-0.000727102522
0.000301969874
-0.000629656428
0.000398876045
-0.000510163472
0.000464953368
-0.000377005142
0.00049049725
-0.000242314865
0.000467553936
-0.000121978233
0.000391754408
-3.47332162e-05
0.000264403789
9.53176734e-05
-2.86574882e-05
-6.90473958e-05
-9.96602254e-05
-0.000191907658
-0.000198117006
-0.000285202149
-0.000310357562
-0.000342550336
-0.000424616066
-0.000363193047
-0.000531265889
-0.000349648807
-0.000622765448
-0.000306423993
-0.000693446625
-0.000239103328
-0.000739258807
-0.000153784487
-0.000757558033
-5.68452663e-05
-0.000747003449
4.5062093e-05
-0.000707597935
0.000144915911
-0.000640884393
0.000235256333
-0.000550277058
0.00030826871
-0.000441462344
0.000356138655
-0.000322745857
0.000371780763
-0.000205166585
0.000349974664
-0.000102185442
0.000288773264
-2.88024189e-05
0.000191020766
6.65152568e-05
-2.39812059e-05
-4.50661827e-05
-8.39974357e-05
-0.000131891431
-0.000168257095
-0.00020094249
-0.000265595489
-0.000245211943
-0.000365935593
-0.000262852942
-0.000460594498
-0.000254989901
-0.000542423532
-0.000224594958
-0.000605821313
-0.000175705547
-0.000646681723
-0.000112924077
-0.000662339378
-4.11876114e-05
-0.00065156133
3.42840459e-05
-0.000614612943
0.000107967526
-0.000553400635
0.000174044025
-0.00047166389
0.000226531966
-0.000375153998
0.000259628763
-0.00027170195
0.000268328714
-0.000171058857
0.000249331572
-8.44170699e-05
0.000202131477
-2.35998671e-05
0.000130203563
4.29153906e-05
-1.93492251e-05
-2.57169528e-05
-6.84700364e-05
-8.2770621e-05
-0.000138506752
-0.000130905773
-0.000220638073
-0.000163080621
-0.00030642841
-0.000177062605
-0.000388228756
-0.000173189555
-0.000459474176
-0.000153349537
-0.000514859806
-0.000120319915
-0.000550429786
-7.73540973e-05
-0.000563627557
-2.79898412e-05
-0.000553348421
2.40049105e-05
-0.000520016431
7.46355356e-05
-0.000465682615
0.00011971021
-0.000394114912
0.000154964265
-0.000310822982
0.000176336833
-0.00022294126
0.000180446993
-0.000138894619
0.000165284932
-6.78135173e-05
0.000131050375
-1.87621135e-05
8.11521591e-05
2.41532766e-05
-1.45055343e-05
-1.12114201e-05
-5.25211127e-05
-4.47550401e-05
-0.000108122814
-7.53040697e-05
-0.000174687793
-9.6515642e-05
-0.000245343237
-0.000106407161
-0.000313520815
-0.000105011977
-0.000373387902
-9.34824501e-05
-0.000420129427
-7.3578388e-05
-0.000450116073
-4.736745e-05
-0.000461009079
-1.70968352e-05
-0.000451841628
1.48374595e-05
-0.000423096903
4.58908095e-05
-0.000376775969
7.33892777e-05
-0.000316426453
9.46147494e-05
-0.00024707955
0.00010698993
-0.000175030351
0.000108397795
-0.000107403058
9.76576395e-05
-5.14858444e-05
7.51331623e-05
-1.39146211e-05
4.35809367e-05
1.02386548e-05
-9.20280612e-06
-2.00862067e-06
-3.56847429e-05
-1.82730983e-05
-7.64355312e-05
-3.45532792e-05
-0.000126811025
-4.61401465e-05
-0.000181408067
-5.18101181e-05
-0.000234817145
-5.16029011e-05
-0.000282132227
-4.61673698e-05
-0.000319263541
-3.64470726e-05
-0.000343116513
-2.35144752e-05
-0.000351700044
-8.51330252e-06
-0.000344207014
7.34442948e-06
-0.000321084427
2.27682207e-05
-0.000284086157
3.63910075e-05
-0.000236279534
4.68081273e-05
-0.000181958575
5.26689727e-05
-0.000126403746
5.28429667e-05
-7.54285395e-05
4.66824331e-05
-3.46816261e-05
3.43862494e-05
-8.71390745e-06
1.76132189e-05
1.52474728e-06
-3.43752837e-06
1.42890137e-06
-1.80438771e-05
-3.66674194e-06
-4.340604e-05
-9.19111298e-06
-7.64336708e-05
-1.3112513e-05
-0.000113187159
-1.50566294e-05
-0.000149665115
-1.51249468e-05
-0.000182251544
-1.35809415e-05
-0.000207952846
-1.07457709e-05
-0.000224514094
-6.95322453e-06
-0.000230484761
-2.54263418e-06
-0.000225272645
2.13231449e-06
-0.00020919708
6.69265453e-06
-0.000183535355
1.07292817e-05
-0.000150536809
1.38095816e-05
-0.000113368293
1.55004582e-05
-7.59397595e-05
1.54144343e-05
-4.25472216e-05
1.32898955e-05
-1.72767365e-05
9.11576419e-06
-3.1038573e-06
3.44033986e-06
-1.57910962e-06
1.42890271e-06
-2.23784334e-06
-1.14289606e-05
-2.45414742e-05
-3.95981002e-05
-5.47230434e-05
-6.83039847e-05
-7.90497586e-05
-8.60029858e-05
-8.85456195e-05
-8.64133022e-05
-7.97206452e-05
-6.89913633e-05
-5.51817831e-05
-3.96813261e-05
-2.42668918e-05
-1.09769954e-05
-1.86123045e-06
1.57910954e-06
)
;

boundaryField
{
    walls
    {
        type            calculated;
        value           uniform 0;
    }
    mov_wall
    {
        type            calculated;
        value           uniform 0;
    }
    empty
    {
        type            empty;
        value           nonuniform 0();
    }
}


// ************************************************************************* //
