/*--------------------------------*- C++ -*----------------------------------*\
| =========                 |                                                 |
| \\      /  F ield         | OpenFOAM: The Open Source CFD Toolbox           |
|  \\    /   O peration     | Version:  5.x                                   |
|   \\  /    A nd           | Web:      www.OpenFOAM.org                      |
|    \\/     M anipulation  |                                                 |
\*---------------------------------------------------------------------------*/
FoamFile
{
    version     2.0;
    format      ascii;
    class       volVectorField;
    location    "9.5";
    object      U;
}
// * * * * * * * * * * * * * * * * * * * * * * * * * * * * * * * * * * * * * //

dimensions      [0 1 -1 0 0 0 0];

internalField   nonuniform List<vector> 
400
(
(0.291698426 0.149643815 0)
(0.388187174 0.128007692 0)
(0.557616072 0.0757318255 0)
(0.674785704 0.043304438 0)
(0.743766596 0.0251591049 0)
(0.787075023 0.0148802973 0)
(0.815462959 0.00893092133 0)
(0.83393956 0.00530992778 0)
(0.845365463 0.00289956138 0)
(0.851349265 0.00108485311 2.66526741e-34)
(0.852640749 -0.000502852732 -2.66526741e-34)
(0.849354292 -0.00216072041 0)
(0.840973371 -0.004217106 0)
(0.826113773 -0.00722098609 0)
(0.802020426 -0.012236501 0)
(0.763538946 -0.0213892099 0)
(0.699488891 -0.0388386151 0)
(0.584557335 -0.0722732749 0)
(0.407900534 -0.128436308 0)
(0.300688067 -0.152947536 0)
(0.00120418462 0.287432396 0)
(0.0133209644 0.293872118 0)
(0.140044447 0.209904851 0)
(0.264971591 0.142986161 0)
(0.364177743 0.0968019841 0)
(0.440120066 0.0654411217 0)
(0.49654104 0.0439762514 0)
(0.536691068 0.0287011558 0)
(0.563274466 0.0170798537 0)
(0.578137343 0.00742308664 0)
(0.582210288 -0.00150101197 0)
(0.575515253 -0.0107977547 0)
(0.557109248 -0.0217346528 0)
(0.524912995 -0.0361396923 0)
(0.475518408 -0.0569634972 0)
(0.404326004 -0.0889771517 0)
(0.305687294 -0.139150756 0)
(0.174497789 -0.215275203 0)
(0.0341065833 -0.310801156 0)
(0.0108691557 -0.305909063 0)
(-0.0321467622 0.241773917 0)
(-0.0634303634 0.333547154 0)
(-0.0219362006 0.299502486 0)
(0.0505996295 0.240051662 0)
(0.127397386 0.183020805 0)
(0.196818613 0.135454523 0)
(0.254167105 0.0974523418 0)
(0.298088302 0.0668891698 0)
(0.328665677 0.0413758229 0)
(0.346307827 0.01878146 -2.3579696e-33)
(0.351211316 -0.00280949173 2.3579696e-33)
(0.34312675 -0.0252950464 0)
(0.32127758 -0.0508299476 0)
(0.2844329 -0.0820948313 0)
(0.231328818 -0.122479775 0)
(0.161916763 -0.17565804 0)
(0.0798350207 -0.243208457 0)
(-0.00333734246 -0.317981961 0)
(-0.0578531346 -0.366363502 0)
(-0.0313893209 -0.270690675 0)
(-0.0261204147 0.182361572 0)
(-0.0666192765 0.31688413 0)
(-0.0735377808 0.330901735 0)
(-0.0481307178 0.295352906 0)
(-0.0056721724 0.244253504 0)
(0.0411124792 0.19243174 0)
(0.0845451108 0.145095039 0)
(0.120424333 0.103006628 0)
(0.146585246 0.0651543617 0)
(0.16192548 0.0298884054 2.35546499e-33)
(0.165812819 -0.00469432291 -2.35546499e-33)
(0.157798804 -0.0406696188 0)
(0.137586499 -0.0803027384 0)
(0.105285211 -0.125979581 0)
(0.0620900265 -0.179774808 0)
(0.0116092694 -0.242029717 0)
(-0.0380283778 -0.307764354 0)
(-0.072049094 -0.359579369 0)
(-0.0711639181 -0.355585637 0)
(-0.0287210568 -0.209178581 0)
(-0.0176296825 0.140767913 0)
(-0.0549165443 0.2818272 0)
(-0.0828629942 0.324484357 0)
(-0.088076224 0.312396796 0)
(-0.0751196888 0.274441978 0)
(-0.0526276241 0.226778427 0)
(-0.0275118464 0.177302817 0)
(-0.00458009074 0.129145424 0)
(0.0130234893 0.0829123599 0)
(0.0233567957 0.0379330301 -2.94545453e-34)
(0.0253097471 -0.00710139615 2.94545453e-34)
(0.0184152085 -0.0537995226 0)
(0.00288698564 -0.103801261 0)
(-0.0200872016 -0.158367938 0)
(-0.0477707944 -0.217530723 0)
(-0.0750614583 -0.278347554 0)
(-0.0936267075 -0.331694802 0)
(-0.0922270549 -0.357398868 0)
(-0.0635074669 -0.31887989 0)
(-0.0207312596 -0.162076724 0)
(-0.0116542791 0.11159225 0)
(-0.0431521987 0.243765265 0)
(-0.0782839953 0.299859401 0)
(-0.100579261 0.305000827 0)
(-0.10831059 0.280421263 0)
(-0.105716505 0.240369181 0)
(-0.0975361706 0.193277767 0)
(-0.0877934455 0.14354537 0)
(-0.0795351904 0.0930260739 0)
(-0.0748272181 0.0420752305 0)
(-0.0748481334 -0.00975925943 0)
(-0.0799345776 -0.0632506199 0)
(-0.0895000206 -0.119033274 0)
(-0.101812875 -0.176993444 0)
(-0.11369095 -0.235297921 0)
(-0.120284782 -0.288849074 0)
(-0.115237023 -0.327084783 0)
(-0.0922711128 -0.331566551 0)
(-0.0521876266 -0.27511969 0)
(-0.0142847852 -0.127260098 0)
(-0.00803185576 0.0899680188 0)
(-0.0343052816 0.207876696 0)
(-0.0703686579 0.267741355 0)
(-0.100959316 0.283509145 0)
(-0.121509109 0.269753779 0)
(-0.133061964 0.237807845 0)
(-0.138135835 0.195384123 0)
(-0.13945024 0.147216491 0)
(-0.139365663 0.0958906818 0)
(-0.139599231 0.0425957575 0)
(-0.141114114 -0.012262569 0)
(-0.144054664 -0.0685401674 0)
(-0.147657207 -0.125824595 0)
(-0.150140599 -0.182787206 0)
(-0.14866774 -0.236314556 0)
(-0.139565528 -0.280390168 0)
(-0.119015754 -0.304900547 0)
(-0.0848747401 -0.294957286 0)
(-0.042204645 -0.232154477 0)
(-0.0100065903 -0.100709815 0)
(-0.00589819022 0.0731569042 0)
(-0.0280514391 0.175459927 0)
(-0.0624620753 0.233454968 0)
(-0.0961931088 0.254650691 0)
(-0.123784289 0.248662374 0)
(-0.144336448 0.223978319 0)
(-0.158622038 0.187072456 0)
(-0.168069545 0.142434105 0)
(-0.174171007 0.0929433385 0)
(-0.178091649 0.0403533006 0)
(-0.180456261 -0.0142245254 0)
(-0.181230008 -0.0698446791 0)
(-0.179647303 -0.125225755 0)
(-0.174205195 -0.178177562 0)
(-0.162809068 -0.224940953 0)
(-0.143212557 -0.259512836 0)
(-0.113841639 -0.273201304 0)
(-0.0753166182 -0.254896364 0)
(-0.0343188974 -0.192925778 0)
(-0.00728498491 -0.0799917713 0)
(-0.00459312326 0.0595160147 0)
(-0.0235441695 0.146542617 0)
(-0.0553429903 0.199662155 0)
(-0.0893196709 0.222701633 0)
(-0.120051816 0.221819414 0)
(-0.145609091 0.203131828 0)
(-0.165570651 0.171796547 0)
(-0.180317099 0.131775627 0)
(-0.190531072 0.0859405085 0)
(-0.196813731 0.0363510076 2.97711409e-34)
(-0.199448899 -0.0153915456 -2.97711409e-34)
(-0.198275632 -0.0677566445 0)
(-0.192646155 -0.118867799 0)
(-0.181489351 -0.166059309 0)
(-0.163546087 -0.205440871 0)
(-0.137858728 -0.231577792 0)
(-0.104503396 -0.237504908 0)
(-0.0656637269 -0.215386226 0)
(-0.0281737983 -0.158249844 0)
(-0.00551069031 -0.0634668212 0)
(-0.00373314397 0.0480883401 0)
(-0.0201212348 0.120839397 0)
(-0.0490153885 0.16767644 0)
(-0.0816389778 0.190287498 0)
(-0.112989447 0.192487649 0)
(-0.140680559 0.17855713 4.67987908e-33)
(-0.163557392 0.152465447 0)
(-0.181246281 0.117554994 0)
(-0.193784173 0.0765047404 -4.74063664e-33)
(-0.201296969 0.0314709936 2.26595375e-36)
(-0.203789194 -0.0156743965 4.98649018e-36)
(-0.201035366 -0.0630555969 0)
(-0.192565931 -0.108481585 0)
(-0.177765514 -0.14914143 0)
(-0.156124907 -0.181360928 0)
(-0.127679781 -0.200524262 0)
(-0.0935645696 -0.201318537 0)
(-0.0566770446 -0.178463973 0)
(-0.0233146665 -0.128090141 0)
(-0.0042957051 -0.0500435347 0)
(-0.00311504117 0.0383306335 0)
(-0.0173631172 0.0980508506 0)
(-0.0433176201 0.138129964 0)
(-0.0737180751 0.158979198 0)
(-0.104104451 0.162838222 0)
(-0.131970532 0.152618178 -4.67987908e-33)
(-0.155761613 0.131295701 0)
(-0.17461286 0.101603274 0)
(-0.188100217 0.0659289901 4.74063664e-33)
(-0.195997418 0.0263693598 1.49106804e-33)
(-0.198111611 -0.0151233202 -1.49832048e-33)
(-0.19420401 -0.0565442456 0)
(-0.183996558 -0.0956260403 0)
(-0.167277172 -0.129654845 0)
(-0.144124393 -0.155368917 0)
(-0.115252464 -0.169022499 0)
(-0.0823814078 -0.166713891 0)
(-0.0485941033 -0.145040225 0)
(-0.0193975959 -0.102103348 0)
(-0.00342090946 -0.0390050011 0)
(-0.00263393566 0.029926265 0)
(-0.015022624 0.0779301289 0)
(-0.0380974219 0.11131111 0)
(-0.0658175681 0.129695792 0)
(-0.094279474 0.134263876 0)
(-0.121044027 0.126925342 0)
(-0.144383608 0.109860568 0)
(-0.163148983 0.0852480437 0)
(-0.176619507 0.055141635 0)
(-0.184335474 0.0214703126 2.99742567e-34)
(-0.185982937 -0.0138813662 -2.99742567e-34)
(-0.181343674 -0.0489515424 0)
(-0.170313962 -0.081574558 0)
(-0.152999251 -0.109289272 0)
(-0.129891605 -0.129330739 0)
(-0.102114501 -0.138764249 0)
(-0.0716393809 -0.134816141 0)
(-0.0414365949 -0.115407289 0)
(-0.0161843489 -0.0798582224 0)
(-0.00276403303 -0.0298606586 0)
(-0.00223473578 0.0226800244 0)
(-0.0129541261 0.060283858 0)
(-0.0332381483 0.0873308366 0)
(-0.0580555287 0.1029545 0)
(-0.0840353812 0.10762182 0)
(-0.108906084 0.102520708 0)
(-0.13091408 0.0892086489 0)
(-0.148775832 0.0693818649 0)
(-0.161603549 0.0447501619 0)
(-0.168801288 0.0170067308 3.00137155e-34)
(-0.169993546 -0.0121372164 -3.00137155e-34)
(-0.164999672 -0.0408861823 0)
(-0.153857534 -0.0672953782 0)
(-0.136899079 -0.0892417084 0)
(-0.114876636 -0.104468704 0)
(-0.0891189078 -0.110744421 0)
(-0.0616328444 -0.106158119 0)
(-0.0351269752 -0.0895353381 0)
(-0.0135037426 -0.0609264427 0)
(-0.00225327224 -0.0222578268 0)
(-0.00188545579 0.0164662556 0)
(-0.011062484 0.0449645389 0)
(-0.0286411425 0.0662105063 0)
(-0.0504611287 0.079027819 0)
(-0.0736531641 0.0834123304 0)
(-0.09616418 0.080041488 0)
(-0.116305918 0.0699953579 0)
(-0.13276334 0.0545610872 0)
(-0.144575601 0.0351143614 0)
(-0.151082434 0.0130747324 0)
(-0.151887892 -0.0100881564 0)
(-0.146853003 -0.0328250802 0)
(-0.136119504 -0.0534823561 0)
(-0.120164254 -0.0703098569 0)
(-0.0998793386 -0.0815299518 0)
(-0.0766571203 -0.0854921395 0)
(-0.052412211 -0.0809235411 0)
(-0.029530034 -0.0672469526 0)
(-0.0112185731 -0.0449266649 0)
(-0.00184129743 -0.0159381052 0)
(-0.00156251801 0.0112077488 0)
(-0.00926988049 0.0318705358 0)
(-0.0242025204 0.0479368752 0)
(-0.0429884453 0.0580490718 0)
(-0.063231915 0.0619115008 0)
(-0.0831208706 0.0598559177 0)
(-0.101086249 0.0526055536 0)
(-0.115849131 0.0411071726 0)
(-0.126440927 0.0264236331 0)
(-0.132187239 0.00968560676 0)
(-0.132697633 -0.00791671636 0)
(-0.127870717 -0.0251250515 0)
(-0.117915457 -0.0406102748 0)
(-0.103386532 -0.0529974536 0)
(-0.085227252 -0.0609387007 0)
(-0.0648019877 -0.0632496913 0)
(-0.0438652628 -0.059113387 0)
(-0.0244675011 -0.0483249913 0)
(-0.00920309321 -0.0315520075 0)
(-0.0014908839 -0.0107193785 0)
(-0.00124269215 0.00687236723 0)
(-0.00749726471 0.020953938 0)
(-0.0197996778 0.03250143 0)
(-0.035524196 0.0400873001 0)
(-0.0527239645 0.0432717632 0)
(-0.069833106 0.0421741832 0)
(-0.085432659 0.0372606181 0)
(-0.0983251711 0.0291991478 0)
(-0.107580785 0.0187673596 0)
(-0.112546722 0.00680864434 0)
(-0.112854335 -0.00578011131 0)
(-0.10843163 -0.0180487583 0)
(-0.099521449 -0.0289997742 0)
(-0.0867021668 -0.037616065 0)
(-0.070903977 -0.0429246746 0)
(-0.0534054927 -0.0441071884 0)
(-0.035770308 -0.0406592892 0)
(-0.0197281041 -0.0325810803 0)
(-0.00733072847 -0.0205903319 0)
(-0.00116697611 -0.00649226848 0)
(-0.000899883012 0.00347704257 0)
(-0.00566093258 0.0122244282 0)
(-0.0152978483 0.0199179404 0)
(-0.0279091951 0.0251886539 0)
(-0.0419708371 0.0275859302 0)
(-0.0561592818 0.0271262705 0)
(-0.0692274824 0.0240986729 0)
(-0.0800968187 0.0189454316 0)
(-0.0879159924 0.0121895925 0)
(-0.0920844194 0.00440206526 0)
(-0.0922681504 -0.00380767716 0)
(-0.0884155134 -0.0117927658 0)
(-0.0807724915 -0.0188748769 0)
(-0.0698942046 -0.0243659741 0)
(-0.0566454535 -0.0276151929 0)
(-0.0421770499 -0.0280887049 0)
(-0.0278468986 -0.0254864182 0)
(-0.0150887328 -0.0198866112 0)
(-0.00547449445 -0.0119313568 0)
(-0.000833547362 -0.00322197475 0)
(-0.000507508066 0.00108920779 0)
(-0.00368889285 0.00574013991 0)
(-0.0105872263 0.0102223805 0)
(-0.0199879403 0.013402214 0)
(-0.0307552963 0.0149400959 0)
(-0.0418076565 0.0148327193 0)
(-0.0521004759 0.0132501842 0)
(-0.0607205945 0.0104516792 0)
(-0.0669425839 0.00673881575 0)
(-0.0702538292 0.00243728292 0)
(-0.0703711872 -0.00210635162 0)
(-0.06725584 -0.0065233873 0)
(-0.0611263913 -0.0104252539 0)
(-0.0524664974 -0.0134154706 0)
(-0.0420201071 -0.0151167125 0)
(-0.0307626614 -0.0152183513 0)
(-0.019824328 -0.0135494053 0)
(-0.0103615208 -0.0101761659 0)
(-0.00352670131 -0.00555507443 0)
(-0.00045647033 -0.000945966024 0)
(-6.44910074e-05 -0.000176240737 0)
(-0.00159898902 0.00163661725 0)
(-0.00569518866 0.00359860142 0)
(-0.0117199323 0.00501067868 0)
(-0.0188880505 0.00571684642 0)
(-0.0263913891 0.00573382911 0)
(-0.0334549883 0.00514772204 0)
(-0.039408502 0.00407326811 0)
(-0.0437225492 0.00263489154 0)
(-0.046023885 0.000961861566 0)
(-0.0461058238 -0.000810104775 0)
(-0.0439388711 -0.00253598939 0)
(-0.0396813831 -0.00406056234 0)
(-0.0336869561 -0.00522175576 0)
(-0.0265027365 -0.00586030538 0)
(-0.0188496253 -0.00583829653 0)
(-0.0115675423 -0.00507039439 0)
(-0.00551559554 -0.00357095363 0)
(-0.00148203455 -0.00155258676 0)
(-3.10931645e-05 0.000233977793 0)
(0.000261395909 -0.000255577513 0)
(0.000151440314 0.000102073416 0)
(-0.00117495339 0.000547415424 0)
(-0.00348063253 0.000863515934 0)
(-0.0063755837 0.00102207784 0)
(-0.00946687294 0.00103797709 0)
(-0.0124000359 0.000936218473 0)
(-0.0148817773 0.000743061963 0)
(-0.0166861009 0.000483180391 0)
(-0.0176547262 0.000180087979 1.08300121e-33)
(-0.0176985207 -0.000142308468 -1.08300121e-33)
(-0.0168014859 -0.000458218626 0)
(-0.0150266288 -0.000739019202 0)
(-0.0125219005 -0.000953244543 0)
(-0.00952354891 -0.00106773214 0)
(-0.00635302371 -0.00105052579 0)
(-0.00340014936 -0.000876787981 0)
(-0.00108361495 -0.000539616047 0)
(0.000206111061 -8.25143818e-05 0)
(0.000274563769 0.000266745623 0)
)
;

boundaryField
{
    walls
    {
        type            fixedValue;
        value           uniform (0 0 0);
    }
    mov_wall
    {
        type            fixedValue;
        value           uniform (1 0 0);
    }
    empty
    {
        type            empty;
    }
}


// ************************************************************************* //
