/*--------------------------------*- C++ -*----------------------------------*\
| =========                 |                                                 |
| \\      /  F ield         | OpenFOAM: The Open Source CFD Toolbox           |
|  \\    /   O peration     | Version:  5.x                                   |
|   \\  /    A nd           | Web:      www.OpenFOAM.org                      |
|    \\/     M anipulation  |                                                 |
\*---------------------------------------------------------------------------*/
FoamFile
{
    version     2.0;
    format      ascii;
    class       volScalarField;
    location    "3.9";
    object      p;
}
// * * * * * * * * * * * * * * * * * * * * * * * * * * * * * * * * * * * * * //

dimensions      [0 2 -2 0 0 0 0];

internalField   nonuniform List<scalar> 
400
(
3.72277784e-06
2.45246419
3.49432804
3.89888424
4.10665222
4.22471167
4.29429628
4.34028314
4.37634368
4.41011584
4.44676477
4.4909196
4.54765923
4.62449434
4.73480258
4.90460107
5.18238468
5.68420602
6.8413206
9.41172963
1.88670982
2.86729412
3.41988836
3.7477487
3.96518573
4.10975222
4.20767922
4.27899712
4.33674968
4.38961807
4.44425031
4.50657679
4.58333832
4.68330259
4.81973115
5.01368397
5.29402721
5.6984739
6.33842039
7.42837609
2.98208258
3.26253498
3.54233585
3.77068434
3.94571053
4.0757207
4.17323058
4.25000816
4.31528043
4.37624077
4.43893
4.50902653
4.59257997
4.69678753
4.83085495
5.00664305
5.23632661
5.52394414
5.86049558
6.19824233
3.52778902
3.58534763
3.72179021
3.86538151
3.98906887
4.09083722
4.17461518
4.24571889
4.30953171
4.37102794
4.43477944
4.50520928
4.58679336
4.6842594
4.80245597
4.94569753
5.11575431
5.30515285
5.47834182
5.55964373
3.84422192
3.82688535
3.8851847
3.96938774
4.05222449
4.12779577
4.19567348
4.2574827
4.31592772
4.37409701
4.43506983
4.50186243
4.57733603
4.66401089
4.76350879
4.87551581
4.9963639
5.11480675
5.19585081
5.18372063
4.04550584
4.00366362
4.02143094
4.06785465
4.12138708
4.17574561
4.22885957
4.28054259
4.331865
4.38449643
4.44027566
4.50097282
4.56805364
4.64233122
4.72333112
4.8083711
4.89181152
4.96268279
4.99308547
4.94681277
4.18059039
4.13383558
4.1318436
4.15537338
4.18883822
4.22707128
4.2677316
4.30987653
4.35364218
4.39973609
4.44904299
4.50234152
4.56002367
4.62172661
4.68579019
4.7486307
4.80456446
4.84467045
4.8486294
4.79368482
4.27566317
4.23084707
4.21966472
4.22967907
4.2498505
4.2763593
4.30712684
4.3409873
4.37758322
4.41700379
4.45945612
4.50500086
4.55328988
4.60325393
4.65270977
4.69801597
4.73426327
4.75485142
4.74556517
4.6920469
4.34467873
4.30373551
4.28863346
4.29083212
4.30238093
4.32057628
4.3437345
4.37070621
4.40089754
4.43402017
4.46983297
4.50792232
4.54748801
4.5871136
4.62451804
4.65641794
4.67889822
4.68733773
4.67188384
4.62322116
4.39526381
4.35850888
4.34216154
4.33996254
4.34599363
4.35836582
4.37576546
4.39714932
4.42182959
4.44930309
4.47905532
4.51039144
4.54227864
4.57319688
4.60100473
4.62293066
4.63600025
4.63709684
4.61932919
4.57638211
4.43196805
4.39926203
4.38305867
4.37851471
4.38107006
4.38940045
4.40249179
4.41942872
4.43950619
4.46211296
4.48658662
4.51209126
4.53751235
4.56137312
4.58178038
4.59648554
4.60329888
4.60017797
4.58221016
4.54489821
4.45778085
4.42890011
4.41358463
4.40794901
4.40838366
4.41395146
4.42386849
4.43734283
4.45369233
4.47226517
4.49233504
4.51301809
4.53321095
4.55155576
4.56643726
4.57607463
4.57888987
4.57357894
4.55655955
4.52448228
4.47483174
4.44957775
4.4355657
4.4296248
4.42885712
4.43259776
4.44023972
4.45110283
4.46454723
4.4799199
4.49648141
4.51335452
4.52949544
4.54369294
4.5545962
4.56081501
4.56123141
4.55504018
4.53957754
4.51226372
4.48473467
4.46296359
4.45049745
4.44475582
4.44342091
4.44603296
4.45212665
4.46112172
4.47242722
4.4854076
4.49933498
4.5133631
4.526524
4.5377506
4.54592246
4.54996351
4.54909785
4.54286123
4.52925963
4.50627619
4.4887783
4.4704069
4.45962501
4.45439788
4.45293173
4.45494113
4.46008288
4.4678661
4.47774612
4.48910723
4.50123688
4.51332088
4.52446016
4.53371041
4.54013902
4.54291732
4.54152742
4.53575286
4.52413879
4.50513998
4.48806571
4.47306124
4.4640136
4.45945957
4.45813562
4.45992854
4.46460961
4.47176705
4.48089137
4.49137492
4.50250691
4.51348762
4.52346242
4.53157521
4.53703483
4.53920391
4.53776676
4.53271215
4.52308788
4.5078255
4.4836729
4.47201479
4.46464513
4.46076702
4.45970632
4.4615416
4.46615797
4.47321038
4.48220505
4.49251847
4.50341409
4.51407455
4.52365175
4.53133333
4.53642001
4.53841686
4.53717476
4.53288267
4.52513082
4.51342053
4.47686003
4.46839233
4.46243383
4.45902016
4.45816663
4.46017461
4.46503962
4.47246195
4.48193231
4.49277471
4.5041857
4.5152848
4.52517905
4.5330434
4.5382124
4.5402826
4.5392434
4.53550289
4.52929213
4.5208606
4.46929052
4.46319902
4.45767895
4.45397262
4.45292655
4.4550938
4.46054757
4.46897299
4.47977561
4.49215346
4.50515856
4.51776289
4.52893569
4.53773885
4.54343898
4.54563538
4.5444088
4.54042057
4.53470352
4.52867049
4.46345335
4.45752764
4.45037518
4.44493167
4.44290802
4.44510003
4.45157204
4.46187743
4.47521938
4.49055565
4.50667681
4.52228048
4.53605793
4.54680398
4.55355663
4.55576993
4.55352475
4.54775389
4.54035601
4.53446663
)
;

boundaryField
{
    walls
    {
        type            zeroGradient;
    }
    mov_wall
    {
        type            zeroGradient;
    }
    empty
    {
        type            empty;
    }
}


// ************************************************************************* //
