/*--------------------------------*- C++ -*----------------------------------*\
| =========                 |                                                 |
| \\      /  F ield         | OpenFOAM: The Open Source CFD Toolbox           |
|  \\    /   O peration     | Version:  5.x                                   |
|   \\  /    A nd           | Web:      www.OpenFOAM.org                      |
|    \\/     M anipulation  |                                                 |
\*---------------------------------------------------------------------------*/
FoamFile
{
    version     2.0;
    format      ascii;
    class       surfaceScalarField;
    location    "3.9";
    object      phi;
}
// * * * * * * * * * * * * * * * * * * * * * * * * * * * * * * * * * * * * * //

dimensions      [0 3 -1 0 0 0 0];

internalField   nonuniform List<scalar> 
760
(
0.00134817607
-0.00134817785
0.0024576395
-0.00110946342
0.00313513452
-0.000677495022
0.00355971563
-0.000424581098
0.00383225126
-0.000272535626
0.00400945212
-0.000177200865
0.00412521448
-0.000115762359
0.00419921705
-7.40025726e-05
0.00424243234
-4.32152761e-05
0.00426055357
-1.81212285e-05
0.00425562234
4.93123107e-06
0.00422675777
2.88645725e-05
0.00416938939
5.73683828e-05
0.00407358504
9.58043565e-05
0.00391995093
0.000153634108
0.00367201929
0.000247931642
0.00326316023
0.000408859068
0.00257264076
0.000690519467
0.00140850173
0.00116413904
0.00140850173
-5.46955788e-05
-0.00129348226
0.000412592344
-0.00157675135
0.00103002958
-0.00129493225
0.0015787137
-0.000973265217
0.00201483257
-0.000708654487
0.00234477716
-0.000507145448
0.00258511623
-0.000356101426
0.00275126934
-0.000240155681
0.00285456773
-0.000146513666
0.00290179527
-6.53487566e-05
0.00289536656
1.13599523e-05
0.00283293033
9.130081e-05
0.00270712571
0.000183173006
0.00250436372
0.000298566351
0.00220410986
0.000453887968
0.00178090171
0.000671139802
0.00121756799
0.000972192799
0.000552812553
0.0013552749
1.30664747e-05
0.00170388512
0.00142156821
-0.000271734795
-0.00102174746
-0.000221026799
-0.00162745934
7.13675951e-05
-0.00158732665
0.000446285463
-0.00134818308
0.000812489523
-0.00107485854
0.00112929913
-0.000823955049
0.0013820782
-0.000608880484
0.00156800778
-0.000426085257
0.00168837687
-0.000266882759
0.00174468446
-0.000121656338
0.00173678969
1.92547262e-05
0.00166213436
0.000165956149
0.00151571283
0.000329594537
0.0012912542
0.00052302499
0.000985011657
0.000760130512
0.000605009629
0.00105114184
0.000189850695
0.00138735174
-0.000160045086
0.00170517068
-0.000261640634
0.00180548067
0.00115992758
-0.000227941654
-0.000793805805
-0.00036119745
-0.00149420353
-0.00030832838
-0.00164019571
-0.000134821375
-0.00152169009
8.92092243e-05
-0.00129888914
0.000314971724
-0.00104971754
0.000513262873
-0.000807171622
0.000668299903
-0.000581122281
0.00077199022
-0.000370573077
0.000820036021
-0.000169702139
0.000809727571
2.95631837e-05
0.000739200957
0.000236482773
0.000607935611
0.000460859889
0.000419110822
0.000711849779
0.000184524285
0.000994717051
-6.71912065e-05
0.00130285734
-0.000280617562
0.00160077811
-0.000369418488
0.00179397162
-0.000246993635
0.00168305582
0.000912933948
-0.000168965259
-0.000624840547
-0.00035201627
-0.00131115251
-0.0004315578
-0.00156065417
-0.000408909115
-0.00154433877
-0.000319435321
-0.00138836293
-0.000200095321
-0.00116905754
-7.98102102e-05
-0.000927456721
2.15781347e-05
-0.000682510615
9.1428588e-05
-0.000440423528
0.000122135284
-0.000200408837
0.000109757106
4.19413642e-05
5.36456401e-05
0.000292594249
-4.2749069e-05
0.000557254608
-0.000169694086
0.000838794799
-0.000307652477
0.00113267544
-0.000423468662
0.00141867352
-0.000470024893
0.00164733435
-0.000397824833
0.00172177157
-0.00019643103
0.00148166202
0.000716502916
-0.000124192162
-0.00050064839
-0.000308335695
-0.00112700896
-0.000450494186
-0.00141849567
-0.000523204122
-0.00147162883
-0.000535391175
-0.00137617588
-0.000508160942
-0.00119628777
-0.000463157006
-0.00097246065
-0.000418061048
-0.000727606561
-0.000385619113
-0.000472865454
-0.000373912164
-0.000212115787
-0.000386728017
5.47572146e-05
-0.000423459576
0.000329325813
-0.000478356434
0.000612151478
-0.00053917832
0.000899616695
-0.000585818919
0.00117931604
-0.000590512367
0.00142336697
-0.000523085153
0.00157990713
-0.000366699093
0.00156538552
-0.000150585987
0.00126554892
0.00056591693
-9.45729459e-05
-0.000406075446
-0.00026464978
-0.000956932124
-0.000430738446
-0.001252407
-0.00055697702
-0.00134539025
-0.000636793306
-0.00129635959
-0.000678141861
-0.00115493922
-0.000693944026
-0.000956658487
-0.000696929337
-0.00072462124
-0.000697274145
-0.000472520631
-0.000701661838
-0.000207728087
-0.00071286079
6.59561624e-05
-0.000729336433
0.000345801454
-0.000744753865
0.000627568918
-0.000747580345
0.000902443189
-0.000721469933
0.00115320564
-0.000647843417
0.00134974045
-0.000512876941
0.00144494066
-0.000321206289
0.00137371487
-0.000116485704
0.00106082835
0.00044943123
-7.53437377e-05
-0.000330731704
-0.000228206837
-0.000804069028
-0.000398353702
-0.00108226013
-0.00055053958
-0.00119320435
-0.000670626517
-0.00117627264
-0.000757578415
-0.00106798732
-0.000816784892
-0.000897452016
-0.000855587527
-0.000685818605
-0.000880624374
-0.00044748377
-0.000896360391
-0.000191992055
-0.000904270149
7.38659229e-05
-0.000902360371
0.000343891671
-0.00088497226
0.000610180806
-0.000843104201
0.000860575141
-0.000765820219
0.00107592167
-0.000643664758
0.001227585
-0.000475103956
0.00127637985
-0.000276309856
0.00117492077
-9.21328653e-05
0.000876651362
0.000357298372
-6.22883029e-05
-0.00026844339
-0.000198541332
-0.000667816005
-0.000362893681
-0.000917907779
-0.000523850765
-0.00103224726
-0.000664415273
-0.00103570812
-0.00077812897
-0.000954273614
-0.000864812231
-0.000810768759
-0.000927165538
-0.000623465305
-0.000968399747
-0.000406249557
-0.000990721268
-0.000169670517
-0.000994436415
7.75810835e-05
-0.000977525783
0.000326981039
-0.000935695045
0.000568350061
-0.000863101275
0.000787981371
-0.000754123184
0.000966943589
-0.000606626324
0.00108008815
-0.00042695042
0.00109670395
-0.000236038297
0.000984008643
-7.43490256e-05
0.00071496209
0.000282949351
-5.27689657e-05
-0.000215674411
-0.000173812792
-0.000546772177
-0.000327557419
-0.000764163157
-0.000486866009
-0.000872938674
-0.000634380221
-0.000888193895
-0.00076075789
-0.000827895928
-0.000862116697
-0.000709409943
-0.000937654802
-0.000547927206
-0.000987783275
-0.000356121092
-0.00101282401
-0.000144629779
-0.0010122228
7.69798931e-05
-0.000984240728
0.000298998982
-0.000926163095
0.000510272425
-0.000835158843
0.000696977113
-0.000709976113
0.000841760861
-0.000553597343
0.000923709395
-0.000376676988
0.000919783611
-0.000200960053
0.000808291714
-6.08626288e-05
0.000574864666
0.000222086723
-4.52979289e-05
-0.000170376475
-0.000152453972
-0.000439616121
-0.000293299618
-0.00062331751
-0.00044476312
-0.00072147518
-0.000590345867
-0.000742611149
-0.000719473379
-0.000698768401
-0.000826046366
-0.000602836938
-0.000906878233
-0.000467095334
-0.000960347606
-0.000302651727
-0.000985403183
-0.000119574207
-0.000980963185
7.25399052e-05
-0.00094573213
0.000263767946
-0.000878480047
0.000443020352
-0.000778855078
0.000597352141
-0.000648784071
0.000711689848
-0.000494403562
0.000769328891
-0.000328204161
0.000753584221
-0.00017067837
0.000650765934
-5.02806568e-05
0.000454466958
0.000171806064
-3.90621876e-05
-0.00013131429
-0.000133403796
-0.000345274493
-0.000260349965
-0.000496371331
-0.000400388972
-0.000581436175
-0.000538431206
-0.000604568923
-0.000663692797
-0.000573506808
-0.000768938058
-0.00049759166
-0.000849523086
-0.000386510289
-0.000902500945
-0.000249673866
-0.000925934114
-9.61410484e-05
-0.000918488894
6.50946827e-05
-0.000879356207
0.00022463527
-0.000808535341
0.000372199503
-0.000707505278
0.000496322086
-0.000580261702
0.00058444627
-0.000434588348
0.000623655533
-0.0002832483
0.000602244176
-0.000144573367
0.000512091011
-4.17551847e-05
0.000351648786
0.000130050879
-3.36094157e-05
-9.77048847e-05
-0.000115973501
-0.000262910393
-0.000228685878
-0.000383658937
-0.000355331134
-0.000454790911
-0.000482448487
-0.000477451576
-0.00059965665
-0.000456298653
-0.000699324735
-0.000397923571
-0.000776050477
-0.000309784528
-0.000826127622
-0.000199596704
-0.000847124136
-7.51445356e-05
-0.000837646094
5.56166322e-05
-0.00079733221
0.000184321385
-0.00072710253
0.000301969835
-0.00062965643
0.000398876002
-0.000510163474
0.000464953321
-0.000377005147
0.000490497204
-0.000242314872
0.000467553899
-0.000121978238
0.000391754381
-3.47332167e-05
0.000264403773
9.53176665e-05
-2.86574936e-05
-6.9047398e-05
-9.96602264e-05
-0.000191907658
-0.000198116999
-0.00028520215
-0.000310357547
-0.000342550345
-0.00042461605
-0.000363193066
-0.000531265881
-0.00034964883
-0.000622765447
-0.000306424013
-0.000693446623
-0.000239103345
-0.000739258798
-0.00015378451
-0.000757558021
-5.68452998e-05
-0.000747003442
4.50620526e-05
-0.000707597936
0.000144915872
-0.000640884398
0.000235256297
-0.00055027706
0.000308268676
-0.000441462343
0.000356138618
-0.000322745857
0.000371780724
-0.000205166588
0.00034997463
-0.000102185446
0.000288773239
-2.88024202e-05
0.000191020751
6.65152519e-05
-2.39812033e-05
-4.50661898e-05
-8.39974334e-05
-0.000131891436
-0.000168257091
-0.000200942491
-0.000265595476
-0.000245211945
-0.000365935573
-0.000262852952
-0.000460594477
-0.000254989921
-0.000542423518
-0.000224594979
-0.000605821305
-0.000175705565
-0.000646681713
-0.000112924093
-0.000662339362
-4.11876332e-05
-0.000651561313
3.42840149e-05
-0.000614612933
0.00010796749
-0.000553400632
0.000174043991
-0.000471663891
0.000226531937
-0.000375153998
0.000259628736
-0.000271701949
0.000268328686
-0.000171058857
0.000249331545
-8.44170719e-05
0.000202131455
-2.35998689e-05
0.000130203549
4.29153867e-05
-1.9349215e-05
-2.57169599e-05
-6.84700274e-05
-8.27706295e-05
-0.000138506746
-0.000130905779
-0.000220638065
-0.000163080624
-0.000306428393
-0.000177062608
-0.000388228732
-0.000173189566
-0.000459474152
-0.000153349555
-0.00051485979
-0.000120319934
-0.000550429774
-7.73541122e-05
-0.000563627543
-2.7989855e-05
-0.000553348404
2.40048916e-05
-0.000520016414
7.46355095e-05
-0.000465682605
0.000119710181
-0.00039411491
0.000154964238
-0.000310822983
0.000176336811
-0.000222941261
0.000180446973
-0.00013889462
0.000165284913
-6.78135183e-05
0.000131050359
-1.87621149e-05
8.11521479e-05
2.41532731e-05
-1.45055231e-05
-1.12114223e-05
-5.25210994e-05
-4.47550469e-05
-0.000108122803
-7.53040791e-05
-0.000174687784
-9.65156482e-05
-0.000245343225
-0.000106407163
-0.000313520795
-0.000105011981
-0.000373387876
-9.34824604e-05
-0.000420129404
-7.35784035e-05
-0.000450116057
-4.7367465e-05
-0.000461009067
-1.70968466e-05
-0.000451841615
1.48374491e-05
-0.000423096887
4.58907954e-05
-0.000376775957
7.33892585e-05
-0.000316426447
9.46147287e-05
-0.000247079549
0.000106989912
-0.000175030353
0.00010839778
-0.00010740306
9.76576279e-05
-5.14858459e-05
7.51331525e-05
-1.39146219e-05
4.35809294e-05
1.02386519e-05
-9.20280018e-06
-2.00861752e-06
-3.56847316e-05
-1.82730999e-05
-7.6435517e-05
-3.45532868e-05
-0.000126811013
-4.6140155e-05
-0.000181408058
-5.18101224e-05
-0.000234817132
-5.16029016e-05
-0.000282132207
-4.61673717e-05
-0.000319263519
-3.64470803e-05
-0.000343116495
-2.35144869e-05
-0.000351700032
-8.51331295e-06
-0.000344207005
7.34442287e-06
-0.000321084417
2.27682154e-05
-0.000284086147
3.63909998e-05
-0.000236279527
4.6808116e-05
-0.000181958573
5.26689604e-05
-0.000126403748
5.28429564e-05
-7.54285427e-05
4.6682426e-05
-3.46816285e-05
3.43862445e-05
-8.71390798e-06
1.76132156e-05
1.52474565e-06
-3.43752872e-06
1.42890548e-06
-1.80438725e-05
-3.66674012e-06
-4.34060291e-05
-9.19111627e-06
-7.64336583e-05
-1.31125198e-05
-0.000113187149
-1.50566343e-05
-0.000149665107
-1.51249462e-05
-0.000182251534
-1.35809383e-05
-0.000207952831
-1.07457709e-05
-0.000224514079
-6.95322995e-06
-0.000230484748
-2.54264142e-06
-0.000225272638
2.13231051e-06
-0.000209197075
6.69265472e-06
-0.00018353535
1.07292826e-05
-0.000150536804
1.38095795e-05
-0.000113368291
1.5500453e-05
-7.59397603e-05
1.54144288e-05
-4.25472244e-05
1.32898921e-05
-1.72767391e-05
9.11576307e-06
-3.10385773e-06
3.44033993e-06
-1.5791093e-06
1.42889955e-06
-2.23784399e-06
-1.14289558e-05
-2.45414663e-05
-3.95980943e-05
-5.47230415e-05
-6.83039837e-05
-7.90497543e-05
-8.60029781e-05
-8.85456121e-05
-8.64132985e-05
-7.97206448e-05
-6.89913636e-05
-5.51817823e-05
-3.96813249e-05
-2.42668917e-05
-1.09769968e-05
-1.86123223e-06
1.57910927e-06
)
;

boundaryField
{
    walls
    {
        type            calculated;
        value           uniform 0;
    }
    mov_wall
    {
        type            calculated;
        value           uniform 0;
    }
    empty
    {
        type            empty;
        value           nonuniform 0();
    }
}


// ************************************************************************* //
