/*--------------------------------*- C++ -*----------------------------------*\
| =========                 |                                                 |
| \\      /  F ield         | OpenFOAM: The Open Source CFD Toolbox           |
|  \\    /   O peration     | Version:  5.x                                   |
|   \\  /    A nd           | Web:      www.OpenFOAM.org                      |
|    \\/     M anipulation  |                                                 |
\*---------------------------------------------------------------------------*/
FoamFile
{
    version     2.0;
    format      ascii;
    class       volVectorField;
    location    "3.9";
    object      U;
}
// * * * * * * * * * * * * * * * * * * * * * * * * * * * * * * * * * * * * * //

dimensions      [0 1 -1 0 0 0 0];

internalField   nonuniform List<vector> 
400
(
(0.291698335 0.149643913 0)
(0.388187031 0.128007743 0)
(0.557616006 0.075731847 0)
(0.674785671 0.043304448 0)
(0.743766576 0.0251591098 0)
(0.78707501 0.0148802997 0)
(0.815462949 0.00893092259 0)
(0.833939553 0.00530992826 0)
(0.845365456 0.00289956136 0)
(0.85134926 0.00108485297 2.66527056e-34)
(0.852640745 -0.000502852713 -2.66527056e-34)
(0.849354289 -0.00216072027 0)
(0.840973368 -0.00421710594 0)
(0.826113771 -0.0072209862 0)
(0.802020424 -0.0122365012 0)
(0.763538944 -0.02138921 0)
(0.69948889 -0.0388386153 0)
(0.584557334 -0.072273275 0)
(0.407900534 -0.128436308 0)
(0.300688067 -0.152947536 0)
(0.00120412671 0.287432536 0)
(0.0133208623 0.293872208 0)
(0.14004437 0.209904898 0)
(0.264971535 0.142986188 0)
(0.3641777 0.0968019994 0)
(0.440120034 0.0654411305 0)
(0.496541016 0.0439762565 0)
(0.536691048 0.0287011586 0)
(0.56327445 0.017079855 0)
(0.578137329 0.00742308715 0)
(0.582210276 -0.00150101159 0)
(0.575515243 -0.0107977543 0)
(0.55710924 -0.0217346525 0)
(0.524912987 -0.0361396923 0)
(0.475518402 -0.0569634974 0)
(0.404326 -0.0889771518 0)
(0.305687291 -0.139150756 0)
(0.174497788 -0.215275203 0)
(0.0341065826 -0.310801156 0)
(0.0108691556 -0.305909063 0)
(-0.032146786 0.241773982 0)
(-0.0634304163 0.333547223 0)
(-0.0219362584 0.299502539 0)
(0.0505995755 0.240051699 0)
(0.127397339 0.183020829 0)
(0.196818574 0.135454539 0)
(0.254167073 0.0974523523 0)
(0.298088275 0.0668891768 0)
(0.328665653 0.0413758272 0)
(0.346307806 0.0187814623 -2.35797241e-33)
(0.351211298 -0.00280949018 2.35797241e-33)
(0.343126735 -0.0252950449 0)
(0.321277568 -0.0508299462 0)
(0.28443289 -0.0820948303 0)
(0.23132881 -0.122479774 0)
(0.161916756 -0.17565804 0)
(0.079835016 -0.243208456 0)
(-0.00333734494 -0.317981961 0)
(-0.0578531356 -0.366363502 0)
(-0.031389321 -0.270690675 0)
(-0.0261204252 0.182361601 0)
(-0.0666193046 0.316884178 0)
(-0.0735378198 0.330901782 0)
(-0.0481307606 0.295352944 0)
(-0.00567221471 0.244253532 0)
(0.04111244 0.19243176 0)
(0.0845450761 0.145095053 0)
(0.120424303 0.103006639 0)
(0.14658522 0.0651543692 0)
(0.161925456 0.0298884104 2.35546779e-33)
(0.165812798 -0.00469431948 -2.35546779e-33)
(0.157798786 -0.0406696159 0)
(0.137586484 -0.0803027355 0)
(0.105285199 -0.125979578 0)
(0.0620900165 -0.179774806 0)
(0.0116092612 -0.242029715 0)
(-0.0380283836 -0.307764353 0)
(-0.0720490972 -0.359579368 0)
(-0.0711639193 -0.355585636 0)
(-0.0287210569 -0.209178581 0)
(-0.0176296876 0.140767929 0)
(-0.0549165599 0.281827234 0)
(-0.0828630195 0.324484395 0)
(-0.0880762552 0.312396831 0)
(-0.0751197229 0.274442006 0)
(-0.0526276588 0.226778448 0)
(-0.0275118794 0.177302833 0)
(-0.00458012058 0.129145437 0)
(0.0130234628 0.0829123699 0)
(0.0233567716 0.0379330377 -2.94545802e-34)
(0.025309725 -0.00710139053 2.94545802e-34)
(0.0184151888 -0.053799518 0)
(0.00288696934 -0.103801256 0)
(-0.0200872145 -0.158367933 0)
(-0.0477708047 -0.217530719 0)
(-0.0750614666 -0.278347551 0)
(-0.0936267138 -0.3316948 0)
(-0.0922270586 -0.357398866 0)
(-0.0635074683 -0.318879888 0)
(-0.0207312598 -0.162076724 0)
(-0.0116542817 0.11159226 0)
(-0.0431522078 0.243765288 0)
(-0.0782840118 0.29985943 0)
(-0.100579283 0.305000856 0)
(-0.108310615 0.280421288 0)
(-0.105716533 0.240369202 0)
(-0.0975361997 0.193277783 0)
(-0.0877934732 0.143545383 0)
(-0.0795352154 0.0930260851 0)
(-0.0748272406 0.0420752401 0)
(-0.0748481543 -0.00975925162 0)
(-0.0799345969 -0.0632506135 0)
(-0.0895000373 -0.119033269 0)
(-0.101812888 -0.176993438 0)
(-0.11369096 -0.235297915 0)
(-0.120284789 -0.288849068 0)
(-0.115237029 -0.327084779 0)
(-0.0922711166 -0.331566548 0)
(-0.0521876282 -0.275119688 0)
(-0.0142847855 -0.127260097 0)
(-0.00803185698 0.089968025 0)
(-0.0343052869 0.207876711 0)
(-0.070368669 0.267741376 0)
(-0.100959332 0.283509167 0)
(-0.121509128 0.2697538 0)
(-0.133061985 0.237807864 0)
(-0.138135859 0.195384138 0)
(-0.139450264 0.147216503 0)
(-0.139365686 0.095890693 0)
(-0.139599251 0.0425957682 0)
(-0.141114132 -0.0122625593 0)
(-0.144054681 -0.0685401592 0)
(-0.147657223 -0.125824588 0)
(-0.150140612 -0.182787198 0)
(-0.14866775 -0.236314548 0)
(-0.139565535 -0.280390161 0)
(-0.119015759 -0.304900541 0)
(-0.0848747435 -0.294957281 0)
(-0.0422046466 -0.232154474 0)
(-0.0100065907 -0.100709814 0)
(-0.00589819037 0.0731569088 0)
(-0.0280514419 0.175459938 0)
(-0.0624620829 0.233454983 0)
(-0.0961931205 0.254650707 0)
(-0.123784303 0.248662391 0)
(-0.144336464 0.223978336 0)
(-0.158622056 0.18707247 0)
(-0.168069565 0.142434117 0)
(-0.174171027 0.0929433491 0)
(-0.178091667 0.0403533112 0)
(-0.180456276 -0.0142245146 0)
(-0.181230022 -0.069844669 0)
(-0.179647316 -0.125225747 0)
(-0.174205207 -0.178177554 0)
(-0.162809077 -0.224940945 0)
(-0.143212563 -0.259512828 0)
(-0.113841643 -0.273201296 0)
(-0.0753166209 -0.254896358 0)
(-0.0343188987 -0.192925774 0)
(-0.00728498526 -0.07999177 0)
(-0.00459312268 0.0595160182 0)
(-0.0235441702 0.146542624 0)
(-0.0553429948 0.199662165 0)
(-0.0893196793 0.222701645 0)
(-0.120051827 0.221819427 0)
(-0.145609103 0.203131842 0)
(-0.165570664 0.17179656 0)
(-0.180317113 0.131775639 0)
(-0.190531088 0.0859405184 0)
(-0.196813746 0.0363510175 2.9771176e-34)
(-0.199448912 -0.0153915348 -2.9771176e-34)
(-0.198275642 -0.0677566332 0)
(-0.192646164 -0.118867789 0)
(-0.18148936 -0.1660593 0)
(-0.163546095 -0.205440862 0)
(-0.137858734 -0.231577783 0)
(-0.104503399 -0.237504899 0)
(-0.0656637287 -0.215386219 0)
(-0.0281737992 -0.15824984 0)
(-0.00551069049 -0.0634668198 0)
(-0.00373314325 0.0480883423 0)
(-0.0201212342 0.120839402 0)
(-0.0490153902 0.167676448 0)
(-0.0816389831 0.190287507 0)
(-0.112989455 0.192487658 0)
(-0.140680567 0.17855714 4.67988472e-33)
(-0.1635574 0.152465458 0)
(-0.18124629 0.117555005 0)
(-0.193784184 0.0765047501 -4.7406422e-33)
(-0.201296981 0.0314710026 2.26595795e-36)
(-0.203789204 -0.0156743866 4.98649165e-36)
(-0.201035374 -0.0630555857 0)
(-0.192565937 -0.108481573 0)
(-0.17776552 -0.149141419 0)
(-0.156124913 -0.181360919 0)
(-0.127679786 -0.200524254 0)
(-0.0935645728 -0.201318528 0)
(-0.0566770461 -0.178463966 0)
(-0.0233146671 -0.128090137 0)
(-0.00429570511 -0.0500435332 0)
(-0.00311504095 0.0383306343 0)
(-0.0173631164 0.0980508545 0)
(-0.0433176199 0.13812997 0)
(-0.0737180771 0.158979204 0)
(-0.104104456 0.162838229 0)
(-0.131970538 0.152618185 -4.67988472e-33)
(-0.155761619 0.131295709 0)
(-0.174612865 0.101603284 0)
(-0.188100223 0.065929 4.7406422e-33)
(-0.195997426 0.0263693688 1.4910698e-33)
(-0.198111619 -0.0151233113 -1.49832225e-33)
(-0.194204016 -0.0565442355 0)
(-0.183996563 -0.0956260288 0)
(-0.167277176 -0.129654833 0)
(-0.144124397 -0.155368907 0)
(-0.115252467 -0.16902249 0)
(-0.0823814107 -0.166713883 0)
(-0.0485941049 -0.145040219 0)
(-0.0193975964 -0.102103343 0)
(-0.00342090946 -0.0390049993 0)
(-0.00263393616 0.0299262645 0)
(-0.0150226239 0.0779301309 0)
(-0.0380974208 0.111311114 0)
(-0.0658175674 0.129695798 0)
(-0.0942794754 0.134263882 0)
(-0.12104403 0.126925347 0)
(-0.144383612 0.109860574 0)
(-0.163148986 0.0852480517 0)
(-0.176619509 0.0551416444 0)
(-0.184335477 0.021470322 2.99742916e-34)
(-0.185982941 -0.0138813576 -2.99742916e-34)
(-0.181343678 -0.0489515336 0)
(-0.170313965 -0.0815745479 0)
(-0.152999253 -0.109289261 0)
(-0.129891607 -0.129330728 0)
(-0.102114503 -0.138764239 0)
(-0.0716393831 -0.134816133 0)
(-0.0414365965 -0.115407283 0)
(-0.0161843496 -0.0798582182 0)
(-0.00276403315 -0.0298606568 0)
(-0.00223473659 0.0226800236 0)
(-0.0129541267 0.0602838585 0)
(-0.0332381475 0.0873308391 0)
(-0.0580555267 0.102954504 0)
(-0.0840353795 0.107621825 0)
(-0.108906085 0.102520712 0)
(-0.130914082 0.0892086532 0)
(-0.148775833 0.0693818705 0)
(-0.161603549 0.0447501697 0)
(-0.168801288 0.0170067399 3.00137501e-34)
(-0.169993546 -0.0121372076 -3.00137501e-34)
(-0.164999674 -0.040886174 0)
(-0.153857537 -0.0672953698 0)
(-0.136899081 -0.0892416989 0)
(-0.114876636 -0.104468694 0)
(-0.0891189084 -0.110744412 0)
(-0.0616328455 -0.106158111 0)
(-0.0351269766 -0.0895353325 0)
(-0.0135037434 -0.0609264391 0)
(-0.00225327249 -0.0222578253 0)
(-0.00188545614 0.0164662555 0)
(-0.0110624844 0.0449645389 0)
(-0.0286411421 0.066210507 0)
(-0.0504611268 0.0790278216 0)
(-0.0736531608 0.0834123348 0)
(-0.0961641771 0.0800414927 0)
(-0.116305917 0.0699953619 0)
(-0.13276334 0.0545610911 0)
(-0.1445756 0.0351143669 0)
(-0.151082432 0.01307474 0)
(-0.15188789 -0.0100881477 0)
(-0.146853002 -0.032825072 0)
(-0.136119504 -0.0534823485 0)
(-0.120164255 -0.0703098493 0)
(-0.0998793389 -0.0815299435 0)
(-0.0766571202 -0.0854921312 0)
(-0.0524122112 -0.0809235337 0)
(-0.0295300347 -0.0672469471 0)
(-0.0112185737 -0.0449266617 0)
(-0.00184129768 -0.015938104 0)
(-0.00156251743 0.0112077498 0)
(-0.0092698798 0.0318705364 0)
(-0.0242025198 0.0479368754 0)
(-0.042988444 0.0580490727 0)
(-0.0632319119 0.0619115036 0)
(-0.0831208662 0.059855922 0)
(-0.101086245 0.0526055579 0)
(-0.115849129 0.0411071762 0)
(-0.126440926 0.0264236368 0)
(-0.132187237 0.00968561204 0)
(-0.13269763 -0.00791670927 0)
(-0.127870714 -0.0251250437 0)
(-0.117915456 -0.0406102675 0)
(-0.103386532 -0.0529974471 0)
(-0.0852272523 -0.0609386944 0)
(-0.0648019878 -0.0632496849 0)
(-0.0438652627 -0.0591133809 0)
(-0.0244675013 -0.0483249865 0)
(-0.00920309353 -0.0315520046 0)
(-0.00149088402 -0.0107193776 0)
(-0.00124269095 0.00687236878 0)
(-0.00749726269 0.0209539395 0)
(-0.0197996761 0.0325014308 0)
(-0.0355241947 0.0400873004 0)
(-0.0527239622 0.0432717644 0)
(-0.0698331019 0.0421741861 0)
(-0.0854326539 0.0372606221 0)
(-0.0983251668 0.0291991516 0)
(-0.107580782 0.0187673627 0)
(-0.112546719 0.00680864772 0)
(-0.112854332 -0.00578010656 0)
(-0.108431627 -0.0180487521 0)
(-0.0995214462 -0.0289997677 0)
(-0.0867021654 -0.0376160591 0)
(-0.0709039769 -0.0429246695 0)
(-0.0534054931 -0.0441071837 0)
(-0.0357703083 -0.0406592847 0)
(-0.0197281043 -0.0325810765 0)
(-0.00733072861 -0.0205903294 0)
(-0.00116697611 -0.0064922677 0)
(-0.00089988201 0.00347704354 0)
(-0.0056609302 0.0122244298 0)
(-0.0152978455 0.0199179422 0)
(-0.027909193 0.0251886548 0)
(-0.0419708353 0.0275859306 0)
(-0.0561592789 0.0271262718 0)
(-0.0692274779 0.0240986757 0)
(-0.0800968135 0.0189454352 0)
(-0.0879159882 0.0121895957 0)
(-0.0920844166 0.00440206783 0)
(-0.0922681481 -0.00380767439 0)
(-0.0884155107 -0.011792762 0)
(-0.0807724886 -0.0188748721 0)
(-0.0698942025 -0.0243659692 0)
(-0.0566454527 -0.0276151887 0)
(-0.0421770501 -0.0280887015 0)
(-0.0278468992 -0.0254864152 0)
(-0.0150887332 -0.0198866087 0)
(-0.00547449465 -0.011931355 0)
(-0.00083354736 -0.0032219741 0)
(-0.000507507843 0.00108920762 0)
(-0.00368889134 0.0057401407 0)
(-0.0105872236 0.0102223823 0)
(-0.0199879374 0.0134022157 0)
(-0.0307552941 0.0149400967 0)
(-0.0418076544 0.0148327196 0)
(-0.0521004728 0.0132501852 0)
(-0.0607205903 0.0104516814 0)
(-0.0669425796 0.00673881849 0)
(-0.0702538258 0.00243728524 0)
(-0.070371185 -0.00210634988 0)
(-0.0672558382 -0.00652338549 0)
(-0.0611263894 -0.0104252514 0)
(-0.0524664956 -0.0134154675 0)
(-0.042020106 -0.0151167094 0)
(-0.0307626614 -0.0152183487 0)
(-0.0198243286 -0.0135494034 0)
(-0.0103615215 -0.0101761645 0)
(-0.00352670166 -0.00555507342 0)
(-0.000456470393 -0.000945965608 0)
(-6.44914415e-05 -0.000176241605 0)
(-0.00159898886 0.00163661704 0)
(-0.00569518714 0.00359860235 0)
(-0.0117199297 0.0050106802 0)
(-0.018888048 0.00571684744 0)
(-0.0263913873 0.00573382919 0)
(-0.0334549867 0.00514772186 0)
(-0.0394084997 0.00407326869 0)
(-0.0437225462 0.00263489306 0)
(-0.046023882 0.000961863276 0)
(-0.0461058217 -0.000810103663 0)
(-0.0439388699 -0.00253598887 0)
(-0.0396813822 -0.00406056177 0)
(-0.0336869553 -0.00522175466 0)
(-0.0265027358 -0.00586030385 0)
(-0.0188496251 -0.00583829507 0)
(-0.0115675427 -0.00507039336 0)
(-0.00551559616 -0.00357095304 0)
(-0.00148203493 -0.00155258645 0)
(-3.1093263e-05 0.000233977884 0)
(0.000261395368 -0.000255578101 0)
(0.000151439758 0.000102072926 0)
(-0.00117495303 0.000547415478 0)
(-0.00348063116 0.000863516556 0)
(-0.00637558217 0.00102207848 0)
(-0.00946687208 0.00103797719 0)
(-0.0124000357 0.000936218122 0)
(-0.0148817769 0.000743061739 0)
(-0.0166860998 0.000483180712 0)
(-0.0176547246 0.000180088659 1.08300246e-33)
(-0.0176985195 -0.000142307954 -1.08300246e-33)
(-0.0168014855 -0.000458218552 0)
(-0.0150266289 -0.000739019357 0)
(-0.0125219005 -0.000953244539 0)
(-0.00952354874 -0.00106773182 0)
(-0.00635302355 -0.00105052534 0)
(-0.00340014948 -0.000876787636 0)
(-0.00108361529 -0.000539615913 0)
(0.000206110834 -8.25143965e-05 0)
(0.000274563725 0.000266745564 0)
)
;

boundaryField
{
    walls
    {
        type            fixedValue;
        value           uniform (0 0 0);
    }
    mov_wall
    {
        type            fixedValue;
        value           uniform (1 0 0);
    }
    empty
    {
        type            empty;
    }
}


// ************************************************************************* //
