/*--------------------------------*- C++ -*----------------------------------*\
| =========                 |                                                 |
| \\      /  F ield         | OpenFOAM: The Open Source CFD Toolbox           |
|  \\    /   O peration     | Version:  5.x                                   |
|   \\  /    A nd           | Web:      www.OpenFOAM.org                      |
|    \\/     M anipulation  |                                                 |
\*---------------------------------------------------------------------------*/
FoamFile
{
    version     2.0;
    format      ascii;
    class       volScalarField;
    location    "8.1";
    object      p;
}
// * * * * * * * * * * * * * * * * * * * * * * * * * * * * * * * * * * * * * //

dimensions      [0 2 -2 0 0 0 0];

internalField   nonuniform List<scalar> 
400
(
6.16896737e-07
2.45245965
3.49432329
3.89887947
4.10664742
4.22470687
4.29429148
4.34027833
4.37633887
4.41011103
4.44675996
4.49091479
4.54765441
4.62448952
4.73479778
4.90459628
5.18237989
5.6842012
6.84131575
9.41172478
1.88670538
2.86728945
3.41988364
3.74774395
3.96518095
4.10974743
4.20767442
4.27899232
4.33674488
4.38961327
4.4442455
4.50657199
4.58333351
4.68329777
4.81972633
5.01367917
5.29402243
5.69846912
6.33841558
7.42837126
2.98207786
3.26253026
3.54233112
3.77067959
3.94570576
4.07571591
4.17322578
4.25000336
4.31527563
4.37623597
4.43892519
4.50902173
4.59257518
4.69678272
4.83085012
5.00663823
5.23632181
5.52393937
5.8604908
6.19823751
3.52778425
3.58534287
3.72178546
3.86537675
3.98906409
4.09083243
4.17461038
4.24571409
4.30952692
4.37102314
4.43477464
4.50520449
4.58678857
4.68425461
4.80245116
4.9456927
5.11574949
5.30514806
5.47833704
5.55963894
3.84421713
3.82688056
3.88517992
3.96938296
4.05221971
4.12779099
4.19566869
4.2574779
4.31592292
4.37409221
4.43506502
4.50185762
4.57733124
4.66400611
4.76350399
4.87551098
4.99635908
5.11480194
5.19584602
5.18371585
4.04550105
4.00365882
4.02142614
4.06784986
4.12138229
4.17574083
4.22885478
4.28053779
4.3318602
4.38449163
4.44027085
4.50096801
4.56804884
4.64232644
4.72332633
4.80836629
4.8918067
4.96267796
4.99308067
4.94680799
4.18058559
4.13383078
4.1318388
4.15536857
4.18883342
4.22706649
4.26772681
4.30987173
4.35363738
4.39973129
4.44903819
4.50233671
4.56001885
4.62172181
4.68578541
4.74862591
4.80455965
4.84466562
4.84862458
4.79368002
4.27565837
4.23084228
4.21965992
4.22967426
4.24984569
4.27635449
4.30712204
4.3409825
4.37757842
4.41699899
4.45945132
4.50499605
4.55328506
4.60324912
4.65270498
4.69801119
4.73425848
4.7548466
4.74556035
4.69204209
4.34467391
4.30373072
4.28862867
4.29082733
4.30237611
4.32057146
4.34372969
4.37070141
4.40089274
4.43401537
4.46982817
4.50791752
4.5474832
4.58710877
4.62451322
4.65641314
4.67889344
4.68733293
4.67187902
4.62321634
4.39525898
4.35850407
4.34215674
4.33995775
4.34598883
4.358361
4.37576065
4.39714452
4.42182479
4.44929828
4.47905052
4.51038665
4.54227384
4.57319207
4.60099991
4.62292585
4.63599546
4.63709205
4.61932439
4.5763773
4.43196323
4.3992572
4.38305386
4.37850992
4.38106527
4.38939564
4.40248698
4.4194239
4.43950138
4.46210815
4.48658182
4.51208646
4.53750756
4.56136832
4.58177556
4.59648071
4.60329407
4.60017317
4.58220536
4.54489341
4.45777605
4.42889529
4.4135798
4.4079442
4.40837887
4.41394667
4.42386369
4.43733801
4.45368751
4.47226036
4.49233023
4.51301328
4.53320616
4.55155097
4.56643246
4.57606981
4.57888505
4.57357413
4.55655475
4.52447749
4.47482695
4.44957294
4.43556087
4.42961997
4.42885231
4.43259298
4.44023493
4.45109803
4.46454242
4.47991508
4.4964766
4.51334971
4.52949063
4.54368814
4.55459141
4.56081021
4.5612266
4.55503536
4.53957273
4.51225892
4.48472988
4.4629588
4.45049264
4.44475099
4.44341608
4.44602815
4.45212186
4.46111693
4.47242242
4.48540279
4.49933017
4.51335829
4.52651918
4.53774579
4.54591767
4.54995871
4.54909305
4.54285642
4.52925482
4.50627139
4.48877349
4.47040211
4.45962023
4.45439307
4.4529269
4.4549363
4.46007807
4.46786131
4.47774132
4.48910243
4.50123208
4.51331607
4.52445534
4.53370559
4.54013422
4.54291253
4.54152262
4.53574805
4.52413398
4.50513517
4.48806088
4.47305644
4.46400882
4.45945479
4.45813081
4.45992371
4.46460479
4.47176225
4.48088657
4.49137013
4.50250211
4.51348282
4.52345761
4.53157039
4.53703002
4.5391991
4.53776196
4.53270735
4.52308307
4.50782069
4.48366807
4.47200995
4.46464033
4.46076224
4.45970154
4.46153679
4.46615314
4.47320556
4.48220024
4.49251367
4.50340929
4.51406976
4.52364695
4.53132852
4.53641519
4.53841204
4.53716996
4.53287787
4.52512602
4.51341572
4.47685522
4.46838748
4.462429
4.45901535
4.45816185
4.46016982
4.46503482
4.47245713
4.4819275
4.49276989
4.5041809
4.51528
4.52517425
4.5330386
4.53820759
4.54027779
4.53923859
4.53549808
4.52928732
4.5208558
4.46928574
4.4631942
4.45767411
4.45396779
4.45292174
4.455089
4.46054278
4.46896819
4.4797708
4.49214865
4.50515375
4.51775808
4.52893088
4.53773405
4.54343417
4.54563057
4.54440399
4.54041576
4.53469872
4.52866568
4.46344859
4.45752286
4.45037036
4.44492684
4.4429032
4.44509521
4.45156725
4.46187264
4.47521458
4.49055084
4.506672
4.52227567
4.53605312
4.54679918
4.55355183
4.55576513
4.55351995
4.54774908
4.5403512
4.53446182
)
;

boundaryField
{
    walls
    {
        type            zeroGradient;
    }
    mov_wall
    {
        type            zeroGradient;
    }
    empty
    {
        type            empty;
    }
}


// ************************************************************************* //
