/*--------------------------------*- C++ -*----------------------------------*\
| =========                 |                                                 |
| \\      /  F ield         | OpenFOAM: The Open Source CFD Toolbox           |
|  \\    /   O peration     | Version:  5.x                                   |
|   \\  /    A nd           | Web:      www.OpenFOAM.org                      |
|    \\/     M anipulation  |                                                 |
\*---------------------------------------------------------------------------*/
FoamFile
{
    version     2.0;
    format      ascii;
    class       surfaceScalarField;
    location    "8.1";
    object      phi;
}
// * * * * * * * * * * * * * * * * * * * * * * * * * * * * * * * * * * * * * //

dimensions      [0 3 -1 0 0 0 0];

internalField   nonuniform List<scalar> 
760
(
0.00134817678
-0.00134817708
0.00245763985
-0.00110946307
0.00313513473
-0.000677494872
0.00355971575
-0.000424581019
0.00383225134
-0.000272535584
0.00400945217
-0.000177200843
0.00412521452
-0.000115762347
0.00419921708
-7.40025665e-05
0.00424243236
-4.32152733e-05
0.0042605536
-1.81212272e-05
0.00425562236
4.93123168e-06
0.00422675778
2.88645724e-05
0.0041693894
5.73683827e-05
0.00407358505
9.58043571e-05
0.00391995094
0.000153634109
0.0036720193
0.000247931642
0.00326316023
0.000408859066
0.00257264077
0.000690519463
0.00140850173
0.00116413904
0.00140850173
-5.46951835e-05
-0.00129348189
0.000412592735
-0.00157675099
0.00103002988
-0.00129493202
0.00157871393
-0.000973265067
0.00201483274
-0.000708654394
0.00234477729
-0.000507145391
0.00258511634
-0.000356101391
0.00275126943
-0.00024015566
0.00285456781
-0.000146513653
0.00290179533
-6.53487489e-05
0.00289536661
1.13599575e-05
0.00283293037
9.13008136e-05
0.00270712574
0.000183173009
0.00250436375
0.000298566352
0.00220410989
0.00045388797
0.00178090173
0.000671139804
0.001217568
0.000972192801
0.000552812562
0.0013552749
1.306648e-05
0.00170388512
0.00142156821
-0.000271734618
-0.00102174727
-0.000221026541
-0.00162745907
7.13678538e-05
-0.00158732642
0.000446285695
-0.00134818291
0.000812489722
-0.00107485842
0.0011292993
-0.000823954965
0.00138207834
-0.000608880427
0.0015680079
-0.000426085219
0.00168837697
-0.000266882733
0.00174468455
-0.000121656321
0.00173678977
1.92547396e-05
0.00166213443
0.000165956159
0.00151571289
0.000329594545
0.00129125424
0.000523024997
0.000985011692
0.000760130518
0.000605009654
0.00105114184
0.000189850711
0.00138735175
-0.000160045076
0.00170517069
-0.000261640628
0.00180548067
0.00115992758
-0.00022794157
-0.000793805701
-0.000361197292
-0.00149420334
-0.000308328189
-0.00164019552
-0.000134821178
-0.00152168992
8.9209411e-05
-0.00129888901
0.000314971894
-0.00104971744
0.000513263024
-0.000807171552
0.000668300036
-0.00058112223
0.000771990338
-0.000370573039
0.000820036125
-0.00016970211
0.000809727661
2.95632062e-05
0.000739201034
0.000236482792
0.000607935676
0.000460859906
0.000419110876
0.000711849794
0.000184524327
0.000994717064
-6.71911763e-05
0.00130285735
-0.000280617543
0.00160077812
-0.000369418478
0.00179397162
-0.00024699363
0.00168305583
0.000912933949
-0.000168965216
-0.000624840488
-0.000352016175
-0.00131115238
-0.000431557668
-0.00156065402
-0.000408908963
-0.00154433863
-0.000319435163
-0.00138836281
-0.000200095166
-0.00116905744
-7.98100654e-05
-0.000927456647
2.15782669e-05
-0.000682510557
9.14287082e-05
-0.000440423481
0.000122135393
-0.0002004088
0.000109757202
4.19413955e-05
5.36457219e-05
0.000292594277
-4.27490004e-05
0.000557254634
-0.000169694029
0.000838794824
-0.000307652431
0.00113267546
-0.000423468629
0.00141867354
-0.000470024872
0.00164733436
-0.000397824823
0.00172177158
-0.000196431026
0.00148166203
0.00071650292
-0.000124192139
-0.000500648353
-0.000308335637
-0.00112700887
-0.000450494095
-0.00141849556
-0.000523204009
-0.00147162872
-0.000535391049
-0.00137617578
-0.00050816081
-0.00119628768
-0.000463156877
-0.000972460578
-0.000418060925
-0.000727606501
-0.000385619
-0.000472865403
-0.00037391206
-0.000212115743
-0.000386727923
5.47572533e-05
-0.000423459495
0.000329325849
-0.000478356366
0.000612151512
-0.000539178265
0.000899616728
-0.000585818875
0.00117931607
-0.000590512334
0.001423367
-0.000523085131
0.00157990716
-0.000366699083
0.00156538554
-0.000150585984
0.00126554894
0.000565916935
-9.45729344e-05
-0.000406075422
-0.000264649744
-0.000956932064
-0.000430738384
-0.00125240691
-0.000556976937
-0.00134539016
-0.000636793209
-0.0012963595
-0.000678141755
-0.00115493914
-0.000693943916
-0.00095665842
-0.00069692923
-0.000724621183
-0.000697274044
-0.00047252058
-0.000701661746
-0.000207728039
-0.000712860705
6.59562067e-05
-0.000729336358
0.000345801496
-0.000744753802
0.000627568958
-0.000747580294
0.000902443229
-0.000721469894
0.00115320568
-0.000647843387
0.00134974049
-0.00051287692
0.00144494069
-0.000321206279
0.00137371489
-0.000116485702
0.00106082837
0.000449431237
-7.53437328e-05
-0.000330731688
-0.000228206815
-0.000804068987
-0.00039835366
-0.00108226007
-0.000550539521
-0.00119320429
-0.000670626445
-0.00117627257
-0.000757578334
-0.00106798726
-0.000816784805
-0.000897451957
-0.000855587438
-0.000685818551
-0.000880624289
-0.000447483721
-0.000896360313
-0.000191992006
-0.000904270077
7.38659705e-05
-0.000902360306
0.000343891717
-0.000884972205
0.000610180852
-0.000843104157
0.000860575186
-0.000765820185
0.00107592171
-0.000643664733
0.00122758504
-0.000475103938
0.00127637989
-0.000276309846
0.0011749208
-9.21328634e-05
0.000876651381
0.00035729838
-6.22883017e-05
-0.00026844338
-0.000198541319
-0.000667815976
-0.000362893653
-0.000917907738
-0.000523850723
-0.00103224722
-0.000664415221
-0.00103570807
-0.000778128911
-0.000954273562
-0.000864812166
-0.000810768707
-0.000927165469
-0.000623465256
-0.00096839968
-0.00040624951
-0.000990721205
-0.000169670471
-0.000994436358
7.75811318e-05
-0.000977525731
0.000326981088
-0.000935694999
0.00056835011
-0.000863101237
0.00078798142
-0.000754123156
0.000966943636
-0.000606626304
0.0010800882
-0.000426950405
0.00109670399
-0.000236038289
0.000984008675
-7.4349023e-05
0.00071496211
0.000282949359
-5.27689656e-05
-0.000215674406
-0.000173812788
-0.000546772158
-0.000327557404
-0.000764163128
-0.000486865981
-0.00087293864
-0.000634380185
-0.000888193859
-0.000760757849
-0.000827895889
-0.000862116653
-0.000709409901
-0.000937654755
-0.000547927162
-0.000987783226
-0.000356121048
-0.00101282396
-0.000144629734
-0.00101222276
7.697994e-05
-0.000984240691
0.000298999032
-0.000926163061
0.000510272476
-0.000835158814
0.000696977164
-0.00070997609
0.000841760909
-0.000553597327
0.000923709441
-0.000376676977
0.000919783652
-0.000200960046
0.000808291746
-6.08626259e-05
0.000574864687
0.00022208673
-4.5297928e-05
-0.000170376473
-0.000152453971
-0.00043961611
-0.000293299613
-0.00062331749
-0.000444763106
-0.000721475154
-0.000590345845
-0.000742611121
-0.000719473353
-0.000698768372
-0.000826046339
-0.000602836905
-0.000906878204
-0.000467095297
-0.000960347575
-0.000302651686
-0.000985403152
-0.000119574165
-0.000980963157
7.25399496e-05
-0.000945732106
0.000263767993
-0.000878480025
0.000443020402
-0.000778855058
0.000597352191
-0.000648784054
0.000711689896
-0.00049440355
0.000769328935
-0.000328204153
0.00075358426
-0.000170678365
0.000650765966
-5.02806543e-05
0.000454466979
0.000171806071
-3.90621861e-05
-0.00013131429
-0.000133403798
-0.000345274488
-0.000260349966
-0.000496371318
-0.000400388969
-0.000581436157
-0.000538431197
-0.000604568901
-0.000663692784
-0.000573506785
-0.000768938044
-0.000497591635
-0.000849523072
-0.000386510259
-0.00090250093
-0.00024967383
-0.000925934098
-9.61410096e-05
-0.000918488878
6.5094724e-05
-0.000879356193
0.000224635314
-0.000808535329
0.00037219955
-0.000707505266
0.000496322134
-0.000580261691
0.000584446316
-0.00043458834
0.000623655576
-0.000283248293
0.000602244213
-0.000144573363
0.000512091041
-4.17551832e-05
0.000351648805
0.000130050886
-3.36094155e-05
-9.77048835e-05
-0.000115973503
-0.00026291039
-0.000228685883
-0.00038365893
-0.00035533114
-0.000454790898
-0.00048244849
-0.000477451558
-0.00059965665
-0.000456298634
-0.000699324732
-0.00039792355
-0.000776050475
-0.000309784504
-0.000826127621
-0.000199596675
-0.000847124133
-7.51445015e-05
-0.00083764609
5.56166696e-05
-0.000797332206
0.000184321425
-0.000727102526
0.000301969877
-0.000629656426
0.000398876045
-0.000510163469
0.000464953364
-0.000377005142
0.000490497244
-0.000242314867
0.000467553933
-0.000121978235
0.000391754408
-3.4733216e-05
0.00026440379
9.53176733e-05
-2.86574964e-05
-6.90473952e-05
-9.966023e-05
-0.000191907656
-0.000198117005
-0.000285202147
-0.000310357557
-0.000342550338
-0.000424616061
-0.000363193053
-0.000531265891
-0.000349648813
-0.000622765454
-0.000306423994
-0.00069344663
-0.000239103325
-0.000739258806
-0.000153784486
-0.000757558028
-5.68452716e-05
-0.000747003448
4.50620848e-05
-0.000707597939
0.000144915906
-0.000640884399
0.000235256333
-0.000550277061
0.000308268713
-0.000441462343
0.000356138655
-0.000322745854
0.000371780759
-0.000205166585
0.00034997466
-0.000102185443
0.000288773262
-2.88024197e-05
0.000191020766
6.65152576e-05
-2.39812089e-05
-4.50661868e-05
-8.39974396e-05
-0.000131891432
-0.000168257098
-0.000200942487
-0.000265595487
-0.00024521194
-0.000365935588
-0.000262852944
-0.000460594493
-0.000254989908
-0.000542423534
-0.000224594963
-0.000605821319
-0.000175705547
-0.000646681727
-0.000112924074
-0.000662339375
-4.11876107e-05
-0.000651561325
3.42840409e-05
-0.000614612942
0.000107967518
-0.000553400638
0.000174044021
-0.000471663895
0.000226531967
-0.000375154
0.000259628766
-0.000271701949
0.000268328715
-0.000171058855
0.000249331569
-8.44170697e-05
0.000202131474
-2.35998682e-05
0.000130203561
4.29153911e-05
-1.93492205e-05
-2.57169585e-05
-6.84700364e-05
-8.27706242e-05
-0.000138506756
-0.000130905773
-0.000220638076
-0.000163080619
-0.000306428408
-0.000177062603
-0.000388228751
-0.000173189558
-0.000459474172
-0.000153349544
-0.000514859809
-0.00012031992
-0.000550429792
-7.73540963e-05
-0.00056362756
-2.79898375e-05
-0.000553348419
2.40049112e-05
-0.000520016427
7.46355314e-05
-0.000465682614
0.000119710204
-0.000394114915
0.000154964261
-0.000310822985
0.000176336834
-0.000222941261
0.000180446995
-0.000138894619
0.000165284932
-6.78135164e-05
0.000131050374
-1.87621139e-05
8.11521572e-05
2.41532762e-05
-1.45055257e-05
-1.12114229e-05
-5.2521109e-05
-4.47550428e-05
-0.000108122815
-7.53040728e-05
-0.000174687797
-9.65156419e-05
-0.00024534324
-0.000106407158
-0.000313520813
-0.000105011976
-0.000373387897
-9.34824532e-05
-0.000420129425
-7.35783938e-05
-0.000450116076
-4.73674535e-05
-0.000461009084
-1.7096834e-05
-0.00045184163
1.48374628e-05
-0.0004230969
4.58908104e-05
-0.000376775966
7.33892745e-05
-0.000316426453
9.46147449e-05
-0.000247079552
0.000106989928
-0.000175030353
0.000108397795
-0.000107403059
9.76576408e-05
-5.14858441e-05
7.51331627e-05
-1.39146208e-05
4.35809359e-05
1.02386539e-05
-9.20279929e-06
-2.0086188e-06
-3.56847392e-05
-1.82730984e-05
-7.64355287e-05
-3.45532829e-05
-0.000126811026
-4.61401497e-05
-0.000181408071
-5.18101173e-05
-0.000234817147
-5.16028973e-05
-0.000282132224
-4.61673677e-05
-0.000319263536
-3.64470751e-05
-0.000343116512
-2.35144804e-05
-0.000351700047
-8.51330558e-06
-0.000344207018
7.34443076e-06
-0.000321084428
2.27682239e-05
-0.000284086155
3.63910089e-05
-0.000236279532
4.68081254e-05
-0.000181958575
5.26689694e-05
-0.000126403748
5.28429647e-05
-7.54285412e-05
4.66824331e-05
-3.46816267e-05
3.43862502e-05
-8.71390706e-06
1.76132193e-05
1.52474677e-06
-3.43752635e-06
1.42890515e-06
-1.80438767e-05
-3.66674263e-06
-4.34060372e-05
-9.19111776e-06
-7.64336686e-05
-1.3112519e-05
-0.00011318716
-1.50566316e-05
-0.000149665118
-1.51249433e-05
-0.000182251546
-1.35809362e-05
-0.000207952843
-1.07457693e-05
-0.000224514091
-6.95322836e-06
-0.000230484759
-2.54263949e-06
-0.000225272647
2.13231277e-06
-0.000209197083
6.69265736e-06
-0.000183535356
1.07292857e-05
-0.000150536808
1.38095829e-05
-0.000113368292
1.55004562e-05
-7.59397594e-05
1.54144315e-05
-4.25472226e-05
1.32898942e-05
-1.72767373e-05
9.11576459e-06
-3.10385714e-06
3.44034084e-06
-1.57910933e-06
1.42890008e-06
-2.23784382e-06
-1.14289574e-05
-2.45414702e-05
-3.95980995e-05
-5.47230466e-05
-6.83039884e-05
-7.90497589e-05
-8.60029825e-05
-8.85456163e-05
-8.64133019e-05
-7.97206476e-05
-6.89913657e-05
-5.51817835e-05
-3.96813249e-05
-2.42668907e-05
-1.09769954e-05
-1.8612311e-06
1.57910932e-06
)
;

boundaryField
{
    walls
    {
        type            calculated;
        value           uniform 0;
    }
    mov_wall
    {
        type            calculated;
        value           uniform 0;
    }
    empty
    {
        type            empty;
        value           nonuniform 0();
    }
}


// ************************************************************************* //
