/*--------------------------------*- C++ -*----------------------------------*\
| =========                 |                                                 |
| \\      /  F ield         | OpenFOAM: The Open Source CFD Toolbox           |
|  \\    /   O peration     | Version:  5.x                                   |
|   \\  /    A nd           | Web:      www.OpenFOAM.org                      |
|    \\/     M anipulation  |                                                 |
\*---------------------------------------------------------------------------*/
FoamFile
{
    version     2.0;
    format      ascii;
    class       volVectorField;
    location    "8.1";
    object      U;
}
// * * * * * * * * * * * * * * * * * * * * * * * * * * * * * * * * * * * * * //

dimensions      [0 1 -1 0 0 0 0];

internalField   nonuniform List<vector> 
400
(
(0.291698419 0.149643823 0)
(0.388187162 0.128007696 0)
(0.557616067 0.0757318271 0)
(0.674785701 0.0433044387 0)
(0.743766595 0.0251591052 0)
(0.787075022 0.0148802976 0)
(0.815462958 0.00893092159 0)
(0.83393956 0.00530992785 0)
(0.845365462 0.00289956125 0)
(0.851349264 0.00108485296 2.66526767e-34)
(0.852640749 -0.000502852687 -2.66526767e-34)
(0.849354292 -0.00216072021 0)
(0.84097337 -0.00421710587 0)
(0.826113773 -0.00722098617 0)
(0.802020426 -0.0122365012 0)
(0.763538946 -0.02138921 0)
(0.699488891 -0.0388386151 0)
(0.584557335 -0.0722732746 0)
(0.407900534 -0.128436308 0)
(0.300688067 -0.152947536 0)
(0.00120418003 0.287432408 0)
(0.0133209563 0.293872125 0)
(0.14004444 0.209904854 0)
(0.264971586 0.142986163 0)
(0.364177739 0.0968019852 0)
(0.440120064 0.0654411225 0)
(0.496541039 0.043976252 0)
(0.536691066 0.0287011562 0)
(0.563274465 0.0170798537 0)
(0.578137342 0.00742308645 0)
(0.582210287 -0.001501012 0)
(0.575515252 -0.0107977545 0)
(0.557109248 -0.0217346526 0)
(0.524912994 -0.0361396923 0)
(0.475518407 -0.0569634974 0)
(0.404326004 -0.0889771519 0)
(0.305687294 -0.139150755 0)
(0.17449779 -0.215275202 0)
(0.0341065836 -0.310801156 0)
(0.0108691559 -0.305909063 0)
(-0.032146764 0.241773922 0)
(-0.0634303675 0.33354716 0)
(-0.021936205 0.29950249 0)
(0.050599625 0.240051665 0)
(0.127397382 0.183020807 0)
(0.19681861 0.135454524 0)
(0.254167103 0.097452343 0)
(0.2980883 0.0668891708 0)
(0.328665675 0.0413758233 0)
(0.346307825 0.0187814599 -2.35796984e-33)
(0.351211314 -0.00280949191 2.35796984e-33)
(0.343126749 -0.0252950462 0)
(0.32127758 -0.0508299471 0)
(0.2844329 -0.082094831 0)
(0.231328818 -0.122479775 0)
(0.161916762 -0.17565804 0)
(0.0798350201 -0.243208457 0)
(-0.00333734242 -0.317981961 0)
(-0.0578531343 -0.366363502 0)
(-0.0313893206 -0.270690675 0)
(-0.0261204156 0.182361574 0)
(-0.0666192787 0.316884134 0)
(-0.0735377835 0.330901739 0)
(-0.0481307209 0.295352909 0)
(-0.00567217595 0.244253506 0)
(0.0411124758 0.192431741 0)
(0.0845451081 0.14509504 0)
(0.120424331 0.10300663 0)
(0.146585245 0.0651543627 0)
(0.161925478 0.0298884058 2.35546522e-33)
(0.165812818 -0.00469432304 -2.35546522e-33)
(0.157798802 -0.0406696189 0)
(0.137586498 -0.080302738 0)
(0.105285211 -0.12597958 0)
(0.0620900261 -0.179774808 0)
(0.0116092685 -0.242029717 0)
(-0.0380283787 -0.307764354 0)
(-0.0720490943 -0.359579369 0)
(-0.071163918 -0.355585637 0)
(-0.0287210566 -0.20917858 0)
(-0.0176296833 0.140767914 0)
(-0.0549165458 0.281827203 0)
(-0.0828629959 0.32448436 0)
(-0.0880762259 0.3123968 0)
(-0.0751196913 0.274441981 0)
(-0.0526276271 0.226778428 0)
(-0.0275118493 0.177302819 0)
(-0.0045800928 0.129145425 0)
(0.0130234881 0.0829123613 0)
(0.0233567945 0.037933031 -2.94545481e-34)
(0.0253097454 -0.00710139596 2.94545481e-34)
(0.0184152066 -0.0537995228 0)
(0.00288698441 -0.103801261 0)
(-0.0200872019 -0.158367937 0)
(-0.0477707945 -0.217530723 0)
(-0.0750614588 -0.278347554 0)
(-0.0936267084 -0.331694803 0)
(-0.0922270555 -0.357398869 0)
(-0.0635074671 -0.31887989 0)
(-0.0207312595 -0.162076724 0)
(-0.0116542797 0.111592251 0)
(-0.0431521999 0.243765267 0)
(-0.0782839966 0.299859403 0)
(-0.100579262 0.30500083 0)
(-0.108310591 0.280421266 0)
(-0.105716507 0.240369183 0)
(-0.0975361733 0.193277768 0)
(-0.0877934478 0.143545371 0)
(-0.0795351918 0.0930260752 0)
(-0.0748272189 0.0420752318 0)
(-0.0748481345 -0.00975925871 0)
(-0.0799345794 -0.0632506199 0)
(-0.0895000224 -0.119033275 0)
(-0.101812875 -0.176993443 0)
(-0.11369095 -0.23529792 0)
(-0.120284782 -0.288849073 0)
(-0.115237024 -0.327084783 0)
(-0.0922711135 -0.331566552 0)
(-0.052187627 -0.275119691 0)
(-0.0142847853 -0.127260098 0)
(-0.00803185609 0.0899680192 0)
(-0.0343052825 0.207876697 0)
(-0.0703686592 0.267741357 0)
(-0.100959317 0.283509147 0)
(-0.12150911 0.269753781 0)
(-0.133061965 0.237807847 0)
(-0.138135837 0.195384124 0)
(-0.139450242 0.147216491 0)
(-0.139365665 0.0958906827 0)
(-0.139599232 0.0425957589 0)
(-0.141114114 -0.0122625677 0)
(-0.144054665 -0.068540167 0)
(-0.147657209 -0.125824595 0)
(-0.150140601 -0.182787206 0)
(-0.148667741 -0.236314556 0)
(-0.139565528 -0.280390167 0)
(-0.119015754 -0.304900546 0)
(-0.0848747405 -0.294957286 0)
(-0.0422046454 -0.232154477 0)
(-0.0100065905 -0.100709815 0)
(-0.00589819007 0.073156905 0)
(-0.0280514394 0.175459928 0)
(-0.0624620765 0.233454969 0)
(-0.0961931101 0.254650692 0)
(-0.123784289 0.248662376 0)
(-0.144336448 0.223978322 0)
(-0.158622039 0.187072458 0)
(-0.168069547 0.142434106 0)
(-0.174171009 0.0929433389 0)
(-0.178091651 0.0403533016 0)
(-0.180456261 -0.0142245239 0)
(-0.181230008 -0.0698446779 0)
(-0.179647304 -0.125225755 0)
(-0.174205197 -0.178177562 0)
(-0.162809069 -0.224940953 0)
(-0.143212557 -0.259512835 0)
(-0.113841638 -0.273201303 0)
(-0.0753166182 -0.254896364 0)
(-0.0343188976 -0.192925778 0)
(-0.00728498509 -0.0799917715 0)
(-0.00459312268 0.0595160157 0)
(-0.0235441691 0.146542618 0)
(-0.0553429909 0.199662156 0)
(-0.0893196723 0.222701634 0)
(-0.120051817 0.221819416 0)
(-0.145609091 0.20313183 0)
(-0.165570651 0.171796549 0)
(-0.1803171 0.131775628 0)
(-0.190531074 0.0859405087 0)
(-0.196813733 0.0363510079 2.97711439e-34)
(-0.1994489 -0.0153915445 -2.97711439e-34)
(-0.198275632 -0.0677566429 0)
(-0.192646155 -0.118867798 0)
(-0.181489352 -0.166059309 0)
(-0.163546088 -0.205440871 0)
(-0.137858729 -0.231577792 0)
(-0.104503395 -0.237504907 0)
(-0.0656637265 -0.215386225 0)
(-0.0281737981 -0.158249844 0)
(-0.00551069029 -0.0634668213 0)
(-0.00373314334 0.0480883409 0)
(-0.0201212339 0.120839398 0)
(-0.0490153883 0.167676441 0)
(-0.0816389788 0.190287499 0)
(-0.112989448 0.192487649 0)
(-0.14068056 0.178557131 4.67987958e-33)
(-0.163557392 0.152465449 0)
(-0.181246281 0.117554995 0)
(-0.193784174 0.076504741 -4.74063706e-33)
(-0.201296971 0.0314709935 2.26595905e-36)
(-0.203789195 -0.0156743962 4.98649144e-36)
(-0.201035366 -0.0630555957 0)
(-0.19256593 -0.108481584 0)
(-0.177765514 -0.149141429 0)
(-0.156124908 -0.181360928 0)
(-0.127679783 -0.200524263 0)
(-0.0935645701 -0.201318537 0)
(-0.0566770443 -0.178463972 0)
(-0.0233146662 -0.128090141 0)
(-0.00429570491 -0.0500435347 0)
(-0.00311504098 0.0383306337 0)
(-0.0173631164 0.0980508516 0)
(-0.0433176194 0.138129966 0)
(-0.0737180751 0.158979199 0)
(-0.104104452 0.162838223 0)
(-0.131970533 0.152618179 -4.67987958e-33)
(-0.155761613 0.131295702 0)
(-0.17461286 0.101603276 0)
(-0.188100217 0.0659289916 4.74063706e-33)
(-0.195997419 0.0263693601 1.49106819e-33)
(-0.198111613 -0.0151233205 -1.49832064e-33)
(-0.194204011 -0.0565442453 0)
(-0.183996558 -0.095626039 0)
(-0.167277172 -0.129654844 0)
(-0.144124394 -0.155368917 0)
(-0.115252465 -0.169022499 0)
(-0.0823814087 -0.166713891 0)
(-0.0485941036 -0.145040225 0)
(-0.0193975957 -0.102103348 0)
(-0.00342090929 -0.0390050008 0)
(-0.00263393611 0.0299262644 0)
(-0.0150226241 0.0779301293 0)
(-0.0380974212 0.111311111 0)
(-0.0658175673 0.129695793 0)
(-0.0942794743 0.134263877 0)
(-0.121044028 0.126925342 0)
(-0.144383609 0.109860568 0)
(-0.163148983 0.085248045 0)
(-0.176619506 0.0551416368 0)
(-0.184335474 0.0214703138 2.99742594e-34)
(-0.185982938 -0.0138813663 -2.99742594e-34)
(-0.181343675 -0.0489515428 0)
(-0.170313963 -0.0815745577 0)
(-0.152999251 -0.109289271 0)
(-0.129891604 -0.129330738 0)
(-0.102114501 -0.138764248 0)
(-0.0716393816 -0.134816141 0)
(-0.0414365955 -0.11540729 0)
(-0.0161843491 -0.0798582223 0)
(-0.00276403304 -0.0298606583 0)
(-0.0022347366 0.0226800234 0)
(-0.012954127 0.0602838577 0)
(-0.0332381483 0.0873308372 0)
(-0.0580555277 0.102954501 0)
(-0.0840353804 0.107621821 0)
(-0.108906085 0.102520708 0)
(-0.130914081 0.0892086486 0)
(-0.148775833 0.0693818651 0)
(-0.161603548 0.0447501632 0)
(-0.168801287 0.0170067326 3.00137179e-34)
(-0.169993545 -0.0121372155 -3.00137179e-34)
(-0.164999673 -0.0408861825 0)
(-0.153857536 -0.0672953787 0)
(-0.13689908 -0.0892417081 0)
(-0.114876635 -0.104468703 0)
(-0.0891189073 -0.11074442 0)
(-0.0616328444 -0.106158118 0)
(-0.0351269757 -0.0895353381 0)
(-0.013503743 -0.0609264429 0)
(-0.00225327241 -0.0222578267 0)
(-0.00188545635 0.0164662551 0)
(-0.011062485 0.0449645384 0)
(-0.0286411432 0.066210506 0)
(-0.0504611284 0.0790278197 0)
(-0.0736531629 0.0834123319 0)
(-0.0961641792 0.0800414892 0)
(-0.116305918 0.069995358 0)
(-0.132763342 0.0545610867 0)
(-0.144575601 0.0351143616 0)
(-0.151082434 0.0130747338 0)
(-0.151887891 -0.0100881548 0)
(-0.146853003 -0.0328250795 0)
(-0.136119505 -0.0534823564 0)
(-0.120164255 -0.0703098574 0)
(-0.0998793389 -0.0815299515 0)
(-0.0766571199 -0.0854921387 0)
(-0.0524122106 -0.0809235402 0)
(-0.0295300341 -0.0672469521 0)
(-0.0112185733 -0.044926665 0)
(-0.00184129761 -0.0159381053 0)
(-0.00156251785 0.0112077493 0)
(-0.00926988084 0.0318705357 0)
(-0.0242025212 0.0479368746 0)
(-0.0429884459 0.0580490715 0)
(-0.0632319145 0.0619115015 0)
(-0.0831208694 0.0598559191 0)
(-0.101086248 0.0526055545 0)
(-0.115849132 0.0411071724 0)
(-0.126440929 0.0264236325 0)
(-0.13218724 0.00968560695 0)
(-0.132697632 -0.00791671514 0)
(-0.127870716 -0.0251250501 0)
(-0.117915458 -0.0406102741 0)
(-0.103386533 -0.0529974539 0)
(-0.0852272528 -0.0609387011 0)
(-0.064801988 -0.0632496912 0)
(-0.0438652625 -0.0591133864 0)
(-0.0244675008 -0.0483249907 0)
(-0.00920309319 -0.0315520073 0)
(-0.00149088394 -0.0107193786 0)
(-0.00124269139 0.00687236836 0)
(-0.00749726402 0.0209539386 0)
(-0.019799678 0.0325014299 0)
(-0.0355241969 0.0400872994 0)
(-0.052723965 0.043271763 0)
(-0.0698331053 0.042174184 0)
(-0.0854326579 0.0372606194 0)
(-0.0983251707 0.0291991485 0)
(-0.107580786 0.0187673592 0)
(-0.112546723 0.00680864374 0)
(-0.112854335 -0.00578011114 0)
(-0.10843163 -0.0180487572 0)
(-0.0995214483 -0.028999773 0)
(-0.0867021668 -0.0376160645 0)
(-0.0709039777 -0.0429246748 0)
(-0.0534054934 -0.0441071887 0)
(-0.0357703082 -0.0406592891 0)
(-0.0197281039 -0.0325810799 0)
(-0.0073307283 -0.0205903316 0)
(-0.00116697602 -0.00649226845 0)
(-0.000899882269 0.00347704347 0)
(-0.00566093141 0.0122244289 0)
(-0.0152978477 0.019917941 0)
(-0.0279091955 0.0251886537 0)
(-0.0419708381 0.0275859296 0)
(-0.0561592821 0.0271262704 0)
(-0.0692274817 0.0240986738 0)
(-0.0800968176 0.0189454328 0)
(-0.0879159922 0.012189593 0)
(-0.0920844202 0.00440206485 0)
(-0.0922681514 -0.00380767771 0)
(-0.0884155135 -0.0117927656 0)
(-0.0807724909 -0.018874876 0)
(-0.0698942041 -0.0243659732 0)
(-0.0566454536 -0.0276151926 0)
(-0.0421770504 -0.0280887051 0)
(-0.0278468991 -0.0254864184 0)
(-0.0150887329 -0.0198866112 0)
(-0.00547449435 -0.0119313566 0)
(-0.000833547265 -0.00322197462 0)
(-0.00050750787 0.00108920774 0)
(-0.00368889213 0.00574014011 0)
(-0.0105872255 0.0102223813 0)
(-0.0199879399 0.0134022146 0)
(-0.0307552967 0.0149400956 0)
(-0.0418076573 0.0148327187 0)
(-0.052100476 0.0132501841 0)
(-0.0607205937 0.0104516799 0)
(-0.0669425831 0.00673881669 0)
(-0.0702538291 0.00243728327 0)
(-0.0703711879 -0.00210635199 0)
(-0.0672558407 -0.00652338778 0)
(-0.0611263913 -0.0104252539 0)
(-0.052466497 -0.0134154701 0)
(-0.0420201067 -0.0151167118 0)
(-0.0307626615 -0.015218351 0)
(-0.0198243283 -0.0135494054 0)
(-0.0103615211 -0.010176166 0)
(-0.00352670137 -0.00555507442 0)
(-0.000456470312 -0.000945965925 0)
(-6.44913967e-05 -0.000176241511 0)
(-0.00159898924 0.00163661697 0)
(-0.00569518838 0.00359860199 0)
(-0.0117199315 0.00501067956 0)
(-0.0188880501 0.00571684672 0)
(-0.0263913895 0.00573382857 0)
(-0.0334549889 0.00514772132 0)
(-0.0394085021 0.00407326806 0)
(-0.0437225486 0.00263489227 0)
(-0.0460238844 0.000961862383 0)
(-0.0461058237 -0.000810104602 0)
(-0.0439388716 -0.00253598986 0)
(-0.0396813836 -0.00406056286 0)
(-0.0336869562 -0.0052217558 0)
(-0.0265027362 -0.00586030497 0)
(-0.0188496251 -0.00583829609 0)
(-0.0115675424 -0.00507039422 0)
(-0.00551559574 -0.0035709537 0)
(-0.00148203467 -0.00155258685 0)
(-3.10932097e-05 0.000233977806 0)
(0.000261395389 -0.000255578094 0)
(0.000151439761 0.000102073019 0)
(-0.00117495323 0.00054741552 0)
(-0.00348063171 0.000863516445 0)
(-0.00637558305 0.00102207826 0)
(-0.00946687311 0.00103797698 0)
(-0.0124000367 0.000936217977 0)
(-0.0148817778 0.00074306162 0)
(-0.0166861007 0.000483180568 0)
(-0.0176547255 0.000180088483 1.08300131e-33)
(-0.0176985202 -0.000142308139 -1.08300131e-33)
(-0.0168014861 -0.000458218743 0)
(-0.0150266293 -0.000739019574 0)
(-0.0125219008 -0.000953244785 0)
(-0.00952354886 -0.00106773207 0)
(-0.00635302345 -0.00105052555 0)
(-0.00340014922 -0.000876787802 0)
(-0.001083615 -0.000539616028 0)
(0.000206110961 -8.25144473e-05 0)
(0.000274563724 0.000266745592 0)
)
;

boundaryField
{
    walls
    {
        type            fixedValue;
        value           uniform (0 0 0);
    }
    mov_wall
    {
        type            fixedValue;
        value           uniform (1 0 0);
    }
    empty
    {
        type            empty;
    }
}


// ************************************************************************* //
